9.586242722021645624e-02
3.293948147072028876e-01
8.305385939268639106e-01
9.681560400249564768e-01
8.045903204565081346e-01
9.784978066752736403e-01
3.978222580291664867e-01
1.507061191728254479e-01
8.827339257708587406e-01
6.134614349419085233e-01
5.296195965820573726e-01
6.230041903149546867e-01
8.373910285621402050e-01
8.241749590069529230e-01
9.845038609600424984e-01
5.101743859646011847e-01
8.095613403751888981e-01
6.008187904449882044e-01
-3.842134629432928383e-01
1.322058723486136400e-01
1.762514620160938461e-01
1.993641805273454470e-01
-4.078214891032923006e-01
8.276134755642241547e-01
8.131060529219574784e-01
4.611507161998436577e-01
7.968799895345320961e-01
7.941407286219739348e-01
4.414321969733254747e-01
1.643106913700551341e-01
6.148984854777499454e-01
6.269935778071857868e-01
1.506096723495710110e-01
1.530452951675915219e-01
-3.649342164985033277e-01
9.663981663565746061e-01
4.948914212745162411e-01
2.346486772869177395e-01
5.954413820855541939e-01
6.517661234122158476e-01
8.968802727099678407e-01
8.012520198907262525e-01
9.623277045576021926e-01
5.868745577376948130e-01
4.609576542477876737e-01
9.868326772655169332e-01
8.302328077517479032e-01
9.624063539231015874e-01
2.067655092261958816e-01
-3.414045684875612885e-01
9.879724274124179750e-01
9.868197357785266632e-01
4.382924039028154306e-01
3.611160719083091886e-01
4.340282266660138166e-01
9.346176869329402281e-01
9.002079010460659614e-01
9.643458116011507375e-01
7.010832631735333109e-01
8.154324904571457200e-01
9.654710117400031599e-01
4.326353264655685704e-01
4.493697779681118942e-01
1.049846202921606575e-01
7.039793118615480516e-01
9.444086885561078226e-01
8.878909359413169611e-01
8.296438673899064753e-01
2.733946634086605876e-01
8.351479590550296983e-01
8.934322169791786283e-02
4.132444755503573708e-01
9.144735014874466605e-01
8.794428923257966435e-01
2.872751955073439278e-01
6.550533168940719797e-01
1.752963633605411631e-01
6.328675956911700151e-01
1.113039484247350941e-01
9.713415133561515979e-01
9.697840308079183069e-01
6.456001518933393024e-01
6.123313877403124827e-01
-4.105951446584366060e-01
8.480834414901402551e-01
9.318637740713882067e-01
8.543773654736963596e-01
-5.142242361323703381e-01
-4.684581480270328946e-01
8.412654282206639689e-01
9.766339201321868613e-01
4.206334319036132419e-01
4.053998181087734021e-01
9.651523488631692516e-01
6.831121360652150365e-01
4.547967539010608351e-01
4.533609035764102901e-01
6.353193179492032661e-01
8.552790176352875751e-01
2.167723522856738194e-01
3.696541094929923221e-01
2.399342491363543051e-01
2.913843606299647004e-01
1.601018545184929864e-01
6.341230246330868958e-01
5.776889828432442142e-01
7.636686300950623618e-01
7.525454448866311097e-01
-6.021515567723357831e-01
3.074575277741190549e-01
3.082794796517229763e-01
9.457103065529495201e-01
-4.062000939192701998e-01
9.575659603888391214e-01
9.686330752882298389e-01
1.090462996537134299e-01
4.697503896789088085e-01
9.028107093495301161e-01
4.516176491425437645e-01
8.225663724253491349e-01
8.701900463767526794e-01
5.942748234189256795e-01
4.029720561996960049e-01
8.938355355517635381e-01
9.383978496058922314e-01
1.220657434635910865e-01
4.991772894245404268e-01
4.872423557371314828e-01
8.491446666988892167e-01
-5.094123522583389185e-01
8.084873747815489731e-01
9.638548198798545519e-01
8.880026195985417647e-01
9.064065683654729533e-01
9.320658064098980011e-02
8.367484384796473051e-01
1.559760310409490092e-03
2.100823210634751026e-01
3.985241065410363159e-01
9.419067932546159039e-01
3.349460292943985396e-01
9.671726230432742266e-02
4.489531469809260322e-01
9.859935840231586202e-01
-3.201976901318584479e-01
7.428462618208290236e-01
5.964139814067932477e-01
4.300180579236056455e-01
7.448407027151697779e-01
9.121765281366387423e-01
3.259813689970896267e-01
7.716749787231893531e-01
8.241143293073321940e-01
9.775892727225793388e-01
1.162852132668774491e-01
5.294096091110620517e-01
-4.968950431223825293e-01
9.835702737682605612e-01
1.251691957469370231e-01
4.395496843872482851e-01
8.738704854521897047e-01
-5.720551111102863961e-01
9.737584726474817209e-01
2.142586978311293300e-01
9.027897479371367329e-01
-5.480303785185345333e-01
4.508387192975940594e-01
9.748970885638633677e-01
7.846930633162207958e-01
9.673085805810823778e-01
8.408179306421448285e-01
8.399845734681783416e-01
4.446703324938850455e-01
-4.709498773368110403e-01
5.841312532879575636e-01
8.550700776184922969e-01
6.780803042910084066e-01
9.635910894935402204e-01
6.731516211136487904e-01
8.255394845514498758e-01
9.731950931051804865e-01
7.965162611742859777e-01
7.991996253907530656e-01
3.489263901824104508e-01
1.000219431230121581e-01
9.738373797626056483e-01
-3.208683162322346627e-01
4.757494795716901703e-01
8.328213006270274166e-01
3.113081819250396731e-01
4.130626941741274427e-01
9.749514663392264691e-01
5.931265003342893749e-01
1.954653766503936241e-01
-5.386695278260598130e-01
8.147672853907924617e-01
1.990357633502645440e-01
9.787804843963661128e-01
9.819430303387517434e-01
-5.278314581725032095e-01
9.824371949613726063e-01
8.861407646954029271e-01
4.497449927820415527e-01
9.761814864117334123e-01
2.430350997664526280e-01
9.773615836176567928e-01
4.959064498521931208e-01
2.439598667578939950e-01
3.600044565481091974e-01
9.712049013778152329e-01
1.186377767773070940e-01
8.612562356489483761e-01
2.236812075024044721e-01
8.406654742786595635e-01
8.351185846181035100e-01
8.389438485089342201e-01
6.762485417669592547e-01
8.448950363248634021e-01
9.733636158325680299e-01
-5.533121496946629136e-01
6.039918923548122098e-01
5.872716064194403174e-01
9.552355325504938155e-02
8.984902628306892236e-01
3.257632876451491688e-01
7.804097681659472041e-01
9.799449152002714936e-01
1.930206043647241243e-01
9.069929910966336717e-01
9.728674875453835469e-01
4.480652059687799116e-01
5.753805021859124957e-02
5.788017205882891592e-01
8.561984363905155160e-01
1.785253805269801652e-01
7.658270114350312907e-01
8.304705111829475683e-01
7.945800145017800631e-01
8.961601689401301751e-01
8.302907332900604231e-01
8.020479431032372375e-01
9.738307835523989375e-01
1.978873685222882484e-01
8.638001630653783236e-01
3.210709820787444602e-01
8.569303574106779120e-01
9.799711114523335098e-01
8.460731083547178288e-01
-5.669581584079594894e-01
8.495025163636819032e-01
9.761432571620435317e-01
9.800209779737738547e-01
3.912739515006216084e-01
5.845219165274482265e-01
7.998657487793652265e-01
8.420847086242315704e-01
3.211320094958590166e-01
3.871441124462051686e-01
9.600069837977549536e-01
8.351185846181037320e-01
2.178480053732730348e-01
1.404737827025834274e-01
4.063657146753811844e-01
4.388179858849473036e-01
8.607339374072605631e-01
5.651691096421032068e-01
8.351185846181035100e-01
6.080612243925289651e-01
9.744079376682776017e-01
4.915978313899467267e-01
4.932566621945992935e-01
8.335959604818872215e-01
7.131505200302918901e-01
2.047533008611480132e-01
-4.213225600129196780e-01
9.772216745826156625e-01
9.656938567927806361e-01
8.201290876929370199e-01
-5.342782851224882057e-01
9.232018470251182052e-01
-3.149212008935824425e-01
9.793704972381089835e-01
9.788332058583817386e-01
4.942258874199037533e-01
2.461928785788898288e-01
6.795270011705345503e-01
7.976091946347316775e-01
2.133555286497994252e-01
9.571811779095217299e-01
8.702880246382811436e-01
3.897396194329502128e-01
8.401291575477258800e-01
5.633970356165991511e-01
7.723882736123467430e-01
-4.598263378579616201e-01
6.003655402490464255e-01
9.865945036570566984e-01
3.645619343179855032e-01
7.313924828478188811e-01
9.355471029530005866e-01
