6.256056874852580219e-01
4.293182591276556437e-01
2.141804422989865564e-01
-5.566511871418112767e-01
5.416858824677399653e-01
-5.062361892593501000e-01
4.367451188545813934e-01
6.596639505059206376e-01
1.563899350488994755e-01
-5.261403379542599623e-01
5.065158557767911462e-01
-5.350451180792379358e-01
6.096410428185634611e-01
4.769327117725755683e-01
-3.022719755913804152e-01
4.329960407280885049e-01
5.827678530175472993e-01
-3.827585749126982129e-01
7.612290929490492797e-01
6.633006664695191290e-01
6.569228917424851932e-01
5.421392451303058690e-01
7.949317882022191029e-01
5.463419078728050104e-01
4.962694896697495417e-01
3.893733581513748598e-01
6.130300930306153973e-01
5.831742698610662412e-01
4.528326832523721923e-01
6.583537336971442278e-01
-4.881579449045762020e-01
-4.930923638866819836e-01
6.132235040227428380e-01
5.117998391627678334e-01
7.720789246674935047e-01
-4.923480636933104115e-01
3.758168810029388074e-01
6.648730894031253946e-01
-4.486369799004040759e-01
5.322661248170843518e-01
5.868875426091096914e-01
4.800948346446832771e-01
-4.809572780889511678e-01
2.639049730387110770e-01
4.631177011251199072e-01
-5.536871350489129817e-01
5.589791313055181288e-01
8.211128513780689975e-01
5.620791900772896810e-01
8.016661440744943246e-01
-5.146137426287256122e-01
-5.108155521876698302e-01
5.358165746184543332e-01
4.883591370765720807e-01
4.754737905756305505e-01
5.615037217133181935e-01
1.588578012989899924e-01
-5.916650803017814431e-01
5.542818979417534209e-01
6.031874770350740267e-01
-5.747972582827988175e-01
5.501163709239493826e-01
3.848037866581138777e-01
6.061815559943362075e-01
-5.384222939799303553e-01
-5.670297690702957860e-01
5.636888202624490418e-01
6.378858924142415399e-01
7.813439957006473868e-01
4.558662615390276507e-01
5.184696080486979053e-01
4.280815444264824410e-01
7.204713664235331549e-01
-5.674220692032048152e-01
5.599282077038119088e-01
-3.694534126284483300e-01
5.034627086257695838e-01
6.150596849914966580e-01
5.968008714883373811e-01
-3.975379983317214316e-01
6.936297781262874551e-01
-4.401053461940163114e-01
-5.696656594268231233e-01
8.091380292193661727e-01
5.053441232128759175e-01
6.218379580654311845e-01
1.818037946603234256e-01
7.925115681065821871e-01
8.107968767811820632e-01
6.836217639618820119e-01
-3.964375082347003643e-01
7.417806371729953607e-01
4.800539741288650797e-01
-4.160572599996770204e-01
6.197904021971756272e-01
4.612859219342612116e-01
4.281854796694951615e-01
-3.791825035366827024e-01
6.210136086116553322e-01
5.771892370224322999e-01
4.325735976112881076e-01
6.550279503575207052e-01
6.228143031215912506e-01
6.871744151257090927e-01
6.958237483496142461e-01
-5.056326864925684283e-01
5.797428904669128524e-01
-2.013007555683277716e-01
8.024574978675673709e-01
4.327596047162980963e-01
4.273462471972292454e-01
-5.375329599951104154e-01
8.230812008610030039e-01
-4.748690397826172971e-01
-5.278087955966599409e-01
6.139244587314256485e-01
4.427028665053914236e-01
5.455594982963504203e-01
4.329960407280884493e-01
5.377856669298379799e-01
2.298997967601069670e-01
-4.630750885911911752e-01
6.582815760395148708e-01
1.969681389446150122e-01
-4.350521275175085467e-01
5.261826616703586534e-01
4.873707093101212751e-01
5.742355670978211979e-01
5.624269374191879223e-01
7.171306990682975169e-01
5.739408693958879537e-01
-5.313824172224402842e-01
1.854987725168690815e-01
6.406233577273786617e-01
5.996470642985701760e-01
6.376287904848891852e-01
5.106077725911583043e-01
6.130502037076830391e-01
5.319702966345336570e-01
5.789522683201965281e-01
4.241021120573686964e-01
5.713565677404534027e-01
4.329960407280884493e-01
-5.008593885713344962e-01
5.555171196140952228e-01
5.599055453341381661e-01
-4.617897408421949845e-01
4.573956536721277555e-01
-5.774265360285476545e-01
6.232188660327242502e-01
5.997254677636645326e-01
5.333569587201243412e-01
1.215431921983209512e-01
3.328387350331598604e-01
5.995459084255025939e-01
5.388353520566222521e-01
7.733965442234981280e-01
-2.058668667479327807e-01
3.364314048716429140e-01
4.869967460685739602e-01
1.987399076613663995e-01
7.989478827002374217e-01
-4.437260719642398543e-01
6.013841815248650580e-01
5.345261779004710778e-01
8.427085975546857455e-01
5.408250663897122834e-01
-5.590404947455518414e-01
1.521370847494646350e-01
-5.034212214990096967e-01
5.063285253649913997e-01
1.779275664677308355e-01
5.028744068037150905e-01
8.093708947274654841e-01
-5.208722288612653850e-01
5.704751578954734281e-01
-3.772524429827696091e-01
-5.357651459254006987e-01
-5.211070248353516510e-01
4.828366461946013710e-01
-4.588001468901587998e-01
5.848832424341386949e-01
5.190172034909128485e-01
5.098333769570699836e-01
6.084240288164266541e-01
-5.352117124509521151e-01
6.031026772800650582e-01
5.008175330505637568e-01
6.849063821358981619e-01
3.966232879286852864e-01
4.329960407280884493e-01
-5.063812727778248535e-01
-2.019389059039376211e-01
6.364891866029389611e-01
8.102395901836375591e-01
1.332208428023351487e-01
5.662646558083463955e-01
-5.863393255043864993e-01
5.566378640049349791e-01
7.724385967109212991e-01
-5.410829612936003397e-01
1.485620296681939845e-01
5.826885989060827109e-01
-5.566370643976885635e-01
5.884655747348503940e-01
-4.823676318861873646e-01
4.280304525449477593e-01
6.875616874274362855e-01
5.909020340968319518e-01
-5.910598579160972754e-01
6.439714517035830532e-01
6.407751091213920169e-01
5.741749018096300450e-01
5.899795862476899799e-01
1.382329316326722513e-01
1.998830697635923803e-01
-5.412250976357885213e-01
5.406015226423825926e-01
-5.231867274866277562e-01
7.592871236378240241e-01
-4.775248224795551888e-01
-4.227176668886175603e-01
5.910730512493651556e-01
6.156264443759151828e-01
5.308735569175959679e-01
5.727712601189489661e-01
-3.711008114188165674e-01
5.716627444546348302e-01
6.622639766373884518e-01
-5.649503027849057668e-01
5.730929184291186917e-01
5.767751605573026019e-01
-5.271803792223346274e-01
5.524021871554181118e-01
6.354553145555833504e-01
5.525017151050195530e-01
5.745738591085156610e-01
5.001505700939262722e-01
5.820605793885056389e-01
8.099304475087331090e-01
4.847466725511683783e-01
-3.125144142136069836e-01
6.620597081703722964e-01
2.400430799043740404e-01
5.144006673703835908e-01
4.922370818531245917e-01
1.061568844399142231e-01
5.625342803810429171e-01
7.882331168263685406e-01
4.617473520544374543e-01
-5.461149697184204399e-01
-4.788964540265531200e-01
4.694997395803786056e-01
-5.797230425670820697e-01
5.833738055066151063e-01
5.617207556882073405e-01
4.517543560783850998e-01
6.056861123007915015e-01
-5.536871350489129817e-01
1.658455018098197731e-01
3.924267174666932201e-01
5.344742600756420270e-01
4.303251572905841815e-01
4.329960407280885049e-01
6.176585427380042459e-01
5.638686052051751219e-01
1.666424069738351443e-01
-5.749209517894315891e-01
-4.919155632029027503e-01
4.881555247928842656e-01
5.119470109097288280e-01
5.645560887488858537e-01
5.170475341138920378e-01
5.378749447144826057e-01
5.263620672069325712e-01
-5.424882013937508685e-01
-5.793184855701829505e-01
5.537003719230829679e-01
6.241281860681627824e-01
6.051488938961895325e-01
7.495517270735474469e-01
-3.205446938327952133e-01
-5.360735797640654443e-01
4.479092388684239312e-01
5.878926350860955719e-01
-4.642059340387918454e-01
3.902511379991384644e-01
5.647489431027187257e-01
-5.723801743244024687e-01
6.330325532470311156e-01
5.115446097510192303e-01
2.611757401143005031e-01
-4.349025841232654344e-01
3.068645389283026215e-01
7.882031313793389504e-01
-4.291201254292690281e-01
-5.358205373315964026e-01
4.329960407280885049e-01
-4.926655082969259580e-01
6.744913038688724605e-01
