2.917358635408046075e-01
2.917364397426322475e-01
2.917431986176577396e-01
2.917373864361452740e-01
2.917439881557813974e-01
2.917299494733873177e-01
2.917358826117515402e-01
2.917317639569291798e-01
2.917372395551667275e-01
2.917378225834195704e-01
2.917378356870913292e-01
2.917368101571097272e-01
2.917363647957385009e-01
2.917337929757896076e-01
2.917380918813642365e-01
2.917310374016462982e-01
2.917350776244768129e-01
2.917387350340827634e-01
2.917404165627087709e-01
2.917377330439084315e-01
2.917299777671334970e-01
2.917326271675425575e-01
2.917394221049406378e-01
2.917408449498199996e-01
2.917372418928910194e-01
2.917380355769084166e-01
2.917346767514270578e-01
2.917383101344919183e-01
2.917357442197247575e-01
2.917314721259718913e-01
2.917344870498123077e-01
2.917350589944112116e-01
2.917357029676218572e-01
2.917319748076219188e-01
2.917407963717231767e-01
2.917354236640564702e-01
2.917387689371997439e-01
2.917351783192531633e-01
2.917263554847269180e-01
2.917369445928815752e-01
2.917348251514611523e-01
2.917326671381844649e-01
2.917349879851526828e-01
2.917319146981777189e-01
2.917388186872875711e-01
2.917347325931602398e-01
2.917379878571940699e-01
2.917347123189731883e-01
2.917330571456885346e-01
2.917368355696841609e-01
2.917345998570736731e-01
2.917313160570353947e-01
2.917378620462830474e-01
2.917356426721653406e-01
2.917382186567588631e-01
2.917333832874198229e-01
2.917422299300138633e-01
2.917319937582650291e-01
2.917308543103281360e-01
2.917313167263452245e-01
2.917356414681678278e-01
2.917396073329933115e-01
2.917388177030989516e-01
2.917370254821691211e-01
2.917344468679622382e-01
2.917312258030371197e-01
2.917375020095492322e-01
2.917353470589593156e-01
2.917376187792982689e-01
2.917327320637306820e-01
2.917330858086431000e-01
2.917368394316145475e-01
2.917352581477319351e-01
2.917362976461889135e-01
2.917263324269879776e-01
2.917264285137162183e-01
2.917301368302860909e-01
2.917373072734568140e-01
2.917424285901382142e-01
2.917342588579306395e-01
2.917385069772572836e-01
2.917331973213548868e-01
2.917296069275923109e-01
2.917395281207650903e-01
2.917366054002250575e-01
2.917348715851470486e-01
2.917399004128724549e-01
2.917424304546514247e-01
2.917361516595773363e-01
2.917359310023636132e-01
2.917331551827438973e-01
2.917388625547903125e-01
2.917375532088168910e-01
2.917363885454939409e-01
2.917354371887470599e-01
2.917362860381447209e-01
2.917393532834383629e-01
2.917378484778321290e-01
2.917358958735538632e-01
2.917322103127837352e-01
2.917335857694886014e-01
2.917284917936536770e-01
2.917273067267197595e-01
2.917345676014356237e-01
2.917321365921053955e-01
2.917347861723884606e-01
2.917391807580705931e-01
2.917320840863730225e-01
2.917372837345232339e-01
2.917312192991166064e-01
2.917287257011156321e-01
2.917378711098586042e-01
2.917307746932705781e-01
2.917354619632218649e-01
2.917392035873371814e-01
2.917326321634966524e-01
2.917362564262191982e-01
2.917370205235353398e-01
2.917339295098487217e-01
2.917357054766856472e-01
2.917397311391258796e-01
2.917401825066573973e-01
2.917302625499005320e-01
2.917412275550846923e-01
2.917369365759966415e-01
2.917345497159822831e-01
2.917354736882079025e-01
2.917368618999207630e-01
2.917378629931199896e-01
2.917370711400490979e-01
2.917335519137083111e-01
2.917318488420182487e-01
2.917379204758111522e-01
2.917310408108979569e-01
2.917397982273245982e-01
2.917282323003188016e-01
2.917326675662260671e-01
2.917390567065769047e-01
2.917379407609198561e-01
2.917351389573598630e-01
2.917351705504674930e-01
2.917343371697969090e-01
2.917370906888980819e-01
2.917310188432519213e-01
2.917384195703189853e-01
2.917321033982159806e-01
2.917327672173665731e-01
2.917357726230829229e-01
2.917400374499433680e-01
2.917366640864575977e-01
2.917376017582065106e-01
2.917277779051818953e-01
2.917426968330204540e-01
2.917357595610282628e-01
2.917382586444587367e-01
2.917376199062081676e-01
2.917386712921632985e-01
2.917357524180341222e-01
2.917348273931418268e-01
2.917388135493628742e-01
2.917353767646643226e-01
2.917365891686555246e-01
2.917294727030821377e-01
2.917315507763919014e-01
2.917379422025401237e-01
2.917392560689842651e-01
2.917390527957058888e-01
2.917353445956860636e-01
2.917250889340255449e-01
2.917359918985005796e-01
2.917385712592388547e-01
2.917408833829059356e-01
2.917396750051616250e-01
2.917393302507464425e-01
2.917334327318859000e-01
2.917356093971534836e-01
2.917318768781729243e-01
2.917373209778129639e-01
2.917366955782997318e-01
2.917335926219739584e-01
2.917378438427212783e-01
2.917336943582853337e-01
2.917286891096966261e-01
2.917389894527319671e-01
2.917375452004240532e-01
2.917351653440303783e-01
2.917417189196770955e-01
2.917326648822248236e-01
2.917374484229975362e-01
2.917383390969476853e-01
2.917343190900216765e-01
2.917428888145405241e-01
2.917324373838137141e-01
2.917344910801198399e-01
2.917381604188896693e-01
2.917398427475298428e-01
2.917396119644504182e-01
2.917366541944637071e-01
2.917391300223335371e-01
2.917349206994909183e-01
2.917368025454810665e-01
2.917384217426411963e-01
2.917374981834595093e-01
2.917336573492761431e-01
2.917306846202521453e-01
2.917354396272635597e-01
2.917387134660165415e-01
2.917306795332265112e-01
2.917384582761699541e-01
2.917385535847009659e-01
2.917363623990876231e-01
2.917380007172463152e-01
2.917220143506245589e-01
2.917337245090130260e-01
2.917391644753409841e-01
2.917374074889390601e-01
2.917373561631820822e-01
2.917404357743768051e-01
2.917389058502938282e-01
2.917387884115946739e-01
2.917340542986823215e-01
2.917368200501582187e-01
2.917321318369642258e-01
2.917321172288157571e-01
2.917384120498796030e-01
2.917339193287348253e-01
2.917388513099907765e-01
2.917334532364960209e-01
2.917362484800122280e-01
2.917377162386185496e-01
2.917302831714504996e-01
2.917373901290170046e-01
2.917399610603444993e-01
2.917330259558029715e-01
2.917305449180298549e-01
2.917365425779629984e-01
2.917349389395747505e-01
2.917373756517320782e-01
2.917316384669090823e-01
2.917346484993287303e-01
2.917323255683652583e-01
2.917348616709727893e-01
2.917295536024099301e-01
2.917424241763602044e-01
2.917354895592685349e-01
2.917360323769329078e-01
2.917342887576562793e-01
2.917353632511917594e-01
2.917404096961289661e-01
2.917379441458735068e-01
2.917360501063247513e-01
2.917361403940315068e-01
2.917396552148465716e-01
2.917385917934503525e-01
2.917352932963175327e-01
2.917336519345636314e-01
2.917361028884485341e-01
2.917328860671036250e-01
2.917372200517942549e-01
2.917403666588053168e-01
2.917351179149013651e-01
2.917366421351461070e-01
2.917354734272485928e-01
2.917336291446691598e-01
2.917369444203252171e-01
2.917336380969811627e-01
2.917395753307803208e-01
2.917359031114328816e-01
2.917348982443846994e-01
2.917383012812972964e-01
2.917388205643107746e-01
2.917295557699820518e-01
2.917367861522638384e-01
2.917291413207289130e-01
2.917352482297413396e-01
2.917334006665149304e-01
2.917389414308088069e-01
2.917356215677461284e-01
2.917366924621974666e-01
2.917319253522334122e-01
2.917355710045488326e-01
2.917375607763734724e-01
2.917398512000033417e-01
2.917308621419318904e-01
2.917338635690367998e-01
2.917282166002644894e-01
2.917343709087019121e-01
2.917373183291256944e-01
2.917358526242926908e-01
2.917364338104213584e-01
2.917348316139524167e-01
2.917310075431215899e-01
2.917374388624812687e-01
2.917393450569563673e-01
2.917401135000772250e-01
2.917300882994486866e-01
2.917336489985091763e-01
2.917345441845778931e-01
2.917322257420948972e-01
2.917358298335642752e-01
