7.921646827792170331e-01
5.041927341380274541e-01
7.500989753307281127e-01
1.539920607834092126e-01
-8.991893467734742018e-02
1.817140077746284554e-01
4.806579258434322544e-01
7.456670094769353163e-01
7.772869952752770040e-01
8.250102089269011341e-01
-1.230771629928737176e-01
7.874161072377103832e-01
-5.314591816399707458e-01
2.162287738472705445e-02
1.603235562143300874e-01
4.613322400612246410e-01
-5.856474722080202699e-01
8.254642715274409515e-01
1.143205572834688905e-01
6.987278514711823263e-01
-3.179427239236590763e-01
-2.257210681419509757e-01
1.904200947583161996e-01
-1.023092252978786698e-01
-5.727322455723105055e-01
5.222853336748849440e-01
-5.260754844346315906e-01
1.013733144176361817e-01
-3.471075795004970876e-01
-1.654217307510946755e-01
8.541878290158919640e-01
7.986306468705606232e-01
-3.380473144192062684e-01
7.553153060778934336e-01
1.111171740530244589e-01
2.065953402356998647e-01
4.626198342101804917e-01
-1.213480564820242358e-01
8.412715304832031338e-01
-7.664434698887087616e-02
2.539792484147449306e-02
-5.233098657576960022e-01
8.631190136722596828e-02
8.064941631404998201e-01
4.791557141994464142e-01
2.111379036032169365e-01
-5.303366451050094410e-01
1.271691107340753024e-01
-3.077011193299107883e-01
2.027727689523681209e-01
2.114064172703635780e-01
2.600683870146366372e-01
4.998383527381600744e-01
4.876976640057108514e-01
4.774291160990564720e-01
-4.277549225511841080e-02
7.213849392421454176e-01
1.700788928025162572e-01
-4.780306972233266949e-01
-5.809426860336570630e-01
2.279848440889835903e-01
-1.071944347435286743e-01
4.646108765155094744e-01
-5.968106654047178328e-01
7.902396501999324752e-01
2.329337650714454755e-01
-5.188064919158985600e-01
1.841033209866735354e-01
4.661187805848008292e-01
-1.225288743775548861e-01
7.406419969572346496e-01
4.784629745487969377e-01
-1.063780141524604678e-01
9.208150413878976592e-02
1.937329342968450441e-01
8.004937382161354531e-01
2.158060293926870321e-01
8.429039224760541682e-01
7.651397793659531210e-01
2.630856195799726183e-01
1.073065041297769362e-01
8.323606252535609151e-01
8.162613153433398994e-01
-2.156188282377527465e-02
-5.535596086821266137e-01
-1.035147099349305599e-01
7.444106096623885893e-01
1.036006989435523870e-03
1.360732455534806595e-01
-5.470761738495198978e-01
2.346409670772417466e-01
4.617002907418938928e-01
5.015250188976081436e-01
2.062485354524631609e-01
7.930001588025794579e-01
4.703575665839765940e-01
4.445661254577782939e-01
8.198353687302039061e-01
-5.030687852115318659e-01
-2.270002123664340010e-01
4.576056538031268994e-01
-2.109183592900238935e-01
-3.024006663590967925e-01
-4.380828482849624672e-01
8.900226129945579268e-03
8.242763665112040616e-01
2.163122754546565329e-01
8.548527333000632833e-01
1.004178450022753522e-01
4.770468227974642428e-01
4.745191463256586695e-01
6.773907080347710274e-03
2.212534057366917217e-01
2.416237967031430733e-01
2.103755232189556679e-01
7.463047462797876008e-01
4.178912721899131766e-01
1.653124873587912547e-01
4.781038743747211273e-01
-1.327586943750564408e-01
7.240928445237011513e-01
7.924950141146751559e-01
1.889931981393779270e-01
7.384650919617053999e-01
1.541732626017722763e-01
7.400998600443540187e-01
5.130663980475452801e-01
4.737054549952471882e-01
-3.512975150012266623e-02
7.544565927803469074e-02
-1.146841615130124170e-01
1.940549599240911083e-01
7.259926607773741214e-01
-4.787328347677973772e-01
7.154793786849593662e-01
3.824459905901773649e-01
-1.503492109448978653e-01
7.938243599510810267e-01
4.669198520398409880e-01
2.766511853879767280e-01
3.888573287202231610e-01
8.061474927963174775e-01
4.649090094798349337e-01
2.167845117778912367e-01
-6.348332438689010537e-01
-4.641990904353047731e-01
8.180313218094339422e-01
4.317242801511607664e-01
8.113878134815787346e-01
-1.826716266427269031e-01
-2.057571615711049906e-02
-5.069809415285699838e-01
6.931808285981869711e-01
5.006074826149342627e-04
7.619345647247128817e-01
-1.609970789843218897e-01
1.151603058288012960e-01
2.217564961000602075e-01
7.605965313286899843e-01
4.818559349759490296e-01
7.622719895958993686e-01
1.035755143593555805e-01
2.185046333989233980e-01
-2.651861909265316730e-01
-4.906177334317274319e-01
1.841388554815916179e-01
3.870219362014011288e-01
2.078519905659611811e-01
7.407684121844588798e-01
2.327833358376579787e-01
-5.317497154171348939e-01
7.230142557987626617e-01
4.379426615167789638e-01
3.722332651309552543e-02
8.259899581728332718e-01
-1.005419754212381889e-01
8.139712948108449586e-01
1.385307940195793508e-01
7.857980834649823665e-01
-5.561154512225061630e-01
2.851796182097176002e-01
-6.151101899740601953e-01
-6.208576713461420038e-01
4.706912463742792818e-01
7.180501346325056655e-01
2.403342612966293257e-01
6.670445368613102388e-02
-4.862326561811174952e-01
-6.084103783674728039e-01
4.348648676165248750e-01
4.303514418633785921e-01
2.484779126035305818e-01
8.185985789247501865e-01
-1.923944767173296488e-01
1.652509917173756171e-01
7.670358044500341643e-01
-2.215682854813146030e-01
2.017145992567391521e-01
1.037764101916150983e-01
2.066028414853094408e-01
2.371131102931239298e-01
7.723438947577743185e-01
-3.879578547133223365e-01
1.876924879075930197e-01
-1.297617149361289524e-02
1.442768579239054882e-01
4.035109919037143111e-01
-2.721635728841374502e-01
4.454160207669999871e-01
2.136529761253177506e-01
7.514530095316561686e-01
-5.749970102494108559e-01
-3.409942657177281178e-01
-1.431907160193007233e-01
7.522741757471194113e-01
7.385016408107138997e-01
8.317505537394001003e-01
-6.367090409933869877e-01
1.593551515437558741e-01
1.870546774068875262e-01
8.290857176565655795e-01
8.277089576376865931e-01
-4.184134044768502703e-01
-5.691364155909089950e-01
4.013061698156649704e-01
-1.208934872451960241e-01
2.739801460348419426e-01
-1.612145692143641951e-01
-5.648253956916116092e-01
1.713261624087923096e-01
-9.235261845101397360e-02
7.984468958143147166e-01
7.897994692236441905e-01
-1.415606946594270554e-01
-1.942773515792389771e-01
-6.283876045615731376e-02
-1.305692788503277635e-01
-6.274634191747522349e-01
-5.105232956627616669e-01
-6.226094200798213407e-01
-5.772144487539285773e-01
1.445903332286694321e-01
-2.425860932670806103e-01
7.129677266685447989e-01
4.338961809351905563e-01
-9.329480471292776744e-02
9.608554366740634789e-02
-6.468529326965147264e-02
2.056013480138350613e-01
2.050529622924399387e-01
1.576422923243619434e-01
2.059359581619714386e-01
4.934022527973300210e-01
8.224075380248827560e-01
-5.159683410979649248e-02
-9.471850268964857045e-02
4.875061378773892784e-01
2.275448997840204268e-01
1.751460658782864332e-01
7.510981391734661283e-01
4.872705598992781995e-01
7.008328223246669264e-01
-4.066404720151478580e-02
4.905862473947930069e-01
-1.311526449028296848e-01
4.995486318338513421e-01
7.615633808316412123e-01
8.291533892161586650e-01
2.492094145358688673e-01
4.943405655476808547e-01
4.708232153790075092e-01
-6.277245197376586372e-01
-1.404486443265706708e-01
-3.231778822730835832e-01
-5.558812624376366918e-01
1.871734383017923942e-01
1.476294029120537032e-01
7.420899934259292396e-02
5.241642563879407579e-02
-2.258927386039997209e-01
1.720275818555574432e-01
2.698259985230787583e-01
2.131476858755637638e-01
4.875149561373546270e-01
2.359337421858862804e-01
8.494344798840545163e-01
3.809103869719642627e-02
-5.373806482437552823e-02
2.211362929532905697e-01
-1.353364262259007522e-01
5.047077986894222823e-01
-5.736866306674843763e-01
8.160010737079509413e-01
-1.611368622960933084e-01
2.308419095122428155e-01
8.388316203041478181e-01
2.000252491464892812e-01
5.219862642181909429e-01
8.124473231717417310e-01
-2.600838338835689822e-03
