4.528295970098020762e-01
7.809696625595101693e-01
9.241014146565672549e-01
1.852799637050268206e-02
-1.379021395165438424e-01
-9.353231435487477374e-02
-5.851943658374436641e-02
6.182612848265158778e-01
8.507297615304367788e-01
-1.354637696652501722e-01
1.059550008101140528e-01
-2.048660944455594490e-01
-9.151051852473285342e-02
-4.251143861354118869e-02
5.623033510190143108e-02
-1.848172505944672694e-01
-4.919594870627006650e-02
-8.050207670405216953e-02
3.684714724080406789e-01
7.832551551591300232e-01
8.059595713346390244e-01
8.314009547091067986e-01
3.264333986633826123e-01
7.281210462020697438e-01
-8.740899070920561675e-02
3.860105526745164495e-01
-1.314189613485283181e-01
8.958977502365965684e-01
4.915225845809993999e-01
8.400249695074386569e-01
5.719893148036601094e-01
1.820312993677780100e-01
7.685716451907561586e-01
6.541109643359618309e-01
3.892060119405758578e-01
-3.637542429756202012e-02
2.152451448222484909e-01
6.929788643575576224e-01
8.646260123303246559e-01
2.989636599688327845e-01
-7.272377524132359050e-02
-1.296897051576117732e-01
-4.193712701553622968e-02
8.011635910243346537e-01
1.450230419897110545e-01
-1.052274312636544557e-01
-8.341520720756964713e-02
3.905347816381943282e-01
7.957591623650112078e-01
2.529732882133712835e-01
-1.541343644422330308e-03
-2.392520934596784749e-02
1.523118696164315056e-01
3.841680078726766312e-01
2.886076790811880066e-01
2.373755454982628965e-01
9.400869957267889987e-01
-1.410045965532602252e-01
-1.205303418836006363e-01
1.856397867638561738e-01
1.621197232933548407e-02
1.523851469897264388e-01
2.861434709156788214e-01
5.256132748325537118e-01
2.003603002145945278e-01
-1.296731778296612292e-01
-1.237030314053681468e-01
3.247641393904688867e-01
-8.468281611924498298e-03
-4.631736499468297463e-04
-1.539986989849031207e-01
5.300732365457226924e-01
3.401978452780406864e-02
-6.779964401207910774e-02
5.391564176154108878e-01
8.170747774473574587e-01
7.650298576823841845e-01
2.241346017620545750e-01
2.807955850544439635e-01
-7.119164920013237863e-02
2.509904217225510381e-01
2.818267126018184632e-01
-1.204969279411226973e-01
4.022018649258078393e-01
1.057692334845624083e-01
-6.207062708853057498e-02
8.771724603019925848e-01
9.193023276459015847e-01
2.598460479420994229e-01
-1.529309578495727795e-01
-6.812253598463498261e-02
3.357850378365230815e-01
1.790700403833465904e-01
-1.463679279960110047e-01
-6.810499505906650319e-02
2.078573544443206023e-01
1.786192071502316625e-01
-1.329578703524493533e-01
1.863806875930736628e-01
6.105061585738842389e-01
-5.044306059663510033e-02
2.217232622086296456e-01
9.343969125967610534e-01
5.304667754069557484e-01
1.260454362970663822e-01
2.364019291071736140e-01
6.902794469227448992e-01
5.236787616209823831e-02
3.694568610920064833e-01
6.336887931269739871e-02
1.600029461220374150e-01
3.578007801688777301e-01
-1.452646236441041960e-01
1.261829812826347763e-01
2.182048126904939100e-01
4.769232937078236589e-01
1.419263038335002169e-01
-9.224611532971188632e-02
-1.494562714979916773e-01
1.747222466081726211e-01
9.029867990107356412e-01
6.268107005599192760e-01
1.103645758644679203e-01
8.966818030510852466e-01
-7.363165452228875862e-02
6.030639442504084347e-01
-6.708839863514989843e-02
2.559710040476689263e-01
-1.189465474453728216e-01
2.716504578839284978e-01
2.138364424752151050e-01
-7.087174002437282572e-02
9.928168397386063493e-01
1.532867609115699525e-01
4.875771530300254675e-01
9.594794547781717586e-01
2.941213779955537677e-01
9.044823999719371344e-01
1.802926793351402601e-01
-2.182221795063711556e-02
-1.062140963504195623e-01
4.122351308944487425e-01
2.637126149489281146e-01
-1.140973113485840296e-01
3.173431548192397478e-01
-3.623412804027464212e-02
3.561202573777340064e-01
4.220927755877359466e-01
1.674735444580904287e-01
-1.338633113848494149e-01
-9.361383520091592914e-02
9.063085423574691601e-01
9.767583244677817689e-01
-8.819060618501132348e-03
7.755475127811746194e-01
2.990942014349536882e-01
3.850388332075517228e-01
2.924661972470084526e-01
7.686284260252468359e-01
1.936207644689890983e-01
8.049036089685459583e-01
4.321729880319420403e-01
-1.717171283468400256e-01
3.979051650473917068e-01
-3.134531621527950063e-02
2.868698425237968253e-01
2.155255656885905480e-01
5.784181052191631617e-02
9.134671643194915980e-01
-9.050700012694168350e-02
7.496071554771124301e-01
8.280838710984503859e-01
3.794534830083271526e-01
3.510239326623634248e-01
2.363166699309360297e-01
2.232598858285539389e-01
-1.372177134678450594e-01
-7.459578279157427771e-02
-1.006098455230077793e-01
-9.368827276346328170e-02
8.054825639545858812e-03
-1.240191460927542316e-01
1.707058360814404374e-01
2.492454455786092815e-01
7.178271192587157845e-01
-1.408538260490097560e-01
1.840495217449463761e-01
-8.208583917170000910e-02
-6.413366560608622924e-02
1.880571801233231755e-01
-1.432638422795827760e-01
2.256527417305481120e-01
-1.755294174461156098e-01
3.698354356208515270e-01
3.376512871242730585e-01
9.490316616119720550e-01
8.799306921792862113e-01
1.916274250348745656e-01
2.845647831430866970e-02
2.633690504288841439e-01
1.387169058272037514e-01
6.180237343324029853e-01
1.529514928629461257e-01
-4.935697517172765725e-02
1.724335247323714460e-01
-5.863782363928794761e-02
3.443473170493063229e-01
9.058841435816853416e-01
2.969387192941569387e-01
1.031015922325936862e-01
7.238427763772528056e-01
-6.461441680159281387e-02
8.714145574045337739e-01
-1.239634301503940994e-01
8.996828083007157861e-01
8.160905255080921350e-01
9.681708380447098250e-01
1.868975519084506431e-02
1.295587626013532112e-01
2.448653254317153527e-01
2.368867652250183087e-01
-4.683070427199034769e-02
4.734123921775710842e-01
-1.151479810243210833e-01
2.818997460479767958e-01
-9.161775421838687372e-02
-5.425427809752689234e-02
6.116004399408893066e-01
-2.622270999074648862e-02
-8.445075080147539104e-02
-7.277281021448075982e-02
6.666106576781342108e-01
2.302974925659193040e-01
-7.542867059868046953e-02
3.841728416987303385e-01
3.346253601543356382e-01
-1.425437942122410040e-01
1.851342965149186115e-01
1.803451764893159170e-01
-1.206351642341574049e-01
-8.525129240587540902e-02
-9.476097786858432570e-02
7.809050105408299469e-01
9.764454179572149561e-01
3.764229713663513333e-01
3.550433285002355110e-01
-4.771725083387903799e-02
2.699099464377116564e-01
3.485273509279928073e-01
-6.232681005947363767e-02
-6.653135140469289277e-02
1.356191899777762361e-02
2.734047633496428098e-01
-1.843028320783858809e-01
2.156460392520079816e-01
-9.653270227114740809e-02
-1.351365323230488413e-01
2.497355942191195888e-01
3.344478799845123501e-02
9.926769102952688328e-01
4.076650729026196629e-01
6.317830659934791093e-01
5.074656739821521434e-01
6.585054708757993591e-01
-8.327802822535944338e-02
1.965807271201562290e-01
6.839094803276288825e-01
1.917354549718442991e-01
-6.989072644869975814e-02
6.766033463777259005e-01
3.419114542309849014e-01
5.500656561180718995e-01
2.282106809698246641e-01
5.500268364336846627e-01
3.013904541086528943e-01
-1.507103656693664084e-01
1.655473932645569191e-01
3.559149692868626702e-01
-1.048849616829559961e-02
-9.846726953359917489e-02
3.036263830560361199e-01
1.176334435244772714e-01
1.193196821790175333e-01
-8.586109896665859720e-02
-1.472565817489834283e-01
9.703769586246222545e-01
-4.656261791882865264e-02
3.173444927470209231e-01
-1.264325102663201028e-02
9.361181603157353592e-01
-1.259010133525399755e-01
-3.052417380895877663e-02
-1.396028630412708416e-01
6.076018753575207487e-01
2.894804393227758954e-01
1.663741632124809272e-02
2.797670690035743146e-02
2.660024000654380716e-01
3.611811314891163471e-01
1.276812798562110274e-01
