7.020100412913924393e-01
5.025734499813705458e-01
4.745456737173971984e-01
2.614988544018354011e-01
2.578318706878869881e-01
7.568591943168040403e-02
-1.917900529375252128e-01
4.396481585487806987e-01
6.506162026905283613e-02
4.992975430241444745e-01
2.355787795589547318e-01
2.456034650567606170e-01
4.654447347001403612e-01
4.862088152969337163e-01
5.973327409478457195e-01
-2.289177153958819044e-01
1.183269462592321936e-01
-2.658739559774080941e-01
4.925787012285356425e-01
4.937225247397322159e-01
-3.272323497139285609e-01
6.057023883084110549e-01
-3.608270249939523056e-01
5.068131334895709106e-01
7.021730544993183276e-01
2.806572669611606119e-01
-2.027096713508044767e-01
3.813882124991649358e-01
-2.339327549449199961e-01
3.907754641451512412e-01
1.769011362152268230e-01
7.827787760094920277e-02
-2.983244224666487532e-01
8.080691838541048666e-02
4.910087126555148784e-01
8.120667580646818984e-02
4.841978855698886863e-01
4.507167810234788963e-01
4.665658600278890789e-01
2.341753698900193026e-01
1.903315440709146267e-01
4.981780171753470432e-01
4.085123251179542669e-01
4.727089869388481080e-01
-1.759527534922174230e-01
5.254723100456266671e-01
3.641968022403060390e-01
4.718794151598073583e-01
4.776110840391531442e-01
4.785317879589271461e-01
4.196881724469708197e-01
4.976289154522219871e-01
8.787386638367689073e-01
2.956821771887516159e-01
-1.337513765411415811e-01
2.562774184623813345e-01
-4.634072522732838456e-02
1.824800616791015795e-01
-5.245233927451851963e-02
4.803322870497387376e-01
-6.042592180117915129e-02
4.854285182261635079e-01
1.113396631518149549e-01
4.656995532805142668e-01
1.362106385288170129e-01
4.758406179727111551e-01
5.558096492718688220e-01
6.036272681091159331e-01
4.643322561846571078e-02
-2.926649479938374654e-01
-9.674955692449151157e-02
4.411667647082561650e-01
-3.275613200825678861e-01
3.661103246052100912e-01
5.846984403344157588e-01
3.457839604404558953e-01
4.378022298223991360e-01
-1.058180485493676742e-02
1.992872829136946855e-01
7.512710084404754518e-01
6.890480211277116851e-01
4.678442694518724077e-01
4.480733917499430952e-01
1.235163887026028418e-01
3.114476192514820108e-01
9.012627813100504426e-01
-2.072481905364741972e-01
2.322812812296268514e-01
2.024912712354181021e-01
4.719830487488940185e-01
7.848950775710077377e-01
5.353829681575622557e-01
4.967772753411817122e-01
-3.500184874622509490e-01
-2.896305576680754945e-01
6.880531682180688335e-01
1.965920578278572695e-01
5.952855314531872999e-01
7.312690306220850367e-01
2.935798458219542884e-01
4.327304295332953243e-01
1.601076896541177574e-01
5.062830002811085084e-01
-5.766055194214912347e-03
5.293086755959965917e-01
5.025988488746180316e-01
5.288289814052573590e-01
2.313359685093785423e-01
4.958335596145341251e-01
4.793063040213264570e-01
4.818731057847416288e-01
3.131177455095689455e-01
8.034372246706906751e-01
-1.279497425900625041e-01
4.737451807540865589e-01
6.281119349707362520e-01
6.398989731782724899e-01
9.260441131584915553e-01
2.764171001828906737e-01
7.081421729836944179e-01
3.629360204179415961e-01
6.895799048354920302e-01
6.360073099352572257e-01
6.162863661091666501e-01
1.407623296084562492e-01
6.808202045854770956e-01
4.745477062252528855e-01
2.282625492052348104e-01
7.539401790071924570e-01
4.864709377361974285e-01
4.548552217034610434e-01
-3.957107408301516194e-02
1.487600196468006619e-01
1.486035087909380048e-01
2.895302555892695917e-01
1.758473580490537147e-01
2.179545579587092996e-01
3.835910997482472884e-01
-2.257846374355970687e-01
1.677040654764240246e-01
1.899489966526669571e-01
8.162690529623266578e-01
-2.908411077032066472e-01
1.995254595447482626e-01
4.429538893960287549e-01
4.773077289396415734e-01
4.942206124030558145e-01
2.558658871313735927e-01
-2.652276389020895575e-01
4.852933256185341104e-01
-1.293953101805980430e-02
7.187220476615900910e-01
2.393281552419565805e-01
4.717390669192454422e-01
1.076594563121967690e-01
2.923154782737029667e-01
3.313676391401587651e-01
1.995582979636296717e-01
4.994881898402993015e-01
9.153410358333624597e-01
8.884371809452834556e-01
1.098498267728394012e-01
6.550658670977328457e-01
-2.682258323504805864e-01
2.301974148191715877e-02
6.108151500495739850e-01
1.546237446556605333e-01
9.202187311370226830e-01
6.824297401611287839e-01
-2.285042344070797316e-01
2.573013268364484629e-01
-2.431347472541799948e-01
8.025916510073951571e-01
4.941707087321065561e-01
2.268334135743578506e-01
9.131843282989300370e-01
3.176361215151480843e-01
6.316657761674436822e-01
6.109968084305349434e-01
5.318955934517995976e-01
8.909864222463138583e-01
-1.622208805127403064e-01
-2.236521230466541332e-02
-4.239861843766140614e-02
4.999775534033450985e-01
5.086431106435028715e-01
8.046994200061207136e-01
4.337149944816575675e-01
7.689851398948508443e-01
-1.977506034080357133e-01
-3.502051711051610838e-01
5.654421599172587687e-01
2.252307203732512586e-01
4.792899894299587626e-01
4.719830487488938520e-01
4.821829200000318227e-01
8.781496275963531772e-01
6.195023158758552473e-01
5.071442302035191751e-01
1.769346224967121295e-01
4.501344387833768890e-01
7.055883621715398624e-01
5.795985897182671653e-01
4.535535981709840625e-01
4.653351523967574899e-01
3.344005992183188836e-01
4.578058277881092986e-01
2.487696774727882199e-01
4.677363819035171288e-01
4.960057782537733440e-01
7.629562010854373799e-01
4.730267143825496179e-01
8.978286546234448551e-01
4.661331248578710063e-01
4.943716758577433312e-01
2.656815345217916624e-01
4.999973079437420448e-02
8.724934629654516882e-02
4.719125206464113709e-01
1.762975070838342095e-03
4.837341491861227860e-01
4.566860652137014198e-01
4.587680919655559020e-01
4.886455919905441925e-01
2.641034897161367301e-01
7.177913748579978215e-01
4.696451477998195845e-01
6.710008012340851202e-01
4.829848280525707027e-01
8.817818191120858629e-01
4.772852231949544777e-01
4.927906649440152442e-01
1.961503649763877977e-01
4.661127775785012251e-01
8.925424701120209248e-01
5.523344708389859442e-02
4.448722178669628491e-01
4.970715737793828248e-01
6.869388975548805787e-01
6.356239410048591942e-01
4.788207220705229528e-01
5.970240998990198333e-01
-2.908183952340802625e-01
2.028846394747082782e-01
6.237524503457135827e-01
6.563276694914319531e-01
9.070637367223866043e-01
4.804729019598359407e-01
2.251823682903742185e-01
-2.104687599998210368e-01
1.597238731903927178e-01
9.633806936489595907e-02
4.975322529943645433e-01
4.369463439395550042e-01
3.843581826114985667e-01
-2.525528436845911884e-01
3.444513455333659407e-02
4.787073870562166267e-01
4.992067285047662173e-01
4.870388061506931709e-01
3.005055192814411469e-01
4.624691080439547464e-01
5.871710725590367774e-01
1.039897143017645409e-01
4.928648480182502012e-01
6.436483989538577255e-01
4.691713718646251530e-01
3.752879843563571294e-01
6.862038274637223267e-01
5.016485301375612771e-01
2.602606536988920083e-01
4.723301593337122517e-01
5.165158229976360982e-01
-3.793197417716925868e-02
4.732652091191767996e-01
6.465139113031994622e-01
4.968023541239646734e-01
4.673876438705155678e-01
6.266239114345271144e-01
6.254948218443598940e-01
4.964222717223307213e-01
6.077363711775096711e-01
4.403187227225491274e-01
7.900338331447944729e-01
5.067068709669251270e-01
5.811077467667797453e-02
4.819663666955639747e-01
3.475187200910704877e-01
4.410071185554489959e-01
1.964549540021065521e-01
5.342320460692420170e-01
4.211056840019046232e-01
2.339509241148212126e-01
-3.255801753515837893e-01
9.184204693026818411e-01
6.814585145150542367e-02
5.547277658854745663e-01
4.770856012843052163e-01
4.607243268682196802e-01
5.497206235230842619e-01
