-5.461835234102649927e-01
-4.841899492416943396e-01
-5.805850868149240451e-01
-5.959856799895131285e-01
-5.575930285589363322e-01
-3.223002221313266968e-01
-2.542311075810985144e-01
-5.899842537460823211e-01
-5.643120956049880732e-01
-5.948231152697637247e-01
-5.827974017282810948e-01
-5.947735392939709209e-01
-5.996479396039429144e-01
-5.996087724613879955e-01
-5.799485391429337611e-01
-4.758126337934307504e-01
-5.177198150036081969e-01
-6.092901688979828201e-01
-5.155928753844701840e-01
-1.324109841568108237e-01
-2.554047509131414095e-01
-4.930680942022400703e-01
-4.849673108691362478e-01
-6.004361575725780664e-01
-5.544890882750852512e-01
-5.848618360940669447e-01
-6.115695309197693996e-01
-5.840936411372095183e-01
-3.372428559504435097e-01
-5.950431299407035191e-01
-3.233199258101479567e-02
-5.776102107567642197e-01
-5.665767363068071605e-01
-5.004359800407509606e-01
-5.873664297509657573e-01
-1.425979846948818297e-01
-4.239491339378951840e-01
-1.178922894688063661e-01
-5.852213972586617352e-01
-4.668366817578600836e-01
-5.895462173807768380e-01
-6.236670486845010686e-01
-5.904768262077534358e-01
-5.502965567793891566e-01
-5.901682467978273117e-01
-5.862059023392576229e-01
-5.701003209703605634e-01
-6.019271966470263191e-01
-5.808492635560602579e-01
-5.702794391111363215e-01
-5.142482832010535354e-01
-5.776865159050637022e-01
-7.495120057893782384e-02
-5.829364312149276639e-01
-2.170122936664107827e-01
-5.951919777342808970e-01
-5.919711431776735200e-01
-9.501974479569810783e-02
-2.971182379278731744e-01
-4.637335673152434001e-01
-2.400112355271493969e-01
-5.829030355941717811e-01
-4.643870376539170897e-01
-2.532381362352399412e-01
-3.053324862609405610e-01
-2.172818543841520955e-01
-2.770439244746787655e-02
-5.248211167399680077e-01
-6.023111770155705758e-01
-3.934067934109969356e-01
-3.591967567728776012e-01
-6.020233439115226792e-01
-2.110695779183479892e-01
-5.799097718288288572e-01
-4.968317699964894807e-01
-5.869451672475551884e-01
-5.704335638146587062e-01
-5.413969891300552950e-01
-4.361868645839804270e-01
-5.307957026035728942e-01
-5.189532724291013865e-01
-2.718641965237443836e-01
-5.822524353603342195e-01
-2.864414365921290617e-01
-5.942400679487287452e-01
-3.202801050043218023e-01
-1.340130075113459829e-01
-5.851761584889227930e-01
-5.898060424396640578e-01
-4.964157012829553128e-01
-4.733266937132965535e-01
-5.422651193586376372e-01
-5.724047884182734691e-01
-5.931355676253744491e-01
-3.842669899913662146e-01
-5.799030245184650934e-01
-5.536941774818550099e-01
-4.840619806183776852e-01
-3.748289025948687847e-01
-5.887274775336207577e-01
-4.569110491288264631e-01
-5.884491622407613809e-01
-4.762997564192771871e-01
-3.526100232222608710e-01
-5.692935195904957890e-01
-5.780667765471924069e-01
-3.385237600982987649e-01
-3.731826641002921607e-01
-5.523243762894629594e-01
-5.983138586429908035e-01
-5.863601440304017087e-01
-5.601467298441715759e-01
-3.242748916436004603e-01
-3.324158903904811391e-01
-5.528481574239139107e-01
-5.952028889288676350e-01
-5.904320696351971209e-01
-1.325927008346823033e-01
-4.627261035828608149e-01
-5.207749690186759262e-01
-5.872545496735082082e-01
-4.356729963327899413e-01
-5.523771778576027636e-01
-5.023496636496107559e-01
-2.613584509160367664e-01
-5.726502441857848069e-01
-1.252554390558056618e-01
-4.134721326454789403e-01
-5.181626404416715959e-01
-4.268424356239773898e-01
-5.920768644725697971e-01
-3.732838578686005215e-01
-2.094200552774405089e-01
-6.129869310085006573e-01
-4.555374043763565917e-01
-3.431411862614600072e-01
-6.031507346514610735e-01
-6.138612658596178662e-01
-6.094904194990458102e-01
-1.595934720885588132e-01
-5.745884680697384006e-01
-3.211536632243240652e-02
-5.313521373731056041e-01
-5.753166748213630610e-01
-5.757405096106771314e-01
-9.979817095269453986e-02
-2.727092140559975730e-01
-6.146039076949927349e-01
-2.699386881980855857e-02
-4.797443605365316888e-01
-4.778774165463395285e-01
-5.266049950321851636e-01
-4.193035646466368727e-01
-1.037356049277447095e-01
-5.389215337878581202e-01
-5.833335842683309291e-01
-6.024256616366296946e-01
-5.612923934651661284e-01
-5.025260278574894546e-01
-4.761996967381333379e-01
-4.462181546103576868e-01
-3.075004897591645525e-01
-5.781875814231396404e-01
-5.966588065740282554e-01
-2.797157678220972832e-01
-5.356181766605599970e-01
-5.901994013343602186e-01
-1.106908305003819482e-01
-5.382639622901781440e-01
-5.062079217192282377e-01
-5.781535584315928844e-01
-5.714650481497489665e-01
9.682434948203988423e-02
-6.085973089052029161e-01
-4.445211809507645384e-01
-2.554720863089905425e-01
-5.875132808598686474e-01
-5.008918804670065006e-01
-5.952378968885390087e-01
-5.738188326718838272e-01
-3.928590028529710954e-01
-1.191917341321426377e-01
-3.728264242471950873e-01
-5.903514147600276152e-01
-5.612606436371491148e-01
-5.691072808465831301e-01
-4.546049693245247658e-01
-4.937379990442779532e-01
-4.778108534508140326e-01
-4.112573722046142244e-01
-3.015402356787749705e-01
-5.117978868989873087e-01
-5.647620605175256436e-01
-5.442722223309290897e-01
-3.763155721915495966e-01
-6.077077706896476528e-01
-4.536487616314421878e-02
-5.309992052490389858e-01
3.874951788680468245e-02
-5.915814880448875268e-01
-9.294328695805027796e-02
-3.807083934310157014e-01
-4.758425542495394733e-01
-6.009469017488991982e-01
-2.141346642413380630e-01
-5.678744513067746080e-01
-4.564164383748492426e-01
-2.400779484777285366e-01
-4.819428106257924727e-01
-5.893685849324363790e-01
-4.593647772992628386e-01
-3.651912654061584274e-01
-3.989207835327863716e-01
-5.823084045199777847e-01
1.258674078081336023e-01
-5.909521139650342203e-01
-5.157174818032881358e-01
-2.538271819339171786e-01
-5.675590438556670225e-01
-5.889525435383377028e-01
-1.578960043586634665e-01
-5.109844515554456956e-01
-4.718292724694558293e-01
-1.561296952909164149e-01
1.081525975236364290e-01
-5.301529579421986327e-01
-2.236929856763767432e-01
-4.719281648574551458e-01
-5.392344769803611992e-01
-3.039395868423348801e-02
-5.577571168060843076e-01
-5.210565044771804377e-01
-2.390298099178651825e-01
-4.610652037251072866e-01
-1.953273713758262864e-01
-2.528648036183257508e-01
-5.826875729103060397e-01
-4.650509987335665896e-02
-5.300842523516725580e-01
-5.031446653573812267e-01
-3.315749667599943717e-01
-5.024992905124385789e-01
-5.058432425209713479e-01
-1.501357014459943628e-01
-5.744544151366739460e-01
-5.286598723021467272e-01
-3.127924958087811014e-01
-3.396799212477982222e-01
-2.451643000509707293e-01
1.320541818398794920e-01
-2.051468810164754630e-01
-4.074061307529879272e-01
-5.724872856576055380e-01
-1.567127176591027737e-01
-5.042118158117876447e-01
-3.056597201112142004e-02
-6.319924472697866502e-01
-3.707859557296350195e-01
-5.825782532717258544e-01
-4.106923531547816975e-01
-6.017890712412778953e-01
-5.375936685870681409e-01
-5.943315212822328775e-01
-6.130598022218420873e-01
-5.795103281591806876e-01
-5.938696534429842577e-01
-6.136925649011790718e-01
-5.796368005088350372e-01
-6.057820916403451328e-01
-5.476174845274661696e-01
-5.457631420321089610e-01
-5.624770169885340287e-01
-5.947883307648638151e-01
-4.541241798476328140e-01
-5.711934203113162578e-01
-5.417263292017641119e-01
-5.753294730523312861e-01
-5.164072775085477573e-01
-4.051126683506177106e-01
-5.486522987264702556e-01
-5.721255110858491921e-01
-3.937902406104509812e-01
-5.794063019067450249e-01
-4.076859599162858672e-01
-5.320644228494731953e-01
-5.804581909108206261e-01
-3.521578979766656348e-01
-4.745671120118451491e-01
-5.902246878718218071e-01
-4.068107417391175762e-01
-5.578566085309120126e-01
-5.895519008428891095e-01
-6.022904050538029352e-01
-5.013744458091511369e-01
-4.551175384056655449e-01
-5.207203823208041982e-01
-1.494220551027569677e-01
-4.442106944438765082e-01
-5.741062730565082983e-01
-2.814207710765120884e-01
