8.094224806022543017e-01
9.916979552933630204e-01
5.897275442292452263e-01
-4.461392376020760220e-01
-1.473471122270901268e-01
-5.290163617643004468e-01
-4.882366280397395508e-01
-2.770142006014199021e-01
-1.749107072829833576e-01
-4.517639172075759157e-01
-1.699101220989296390e-01
-2.236672403934721609e-01
-1.026042443326283249e-01
-1.257784616102739506e-01
8.114721272198925917e-01
6.771607608912513232e-01
5.924236312054832476e-01
5.511737638866982536e-01
-2.746670907315310606e-01
6.862191266629884545e-01
-2.168866587351851449e-01
6.667401473285053948e-01
5.993282884229060858e-01
-4.809595781551471161e-01
-1.762635038654438158e-01
-3.164641804002419345e-01
6.511289649128244594e-01
-4.005934327800307337e-01
6.542831829556547962e-01
-4.382402840187676896e-01
-2.498652737834724524e-01
-1.095744498581903426e-01
-2.728173829558201424e-01
6.654863345547272768e-01
-4.977570629687858572e-01
6.165677953895943864e-01
-5.059318997589269395e-01
9.926020288910037959e-01
-4.172284708709108614e-01
-4.943068886610535451e-01
-2.383318329668418500e-01
-2.293962538787871763e-01
-5.267955980916544378e-01
-1.909595774394262924e-01
6.833324723006168888e-01
-5.035566552577373789e-02
-4.720221364542825926e-01
-1.749019705276400327e-01
-4.178793156397084818e-01
-4.757279768947563214e-01
-4.904287335581910545e-01
-2.988610427147583293e-01
-4.787284827385778763e-01
-4.251928063670231683e-01
-2.718508764429074520e-01
-3.406634434722545235e-01
-1.638039568872955709e-01
5.615177862867883896e-01
-2.505976853503778523e-01
-9.481561309846299468e-02
5.479404963377381144e-01
-2.246567744847714765e-01
6.973996182045558712e-01
9.585980579576836025e-01
-5.257004768110093984e-01
9.916979552933630204e-01
9.770738107384197013e-01
8.090228412184348183e-01
4.738724100809556528e-01
4.838765697011919720e-01
6.587363651975457479e-01
-4.986534912962192201e-01
6.603911626348557551e-01
-2.984814320575323032e-01
7.978500035924682710e-01
-4.403618982053880693e-01
-3.650448043149403521e-01
-1.971426183521565734e-01
-1.826775079328252782e-01
8.056166260290253955e-01
8.078762708514212187e-01
9.603614717984034765e-01
-3.713721901253418112e-02
7.066900053474829413e-01
-4.450432637496365418e-01
-4.843803023866812829e-01
-1.507164463889425488e-01
-3.121869971543961286e-01
-5.110739123611990342e-01
-1.980478468659761793e-01
6.758352622465656490e-01
9.284247320239022994e-01
-9.788748949076238326e-02
5.690707682225217834e-01
8.105217922922058893e-01
8.086087462494468969e-01
-1.125626226555212772e-01
7.990649494560851940e-01
6.846376607127335756e-01
-5.051315114895522651e-01
4.361810518007604998e-01
-2.170575602338837562e-01
-2.483384422589208773e-01
6.850372456775942753e-01
-2.802306819394170256e-01
-3.063743092467160478e-01
9.504468848624326727e-01
-1.945212839575115593e-01
-3.214781545177723410e-01
-4.681410440481997837e-01
-3.779097529342386741e-01
-5.359651956443396426e-01
6.603911626348557551e-01
-2.876333903104035666e-02
-1.574261851887541197e-01
-4.881069069119447490e-01
6.711979411712130084e-01
6.603911626348557551e-01
-5.010465311125137378e-01
8.078762708514211077e-01
-3.494765471881196017e-01
-1.946666776734384541e-01
8.078762708514212187e-01
8.135904237617601620e-01
6.603911626348557551e-01
8.078762708514211077e-01
9.751017091969871320e-01
-2.388434806952121070e-01
8.078762708514212187e-01
7.794826963530033792e-01
-2.547763119776482732e-01
6.603911626348557551e-01
-1.441228434951435933e-01
3.687855879514750912e-01
-3.166628561367090811e-01
-1.908801585670991396e-01
-1.585995858865474062e-01
-1.908146975606057616e-01
-1.658173025219979446e-01
-1.975374665155659737e-01
6.603911626348557551e-01
-8.900598467398407321e-02
5.487934796708413554e-01
-1.531115882560895869e-01
4.935855140073298619e-01
9.888340259186965131e-01
9.892089842212755668e-01
-3.067362023584168096e-01
6.266388326087513061e-01
9.651519715565823887e-01
6.919405604502099072e-01
8.078762708514211077e-01
-4.746642202025413426e-01
-2.751646074539635389e-01
-3.174752782397685658e-01
-3.387433297518489539e-01
-3.906596262695122834e-01
-2.346455585826872359e-01
5.744022111786339924e-01
6.603911626348557551e-01
-2.188422987872218617e-01
5.123785236821318811e-01
-2.108898933599471781e-01
6.421735194006050751e-01
6.223376404889867652e-01
2.881554799901455688e-01
-2.370582880220740707e-01
-1.034174355886331997e-01
8.078762708514212187e-01
6.603911626348557551e-01
-3.823268830517503880e-01
6.265209866471019851e-01
7.388831730796350250e-01
-2.600762346782805601e-01
-2.425505567948462726e-01
-2.361353520957103769e-01
-5.232632602261679811e-01
8.078762708514211077e-01
8.078762708514212187e-01
-5.073200012975159767e-01
-1.937072857941368187e-01
-6.335001374971049870e-02
6.603911626348557551e-01
6.603911626348557551e-01
-2.488187195600412571e-01
-1.916572979491571460e-01
6.603911626348557551e-01
-4.808588869440684754e-01
1.230883481365228210e-01
5.421848880234680923e-01
6.092314802674321239e-01
8.078762708514211077e-01
-4.654821983399305418e-01
-1.788866171209664846e-01
9.926678892741966909e-01
-4.311499691509691479e-01
-5.177112807168360309e-01
8.078762708514211077e-01
-3.565944943264810485e-01
-2.008512268549184632e-01
9.929618007780466327e-01
-4.799729266590301302e-01
8.078762708514212187e-01
-4.644081667617125930e-01
9.825367854730835404e-01
-4.768732329990842955e-01
-1.735456859981976963e-01
6.603911626348557551e-01
6.690685956847075566e-01
-1.612007732412386873e-01
8.078762708514212187e-01
-5.019730462444587094e-01
-2.079885711044033858e-01
-1.862094190604009769e-01
9.660823020729256694e-01
-5.043175444401920560e-01
-2.369874635276361940e-01
5.603139804477184072e-01
-4.180978037840750727e-01
-2.588866683742800934e-01
9.473172165025753877e-01
-3.970503987137112278e-01
7.466693726758870664e-01
9.727010891465457387e-01
-5.118096911248426473e-01
-5.033881986897961180e-01
9.921110083543802638e-01
8.078762708514211077e-01
-2.318318354954513327e-01
6.445183671981921103e-01
-4.604734449988368561e-01
-1.425630914918662173e-01
-1.549997524599095178e-01
-2.058422188581792434e-01
6.603911626348557551e-01
6.603911626348557551e-01
-3.706093305735083665e-01
9.586376321919759524e-01
8.078762708514212187e-01
8.078762708514211077e-01
9.180852041517830742e-01
8.078762708514211077e-01
-2.531376856773585593e-01
-1.974082923543228063e-01
8.078762708514212187e-01
8.078762708514211077e-01
-2.426928886750025771e-01
-2.495942417368066657e-01
-1.808944369067245483e-01
5.093314744839674280e-01
-2.262716230102133630e-01
3.604724683451285272e-01
-2.180739950512001479e-01
9.853583035555825154e-01
-3.842571446132911905e-01
-1.520782206315532403e-01
-1.494774089324096833e-02
9.754450834981684970e-01
-2.852917876385736573e-01
9.595618149967202193e-01
-3.309243625684604728e-01
-4.687814029348082445e-01
8.078762708514212187e-01
6.603911626348557551e-01
-4.543811295930618721e-01
8.078762708514211077e-01
8.373018576804007740e-01
-3.436032144394138843e-01
8.078762708514212187e-01
-2.195609137993286275e-01
-3.129091228001897873e-01
-4.304379099130716257e-01
-1.060646068151663152e-01
-4.640225606584737483e-01
-3.211508835773949633e-01
8.078762708514211077e-01
-1.686720710739726958e-01
-4.752744211343361280e-02
8.078762708514212187e-01
8.078762708514211077e-01
-3.197774501794316548e-01
8.078762708514211077e-01
-3.819054938782548980e-01
-1.837103895393291109e-01
-8.786864007246736330e-02
5.403025125582945343e-01
9.608390843351697352e-01
-3.641742717734025581e-01
2.435306828187193962e-01
6.603911626348557551e-01
8.078762708514212187e-01
-3.580681294456122821e-01
-2.147075778469515195e-01
7.071391084429821117e-01
6.603911626348557551e-01
5.439495490574066672e-01
9.011359345215803618e-01
-1.799085437789033071e-03
-4.718114137908521188e-01
9.915538462318334023e-01
