4.729240264755991685e-01
9.473338912040976112e-01
5.902470967247518407e-01
-1.424704906138091198e-01
-3.235569736981773192e-01
8.347804743341518119e-01
-3.705857696331885109e-02
1.578393552730263938e-01
-3.668188614775546030e-01
2.450985031169303774e-01
-4.076415823228343172e-01
-3.680782778467986960e-01
4.470775495678319666e-01
5.120078638079853528e-01
5.358555522157579798e-01
9.009863641754580765e-01
-2.652948814094345797e-01
-2.795064671743543450e-01
5.586018501466095687e-01
8.632313043145383169e-01
-2.919605896771779729e-01
9.275969164811825873e-01
-3.723882441250388475e-01
5.609768832982773429e-02
-3.754746409756645198e-01
-1.658679326915480368e-01
9.508829627822924513e-01
1.128845205962545062e-01
-3.526487505549760204e-01
1.469935184633901493e-01
-3.544551946703608514e-01
9.440474271176697574e-01
-3.096557202315837198e-01
9.145590041922233571e-01
3.974637390285236105e-01
-4.507420450437098491e-01
1.568467117759388962e-01
9.481044718165906326e-01
1.999703980561038374e-01
-3.205976146859411680e-01
-4.276931587146232117e-01
5.374692867528654272e-01
3.912950327082079238e-02
4.116048627855145026e-01
9.507341215262721246e-01
5.775245996111316726e-01
8.035783867090418031e-02
5.520593740725576737e-01
1.147143193012952894e-01
1.033789057555779545e-01
-7.430540363059918996e-02
5.783859955057294444e-01
-3.355166353144609648e-01
-5.019314152244067767e-02
8.929480365966611100e-01
-2.413009670799316497e-01
-1.536365358350379184e-01
-4.724291695405494207e-01
-4.175079229959265392e-01
3.882559795887089438e-01
-3.846940150715549289e-01
2.881750722833754108e-01
9.008005318753863344e-01
8.707770688928949676e-01
3.126882310740014548e-02
9.505948315509300528e-01
9.636514503574848955e-01
5.171877236523710897e-01
-3.025471878983695406e-01
-4.269195386635953882e-01
9.519617510442417441e-01
6.715545064605174530e-02
9.464228228050788339e-01
-7.490514111858295743e-02
4.820673949508265110e-01
4.527594915318550184e-02
2.051358760178148832e-01
9.699497692179686048e-01
-3.803337072727850932e-01
5.084777467891705705e-01
4.828244417366742702e-01
9.953149529906114568e-01
6.682572550278272905e-01
9.526765005395978481e-01
-1.556191977877723898e-01
3.967072377397325850e-02
-3.273034015507723105e-01
-2.498286324910937994e-01
-2.020397028631129022e-01
9.787772323171266553e-01
9.462430071688729960e-01
9.943892495967627809e-01
3.901274821527900283e-01
-4.425730525896528489e-01
-4.346226698614125139e-01
5.794216537300437286e-01
-3.189148400006733830e-01
4.893979279393227966e-01
9.571469190909687175e-01
-9.998281845698263337e-02
5.595512433258483798e-01
-3.408600320224842162e-01
5.256973915123568375e-01
9.652723484977109303e-01
3.934691585315258644e-01
4.110981464666427221e-01
9.793196546813158765e-01
-3.242921144873103234e-01
5.410910891231482944e-01
2.095464893646982185e-01
1.780027533703131548e-01
-7.568834030025047011e-02
9.627126937238961180e-01
-3.522108395083232146e-01
5.333666821083449250e-01
6.967250343043072947e-02
9.685047674640225868e-01
9.153784884664317723e-01
2.753314218795869378e-02
4.820673949508265110e-01
2.852495565623060572e-03
-2.741202985044754459e-01
4.820673949508265110e-01
4.918806342610288485e-01
9.506290784300402974e-01
4.953906374740701946e-01
9.582753771694261236e-01
-3.497857900658574715e-01
5.986413979624218840e-01
5.450377689187981822e-01
2.280388765203317791e-01
9.638815504278390733e-01
-3.736478163769960115e-01
-3.429978148404558835e-01
-2.976409655848588631e-01
-4.206240336035879102e-01
-3.609410462997434399e-01
5.022654285053612666e-01
-1.712417882264845592e-01
-3.128197085979961822e-01
9.601105820512680911e-01
5.331043193712538264e-02
-3.910322077279731467e-01
-3.859435614958393046e-01
6.426131277593352120e-01
9.337712429530402591e-01
9.455326680290344621e-01
-2.449772968127595096e-01
-4.205310630052040977e-01
9.419047654647483281e-01
-4.851584959052021029e-01
4.743875314976006008e-01
-2.250719039021375767e-01
6.253937784570636760e-01
-3.868482365308479332e-01
-2.674509064872326314e-01
-1.140645668597910084e-01
-3.813976701314273354e-01
9.687283353236040284e-01
9.547497796441943851e-01
-3.299251179346877061e-01
-4.608606468592391647e-01
-3.506870945363759207e-01
9.667223241827604951e-01
-4.232600314072594294e-01
-3.844126042016092759e-01
-2.917155503739796707e-01
-3.362199225639959099e-01
4.820673949508265110e-01
9.755207656697784113e-01
-3.041934818408635888e-01
-3.097276839102767743e-01
8.258078525725390806e-01
5.397440194950604564e-01
-4.015647380527984645e-01
-3.493791294827725546e-01
-4.172478602872159437e-02
4.680162703670910362e-01
7.046467252557082617e-01
2.296152494395684029e-02
-3.510383928125689335e-01
-4.728121028756238076e-01
9.447120255347628559e-01
9.717441079212953969e-01
3.840454803336953438e-01
4.497895321739701080e-01
9.027877596793891790e-01
1.515679912715621747e-01
-2.749309058473630163e-01
-3.718014276938601537e-01
-4.084429881741529211e-01
5.820548871920010470e-01
-3.281155271985233823e-01
5.852627322243328933e-01
9.739874254326245095e-01
3.047413653390157462e-01
8.690772567899184287e-01
4.729240264755991685e-01
-3.607980674471645277e-01
-3.416909406790776815e-01
9.648367185920718736e-01
-1.245889956639919666e-01
5.430448126812769116e-01
2.168607101307027940e-01
9.550773511992423082e-01
-1.664971242549959096e-02
4.656071938218760975e-01
9.452519328821118449e-01
5.728268068907914623e-01
3.766463249412025371e-01
4.820673949508265110e-01
-2.725530229381818437e-01
-2.612431493078067879e-01
4.305899146888694240e-01
9.949537997406328049e-01
-1.890947574571888445e-01
-3.890411863151589378e-01
-4.159262584464415990e-01
2.855302383004065803e-01
-4.142767003596229403e-01
9.663856543942631605e-01
1.217819997235475293e-01
5.276251788230339468e-01
9.938012176643283846e-01
-7.071828228603419669e-03
-4.229617231953622380e-02
9.833318088666298529e-01
5.327796932586019718e-01
4.401459236122838847e-01
-4.022576351725164479e-01
3.019100179558573682e-01
4.808309220317641408e-01
-3.799075402738284479e-01
4.473312903763029258e-01
9.293661701355471205e-01
9.350800423922036586e-01
1.570799455199809458e-01
9.949537997406328049e-01
5.147924952382080255e-01
4.729240264755991130e-01
9.580766012886257066e-01
5.067990849583243751e-01
-3.844022339539013844e-01
-3.496122467737854955e-01
4.820673949508265110e-01
5.400663841737114446e-01
-3.694723948039264627e-01
-3.726146759587612989e-01
-3.562080646562615360e-01
-4.343161290053816348e-01
-3.112093380858768077e-01
-3.952576447405546922e-01
3.615294014583357862e-01
9.953921462204129433e-01
-1.153306867261552973e-02
5.585390829365466381e-01
-3.889849161574246983e-01
9.577549873868219654e-01
3.133653648025667149e-01
9.681372724002432761e-01
-1.845502605287377140e-01
5.143008670899230639e-01
6.442174544996575047e-01
9.216675398618627835e-01
2.757918974550820912e-01
4.820673949508265110e-01
5.711053372034786690e-01
1.641714538231905246e-02
4.820673949508265110e-01
5.057666250686490006e-01
-2.415160651358044530e-01
3.308305662900969946e-01
4.518596227276138744e-01
-2.415536701549626450e-02
3.466762983004136878e-01
5.832456343063674442e-01
5.051812199541303450e-01
5.607787737372884607e-01
4.820673949508265110e-01
4.820673949508265110e-01
3.463939259024569894e-01
5.066368551854822933e-01
5.292921293205789940e-02
-3.592402162520547670e-01
4.274618765654383257e-01
-3.523684179232265401e-01
9.744693992291926232e-01
-7.897306410947908806e-02
4.553938404871807899e-01
9.235884661326474454e-01
5.375845888174324294e-01
6.772506038883860380e-02
-3.718859076127444818e-01
-3.324525576354994127e-01
9.670552083599530668e-01
-4.364248051046724641e-01
9.949537997406328049e-01
5.787582730598934688e-01
2.591772133090503027e-01
9.813606710553088863e-01
