1.786919928748763320e-01
1.786919928748763597e-01
1.786919928748763597e-01
1.786919928748763597e-01
1.786919928748763597e-01
1.786919928748763597e-01
1.786919928748763597e-01
1.786919928748763597e-01
1.786919928748763597e-01
1.786919928748763597e-01
1.786919928748763597e-01
1.786919928748763597e-01
1.786919928748763597e-01
1.786919928748763597e-01
1.786919928748763597e-01
1.786919928748763320e-01
1.786919928748763597e-01
1.786919928748763597e-01
1.786919928748763320e-01
1.786919928748763597e-01
1.786919928748763597e-01
1.786919928748765818e-01
1.786919928748763320e-01
1.786919928748763597e-01
1.786919928748763597e-01
1.786919928748763597e-01
1.786919928748763042e-01
1.786919928748763597e-01
1.786919928748763320e-01
1.786919928748760822e-01
1.786919928748763597e-01
1.786919928748763597e-01
1.786919928748763597e-01
1.786919928748763597e-01
1.786919928748763597e-01
1.786919928748763597e-01
1.786919928748763597e-01
1.786919928748763597e-01
1.786919928748763597e-01
1.786919928748763597e-01
1.786919928748763320e-01
1.786919928748763597e-01
1.786919928748763597e-01
1.786919928748763597e-01
1.786919928748763597e-01
1.786919928748763597e-01
1.786919928748763597e-01
1.786919928748763320e-01
1.786919928748765818e-01
1.786919928748763320e-01
1.786919928748765540e-01
1.786919928748763597e-01
1.786919928748763597e-01
1.786919928748763597e-01
1.786919928748760822e-01
1.786919928748763597e-01
1.786919928748763597e-01
1.786919928748763320e-01
1.786919928748763597e-01
1.786919928748763320e-01
1.786919928748763320e-01
1.786919928748763597e-01
1.786919928748763597e-01
1.786919928748763597e-01
1.786919928748765540e-01
1.786919928748763597e-01
1.786919928748765540e-01
1.786919928748763597e-01
1.786919928748763597e-01
1.786919928748763597e-01
1.786919928748765818e-01
1.786919928748763597e-01
1.786919928748763597e-01
1.786919928748763597e-01
1.786919928748763597e-01
1.786919928748763597e-01
1.786919928748763875e-01
1.786919928748765818e-01
1.786919928748763320e-01
1.786919928748763597e-01
1.786919928748763597e-01
1.786919928748763320e-01
1.786919928748763597e-01
1.786919928748763597e-01
1.786919928748763597e-01
1.786919928748765818e-01
1.786919928748763320e-01
1.786919928748763320e-01
1.786919928748763597e-01
1.786919928748763597e-01
1.786919928748763597e-01
1.786919928748763320e-01
1.786919928748763320e-01
1.786919928748763875e-01
1.786919928748763597e-01
1.786919928748763597e-01
1.786919928748763597e-01
1.786919928748763597e-01
1.786919928748763597e-01
1.786919928748763597e-01
1.786919928748763597e-01
1.786919928748763597e-01
1.786919928748763597e-01
1.786919928748763597e-01
1.786919928748763597e-01
1.786919928748765818e-01
1.786919928748763597e-01
1.786919928748763597e-01
1.786919928748765540e-01
1.786919928748765818e-01
1.786919928748763597e-01
1.786919928748763597e-01
1.786919928748763597e-01
1.786919928748763597e-01
1.786919928748763597e-01
1.786919928748763597e-01
1.786919928748763597e-01
1.786919928748763597e-01
1.786919928748763597e-01
1.786919928748763597e-01
1.786919928748763597e-01
1.786919928748763597e-01
1.786919928748763320e-01
1.786919928748763597e-01
1.786919928748763597e-01
1.786919928748763597e-01
1.786919928748763597e-01
1.786919928748765818e-01
1.786919928748763597e-01
1.786919928748761932e-01
1.786919928748763597e-01
1.786919928748763597e-01
1.786919928748763597e-01
1.786919928748765540e-01
1.786919928748763597e-01
1.786919928748763597e-01
1.786919928748763597e-01
1.786919928748765818e-01
1.786919928748765818e-01
1.786919928748763597e-01
1.786919928748763597e-01
1.786919928748763597e-01
1.786919928748763320e-01
1.786919928748763597e-01
1.786919928748763597e-01
1.786919928748763597e-01
1.786919928748765818e-01
1.786919928748765818e-01
1.786919928748763597e-01
1.786919928748763597e-01
1.786919928748763597e-01
1.786919928748763597e-01
1.786919928748763597e-01
1.786919928748763320e-01
1.786919928748763597e-01
1.786919928748763597e-01
1.786919928748763597e-01
1.786919928748763597e-01
1.786919928748763597e-01
1.786919928748763597e-01
1.786919928748765818e-01
1.786919928748763320e-01
1.786919928748763597e-01
1.786919928748763597e-01
1.786919928748763597e-01
1.786919928748763597e-01
1.786919928748763597e-01
1.786919928748763597e-01
1.786919928748763597e-01
1.786919928748763597e-01
1.786919928748765540e-01
1.786919928748763597e-01
1.786919928748763320e-01
1.786919928748763597e-01
1.786919928748763320e-01
1.786919928748765818e-01
1.786919928748763597e-01
1.786919928748763597e-01
1.786919928748763597e-01
1.786919928748763597e-01
1.786919928748763597e-01
1.786919928748763597e-01
1.786919928748763597e-01
1.786919928748763597e-01
1.786919928748765818e-01
1.786919928748763597e-01
1.786919928748763320e-01
1.786919928748763042e-01
1.786919928748763597e-01
1.786919928748763597e-01
1.786919928748763597e-01
1.786919928748763597e-01
1.786919928748763597e-01
1.786919928748763597e-01
1.786919928748763597e-01
1.786919928748763320e-01
1.786919928748765818e-01
1.786919928748763597e-01
1.786919928748763597e-01
1.786919928748763597e-01
1.786919928748763320e-01
1.786919928748763597e-01
1.786919928748763597e-01
1.786919928748763597e-01
1.786919928748763320e-01
1.786919928748763597e-01
1.786919928748763597e-01
1.786919928748763597e-01
1.786919928748763597e-01
1.786919928748763597e-01
1.786919928748763597e-01
1.786919928748763597e-01
1.786919928748763597e-01
1.786919928748765540e-01
1.786919928748763597e-01
1.786919928748759157e-01
1.786919928748763597e-01
1.786919928748763320e-01
1.786919928748763320e-01
1.786919928748763597e-01
1.786919928748763597e-01
1.786919928748760544e-01
1.786919928748763320e-01
1.786919928748763597e-01
1.786919928748763597e-01
1.786919928748763597e-01
1.786919928748763320e-01
1.786919928748763597e-01
1.786919928748763597e-01
1.786919928748763597e-01
1.786919928748763597e-01
1.786919928748763597e-01
1.786919928748763597e-01
1.786919928748763597e-01
1.786919928748763597e-01
1.786919928748763597e-01
1.786919928748763597e-01
1.786919928748765263e-01
1.786919928748763597e-01
1.786919928748763597e-01
1.786919928748763320e-01
1.786919928748763597e-01
1.786919928748763320e-01
1.786919928748763597e-01
1.786919928748763597e-01
1.786919928748763320e-01
1.786919928748763597e-01
1.786919928748765818e-01
1.786919928748765818e-01
1.786919928748763597e-01
1.786919928748763597e-01
1.786919928748763597e-01
1.786919928748763597e-01
1.786919928748763597e-01
1.786919928748763597e-01
1.786919928748766095e-01
1.786919928748763320e-01
1.786919928748763597e-01
1.786919928748763597e-01
1.786919928748763597e-01
1.786919928748763597e-01
1.786919928748763597e-01
1.786919928748763597e-01
1.786919928748763597e-01
1.786919928748763597e-01
1.786919928748763597e-01
1.786919928748763597e-01
1.786919928748763597e-01
1.786919928748763597e-01
1.786919928748763597e-01
1.786919928748763597e-01
1.786919928748763597e-01
1.786919928748763597e-01
1.786919928748763597e-01
1.786919928748763597e-01
1.786919928748763597e-01
1.786919928748763597e-01
1.786919928748763042e-01
1.786919928748763597e-01
1.786919928748763597e-01
1.786919928748763597e-01
1.786919928748763597e-01
1.786919928748765540e-01
1.786919928748763320e-01
1.786919928748763597e-01
1.786919928748763597e-01
1.786919928748765818e-01
1.786919928748763320e-01
1.786919928748763597e-01
1.786919928748763597e-01
1.786919928748763597e-01
1.786919928748763320e-01
1.786919928748763597e-01
1.786919928748763597e-01
1.786919928748763597e-01
1.786919928748763597e-01
1.786919928748765818e-01
1.786919928748763597e-01
1.786919928748763320e-01
1.786919928748763597e-01
