5.868245025260850900e-01
7.159983168683370369e-01
6.681605280876476982e-01
6.716913787458980156e-01
6.390779768150240958e-01
9.098796271681932613e-01
7.818731975311399296e-01
5.979370367768064298e-01
6.568450496728681642e-01
5.604514760948297036e-01
5.959003201468079380e-01
7.109099984265343508e-01
5.279175215476140659e-01
7.284381266804600408e-01
7.034357076639753403e-01
7.894737523065004092e-01
6.717735621880722707e-01
5.440097969415124135e-01
9.090001036685442237e-01
8.361945733878404230e-01
6.635460044689813763e-01
6.192178013036684359e-01
9.097854992410179253e-01
5.299716133150353947e-01
9.278557178667286021e-01
7.451556867662451067e-01
7.113383339228339652e-01
5.793095015525836500e-01
8.830536000112958472e-01
8.428792903658151037e-01
5.243313980485836412e-01
5.307416901916233165e-01
8.559485499088661520e-01
5.633863516454211684e-01
6.193231137080372761e-01
6.518173946394477669e-01
5.545991250916603166e-01
6.003166725910806800e-01
6.096289509154101394e-01
8.520941794559298010e-01
9.222285957306067816e-01
5.592823336910474064e-01
5.967512186625506532e-01
6.771047967563800229e-01
5.076534755908325147e-01
6.736044511018689507e-01
6.029385575892062255e-01
6.623486468227298696e-01
5.791060055516930039e-01
8.887386022535295194e-01
8.123379145837559268e-01
8.288511249823660165e-01
7.783264559261551252e-01
5.564551231049198465e-01
6.012789225130683590e-01
5.911798282591395060e-01
8.241236214888785216e-01
5.998541798010331716e-01
7.760936002360466768e-01
9.155338771041174883e-01
8.516424149961933088e-01
7.401121041785622134e-01
8.939499932546212113e-01
5.307471090714390716e-01
5.961221290547962237e-01
8.211202379911676230e-01
5.408964360627462886e-01
4.760358301810674320e-01
7.382553710651470480e-01
6.537453366274822431e-01
5.738460351310328278e-01
6.447239395838822995e-01
8.736111004688147386e-01
9.492856702516155876e-01
7.018069914005184984e-01
8.562803702532257866e-01
5.409123002833432503e-01
6.770065345930466050e-01
6.623112149687100381e-01
7.897080139019347911e-01
7.278977695648333190e-01
5.658242371960776618e-01
4.663514313002842249e-01
7.449582202317298618e-01
9.452058607747200192e-01
5.063944040376692213e-01
7.155887486099322681e-01
8.743822349633657565e-01
6.182760367885683506e-01
6.330595180471414452e-01
7.360723275613959560e-01
6.033879359485925242e-01
5.705760664932684190e-01
4.579791841736282620e-01
6.375396416499423680e-01
8.162915867621505228e-01
5.973066477558477416e-01
7.170267928715394756e-01
6.050984867769954034e-01
6.055231260776424707e-01
8.878526529934502864e-01
9.231775309530988460e-01
8.506425445098759752e-01
6.771772627291605673e-01
5.712326017512965315e-01
6.246645062746185584e-01
8.916342532060835824e-01
6.623323080125507190e-01
8.982790410962283589e-01
8.900799261427343456e-01
6.205202463690701054e-01
7.503428538457763697e-01
6.337171704977493381e-01
8.114214979383181925e-01
7.748065048472665417e-01
9.232585348488313581e-01
6.685479799041758042e-01
6.020116535334428809e-01
5.851491291309853793e-01
5.684288442539998654e-01
7.125681266283718784e-01
5.082987787129757962e-01
5.834491965577587314e-01
5.783362557484084121e-01
5.532712168571546352e-01
5.511299742697315374e-01
6.245898174109454359e-01
6.837163741789192839e-01
9.326911360086713731e-01
6.107321408838100041e-01
7.410467132162745774e-01
5.145721674485159713e-01
5.679088782614630793e-01
5.725693178650156367e-01
9.496244285739076085e-01
5.977853316902072001e-01
6.897809484264407764e-01
6.540304959432934329e-01
6.747139872688202589e-01
6.618724399183123497e-01
6.760796109205876592e-01
6.898864769567734090e-01
9.355641933304194025e-01
6.396194428407724342e-01
6.465385484925895154e-01
5.787119319452518340e-01
9.027804396418250832e-01
5.874115287492984727e-01
9.233338043796096573e-01
6.971377435433399050e-01
5.961750859166023986e-01
8.155298338725402996e-01
7.377437518130839367e-01
8.978007388362083674e-01
8.221243578433632404e-01
5.925985229565200463e-01
6.202649503371326922e-01
8.431364908649996437e-01
6.527760326948883751e-01
8.871040568124517467e-01
6.475966984325211007e-01
5.307662351890112262e-01
8.343493050562998947e-01
8.313413662885020816e-01
5.473417402422102729e-01
6.132353887736299303e-01
8.200635199619235038e-01
6.507547162625482162e-01
6.026441686858581281e-01
9.110967392965204636e-01
7.785080962841496310e-01
6.213030749836490063e-01
9.040236815504651968e-01
6.258570892142838460e-01
6.369356017816379945e-01
7.739225135447309611e-01
6.462104110721876848e-01
5.936417247723148050e-01
6.051131443926940356e-01
9.332177790621112301e-01
9.226806484925663687e-01
5.745670334548582669e-01
8.105831263141678455e-01
9.104927905626146734e-01
8.070173098704610526e-01
7.853682666447427962e-01
8.190264887061695642e-01
8.271168634563818012e-01
6.633452312208241164e-01
9.394787847175616324e-01
9.303602390440278702e-01
8.267956374226325122e-01
9.272201659164328591e-01
5.874742995981417915e-01
7.526681169852555975e-01
7.480043702914929149e-01
5.642019360735206490e-01
5.228284491707715365e-01
4.835958575015290029e-01
9.352600940952773279e-01
8.405355974608561542e-01
7.887404943157826365e-01
8.139853948451010179e-01
5.737418358918707773e-01
6.888118713084909750e-01
4.956326090249948413e-01
6.403483662159668022e-01
8.358564370398544607e-01
7.632282657926366953e-01
5.117644715472968731e-01
9.141346483601147099e-01
7.058002797424032249e-01
8.822195009903683882e-01
6.161222475643531871e-01
9.412129059602329928e-01
5.576377332944866261e-01
6.416268277296585110e-01
8.800405281216776565e-01
6.469639763067065452e-01
9.057319150962579446e-01
6.138356619095589606e-01
5.342033984110086120e-01
8.318525363735095324e-01
5.218279957977693950e-01
6.190311477717871380e-01
5.121469079594556106e-01
7.370794816515302550e-01
5.132629544594646820e-01
5.867567515909781761e-01
6.353900497400257752e-01
5.925829628024703588e-01
9.300097536433457046e-01
4.753626864533296859e-01
8.564870190787062798e-01
8.504974289751443539e-01
7.617250838737581464e-01
8.211902563465394156e-01
7.910712909307270335e-01
6.576030250275572975e-01
5.587576251982392384e-01
8.991076452580886169e-01
6.857718428679510092e-01
6.059033881678975719e-01
5.815243351366045088e-01
5.229057950711809566e-01
5.741516513717624948e-01
6.549489152467100617e-01
6.571894307472389007e-01
8.696912332590598371e-01
6.031307290133172128e-01
6.606894078295766359e-01
6.579842120053411847e-01
7.842985817649034130e-01
5.536123403638766316e-01
4.843840599332995822e-01
7.763166866056666615e-01
7.972478444673440912e-01
6.915958754168682887e-01
5.554349857630507259e-01
6.030275188808272846e-01
7.804921544605704087e-01
6.315840622762447509e-01
6.389256176618748340e-01
8.545799629671516628e-01
5.343646320645955017e-01
7.864376826977093060e-01
5.983532523674285342e-01
5.616829130048219820e-01
6.192836529242193855e-01
5.739380795064887852e-01
8.207495777028785966e-01
9.398860157732986664e-01
6.780981567627588635e-01
8.819637557751498491e-01
5.957007616369728309e-01
7.622981326167496130e-01
4.675476994012882637e-01
9.396283693132485570e-01
7.195203344540624935e-01
5.096074543768907006e-01
6.478107987642649501e-01
7.957462363530474203e-01
7.555893531527282381e-01
6.694572797683497889e-01
7.297207223552419908e-01
5.958526070624389215e-01
8.883732987778322210e-01
9.427494404918282944e-01
7.677347824826504796e-01
5.554033530571165223e-01
7.797207420542593415e-01
7.984496450695427461e-01
6.051830278147535269e-01
8.741964155336701126e-01
5.446154698478509193e-01
9.337308802601684832e-01
5.869409088533944496e-01
9.125566913252046719e-01
5.101524897672709002e-01
6.424920568018805955e-01
