-1.964864363622926546e-01
-4.743013014901415608e-02
-1.343911235782995206e-01
-1.562937689407398745e-01
-3.566409059382528168e-01
-3.055706491142216041e-01
-4.407933472784161810e-01
-4.036452019226693250e-02
1.811300045808695303e-01
2.632904312465669805e-02
-1.185319958243788996e-01
-5.002384298947922803e-01
-2.918304844981928214e-01
-3.987958467779658678e-01
-3.299737770898470424e-01
9.906394472658577866e-04
-6.152204914859273066e-03
-4.277992834448842152e-01
-1.313311602616447082e-01
-4.344886526071874422e-01
-3.985633806303965909e-01
-2.345412721196417360e-02
-3.478227222359140391e-01
-4.202606685650123186e-01
-1.907056979399331387e-01
-4.158346939296659328e-01
-1.595552182493878979e-01
-3.951631932695660598e-01
-3.160548237580720343e-01
-4.641597478698101242e-01
1.898074682159215376e-01
-3.818341176910493573e-01
-4.553246957540643680e-01
-4.119624809270502341e-01
-4.545956085409789127e-01
-4.173621640443467840e-01
7.789428421721494855e-02
-3.754560842280550981e-01
-4.162309043015397503e-01
-4.495059603495811518e-02
-3.660508625440284658e-01
-2.218614649612946077e-01
-4.228357742373428652e-02
7.246100403020172553e-02
-4.545241071593527082e-01
-4.530932351042558925e-02
-3.382111845251931648e-01
8.129033655428087590e-02
4.448727377240051239e-03
-4.632635899768886567e-01
2.845605510047395648e-02
-1.089293257427364353e-01
2.682786652125912497e-01
-2.828405734112802994e-02
-4.362594759127704225e-01
-2.052100404744998663e-01
-3.982159294290809615e-01
1.414194574979884267e-01
-4.084151850853118826e-01
-5.798220147829454690e-02
-6.283280631250037773e-02
-3.142600790888177426e-02
-9.016869135799707169e-02
-5.137324856345937274e-01
-2.084029439549940355e-01
-1.387014968406225512e-01
-3.361507191929529736e-01
-3.824678296389116827e-01
-4.283014736252455656e-01
1.820448500791937291e-02
-4.115726629238756207e-01
-2.643158793013682395e-01
-4.355696097738395167e-01
2.649937117089937177e-02
-4.706201749066784012e-01
-4.392712576758729948e-01
-1.389811703150099498e-01
-3.111662516673204815e-01
-4.493665294302133517e-02
-5.196704514498762251e-01
1.243219316491162713e-02
-1.112934070609426507e-01
-4.207148375594189638e-01
-1.279883262548364709e-02
1.295566651227019611e-02
-2.930249186945043174e-02
-3.015430966948868252e-01
-3.015013271231541392e-01
-7.171460312759470046e-02
-1.137102793669135109e-01
1.185073794470982433e-01
4.129981098660746863e-02
-3.202779225442061173e-01
-1.654729483999154427e-01
-2.909606323838235253e-01
-3.985432888905515725e-04
-2.489954634457548083e-02
2.476651795333337236e-02
-2.820352591840792900e-01
-4.880547170077901287e-01
-2.002928738368521533e-02
-7.192093579741988540e-02
7.753684640581751109e-02
1.328891699433359663e-01
-3.673656289368885663e-01
-6.056795674135093122e-02
1.148397891798784778e-02
3.828458638743105491e-02
-3.894613416560326336e-01
-3.913623633787278733e-01
-1.098487608202020072e-01
-3.295387549103851454e-01
-2.779773019136824730e-02
-1.429427990307800544e-01
-3.003539576846638859e-01
-4.101225677635630396e-01
-4.562453388528672216e-01
2.911013006120870966e-02
-2.280869976667232457e-01
-3.826766608675686299e-01
-4.982744025995421433e-01
-1.308418665178974205e-01
-4.274999937750377788e-01
-5.513058857850180461e-01
-3.342252070253025065e-01
-4.337627093031316827e-02
-3.413933972093511349e-01
7.526967524063211956e-03
2.169484313458218405e-02
-8.481509867386860524e-02
-4.167054507184890233e-01
-2.819110182018538802e-01
-3.450357881364261026e-01
-1.064700723983326713e-01
-5.811754965658701144e-02
9.513014919364229383e-02
-3.963422629581561663e-01
-7.607922126263293172e-02
-8.259129574343361535e-02
-4.900443290011932129e-01
-3.752211137842393907e-01
-4.323678797345101854e-01
-2.310951300499431704e-01
-2.522634855891799921e-01
-5.112635688034820047e-01
-5.172637577121163011e-01
-4.161669354160899004e-01
-1.202343683776274375e-01
2.123959905204126641e-01
-3.567970993811960256e-01
-3.546190973211532649e-01
-2.017733376359300695e-02
6.864778503889119865e-03
2.081799870519387974e-03
1.525882846420623107e-01
5.752523927386727493e-02
2.994153785888711145e-02
-9.234428164049893195e-02
-1.678693337391814477e-01
-5.271788593211061968e-01
-4.484619343312025441e-02
-4.450394249776617461e-01
-3.630984171493656376e-01
-3.030045794961325895e-02
-3.650501062280694375e-01
-4.114913990300888003e-01
-1.928999384395814198e-01
-4.497390765580939753e-01
4.850457346987629981e-02
-3.643471610131277516e-01
-5.043821280047643407e-01
-4.063450312747495796e-01
4.771223245067156282e-02
-3.854879067242987789e-01
-3.928312273612941108e-01
-3.381694831188261086e-01
-5.036899226160174853e-02
3.700800974224043721e-02
-2.073883151372514222e-01
1.847739895552187595e-02
1.078292945743239278e-01
-3.783196277564762622e-01
-4.345814116293821305e-01
-4.444481060456611510e-01
-4.783570161804659993e-01
-2.818911444513850229e-01
-4.570787827328445796e-02
-4.643979441225209448e-01
-3.671604584977687935e-01
-4.615094173039354652e-01
-4.735552305016024199e-01
-2.035837635561878745e-01
-4.881071039605640316e-02
-1.212243308151585985e-01
-1.435411599718695308e-01
-2.160288023976609378e-02
-3.055826760144144116e-01
-4.173601587558936066e-01
-1.664168219762556800e-01
-2.522329598976612575e-01
-4.557769410094089091e-01
9.420931038767940691e-04
-6.869966059181395468e-02
-6.161585184448390567e-02
-6.599447618556215922e-02
-4.470867021476369052e-01
-3.730591505779917716e-02
-3.440379739249469493e-01
-1.904807202344060424e-01
-3.523584765236292826e-01
-4.561690355969478805e-01
8.396832834895935627e-02
-4.200551209249737128e-01
-1.408545770636441818e-01
-3.826374778590600489e-01
-1.873673508185623171e-01
-4.723923707344070966e-01
-5.398497053833690718e-01
-4.379149140857759859e-01
-4.265694462644814555e-01
-3.635751352338246756e-01
2.078183597382997072e-01
-2.128713007344928132e-01
-2.770174973318192402e-01
-1.236109267120409083e-01
7.675644533288193683e-03
-3.547622711554431207e-01
-3.722053324702023769e-01
1.539368110924366553e-02
-3.143355871443002658e-01
-4.385850077316797435e-01
-3.829067138193270603e-01
-4.844457458057707111e-01
-2.440534952014223880e-01
-1.662168077223678264e-01
-4.405944023535126042e-01
-1.999173684773042914e-01
-5.106417654374918458e-01
-2.839260809817014675e-01
-4.890107803721430169e-01
-1.471376672635412164e-01
-9.263012556974530021e-02
-2.810293051141889986e-01
1.415142439594812562e-01
-2.981946072784838475e-01
1.235489192195746988e-01
-4.046586874866328065e-01
-1.267040649217434090e-01
-4.638057271063938947e-02
-2.467306931612325838e-02
-6.266503487156974139e-03
-2.975379305912000949e-01
-4.143550618138861497e-01
-1.328094130305196852e-01
-5.366689190946285493e-01
-2.676127260006118669e-01
7.882533551633663649e-02
-5.042551061604448881e-01
3.747665400836084487e-02
1.496812283321092008e-01
1.883372627339423289e-02
-3.843244000371418556e-01
-4.489433270103421192e-02
-4.554500092783630993e-01
1.270600458031968527e-01
-2.945539446629608094e-01
-3.116626383530816113e-01
-5.208245286912882577e-01
-4.466599306829729943e-01
-1.062325648939740630e-01
-5.549051181549552458e-01
-2.143209527082849952e-01
-4.217780537852948708e-01
-4.017966940015567090e-01
-1.784115910638642277e-01
3.257059329106341133e-02
-9.070389029544108361e-02
-4.153256532626645736e-01
-8.298673117012447809e-02
-3.065041451398880512e-01
-4.190462433451578317e-01
-3.215364022098059493e-01
-4.747517185543588258e-01
4.684083389138150172e-02
1.567205847202841895e-02
-4.029707544980266620e-01
-4.904378271205966366e-01
-4.609495985936136742e-01
-3.492591882332020670e-01
-4.261615407307284276e-01
-1.312916909461181447e-01
-2.841382246155487179e-01
-3.138722212060209849e-01
-3.973364658884653289e-01
-4.750450031582898608e-02
-4.612338753858237772e-01
1.842272220579791731e-01
-4.633505078796008592e-01
1.298593693801268767e-01
-6.818260567626152624e-02
