-1.363425234640696926e-01
1.379545908933308140e-01
8.583328385846015207e-01
-1.015880417569438171e-01
8.525849103059262024e-01
7.613148400815257233e-01
8.340077121340264688e-01
8.843849897285255279e-02
-8.604751642074891238e-02
4.658042295517601794e-02
8.399933091958258213e-01
8.682861655642593046e-01
8.938978837278067635e-01
8.210718316635259306e-01
8.740780045782045038e-01
-2.542562499054612513e-02
8.620463803436617667e-01
9.394608109350334191e-01
1.637950907175153570e-03
8.320468984360109843e-01
8.181716903741541591e-01
-9.477954158243120930e-02
-1.383537191620438089e-01
8.390453236607544607e-01
8.675403475200786918e-01
-7.029477274475058601e-02
8.636209207435746604e-01
-1.107572316479783769e-02
2.844081328072137205e-02
8.700345955864208225e-01
8.124793204283005110e-01
-2.425647978421723028e-01
8.500993585058077562e-01
8.878461955925120996e-01
9.278341560511715880e-01
-9.982570013458078040e-03
-9.888820212527399400e-02
-5.624601966303628686e-02
8.972213511817987985e-01
-3.453966466696155313e-02
8.621454896208118335e-01
7.951457891839615044e-01
-1.103486199998693629e-01
8.683375141511532336e-01
-7.626994799419278825e-02
8.561685937119420942e-01
8.398055976408019818e-01
8.737602466299217996e-01
-1.069139470165625383e-04
1.212122992190531878e-01
7.894079177508704914e-01
3.880052110779173835e-02
8.489243002151373174e-01
8.530727428595991091e-01
1.917344367806265992e-02
8.586800658482738324e-01
8.651871074921684279e-01
-2.300786696744873405e-02
8.472245046268047641e-01
8.722976903560865081e-01
8.303275330848898239e-01
-7.262694303049323230e-02
8.455941033219659397e-01
-5.768570964915631372e-02
8.155998175245379178e-01
-2.206272286039112906e-01
8.964215223225422413e-01
8.547560968524166025e-01
9.858057179722620744e-02
-8.083433806664470922e-02
9.252885090870536233e-01
8.410457528622345968e-01
8.263038150033512608e-01
1.219170693506572423e-01
1.487379614930189609e-01
1.449686066016544761e-01
-4.660849841115206893e-02
-1.693799220334202549e-01
8.582870944786042955e-01
8.198527685859642311e-01
-1.604083471179198195e-01
-7.341038283538948994e-02
-1.931841336209316751e-02
8.443460540854156315e-01
1.268479442360324894e-01
8.760219752612621313e-01
8.755538278970677046e-01
8.181449441296416714e-01
8.700924470211647277e-01
2.885176084345894565e-02
8.553917643819084482e-01
7.937301154469664777e-01
9.705439535386874983e-01
-3.291412251154599011e-01
8.419760105715483611e-01
-1.907511206734245901e-01
-2.227188284253817097e-02
8.446648971443216913e-01
8.665007950869288988e-01
8.517559494597884973e-01
7.921447195693473442e-02
-6.410946992290302016e-02
8.503012064721324759e-01
-7.911429741473344213e-02
8.503682789756319416e-01
8.435089056334812430e-01
-1.127203912586940693e-01
9.112785955588152964e-01
8.532664161052299079e-01
-1.351072919670204542e-01
8.469110052189554594e-01
8.473128631810102895e-01
8.787150082275945184e-01
-1.106955522880291587e-02
-1.331928094466987011e-01
-2.671029597398141830e-02
8.402816742134885386e-01
8.274795699314994035e-01
-1.136154966174485192e-01
-1.336360832780105201e-01
4.459921079891379647e-02
8.424896283807875585e-01
-1.723182698239572319e-01
8.633181552029880468e-01
-1.346318492549489487e-01
8.686525743360256069e-01
8.409206735493330864e-01
-7.136656029340339435e-02
-1.568194744456179457e-01
8.754052939880306861e-01
-1.781528294625164821e-02
-1.069736878900844484e-01
8.756747580170839429e-01
8.170548089383250501e-01
8.751492625555894467e-01
8.729586448844021129e-01
8.584428202112857065e-01
8.204338604529273216e-01
8.652199171365698716e-01
-2.022746415609675275e-01
8.490812457580192429e-01
-6.708463848567144949e-03
1.098845226369971062e-01
8.576065609842452586e-01
-1.158165613858826298e-01
-1.029765872912972724e-01
-1.068183199623776308e-01
-6.237771302727036782e-02
-2.688601014857475713e-01
-1.555979620379779049e-01
1.103220745433763916e-02
-1.290079044656206875e-01
8.820425714931234840e-01
8.407763839297620612e-01
-6.848813234790526727e-02
-8.121787311101265339e-02
8.345969274436328966e-01
9.321407535407535416e-01
8.742832024575940553e-01
8.342760638397643813e-01
1.615798063881432323e-02
-7.055110376197289146e-02
8.338445433601827661e-01
8.236114322564535017e-01
-9.998199677628637205e-02
8.677628518802197322e-01
9.148655968563059737e-01
-1.656409294833753598e-02
-8.151910982579339826e-02
-5.413880115368450985e-02
8.432395975222481965e-01
9.235622027076987317e-01
-1.079143481605759902e-01
8.980080621941681773e-01
8.261936655477213343e-01
9.359857524528667483e-01
8.741403583354001583e-01
8.524080614646483145e-01
1.322322917950727317e-01
-8.905758029872803960e-02
8.696190578712474917e-01
-1.811372177341886991e-02
8.451202179089535305e-01
8.593570967760446599e-01
-4.223484215791176166e-02
1.720269007396482142e-01
-1.301177812592993477e-01
2.985203481386540514e-02
-1.466103167648232508e-01
8.715969557030246451e-01
9.508255288432108099e-01
1.027624973615386128e-02
-8.423678370209912447e-02
3.477815527218200420e-02
8.458063407612943507e-01
-1.053962771154411671e-01
9.087676835774444184e-01
8.118654314928330784e-01
8.662374870108564551e-01
8.534650012764768423e-01
8.725267939474697920e-01
-1.575626083299886127e-01
-9.996563323533726175e-02
9.026375712779741711e-01
-4.592099157021005407e-02
8.914879723848272430e-01
8.675032152365949045e-01
1.047763110998435609e-02
8.681768662360023203e-01
-1.739321123130068425e-01
8.432849079059171471e-01
-1.170900855675488378e-01
8.610649104080271288e-01
-2.552472319875800921e-02
9.423125946559821053e-02
-9.391126335843658079e-03
8.707366174645310153e-01
8.804803083641636885e-01
8.737183043998025811e-01
8.117414314322101143e-01
8.529235180553310647e-01
8.514086578648565329e-01
8.207065406541131924e-01
-1.131296163133004712e-01
8.544776735828030212e-01
9.380258514147726823e-01
8.775186920902741106e-01
8.184073683572189450e-01
8.724124659634102663e-01
8.688919616554932057e-01
8.536553897366978561e-01
1.257110248256454454e-01
-9.278155538207853714e-02
8.530145602818690609e-01
9.172713161929247905e-01
8.673496784034500084e-01
-1.494908740626964272e-02
1.859879355405556767e-02
-2.956833701740831932e-01
-1.320853472453378530e-01
-5.423275426961265966e-02
9.598164121827905682e-01
1.400563197613128030e-01
9.428610391638946320e-01
8.609092986109058154e-01
8.217277545962877738e-01
-7.848644216761595238e-02
-8.475350962648769970e-02
-1.095353840045579230e-01
-1.711916445183855329e-01
8.753986420283152992e-01
-3.225123786329222031e-01
8.289289499218852608e-01
-1.024761499180000535e-01
7.229028721789659828e-02
1.842127303458337972e-02
2.073431631007484344e-02
8.793059584710481991e-01
8.250507567385413354e-01
1.152272684636219957e-02
8.706754910173066797e-01
-1.479238916057048769e-01
8.461699254151515692e-01
-3.881803223376333045e-02
8.724308185402857019e-01
1.900907698388158706e-02
8.850144264607557876e-01
8.292124724432268223e-01
-1.276607896588380919e-01
8.606513744865983417e-01
-4.900317879503339469e-02
5.644037380717187302e-02
9.194919849951066482e-01
1.295115656052688580e-01
-5.456148596389610861e-02
-6.536048675930379581e-02
8.510572324590753857e-01
-3.082764804400719982e-02
8.672209522301038698e-01
9.375252206869566507e-02
8.494006658942003796e-01
8.649697463770156247e-01
-2.873565370648061001e-02
8.671181897469805167e-01
9.145540765956164941e-01
-1.630585966624573946e-01
8.417265352197921269e-01
9.134721466876001561e-02
8.626447203011982090e-01
8.500978109645390690e-01
8.897765315829484489e-01
8.426128914074956233e-01
-1.378626134465751885e-01
4.917376150916474842e-03
8.364399513886517923e-01
-4.193348869954391378e-02
8.315749272787101853e-01
-3.472660736200960940e-02
8.928181288725602904e-01
8.609175416584411433e-01
