8.926216434216738271e-01
8.868633743440050843e-01
7.367917152352919663e-01
8.887417317336143707e-01
7.479430135574387517e-01
9.730471278792084400e-01
8.674356949415467088e-01
9.238116459797744984e-01
9.677185234239287226e-01
9.200119354691902451e-01
9.297190757441955444e-01
9.543209878821303782e-01
9.786280976743420013e-01
9.477120510482128779e-01
8.998583866406308918e-01
9.807933458029276519e-01
9.624748827414630892e-01
9.579944060494869351e-01
7.495085921742248303e-01
9.439829027536821293e-01
9.019544261854779421e-01
8.721108883594650418e-01
9.432202574292325448e-01
9.042155266780934619e-01
8.672783153795295963e-01
7.243689344475285896e-01
9.419789501736283155e-01
9.771486274106531145e-01
8.612627535255656941e-01
7.395703374976724254e-01
6.943087457204726309e-01
8.879760824086508908e-01
8.796906136761137862e-01
7.989661394572717956e-01
9.302315775107209417e-01
9.556408301810319639e-01
8.743248082512082853e-01
9.605107319514716302e-01
8.555578073337544165e-01
9.542901420564071646e-01
9.280689190368677233e-01
8.858104877569896729e-01
9.259750408391924648e-01
9.656229945772364376e-01
8.356912148757729142e-01
9.635158116290265529e-01
9.432733915387455648e-01
9.570751093579388247e-01
9.409164515204856416e-01
9.750979023967643045e-01
9.467198223893347198e-01
9.518785674200529456e-01
8.748844744429449261e-01
8.941476866349906683e-01
9.652594322357379575e-01
9.710134329074893156e-01
8.136580155212603804e-01
8.851656217545499361e-01
9.065546646333256797e-01
7.110924419495052717e-01
9.498176147722612317e-01
9.587529165931252262e-01
9.526223040032435474e-01
8.350310493242847354e-01
9.644375519091128446e-01
9.551323093437814604e-01
8.536873476126498606e-01
9.315754090547715416e-01
8.956073874639494115e-01
8.336973068283469734e-01
9.301826677527191833e-01
7.591866476790600782e-01
9.149299457071915498e-01
9.609685482755876418e-01
8.585455359019735777e-01
9.691847386543708254e-01
8.621677212427948378e-01
8.024754042951248723e-01
8.265966413044700811e-01
8.703626918807552126e-01
9.512211835347641475e-01
6.763657819843010843e-01
8.874528088224785671e-01
7.613165787721690725e-01
8.843395246906101681e-01
9.231100759427732783e-01
9.631469423949307052e-01
8.258984883148742240e-01
8.228535756251377231e-01
8.753158893643973038e-01
9.234545969529480702e-01
9.128020673771483073e-01
8.399926597561506725e-01
6.365673512369661724e-01
9.366378083116868591e-01
9.604455365469162231e-01
6.827101315420367467e-01
9.654787485356912669e-01
9.561638236837280980e-01
9.508531860223677912e-01
8.913637502698736892e-01
8.701541097176397344e-01
9.774592652326025144e-01
9.834861904085330231e-01
9.653782513027883150e-01
8.611126697420158349e-01
9.242093915947442451e-01
8.501919181095141109e-01
9.065452200903203472e-01
9.590222505104499806e-01
8.318986221128727987e-01
9.612193247316358491e-01
9.659153639570279282e-01
9.147518099909767164e-01
6.800155155482794367e-01
9.339777140928327004e-01
9.216321540638234833e-01
9.556994184130874759e-01
7.859258139878133598e-01
8.174242093884823701e-01
9.600784680772054269e-01
8.332569865503409723e-01
9.358350265306951687e-01
6.750087366780554987e-01
7.909949173759178720e-01
8.701960896288283287e-01
9.622745265160812522e-01
9.602514589208779316e-01
9.237056518116002479e-01
7.895334781418870129e-01
7.301510286255115112e-01
9.464286589154522478e-01
9.406061656897590773e-01
9.713688333727843460e-01
8.907079730516949123e-01
8.784824014498215927e-01
8.013238871607506475e-01
9.640385707860625875e-01
9.508045499598380967e-01
9.286566835647525053e-01
9.676859741475876131e-01
8.652407327735150977e-01
8.029509069137361621e-01
9.760936854385897643e-01
9.753620150817337020e-01
8.024923697490555785e-01
7.771330047191524759e-01
9.705552886480652841e-01
8.158688914802818548e-01
9.584144812074069097e-01
9.591811375578110921e-01
8.941552918374241488e-01
9.506392381481705289e-01
9.162031073705380058e-01
7.895329985970874764e-01
8.338965114790201083e-01
8.968483375599947127e-01
8.043275167079830812e-01
9.154369879982099389e-01
8.674229395374984941e-01
7.682277431080767327e-01
9.492508333532103659e-01
9.057785409841035973e-01
9.202166911503866231e-01
8.270195006418346040e-01
9.572068891014231529e-01
6.103749047986886112e-01
9.545855067473192346e-01
8.297099238796858955e-01
9.178006302364876134e-01
8.435860400413179860e-01
8.281692648055428707e-01
8.719684227461849124e-01
8.808809688186832743e-01
9.494005310337269021e-01
9.588972327063969292e-01
9.569063969480466891e-01
7.936376778700737766e-01
9.441344445144717046e-01
9.484202652771531739e-01
7.080485781665291078e-01
8.580579058677666460e-01
9.295833797178185698e-01
9.457233944673321124e-01
8.955443721684233083e-01
7.331719303568591251e-01
9.669086328512063178e-01
9.669907144614442451e-01
9.537892318087939358e-01
8.592159957578715535e-01
9.679992411192990254e-01
9.327097450670167600e-01
8.526733078066461857e-01
9.335143569111665762e-01
9.479231434723119909e-01
7.831909794985777440e-01
9.676500942132790772e-01
9.524118673382810929e-01
9.676355007733655755e-01
7.039389879459954091e-01
8.773881471321069991e-01
9.517330099499413665e-01
9.446494338060729135e-01
9.596404576776239592e-01
8.420600264792512668e-01
9.601147922356285669e-01
8.858082689946695787e-01
8.714544147123468587e-01
9.710663476321004239e-01
8.790986950858481475e-01
9.716633510516399230e-01
9.556700931928224785e-01
9.654869688599619915e-01
9.230540556568778143e-01
9.824223906301796649e-01
8.554940900967428208e-01
9.251896733652147375e-01
9.377254517386801602e-01
8.043888255909285023e-01
9.106700096452083892e-01
9.249394924672954543e-01
9.475992957887828805e-01
8.004367187395260430e-01
7.052807386773867204e-01
8.108688252710903877e-01
9.725542710351444686e-01
9.397039231012820348e-01
8.629321935579470360e-01
8.731279698448353166e-01
9.009186587939650437e-01
8.960970896767932459e-01
8.927428835725008671e-01
9.518100181184416808e-01
8.977564174602823410e-01
9.559134722466220424e-01
9.233367369062434049e-01
8.969769533724321064e-01
7.976693794692355510e-01
7.042092092040439510e-01
9.401177574003908299e-01
9.843004497458980318e-01
8.362391881135670113e-01
8.998580086794183419e-01
9.010652031192687428e-01
9.589177189986182182e-01
9.249872761034021451e-01
9.421994460765310553e-01
9.401509261909940518e-01
8.164795659349735057e-01
8.383241977133121248e-01
8.612203375161060492e-01
8.141787101429618367e-01
9.251837204000051829e-01
9.638458278612962449e-01
9.247828906543466010e-01
9.229852419326876056e-01
9.574643655980545898e-01
8.930496675188227540e-01
9.590278858890682878e-01
8.997217315112679970e-01
9.658058661571056192e-01
8.540073583482806763e-01
7.988998194068201997e-01
8.252466644787116445e-01
9.620847448056473183e-01
5.919688135493996750e-01
8.845122883309826101e-01
7.011721914971869030e-01
9.212515170522947994e-01
7.322390761842783036e-01
8.422571533441802760e-01
8.273706505077547124e-01
9.376138673013604263e-01
9.361690858087978739e-01
9.544858181017769061e-01
9.760892998226022854e-01
9.399759719972173855e-01
9.424965377641496556e-01
9.593599540548893856e-01
7.515614180598666483e-01
9.644895935057743452e-01
9.620954237291993172e-01
9.498574451448515976e-01
8.674823683818049247e-01
9.489595472069252136e-01
9.753587203161342423e-01
9.350364024959684217e-01
8.316141793620424050e-01
9.404243457533957296e-01
7.515516022009467445e-01
5.706690332333903548e-01
9.643178792885416239e-01
8.898413400497703352e-01
9.507257438875529321e-01
9.647085783511146762e-01
7.351491115872444970e-01
7.964224433779836243e-01
9.701429535229060264e-01
9.530325130251194876e-01
9.457970709053671321e-01
