-5.411960425716783041e-01
-1.997805245688578923e-02
-5.256757915964191952e-01
-1.941634846178221241e-01
-2.889891396422634706e-01
-3.440555251788567082e-02
-2.497178576055473775e-01
-5.184550540240766558e-01
-4.563207316084555987e-01
-5.098207777940975127e-01
-3.223462585685588078e-01
-4.718475768513071822e-01
-5.133943252769420651e-01
-2.200365421493885587e-01
-3.210975443216977365e-01
-3.179548514738807508e-01
-3.904977539993901847e-01
-4.582914518288371819e-01
-5.708267739232817384e-01
-4.036056913252397682e-02
-6.767886968611282195e-03
-5.088074270383348141e-01
-2.360670877764413089e-01
-3.690924346344703899e-01
-3.236372928346795685e-01
-2.368566543929319090e-01
-2.575752908594240997e-01
-5.034702879295148703e-01
-2.222638908407279512e-01
2.044855138776258130e-02
-4.722882190111206135e-01
-1.122331621309281963e-01
-3.840561160556554832e-01
-3.851038297237086017e-02
2.837822822550482849e-02
-2.397505866671209018e-01
-4.496898623909373893e-01
-2.973891502612011767e-02
-5.168634466329076194e-01
-4.539017302853984859e-01
-1.925832482663895617e-01
-3.118674269827332868e-01
-4.234649683858401348e-01
-4.577160305776903360e-01
1.104202862731652746e-02
-4.583821506361528408e-01
-5.404206460348290886e-01
-2.111076480273577638e-01
-5.185030126879347501e-01
-5.277993566492578115e-01
-3.791739998578860238e-01
-5.264307050232479579e-01
-4.725580478519133543e-01
-3.310312783558113092e-01
9.853287125520494849e-02
-3.825256480134798798e-01
-2.854675682752876864e-01
-2.801570055083194011e-01
-5.132467135002565239e-01
2.105083293261371113e-01
-5.788149350417561845e-01
-4.141865373760968833e-02
-4.828862181391831987e-01
-4.720947260343693053e-01
-4.391400757194890980e-01
-2.064648776797536889e-01
-5.024055406835897797e-01
-1.189194227249664726e-01
-3.814220122754618525e-01
-4.532447946751161361e-01
-4.668343240863842558e-01
-2.321837038596061831e-01
-2.544836128541182463e-01
-4.098526938162849742e-01
-2.252284168140531451e-01
-9.942031488057631594e-02
5.942605596274061486e-03
-3.396954581603141565e-01
-5.132195189558620418e-01
-3.685987348700847654e-03
-7.695920047183235635e-02
-4.442212955607751090e-01
-5.126011779843233640e-01
-4.384917319819592874e-01
-3.097208910209851007e-01
-3.790116433977362420e-01
-5.202551273720076308e-01
-3.915902698053578268e-01
-4.844786273862796699e-01
-4.332148196363087012e-01
-1.775168104905106015e-04
2.944624247679059753e-02
-3.022432163902337154e-01
1.032785692911216691e-01
-3.730575844545123143e-01
6.537733992074845624e-02
-1.954196379187753962e-01
-2.247176122321650205e-01
-4.864662695194195141e-01
-5.270145386096530826e-01
-4.121983231798578284e-01
-2.493726784583739087e-01
-3.311431747050427310e-01
-5.163628943124862758e-01
-2.006905091632358029e-01
-1.398250501096985898e-01
5.997827025569495152e-02
-5.033799885127674401e-01
-3.996180851167031589e-01
-1.334267960747611836e-01
-4.396512000785723906e-01
-4.878194076780816291e-01
-3.808273383872481377e-01
-4.353447894199239943e-01
-4.896078978603113918e-01
-4.666388131309598397e-01
-4.300836719102477668e-01
-1.197212204536674540e-01
-3.231878216150863570e-01
-2.148263175950907988e-01
-3.380304784844789801e-01
-5.694673150338485090e-01
-1.118798864782243468e-01
-4.260234040793199339e-01
-4.234590072432485863e-01
-2.660943915531275850e-01
-3.724557985696263507e-01
-5.680433101519595240e-01
4.787653608740204125e-02
-5.103120643713192628e-01
-3.300338499610352416e-01
-5.227637339657260629e-01
-3.399233344988834005e-01
-5.249186747830962840e-01
-5.043806230563688819e-01
-1.568715167045566794e-01
-1.345812521678018125e-01
-3.912295015673959986e-01
-5.104860187069342192e-01
2.744047206556121665e-02
-5.886989938531100863e-02
-5.719586832449226055e-01
-4.492718869979216989e-01
-1.944553019864299070e-01
-2.822466181836836840e-01
-3.793114235345939056e-01
-1.273351799418746544e-01
-4.378506167266539850e-01
-4.309038800770640387e-01
-2.969242589291054557e-01
-5.589683916706351674e-01
-3.333086079717212380e-01
-5.301711686668892920e-01
-5.510585752460541720e-01
-3.849503045469692131e-01
-4.294987322060772605e-01
-5.638520332800727175e-01
-4.561569121306189301e-01
-4.833856189940080039e-01
-1.695558684352447831e-01
-1.580204414422335391e-01
-3.549252030182215023e-01
-3.565043904299212141e-01
-4.788434357061792657e-01
-1.900263984185068811e-01
-4.210961207936605999e-01
-4.421583076676033897e-01
-3.029605783554822906e-02
-3.105875457429534414e-01
-4.255984679479462018e-01
-3.614431995244373752e-01
-1.890503415315043234e-01
-4.089724681122182126e-01
-5.635940765990804513e-01
-4.759850585612397378e-01
-5.219979313625756623e-01
-2.694274963137275325e-01
-2.898831716877502962e-01
-3.188488571776144642e-01
-1.730517545937728524e-02
-1.578801750584334640e-01
-5.391490416749199488e-01
-2.889948975831443390e-01
-2.860909908114452893e-01
-1.760809742746766993e-01
-7.636178954290019638e-02
-5.451667943818351292e-01
-2.415303870716948575e-01
-3.562953737574595658e-01
-5.294850332488150180e-01
-4.343016394470800012e-01
9.647093091254860253e-03
-3.049791340037547593e-01
-5.238934481604878846e-01
-1.718431969163063122e-02
-2.343998825643828776e-01
-2.871701508971570282e-01
-4.296202977270692780e-01
-1.648687054532009810e-01
-3.324578716956310132e-01
-5.369336957157953144e-02
-4.799882510315022777e-01
-2.540130851894208119e-02
3.185448395085722917e-02
-5.067357008081456726e-01
-3.303965236172851649e-01
-3.368539353943467707e-01
-4.378891804669911014e-01
1.155084973216827238e-02
-4.943643913280992841e-01
-2.455167945764344939e-01
-4.196438610187926965e-01
-4.204805019041264469e-01
-1.227898734617649673e-01
-2.803696041005184769e-01
-2.601905205118629216e-01
-2.958615424979793573e-01
-5.384121252582064754e-01
-2.832954709144099859e-01
-2.157389731202423167e-01
-2.152596091857068017e-01
-4.674312398575392602e-01
-6.089162968604011628e-03
-5.075236343611657652e-01
1.605769855072953362e-03
-3.173323768472004480e-01
-4.604661478310271283e-01
3.778283571260476759e-03
-2.843984514000243990e-01
-9.797186755430738192e-02
-3.271093397008165704e-01
-4.521277166726708763e-01
-4.751441490152396585e-01
-4.806732758972888653e-01
-4.983395418365030860e-01
-4.611214774548344497e-01
-4.222540506569573693e-01
-4.428894207349007850e-01
-4.209337530643857961e-01
-4.934446450288186847e-01
-4.039649951267153538e-01
-3.863642466009874488e-01
-3.519137604031374877e-01
-4.507589048609846882e-01
-2.775086591567167971e-01
-3.436047285578638921e-01
-2.020454744422257587e-01
-3.690677100765999419e-01
-3.358168965642527870e-01
1.411178846115054841e-02
-5.530736742588266974e-01
-5.431251371627949798e-01
-4.618039775761828003e-01
-4.088117200644550420e-01
-5.151697431203111632e-01
-2.970097795091426462e-01
-3.997797302708054334e-01
-4.123571049502120500e-01
7.660787203795907385e-02
-5.191499878055404471e-01
-1.317934644300162716e-01
-4.509624676739784621e-01
-4.282791550002179592e-01
-5.537709737270808397e-01
-3.696477951343747348e-01
-5.005988544854945710e-01
-2.441402902747288883e-03
-4.853558587280725756e-01
-8.066926140119540234e-02
-1.850557082808596543e-01
-1.652058803205660453e-01
-4.630671454873422355e-01
-3.963377053748450285e-01
-9.841921858200189388e-02
-5.999323633996993255e-02
-3.128953756671755126e-01
-4.914727092626823834e-01
-6.275089031337993672e-02
-8.204942519962840630e-02
-1.614129541888033592e-01
-4.130965656586993440e-01
-5.485991010463199535e-02
-4.744108736278769278e-01
-3.758364255407018462e-01
-3.690059177931612200e-01
-5.358357690850892308e-01
-5.645128511220856016e-01
-4.735695049568341419e-01
-1.218724163030308616e-01
-3.476642436011104786e-01
-2.386818325704168353e-01
-5.128360313837230233e-01
-3.895025842621360757e-01
-2.329300514929650845e-01
-4.723409110057421034e-01
-2.121338424656654398e-01
-4.496442233491273477e-01
-3.712094331030669214e-01
-5.459065578881578951e-01
-5.156417306401522849e-01
