1.430642638687796842e-01
2.478968234394309661e-02
8.844840667518184540e-01
7.772933198376472674e-01
7.391889176754911084e-01
7.926006133259898556e-01
3.965676459720654523e-02
-9.192050528040135449e-02
-3.911048014262402672e-01
-4.162235697200913354e-01
8.085413870861797303e-01
9.253736338349213275e-01
8.997021612963290726e-02
-1.833414073857025373e-01
8.244870359167827401e-02
2.972827202564056193e-01
1.389731441947245905e-01
2.197781173630306006e-01
-3.016381246136824457e-01
8.809222281007162980e-01
-3.782184909904581782e-01
9.107282529095601653e-01
5.928025269513883394e-03
8.178157643244657882e-01
8.975411348810161671e-01
-4.006015070138482237e-01
-3.495701343216890966e-01
-3.018979390225605131e-01
2.137363308015313712e-01
9.088140610823255416e-01
7.600428677187283100e-01
8.162035690202016358e-01
1.165606228764694829e-01
-1.035145501769813847e-01
2.310504406537152999e-01
8.008462899850030681e-01
3.253942934683645705e-03
-4.214963117247593760e-01
-1.155927930507567869e-01
8.127781921066374871e-01
9.393385496175060689e-01
9.169085559004482855e-01
7.382676773757026467e-01
-1.927369614226507877e-01
1.521900645507254235e-01
7.575139344684999054e-01
9.000910296123488807e-01
-1.809751764702411669e-01
8.153242310816046778e-01
-2.813097340629714394e-01
1.336292982623805414e-01
6.615469945662937334e-01
-2.286869258053016440e-01
5.975219832304433654e-01
7.610513870286417237e-01
-7.879802908417797569e-02
-2.048925275528101497e-01
9.025648579231937418e-01
-4.200773405517777559e-01
2.841631810034528360e-01
2.165742707007481949e-01
3.808652867827561073e-02
1.319029519189682531e-01
-1.080656164110255502e-01
8.057013057832675962e-01
7.718438469931614421e-01
8.755360152369915383e-01
-2.284527201108218497e-01
8.511466732896975085e-01
-3.463859496706769292e-01
2.045146445337535090e-01
9.220164285624561362e-01
8.492113108732091131e-01
-3.869050045077964683e-01
9.273713754328414272e-01
7.573599244588115065e-01
-2.171157576891446506e-01
-1.923764250898734596e-01
7.952603301616916198e-01
-3.178187631226392362e-01
1.405083298290889515e-01
8.856218722933699716e-01
-4.361190389758665686e-01
8.996401884364590984e-01
1.362155107800397044e-02
-4.015449072209171244e-01
7.905113425967053020e-01
-2.510359235341825812e-01
-3.350784371261326111e-01
8.313140066788571314e-01
8.724142685252899154e-01
6.144407445215389896e-02
9.293744626157500743e-01
-3.875707710142737294e-01
7.403822948671008319e-01
9.086146770497355307e-01
-3.082346011607431935e-01
7.600441219533397019e-01
-3.308840912959664649e-01
-4.164201839679604333e-01
-3.924199773590993090e-02
1.864307120192445766e-01
8.968434321427692923e-01
2.011010442757363015e-01
8.930127377966333713e-01
-2.768826535612284312e-01
6.989190036092677305e-01
8.870935798721661936e-01
-5.277361289492947527e-02
8.365892992668507722e-01
-4.544806515912752642e-01
8.488446108985539529e-03
9.086253077022977687e-01
8.920423667121863964e-01
4.602284811706343348e-02
9.237273731168232915e-01
9.095505656784327320e-01
9.302001457369655224e-01
1.898690136554826435e-01
-3.197078480501864828e-01
9.131561801112400012e-01
-4.560625281214378823e-01
8.567176220412643373e-01
-4.279513630834567706e-01
6.854497169386716271e-01
-2.511248297701232923e-01
-3.114855447432251512e-01
6.821607955624178210e-01
3.051438885257583000e-01
8.128272777642144842e-01
8.811567184287378840e-01
8.309832151772941211e-01
-3.430940468792697540e-01
9.035534769951176770e-01
-4.077394258237950209e-01
2.453870344735750442e-01
7.272441165249289297e-01
9.046476688829375723e-01
2.612005403494300770e-01
9.109924653210306200e-01
8.994487261602585049e-01
-3.708935083483997364e-01
8.308146914390617255e-01
-2.439269083510187675e-01
-3.641732310576450971e-01
9.498706222694902612e-01
9.091924503176734840e-01
8.395005637648728092e-01
-3.449253538086436421e-01
-1.946482584596198259e-02
-2.545091735731641602e-01
-3.888079969848731166e-01
-2.375823771049137834e-01
8.423541338485659447e-01
7.192879115217969410e-01
9.359712244967017813e-01
8.338175121045259264e-01
8.971308618085832576e-01
8.719866965557242500e-01
1.369537492185191330e-01
-3.522698412817496516e-01
-3.463824804644600741e-01
-3.866565839624315770e-01
-3.646924161930250041e-01
-2.438447813544396825e-01
-3.352516909184365401e-01
-4.134352912786201095e-01
-8.089124909612011027e-02
7.653615964993490950e-01
9.078344256180329586e-01
8.731040089790809144e-01
-4.784226862271795944e-01
1.804787375026912499e-01
-2.894433464789520905e-01
1.637245701174903090e-01
-1.291120233542811802e-01
7.507966386954597615e-01
9.141087442011945896e-01
1.479631777632349765e-01
-3.978653600967001491e-01
-3.307396618054877502e-01
-4.549117667849483099e-02
8.752462717831546168e-01
9.045075178177538477e-01
-2.222393393894853131e-02
8.469658364702185027e-01
7.485074468888237575e-01
9.020213851842697750e-01
-3.251546711761076902e-01
-1.412029840953827331e-01
8.250645408739663011e-01
-3.538445104023081322e-01
-1.358296165505300523e-01
9.407217621755019632e-01
8.224187617880592827e-01
2.081602964978133130e-01
-3.004576659458084720e-01
9.219058650106932706e-01
-2.857420585946295333e-01
-1.157431139728337249e-01
-2.799734608090216348e-01
3.428569916169905141e-01
-3.700620202979116313e-01
-9.195988242728646289e-02
-2.040390320401822000e-01
-4.029957931506965574e-01
-2.084921819729584347e-01
9.014150013585014998e-01
7.288162530981229237e-01
1.691948051005664200e-01
8.120900175914883556e-01
8.078931763733293581e-01
8.980992939692323818e-01
-2.382731764746938430e-01
8.796531907590801058e-01
8.221270486381028197e-01
7.005491422130425416e-01
7.453708514372873184e-01
-3.675652127620901988e-01
7.347906657552590870e-01
9.347494792877309999e-01
7.608531295001148553e-01
9.062144490549655096e-01
7.282862034376436089e-01
-5.064039254029419068e-02
9.254041783581608005e-01
6.456762882867128628e-01
9.054593965605832739e-01
7.366981751347690954e-01
8.834740825335029024e-01
1.919676300758166032e-01
-6.508423657326571632e-02
6.751129731447720328e-01
9.214136152497873766e-01
-2.185857335456445338e-01
7.229168910424822458e-01
-3.930792922290445857e-01
-2.011551575122393909e-01
-3.253587353086707101e-01
8.216858870611027932e-01
8.116126470027301698e-01
7.910255150430167692e-01
7.841094994702989540e-01
9.190707464036325103e-01
-2.944858870211904955e-01
7.365660636974818987e-01
8.632807825161559201e-01
-6.257104787732976903e-02
8.908368159174435696e-01
7.167065267920826876e-01
7.675534097579267412e-01
8.698659886324856538e-01
8.863560671397836543e-01
1.483731775045206425e-01
-7.654545632367910912e-02
7.953080019009659551e-01
9.094675192308430134e-01
7.724343306318171010e-01
8.179348503463538256e-01
9.128414662602906127e-01
7.823612963974596601e-01
2.513321399810825030e-01
8.324441527616365244e-01
-3.559064359503731900e-01
-1.438745403404920742e-01
8.166052518843520680e-01
-4.492976141274712676e-01
-3.975833747029972609e-01
-3.576970434211237393e-01
9.144787998838206367e-01
9.212520122749786600e-01
8.123632733152869045e-01
1.394958947954533235e-01
-3.544959997944056029e-01
-1.978326497608091095e-01
2.342551597869114710e-01
7.091003944736438136e-01
8.491192388954178494e-01
-7.425471313362316805e-02
-3.186701317322220839e-01
-3.400165338711668150e-01
-2.677789743941856870e-01
7.338123994741391209e-01
-1.534549818362826168e-01
9.343303266372100513e-01
7.987286594580518262e-01
1.353007817587074668e-01
-3.618291157804869873e-01
9.227823422573078194e-01
3.257916894191041357e-01
1.473110283992646874e-01
-1.302439444753244469e-01
-9.758508935970816589e-02
7.769640437751479389e-01
1.555793047876138924e-01
8.674922538611550271e-01
7.200865896438057856e-02
6.504351264431743052e-02
7.069540459607541738e-01
8.937041172563603419e-02
