-4.505774127167638254e-01
-4.332477655793478405e-02
-3.459699858246181314e-01
9.505757584643579339e-01
-2.390384597100908559e-01
-1.253227823975660016e-01
1.947899214247765798e-01
9.748976793096925109e-02
-2.528106370750140552e-01
-2.797451943244184114e-01
6.918766715087161234e-01
-3.744468743992828696e-01
-3.934643072415553444e-01
9.108678462782680008e-01
7.492236444177513555e-01
8.515475442556773578e-01
9.133061949144621883e-01
-7.993227207636384446e-02
6.670156078318416615e-01
3.341183708770675831e-02
-1.256281437130640222e-01
9.271384634076133002e-01
7.764121163684796212e-01
-2.849587349425561356e-01
8.708073891318026671e-01
2.222618834662020704e-01
-3.242901439156602450e-01
7.607039590365082260e-01
3.651557020809051424e-02
8.622718895994796462e-01
-4.083654566198381963e-01
-2.913356336923106915e-01
-2.462646919279787572e-01
1.890345813304807610e-01
4.814338774064164106e-02
9.229331922886104822e-01
-2.593267138989754361e-01
-2.766065399573053862e-01
6.684357439378412202e-01
-3.404230363564278994e-01
9.132261546864175461e-01
9.051893656978524660e-01
9.172081174873413234e-01
9.023949416569188031e-01
9.049648128359689681e-01
1.419699406508898032e-01
-2.601149839217073434e-01
-3.431118963921852560e-01
8.067143402995328172e-01
-8.999147112381886138e-02
8.191807574055570695e-01
-3.467695795320921426e-01
9.261038109927707263e-01
4.719550163240375518e-03
-2.372307611485573731e-01
7.373149586140567147e-01
-4.324464998006504191e-01
9.211779731746921884e-01
-1.272094317663220037e-02
9.253955975212403429e-01
-1.987780476663665863e-01
-1.145664064633066803e-01
-2.317037889661344441e-01
-1.154951785102125289e-01
1.073623747367630082e-01
-1.628101673073111266e-01
8.278537345429231031e-01
-4.080402590483093728e-01
-3.902130118145870630e-01
8.974367977383682637e-01
9.224763356119191071e-01
6.964877718403796880e-01
-4.245007775631858826e-01
9.421864609003500757e-01
7.295256577739797077e-01
8.928198942905843927e-01
7.391420785907811819e-01
7.138338253383232912e-01
-4.338503098034943717e-01
8.816540684081459744e-01
7.251767421469238473e-01
6.865342269686608434e-01
9.143114577019276767e-01
-4.389114476320401526e-01
-1.629627967760989837e-01
1.190042378724499306e-01
9.205619966326379355e-01
-4.871989826439868665e-01
-6.557892251537431050e-02
-3.959728003989144707e-01
-2.944313159570305372e-01
8.653727076389433615e-01
9.175094940044870029e-01
7.664684379967441341e-01
-1.758369527613027339e-01
-4.253094174009533490e-02
-3.824700717957462692e-01
9.061325581557142517e-01
-3.414195089408590678e-02
-4.395829484953967525e-01
-1.010748164470051669e-01
8.841787131569884828e-01
9.065928645247581796e-01
1.948573308985109276e-01
3.477013120334538354e-01
-2.794223632664475931e-01
-1.882352686113798745e-01
9.020473999819795807e-01
-4.183992178745554735e-01
1.331884231841593269e-01
2.525463741073679103e-01
3.863221969896672020e-02
8.675221624112320340e-01
9.861204950969461314e-02
-3.605259178409686016e-01
7.336946901373789798e-01
8.114242884236876341e-01
-9.187712953817443740e-02
9.170386360580951024e-01
4.953641154440673045e-02
9.247857251640119181e-01
9.224898573090262177e-01
8.943165939722700353e-01
-3.622845939158318984e-01
2.878390325232094149e-02
-3.921080937026718560e-01
9.001872803580839300e-01
9.091313436673197357e-01
9.233974629516529253e-01
1.044186538913013662e-01
9.258003675560027013e-01
1.488611812669329848e-01
9.134336886566615243e-01
3.731198215782420557e-02
6.928445121534360096e-01
-3.293681529172720612e-01
7.038687018340463730e-01
6.944980456567535487e-01
-2.524617593375654834e-01
8.134075525250636929e-01
1.470774883600860505e-01
7.138195357678639441e-02
-9.269930985182428529e-02
6.280730537328360619e-02
-1.525778683218361464e-01
8.745574152936407275e-01
-4.062488454494625478e-01
-1.797127317239951838e-01
1.647530262250316846e-01
6.852978784089927000e-01
7.329468484147075857e-01
8.061212414710215990e-01
-2.429070144692657973e-01
8.159178867719969475e-01
2.035157435907432033e-01
-3.708478888481566149e-01
-9.830163149564399849e-02
-3.785819017288990507e-01
-4.107817502366921114e-01
-2.857782297382195913e-01
-3.900411441945763058e-01
7.965206884135002108e-01
-1.665042633492588020e-01
-3.871744190219335024e-01
1.541577520036454263e-01
9.172295224957920379e-01
9.074061353746615266e-01
3.077237355239534899e-01
-1.603648961493149561e-01
9.264289479305495290e-01
-3.908623265778099487e-01
-4.389753093716228238e-01
9.252614392781522978e-01
8.003424009773584258e-01
8.861004842023320061e-01
1.860296287749973465e-01
7.407051825472869000e-01
8.535559426434217167e-01
8.933039703101454121e-01
7.943813052614687731e-01
3.779403102878348131e-01
8.904998035496010100e-01
8.087870496591632596e-01
-3.887250344211702346e-01
-3.666487123024253503e-01
2.041838744931695204e-01
8.657932025104089213e-01
8.174119764336988947e-01
9.105476989875627147e-01
8.289845140524851885e-01
8.960465434777752369e-01
7.343953400434179990e-01
7.053375204806662246e-01
-3.713378123298248235e-01
8.581986482940255900e-01
7.435630128204335776e-01
-1.863468194026013103e-01
9.078858034474865946e-01
2.219428604726156884e-01
9.019766898691385926e-01
6.708792524603359730e-01
-4.253444199717257290e-01
-1.231373071942613862e-01
9.057414511788233202e-01
7.492259928208160336e-01
-3.767817268296179134e-01
9.195597390036260865e-01
-2.199508008487836563e-01
9.254147740961864432e-01
9.037291492843247953e-01
4.274052035689538537e-02
-4.357557616686998925e-01
3.336264843000212588e-02
-3.099363995488280676e-01
8.009718441877564654e-01
7.384423207098290698e-01
-4.192413382938749433e-01
-1.377119498255129082e-01
9.329245442021896206e-01
-3.423528476917755969e-01
-1.229665199675331472e-01
9.198981715535736736e-01
-1.155320790098686018e-01
8.437590729680459756e-01
7.750107282503514439e-01
-1.661777480766894743e-01
-2.103142263543010537e-02
9.243225571968680665e-01
7.691950011923859298e-01
7.776617065967806885e-01
9.298926236848011895e-01
9.151802615220634429e-01
-7.547353140872709032e-02
-3.953164460518118206e-01
-3.621976717061436979e-01
9.257902006530331906e-01
-6.113568037198943012e-02
9.124204593676800146e-01
7.217983882754991365e-01
-3.714814919325299947e-01
-2.844562452242509198e-02
-1.362780539151883241e-01
-4.093573265641517467e-01
8.696619989523638461e-01
7.072634510921027573e-01
8.918690254004535412e-01
9.108493329525525484e-01
8.778455620284838501e-01
9.401539626814792161e-01
8.104632451359036760e-02
-2.526452149118854629e-01
-2.531074504536124925e-01
-4.399721188129214200e-01
-3.410356722440816557e-01
7.190118741076463316e-01
9.035223004892666276e-01
8.997310984230968423e-01
7.602285987921730825e-01
7.474276491397677802e-01
-3.731828547902695803e-01
1.309150740362363119e-01
-3.215783505695454236e-01
2.601576992527712337e-02
-1.605702797544754645e-01
2.188762868988769761e-01
-3.026146847815266994e-01
-1.743143533607444673e-01
8.409590729268426879e-01
1.674345745791248619e-01
7.181867665439899406e-01
6.201057376735237547e-02
7.740025114573468867e-01
1.875418535835746137e-01
-3.467020574809367428e-01
-2.981883080742904757e-01
7.181675489120686873e-01
7.888073472625706239e-01
9.135274180351549145e-01
8.159595368061538512e-01
8.145767820227514666e-02
-3.395847384951767856e-01
-4.213342610837702007e-01
-4.373460648457260236e-01
-4.952110238942587089e-02
6.147639097583654788e-01
-4.034094256145495105e-01
-3.940009295821443325e-01
7.445335426087722475e-01
8.762314633489673987e-01
7.683248686895793877e-01
-2.598120428789397196e-01
7.624990913398526082e-01
8.548090490058878332e-01
2.764120089112940271e-01
-3.732404184656055168e-01
7.610427649404988282e-01
-3.222508412809257927e-01
7.407020686599710135e-01
-4.863653483734404759e-01
9.188644940358641211e-01
