8.855622775420269877e-01
9.111013863720338612e-01
7.747932921083086066e-01
-3.600425163388429883e-01
9.301280789384654968e-01
-1.662314757378835495e-01
9.134128552539218238e-02
-4.960614473293229465e-01
-3.126290951804317486e-01
7.852100622073879821e-01
-7.868758906315528878e-02
7.520808375126011303e-01
7.220939005470283778e-01
9.306696963644687237e-01
-5.474821253722522013e-02
9.228851079853209738e-01
8.937959736159115653e-01
8.070523609531358167e-01
-1.929800627495133203e-01
1.277929947585644821e-01
1.236165560340015679e-01
7.440732250223254240e-01
-3.056976744419613590e-02
8.200816617201363012e-01
2.305710106685871508e-01
-1.437565339183661250e-01
-5.182434559163506815e-03
7.585736649684354793e-01
9.188477603251014036e-01
8.864973746523134857e-01
-1.392984599190159600e-01
9.222462949511931463e-01
8.938949673435110377e-01
7.837986895954710542e-01
8.386718965414768912e-02
-2.219744012778127884e-01
-1.348883704795134780e-02
-1.444589806453212139e-02
-4.236572785018073439e-01
9.363989438699585888e-01
-1.540400904111540181e-01
-4.202757947922580728e-01
9.087466391460622406e-01
8.726144832183718725e-01
8.050389980633791964e-01
-3.929097385654352070e-01
-1.863068804424358182e-01
1.389159064592521142e-01
-2.849912482662249613e-01
9.204126340233331760e-01
5.584835565727828965e-03
-2.440368683839536645e-01
8.821223506685228477e-01
-5.126654254523993481e-01
9.069412682231206002e-01
-2.463998260529935702e-01
-4.863089609940435959e-02
-9.334657262183283788e-02
3.252838747284707011e-01
7.557806344314603741e-01
7.296142442903487124e-01
1.943926915739555006e-02
2.129644395620669817e-01
8.874167363099482175e-01
8.672133434408147989e-01
-3.221998655019860935e-01
-3.972316883933587617e-01
-4.187440840929221864e-01
7.272846598891016257e-01
7.837120813239857320e-01
-2.352988716232048416e-01
-2.142434638991855822e-01
5.691740864500520469e-02
9.073391795608554133e-01
-1.068272583872105497e-01
9.358556994687170505e-01
-4.091112891555817033e-01
-1.593238308072326276e-02
1.733737805568072721e-01
8.264521868069558685e-01
7.953781165471586201e-01
1.449656574809858045e-01
-1.862805689678781185e-01
-1.664942052109126824e-01
-2.904694655892404165e-01
-3.889027304232164917e-01
7.427621749796946560e-01
7.605118127686872898e-01
-3.932113500533386818e-01
8.811929090803732878e-01
-3.721989360135685709e-02
5.838415707481928174e-02
7.677502344766058417e-01
8.984811728791957108e-01
7.794112310879980354e-01
-4.337256033548494427e-01
7.502935975838983529e-01
-1.692801007708525096e-01
-1.333257285167599449e-01
2.940617454854779211e-01
-3.876324110998538575e-01
-3.741858023631062236e-01
1.962853390644489215e-01
-4.168024084937290707e-01
9.341110801880071479e-01
5.883069379408226857e-02
9.181244277276129351e-01
-3.974057653276028557e-01
-3.314307951332121083e-01
6.641271697632233906e-03
-3.910534616273918518e-01
8.908420080716697997e-01
8.889670865014641654e-01
1.515447123976289279e-01
-2.013812508514739030e-01
5.964263218770857744e-01
7.569129320412412154e-01
-4.016146311416766146e-01
9.043160620973653696e-01
9.155176175390042914e-01
8.616354219667207159e-01
9.055398283866087361e-01
-8.749431473112118107e-02
7.409502527892577461e-01
-3.937235871877285409e-01
3.062717427154638614e-02
3.108720391506543668e-01
9.322504843134897801e-01
-3.507244000721096433e-01
1.144135679432005531e-01
8.121500564459437355e-01
-1.318653549547868786e-01
-4.350111348653661336e-01
-3.905542992842787053e-01
8.965602695600837224e-01
9.344678756102209327e-01
-3.892169548253420763e-01
9.035148994720318960e-01
8.577232022034686487e-01
1.018856033891828994e-01
-3.577661152386184540e-01
-3.081963708748690078e-01
1.084525780511800958e-01
9.123909767705827567e-02
-4.031296892500306761e-01
-3.158263373404558982e-01
-4.259736165520959794e-01
9.078050825332071305e-01
-2.762462078884132533e-01
7.286316133533589090e-01
8.332409593593208541e-01
-1.655136645260483763e-01
2.279951938232422509e-02
9.279926114998179876e-02
-4.330417001297503510e-01
-3.920083063688578062e-01
8.621816991185795587e-01
7.704242341185020271e-01
-2.794520016207471813e-01
-3.930316581567064871e-01
2.222956690667814428e-01
8.891964735337062331e-01
7.747398315421736292e-01
-1.706787197263260891e-01
9.225013423837274962e-01
1.870402453304694235e-01
8.600892813492074795e-01
-3.363896709553985120e-01
-4.187903329604415470e-01
-1.463801343043178438e-01
9.167800055469792486e-01
-3.624093521927911898e-01
9.206804084624545803e-01
7.629425855571607684e-01
-3.329085272606814860e-01
-3.719515554117666656e-01
7.197920291188109054e-01
9.309533809324972431e-01
8.917951710298130941e-01
7.084665984099492997e-01
-4.421857989853365534e-01
9.251629760852279061e-01
-3.616855852624521472e-01
4.204318948567229569e-02
8.655988975613295722e-01
-2.900287185980593083e-02
-1.958246046819172859e-01
2.512951503288383681e-01
7.951180051296962148e-01
9.019053477743761427e-01
8.840174547220088774e-01
7.793092411335996728e-01
3.278695280414048452e-02
-2.780800973546242449e-01
-3.825232295308539365e-02
8.734270475353078655e-01
9.125755045260468545e-01
8.933089486913120547e-02
7.743706039041218236e-01
9.127310801742399837e-01
1.446535492039506821e-01
-1.440293490427219936e-01
7.810384759272316346e-01
8.894468955920793451e-01
7.807469372982213107e-01
-2.603574222307579178e-01
7.108539486220620818e-01
9.199797446195099315e-01
-1.898441858133201321e-01
-1.297310496766446719e-01
6.756539770681126988e-01
8.874103662848424889e-01
-2.918678495004569662e-01
7.029889406862512846e-01
7.413043464996851295e-01
7.926177292922197415e-01
6.403984510803866215e-01
1.545659165606978469e-01
-2.408820204466391446e-01
-3.498058859881903460e-01
9.199848640905855524e-01
1.390320246196199705e-01
9.227699994299677355e-01
1.326138780836466358e-01
8.900773874179477296e-01
-3.200093247696788601e-01
-4.091481027015172328e-02
8.998507411460396899e-01
8.770693119702066554e-01
9.242560514492852430e-01
6.645648521221914073e-02
-3.059634429762112529e-01
-3.972915596377496472e-01
8.743217988348477021e-02
-2.540591147458768906e-01
9.174365019323303949e-01
-4.796719209684718183e-02
2.260961853843340696e-02
8.621994635504306448e-01
1.606070451823514433e-01
7.443253851907360996e-01
-7.850944520055039288e-02
1.408491351379560497e-01
-4.064629351596296680e-02
7.735820156865174102e-01
-3.171098973061827198e-01
9.178998395026698454e-01
2.036966413097480721e-01
7.633677158949647712e-01
8.795249434161912516e-01
7.301252975836406423e-01
8.015923266557752891e-01
7.346814199065645479e-01
2.047216484948335413e-01
2.600105067276290219e-02
-5.875064361364236432e-02
9.046375164683326808e-01
9.738227882168906668e-02
8.693194179828384049e-01
-3.524057621503212667e-01
-3.903835774551111526e-01
-3.881517778260687446e-01
-1.650091579081237325e-01
-3.973775457757636187e-01
-3.503495639327328659e-01
8.616616380936820141e-01
-3.488103759298878948e-01
1.067946422628040515e-01
9.165730093389889976e-01
-2.733467910961840941e-01
9.127934695050512470e-01
-1.880834461159943127e-01
8.696011975209304579e-01
8.916148431937180874e-01
7.962595001774984693e-01
9.263880129274782993e-01
-3.970093545254814449e-02
-2.599764800015756383e-01
-3.115885440692064412e-01
7.646341692438768378e-01
9.177096331853802358e-01
8.873348386326963544e-01
8.980725545029121237e-01
-3.685499754773162717e-01
9.194522254401763517e-01
8.457150464317577665e-01
8.997017935298546876e-01
8.819615090259623758e-01
9.088173917417587955e-01
9.011263954640060803e-01
-2.875888450599507484e-01
6.244983798530789887e-02
9.117312258769997291e-01
1.917154811684247395e-01
8.805104360537856500e-01
7.214294077056424559e-01
-3.517049076188695778e-01
-2.160721058886084511e-01
9.378822153336198175e-01
-1.278158234970753482e-01
