-3.739639261679585935e-01
-4.060937540992066164e-01
-3.946909155749974696e-01
-2.425302900553206742e-01
-2.899182040789004267e-02
-1.816479736943989176e-01
-2.791248329674252404e-01
8.555851073263913698e-01
-1.333544872429084927e-01
2.443125118803561313e-01
-2.841990848370511968e-01
8.664442524510140853e-01
-3.195355019011040798e-01
8.580104499488547254e-02
7.409341361325040287e-01
-1.425459150910339257e-01
8.919086068041801596e-01
-3.183739902183221893e-01
-4.610827196002937889e-01
8.001622218803963182e-01
-8.301289649818625882e-02
7.617375654886546776e-01
7.749335969090869192e-01
7.714892796538728170e-01
9.253266831171222950e-01
-1.336729184762989742e-01
-2.525758528225884314e-01
-3.185746535282624192e-01
8.907386437278984603e-01
7.242250282572092468e-01
7.314649837393075726e-01
-4.413680864739519816e-01
2.542434807195376179e-01
8.840091725333873995e-01
9.102942033823322454e-01
8.505859350161283361e-01
-2.263297809169884656e-01
9.613826993519161701e-02
5.282455887693024432e-02
-2.729392679715474945e-01
-2.441957990220280927e-01
-1.895626217592232265e-01
-4.529885261769064364e-01
-4.475252912735155353e-01
7.891312768593946592e-01
-2.992915359345047488e-01
8.644016021085925150e-01
-3.836112185656878060e-01
-3.748095085740497101e-01
-2.917563926176471867e-01
-3.469190048586767716e-01
9.038330054954131221e-01
2.013964444287482114e-01
-3.601382873025270048e-01
9.253451360678913717e-01
7.461029175555152770e-01
-3.595927134939281844e-01
-4.578795523127905387e-01
7.027832343585664887e-01
7.551391319309008754e-01
1.029926972742544050e-01
-2.939319917809941063e-01
8.318936274610284620e-01
8.795134330889939900e-01
-2.186176464449845203e-01
1.322948312583009101e-01
-1.883338116332299306e-01
-3.108727460540845478e-01
1.326444710117807568e-01
-2.562253761048716855e-02
1.953899003888817376e-01
-3.362896743421227019e-01
-3.568215446499680144e-01
7.289621566360214855e-01
9.280624288079493134e-01
-3.169525704022407853e-01
-3.814396001220287657e-01
-1.414290115779281640e-02
7.184378623944445152e-01
-4.085288678530137330e-01
-3.682731625349148219e-01
-3.233369018046703958e-01
9.163938823474346851e-01
4.347215382024646052e-02
-3.919741235216875341e-02
9.238883180978350040e-01
-3.179555350856393958e-01
6.970136498970793681e-01
8.747579287308565599e-01
8.231041325462120639e-01
-1.190958074489384400e-02
-1.592928373697561073e-01
6.972430953319276314e-01
1.516865037122175908e-01
8.850327461794014194e-01
-3.697742961697002562e-01
-3.850961996405298238e-01
9.190003643024488023e-01
-4.091403359495869863e-01
-5.219765842004935041e-02
7.477244017080439953e-01
8.711645445269220467e-01
-4.531967708815013984e-01
7.204969682551090049e-01
9.111868930294195756e-01
9.096241521819734555e-01
7.187980216396259170e-01
7.307246816853929516e-01
-4.035220241787187412e-01
-4.582013257128353945e-01
3.646101110169467502e-02
4.599459143369691305e-02
8.851842479610670944e-01
7.496120860291267674e-01
-2.098860035041783673e-02
-2.406977593965459183e-01
7.063195865770045545e-01
1.941012315844519234e-02
9.207773463665855362e-02
5.710443131159220753e-02
8.689354282025536502e-01
7.217841813932354689e-02
7.077541074250016662e-01
1.855494084817001788e-01
9.235931707363348453e-01
7.274393379632091428e-01
9.324436361541867946e-01
-2.616228639557992564e-01
7.825442042609542792e-01
-5.580624392391538707e-02
9.048944216344539937e-01
8.666042051892612896e-01
-2.395116517938093714e-01
-3.877753210335669887e-01
7.131109245475034664e-01
-9.080192549485724407e-02
3.462787455978384027e-02
9.105072123274124962e-01
1.852357490249286198e-01
-1.706302256980397059e-01
2.226793399862926903e-01
8.811934673967709575e-01
9.212136766454659398e-01
-7.243857168045886308e-02
-3.815323310658922940e-01
-2.092522499052051621e-01
1.551275425610360303e-01
-3.148024024260542841e-01
-2.887454894090904500e-01
-3.259237820543952613e-01
7.514503135567844883e-01
-3.493976811689114004e-01
-1.884670505148398623e-01
8.376737179244253539e-01
9.236997791481711406e-01
7.160486059298254435e-01
2.862000207659112783e-01
-2.372430440840680305e-02
7.604653524067978010e-01
-3.741522341624408110e-01
7.446460285827459780e-01
9.279126493334896031e-01
8.975745989645815825e-01
7.217827331793792434e-01
7.698462828752739018e-01
-4.229227745010245565e-01
-2.173099962898920323e-01
-4.193369256269910417e-01
-4.391376154850007985e-01
7.922722068887707580e-01
9.216376442062061969e-01
-2.319826459919424322e-01
-3.324791721722070159e-01
8.692889362031126499e-01
9.178155087354010755e-01
7.881977836263066584e-01
7.465428207883312295e-01
-4.141737982648638350e-01
-1.365157278819667253e-01
-7.235390589776308917e-03
9.151021682226708753e-01
7.971815722544378646e-01
-4.224009896034107148e-01
-4.143106774315505336e-01
8.119551464963679077e-01
-3.895608744976831739e-01
7.009831985001796495e-01
9.027219479666233060e-01
-5.170360474402446727e-02
-4.113492719670407416e-01
-2.663198700003628905e-01
-4.671450671602338511e-01
8.053684893790762356e-01
7.062210400663202492e-01
7.149189687527905956e-01
9.314544257218810852e-01
7.171482075064764539e-01
1.837993814814525284e-01
8.739209594860952723e-01
7.616551045389222674e-01
9.149817730939915350e-01
1.262900984871719867e-01
7.410334926214242612e-01
1.142464540363795633e-01
-3.846901810038027003e-01
9.229726682715982955e-01
-8.882172443937039197e-02
-2.616172624566367316e-02
-3.976163359393158903e-01
-3.725103465802062086e-01
-3.236903321480243401e-01
9.212690319960025187e-01
9.176594223894291025e-01
-2.871747904739722079e-01
-4.269022556247720757e-01
9.047782885140425169e-01
-7.173844096751195998e-02
-1.136572669977266650e-02
8.631688576648197664e-01
-2.289240590319654989e-01
7.976631302792219769e-01
7.517367008988812271e-01
7.198534594108915163e-01
-3.558957630183344489e-02
-3.543630006803582533e-01
2.549789675222736696e-01
8.413346354443587138e-01
8.975731293821802570e-01
-1.336324964093166257e-01
1.490664727214606744e-01
-3.270238708890039203e-01
-1.644534802153271857e-01
-3.992153928472452762e-01
9.012229748454887446e-01
7.242283576330503791e-01
7.218252520649592885e-01
3.644534198903558175e-02
1.329087637229275920e-01
-2.664508848732765611e-01
-1.302760772915758092e-01
5.686395422842346892e-02
9.108472961034218551e-01
-6.396287211427736930e-04
8.987674298172834142e-01
-3.197245572419980530e-01
7.776222405515372804e-01
-3.984561051767313566e-01
9.046605335861124253e-01
1.154299548113078555e-01
-3.940744837288533420e-01
7.325377106267044747e-01
9.285371650943163857e-01
-2.985325659654745056e-01
8.525491568329248704e-01
8.159333397137544797e-01
-3.095002253541661030e-01
-3.891423095853592251e-01
-1.482327123843142080e-01
-4.805244240013875068e-01
7.697206481036269476e-01
-2.440312797335383865e-01
-2.119475197666730870e-01
7.307223132156519529e-01
-2.175240540938424283e-01
9.118801142461161469e-01
9.143140682438749556e-01
5.621210649618268995e-02
1.238820350077220606e-01
1.201835433405226694e-01
6.204727896507314933e-01
8.512559236506772598e-01
7.162964594343153024e-01
-3.757217433017049912e-01
7.276896052327731512e-01
7.500939852034761435e-01
7.627767612208569137e-01
-3.937211673553592250e-01
8.870900931840699499e-01
-5.011994245753568222e-01
-1.994125179218469990e-01
8.141389368050999664e-01
2.499507432403079987e-01
7.676846735289142298e-01
9.139650113230766149e-01
9.141897881311213947e-01
-2.412451076176905518e-01
-1.458580302179732918e-02
9.096747671704997762e-01
-3.129680768057767071e-01
8.606721580921433690e-01
-3.557721424926338916e-01
-2.693306159872186356e-01
9.285696843006355783e-01
7.228524836652389096e-01
9.222618051457164290e-01
9.044128902418330229e-01
8.819054370350304373e-01
-3.720316593172758868e-01
7.465970152418468508e-01
-1.670482721858476960e-01
