-3.428230986924336032e-01
9.043461495859578259e-01
1.367782876164853612e-01
1.169079499520647714e-01
8.997904073784613876e-01
-3.444812482543871957e-01
8.169631064994293812e-01
8.275281421211897470e-01
8.010239577770799091e-01
1.100381518750494086e-01
8.335361446796158980e-01
-8.496991957376739957e-02
-2.405422171655849928e-01
9.225640857554834318e-01
9.099565793425213878e-01
7.983489465050711553e-01
7.720654082223480374e-01
7.115902814555014055e-01
8.070838137081653985e-01
-2.978345297586452306e-02
9.259171689494006818e-01
-2.985984408446575866e-01
8.402278924661958914e-01
-3.919409580453865338e-01
9.053404957036117473e-01
-2.458472676472338025e-01
-2.776832109562384424e-02
8.334747836246987340e-01
7.298585540644557390e-02
2.903242476786812021e-01
7.701131447015937548e-01
4.984271459263590887e-02
7.951859835821627476e-01
-3.321790598872262357e-01
7.597795490239653837e-01
9.235135096156923407e-01
2.770724829777579945e-01
-3.670301115226379252e-01
7.170018798514474767e-01
9.279434956345721242e-01
1.136924965923011843e-01
-3.394565872472726231e-01
-2.227546361000551645e-01
-3.095392465476259902e-01
-3.840629629181216975e-01
7.884249792872833895e-01
7.871055517025682402e-01
-5.039288907430643921e-02
-7.530944710849879487e-02
-7.163396826444329291e-02
-1.995907606358186537e-01
3.600499470913025579e-01
1.649899002830749334e-02
7.821488879738158762e-01
1.924416128034698859e-01
-3.994173065083757024e-01
9.198269989705921690e-01
7.483490936335586152e-01
-1.308976171944658817e-01
-3.611620017002818428e-01
8.083418275750480220e-01
8.953165006824139738e-01
-3.626040691071332756e-01
9.270222460050876467e-01
9.069987869967619520e-01
6.636119056596245791e-01
9.248899806769722565e-01
-1.623370644781189087e-01
9.210468448031450261e-01
8.350491880127732802e-01
1.333732458221144612e-01
-3.657322882676169451e-01
-3.903606740313655399e-01
1.593692141790882810e-01
7.782640049302465002e-01
7.454303903688839217e-01
-2.432269705542556282e-01
-3.436716569034246049e-01
2.313351850630077089e-01
-3.797627701695607261e-01
-6.370773545609030586e-02
7.634209862066771990e-01
9.326034741357410729e-01
5.698391218492028509e-02
7.146122777905805634e-01
-4.430995892970489014e-01
-3.623282294149060001e-01
-2.758160050698533761e-01
9.211933016233581073e-01
8.924242316709689593e-01
7.359491409269288686e-01
-4.088357928986776635e-01
1.873606118795037578e-01
9.080669726280823362e-01
-3.735954742366324743e-01
6.852034095255270518e-01
7.972229452268361216e-01
9.252545686965801819e-01
8.014476294469331519e-01
8.626079710746930029e-01
-7.582749224339010996e-02
7.043449186542455331e-01
-1.424636674994936292e-01
9.217264365039297136e-01
9.139373699481406765e-01
8.518344353298042959e-01
1.002397288240801931e-01
9.105559268461143052e-01
-1.825483925935633134e-01
9.201940405273728585e-01
-2.906995476030310166e-01
-2.671724243347839423e-01
9.254347757759822102e-01
-4.098011755955507374e-01
8.603583644032074540e-01
9.083166357644250066e-01
7.607682275445110109e-01
7.078797895974954235e-01
7.417613326695613463e-01
7.305983035605169151e-01
7.638341829742248956e-01
-2.310536630806724889e-01
8.048847755713793850e-01
7.061472908584602859e-01
-3.773040882238308247e-01
8.047045753745565300e-01
-4.124287871599713884e-01
-2.262764087687181846e-01
-3.389656367172305118e-01
7.432315335310213378e-01
9.199668860622787214e-01
6.889612010527148556e-01
7.791998796550763107e-01
4.484879212865776343e-02
2.355277940958121485e-01
-2.829941831713734257e-01
3.122998807743239680e-01
3.100831511672864638e-01
-3.248197668395402249e-01
7.243074797720921998e-01
-1.766249511704260644e-01
-2.935197762660641252e-01
7.775745306976179494e-01
9.158896455214375898e-01
-4.069556261980163403e-01
-9.317555620634662694e-02
-4.116721871573513214e-01
-3.528773117308713347e-01
1.874873738728583539e-01
8.738944937745111163e-01
9.277142369099526942e-01
9.310011238110059706e-01
-3.113184842313115319e-01
-2.575495030811406627e-01
9.224915569487678324e-01
-2.684985887568603902e-01
-3.683720799259491141e-01
-1.095429529398710689e-01
6.081851803329568762e-01
-3.572784254209524502e-01
8.829124447695984035e-01
7.372829529749472810e-01
-1.997783455530354468e-01
-1.273094141935308954e-01
-1.675341275394250373e-01
-3.173348983314311367e-01
7.292150285515760499e-01
-2.329485358823339125e-01
9.237662547211394903e-01
7.512086239211464289e-02
1.036038562347998404e-01
7.799420623544810471e-01
1.250828389193875123e-01
-2.390687615981639536e-01
2.250923286951023450e-01
-3.136604759770880158e-01
7.338765505874755846e-01
-8.788744393566216839e-02
6.978047341246461643e-01
9.190073690101929760e-01
6.515193266880101586e-01
9.156284580206384138e-01
8.683682609819425302e-01
-3.688287222632907203e-01
7.306427561828685580e-01
9.363479629115114555e-01
1.086268795637683471e-01
7.421944720604406465e-01
1.605645318096806107e-01
7.285975122372380097e-01
9.276026375873436258e-01
7.041104529313169103e-01
3.884087783846534164e-02
-2.147505466025402265e-01
7.244026090518840277e-01
-2.396194904004241288e-01
9.035477683342575395e-01
9.195545562857178057e-01
9.296289094103007966e-02
-3.048479520068503867e-01
7.841432238138901223e-01
-3.478784035402839869e-01
9.189633505185847984e-01
9.115458486084958567e-01
-4.145581298002357640e-01
9.437886238101304004e-01
9.151256721217350121e-01
-5.027025648793300716e-01
2.912915437108437033e-01
3.123022255168601546e-01
6.044728029308060746e-02
-2.810614371925233557e-01
9.342764767228320388e-02
9.097474853302224274e-01
7.190646330756357285e-01
-2.006798755730258288e-01
-3.667697018716916113e-01
8.435676012163647597e-01
1.671545405644555005e-01
-2.660830358853873423e-01
7.201978126653370005e-01
8.264545289066552725e-01
-2.468546681617490024e-01
-3.717130599031371885e-01
-3.830451243145839846e-01
-3.211422741446094409e-01
7.686943962581977985e-01
-4.405344963775496003e-01
1.641443245284434360e-01
-2.622609148772174215e-01
9.344922363261701781e-01
-2.655610283127066151e-01
9.166893537942042425e-01
-2.241523329681563426e-01
1.641952511963965522e-01
6.842627982072556625e-01
8.071580470742152347e-01
-1.646812147786682057e-01
7.450459557740997107e-01
-3.286669364309505736e-01
2.353791364291909771e-01
6.492281523468909077e-01
7.216683347540661098e-01
3.233557825363984201e-02
9.452571069491815248e-01
-9.950647427128878064e-02
6.689097588472279199e-01
-4.232465379368465785e-01
8.421374380404175186e-01
1.888743567614091234e-01
9.274770406903467546e-01
9.149980689665898614e-01
-2.729992996874485156e-01
9.366220070553414878e-01
7.497587574723638681e-01
-3.530021654123534081e-01
2.209222845159405091e-01
2.394924686723463869e-01
8.592448027913632269e-02
9.913119078815418872e-02
9.268509238872267852e-01
8.413493772690336936e-01
7.992964791951707726e-01
1.481970712809321800e-01
-3.288642332327195161e-01
8.921419287156667766e-01
8.902865639554702337e-01
-3.828272930031287880e-01
1.922005539049762846e-01
9.325677900923140529e-01
-3.599861638142387021e-01
-3.804520933133747063e-01
7.796242546241156646e-01
8.996114458729497221e-01
-2.923465533334460575e-01
2.195756743049458726e-01
8.333678780458714241e-01
3.025579636547418017e-01
-3.610400306055162600e-01
-7.049011518565516388e-02
-2.574260544079082225e-01
9.378043637234659835e-01
8.352867674024078148e-01
7.576351559733597307e-01
-3.535283859054962896e-01
-3.936568670162803318e-01
-3.300649123872470003e-01
9.391631699817176715e-01
-1.898878306689026629e-01
-3.024458152666191224e-01
-4.038770863913593301e-01
-1.621931473040036931e-01
1.277797614797026582e-01
-3.342497302152781513e-01
1.807294232713080040e-01
7.339312508769935128e-01
-4.255966766206548679e-01
2.734543321611036526e-01
9.212917059078532533e-01
1.625475441955606670e-01
