-2.500657055932087314e-01
-2.231319077666136241e-01
8.455064134832447342e-01
2.909877431832509354e-01
7.419075071872560656e-01
9.069858666759007537e-01
-3.394540901218714435e-01
-3.275763354954061013e-01
7.829682786783067616e-01
9.074222169955462047e-02
-2.545656570832504073e-01
-4.027577636633224989e-01
-2.484533135629660439e-01
-1.579673877856466527e-02
9.010133311005696921e-01
-1.513208457655791372e-01
-1.009925229032813954e-02
8.865303789701242110e-01
1.205344953956440091e-01
-1.519216845900132895e-01
7.204271629654522835e-01
9.158163191549981708e-01
-2.479297315044397543e-01
7.668852975906151337e-02
-2.699575214238194021e-01
2.075250374618597959e-01
-8.640719663315948873e-03
-1.199016398235270842e-01
-3.511734410583073340e-01
-4.492069392492041291e-01
-3.480361510427592564e-01
9.211162118727942438e-01
6.445915425172759061e-01
8.972803751147051532e-01
2.044044688425683542e-01
-3.428168761302600176e-01
7.982453460608753826e-01
3.178288585530865684e-01
7.418915182245606754e-01
8.031172044599386162e-01
9.264721134324727103e-01
-3.284221330290756358e-01
1.927471430749058134e-01
9.196147063336239658e-01
9.204731646273216494e-01
7.151562855100931371e-01
7.444283670278708520e-01
9.283831600562030273e-01
7.642463723247789886e-01
-2.873265381009908470e-01
-2.508407616819136043e-01
2.284144961288031572e-01
8.818571183461189067e-01
-8.686647896477489583e-02
9.143219208999171510e-01
6.179694261905813168e-02
-3.751508149997689889e-01
-4.604405710424278597e-01
6.958547965566072024e-01
9.222866357263000969e-01
-4.918141638581147168e-02
-3.465528611398448477e-01
-3.406550115881945007e-01
9.349707723977481733e-01
1.953221372492764674e-01
8.910498457965174701e-01
8.867768746739432828e-01
8.049725286674844771e-01
1.042030774013371838e-02
7.542513760749114393e-01
9.073446880506493839e-01
-3.198027461489216239e-01
9.104081968995632046e-01
7.428197231673691059e-01
-4.941181045122381987e-01
9.195686164649854444e-01
2.345680642269469818e-01
-3.021598101031530703e-01
6.525366988916637689e-01
8.142938826987199397e-01
-3.447496487083677730e-01
-3.932595010500480326e-01
9.370354561917760838e-01
9.224622976233304295e-02
-1.178914225313959507e-02
-4.106553896358944300e-01
8.823674141883552924e-01
1.844917554842124829e-01
-2.780181070118646902e-01
7.844205250617385383e-01
-3.403418170347605187e-01
7.389112093730372532e-02
3.099730455583382116e-01
-2.944561783600625482e-01
1.805479398214781261e-01
9.265728419983080277e-01
8.295425989748480555e-01
8.218072194925727381e-01
-3.421793026503985313e-01
-6.510577882406935746e-02
-3.838629069020977891e-01
7.743245189264273964e-01
8.869439490225270450e-01
-3.092683067975360300e-01
9.074256245934575471e-01
9.237255524174305954e-01
8.339230102553147894e-01
7.100972591273706502e-01
9.070443208716680861e-01
8.860131942720257392e-01
-2.617194277097445454e-01
8.997080834708519603e-01
-1.111661643393174748e-01
7.691251050013524493e-01
-1.160797444674588064e-01
8.034864064576189291e-01
9.331916946771423582e-01
6.870802829917318499e-01
9.225427417537284125e-01
9.280391312837622808e-02
9.425685755450349257e-01
1.498699128291175811e-02
-3.843263814996277228e-01
-1.019789323884974092e-01
-8.874099898325674141e-02
1.591284640849613963e-01
7.071111186068814725e-01
-1.879788035839610738e-01
9.374494701352875659e-01
9.285407824853210146e-01
9.013582513602358404e-01
7.324824854698699372e-01
-3.805364477818944935e-01
-3.923452156007771197e-01
-3.814450553260963495e-01
-2.588102277394302986e-01
9.350512382227342822e-01
8.662523043366615605e-01
7.199074936302884975e-01
-3.619068157983701961e-01
9.370924706894959710e-01
8.877340002929121621e-01
7.331964673049657932e-01
2.449845199009226815e-01
1.408994021972406752e-03
1.290820693548772324e-01
8.219749078753196825e-02
1.129490492243042654e-01
-1.287071558700231821e-01
2.197250211892996519e-01
7.443388681599801826e-01
-4.145007785745158935e-01
-3.562327798190803585e-01
9.136073087876974697e-01
9.114347310851342865e-01
2.614784268292935643e-01
-4.592742940550467168e-01
8.487404400722055042e-01
5.422845002917753288e-02
-4.157544738999960354e-01
8.386166193728368246e-01
9.393604476151183880e-01
-1.098683435900847799e-01
-1.311586287125015571e-01
8.860238374940259121e-01
7.308085567367249569e-01
7.722623685790430681e-01
9.118280279763282259e-01
7.764732094806520157e-02
-6.581990734542167432e-02
1.623713764096589851e-01
7.004275995318410830e-01
2.784625234349819012e-01
-3.931075797246816328e-01
5.874420802337693842e-02
-3.860433271836719582e-01
-2.566768298195311604e-01
8.940487239138854569e-01
7.569565808161133891e-01
-2.329536260167984485e-01
1.945181396636695981e-01
8.318447057155374802e-01
-2.095412447133065958e-01
-2.721147900016507859e-01
9.342567061008280049e-01
-3.696442018527221207e-01
-4.093665797658395666e-01
-1.566179303953046664e-01
-3.155981351743441521e-01
-4.031884061629211757e-01
8.403285445019119670e-01
7.696538321597244936e-01
-3.600417389288814718e-01
-2.067960648101080032e-02
7.576552075896372251e-01
9.136836959745715525e-01
-4.267402123706954820e-01
8.209971053788015505e-01
-2.927582044315464316e-01
1.290517366529723708e-01
1.183745868032117510e-01
-3.927998922693956008e-01
6.974594196179451089e-01
-1.004424501482726190e-01
7.386943765660769490e-01
2.752962841627792576e-02
9.229090881204896624e-01
-8.283938690417624873e-02
1.191812076345938470e-01
6.778076273228482718e-01
8.562961928759325048e-01
9.163893014549907567e-01
8.192427424757790788e-02
8.720669625748270759e-01
7.087006349721407528e-01
-3.726498495750399931e-01
7.344146422177008082e-01
9.444043106873306614e-01
8.946382787945359460e-01
1.440726428581389218e-01
8.076773437524916721e-01
-2.939982654250173355e-01
-4.036124995899827983e-01
8.268722034827274969e-01
9.186898051351659600e-01
8.805607637912914454e-01
-2.716278351054962625e-01
2.408725667477820409e-01
-1.745797653850774678e-01
-3.591064751882349082e-01
-8.336173011216377327e-03
8.017985174146783356e-01
7.713958550842265893e-01
5.064642288687848382e-02
-3.367368079486444121e-01
-1.873976116810827652e-01
7.383378760255011608e-01
-4.183847973069529935e-01
1.822824801503346304e-01
8.869975606329218998e-01
-3.073154256758374170e-01
9.802597462047717147e-02
-1.621098648754291105e-01
9.228793154348498007e-01
8.908969998957023684e-01
7.789825488668784548e-01
1.712160977791838401e-01
9.097138729584488548e-01
8.926875311943399671e-01
-3.243162761892187107e-01
9.700676537499181018e-02
2.127283675886964542e-01
-1.127463947157139740e-01
7.928528805201877638e-01
-4.333059861198935714e-01
7.744499964285908034e-01
-9.349650692746176717e-02
2.767573076699296752e-01
-6.054004999499000561e-02
7.461457215888076533e-01
-2.673948825214472746e-01
9.180202153661710662e-01
9.036957246510376462e-01
-1.384177292482893507e-01
-3.588342901652129546e-01
-2.801773009491705935e-01
9.389200203958012469e-01
1.988065190083388167e-01
3.075211092087662759e-02
1.524538249498949283e-01
9.237501331664862425e-01
8.938306576761320121e-01
-4.170514707795554554e-01
9.044376485213456718e-01
1.303289206191696747e-01
7.476236766518271626e-01
-4.157543831001195844e-01
8.814734847226933789e-01
7.295432494777933652e-01
7.605650712449422146e-01
8.966060580066506080e-01
7.850085907481483272e-01
9.047663673593357991e-01
8.564191086978539813e-01
7.502610533175847751e-02
8.948064912056599152e-01
-3.465686353510924467e-01
7.305984145662119955e-01
-2.476069093400673771e-01
1.746545017295303981e-01
-3.695976207855974360e-01
-3.600313040465111802e-01
9.296617271643763392e-01
-3.137256885920722271e-01
2.526832736180599781e-01
8.212127003431231032e-01
-4.155923384194729620e-01
9.122605179248557405e-01
-1.245440032351634724e-01
9.264005224239142688e-02
