8.907631045979632622e-01
-4.354636196665239156e-01
-4.118936196820542350e-01
-2.261996202346668039e-01
-8.117267761454910469e-02
7.347091363940516651e-01
-3.800464627051180488e-01
-1.750540129794696600e-02
9.285524279608295961e-01
9.346686407808243446e-01
-3.535290484535575373e-01
-3.059333780790251534e-01
-2.573452352526443832e-02
6.461637697531320557e-01
7.877850747137090659e-01
8.446678088074539570e-01
-2.437313693748841548e-01
8.966389680732896883e-01
-2.513339275087762559e-01
-1.441788610459801556e-01
-3.642932054601115688e-01
-3.676688943695974321e-01
-1.910123831832042374e-01
-8.445155196524042895e-02
6.998195029983471649e-01
9.160148313947582555e-01
2.460665321812964823e-01
8.551598559409340217e-01
-2.155313106685743385e-01
9.408876629911682166e-01
-2.693015019312955949e-01
7.139473838084239299e-01
7.336601432547358304e-01
2.508515458197965037e-02
-3.274468289693031609e-01
9.229235579269676748e-01
7.964439977012356398e-01
7.369067083975314736e-01
9.235536193332453125e-01
7.656018265258764943e-01
9.280905376432064813e-01
-3.560814793853128712e-01
7.307169772256125739e-01
7.560107823369320856e-01
-3.749396953481922146e-01
-2.935020426648056735e-01
7.340880548743126122e-01
7.363087296628650913e-01
7.424016924501252168e-01
8.934011506810588532e-01
7.414966395978610514e-01
2.870093742696282479e-01
7.296089167991243185e-01
9.135551899200495818e-01
-2.801702199210581168e-01
-1.761655575633056525e-01
-2.587280435688519842e-01
7.244672273029708620e-01
9.110301030821863488e-01
8.632266712943740261e-01
7.477367170060073009e-01
-3.327836595040454815e-01
-1.589704216602497722e-01
-2.325602039021126277e-01
-1.893246108044254750e-01
-3.097712675779416558e-01
-3.711417024547489230e-01
7.207619405499269272e-01
1.107115277579500262e-01
8.892972670937153712e-01
-2.725627670792579033e-02
-3.338476541379934437e-01
8.230900321461740443e-01
7.663793851467900486e-01
-3.586147564306527702e-01
5.153903325721102824e-02
-3.802972633264854463e-01
2.357182689527274333e-01
9.049616095026548068e-01
7.243208849732459820e-01
9.244787833995393722e-01
9.138709771711488461e-01
3.205544835674698501e-01
-3.038634658251264109e-01
-2.461451261530456791e-01
1.407164471222653417e-02
-3.028870387954704993e-02
-3.455825105377494100e-01
-1.587429867999565203e-02
9.024583226677135306e-01
8.001550097168380615e-02
-2.967874961775291420e-01
2.188531711348314923e-01
7.757696209505775264e-02
9.313357709989237287e-01
1.503512325428670547e-02
7.819713528060387997e-01
7.361809451412059113e-01
-2.340529075598789532e-01
1.533870198638832491e-02
8.748498954358840951e-01
7.558557585248444344e-01
7.979379423933303794e-01
-1.233705469786120779e-01
7.814646807049472343e-01
9.168965773133488373e-01
8.836915855336360259e-01
7.971358647340589521e-01
9.077184976812654460e-01
-3.998644713885515095e-02
-4.680886081594799047e-03
-3.888796633755995935e-01
-1.699388440873239592e-01
-1.769740832749739090e-01
1.137598644149611371e-01
8.442033814010032611e-01
-3.563116647322193686e-01
7.782139666727626581e-01
1.645680548287769829e-01
7.533917154789008253e-01
7.147709363152154882e-01
8.581358193739842266e-02
-1.001493137977133296e-01
-2.304497447044498437e-01
-3.618677707662343312e-01
8.229107711532327452e-01
2.250772380361356143e-02
-9.809711174975990766e-02
3.327450017234108715e-01
7.451262863283401039e-01
-2.643458390528742319e-01
-3.909729394192675289e-01
8.794220654132554049e-01
9.154690763386470476e-01
7.427364688652183800e-01
5.332677452048313615e-02
1.368308533249261993e-01
-3.269240859986377590e-01
9.576913743630649511e-04
8.915079269935236583e-01
-3.529351474558202750e-01
1.743581377978733193e-01
8.725391908096339355e-01
2.785858665828491731e-01
2.917681658809808676e-01
8.491019467661674591e-01
9.293280609209476628e-01
8.950634139776003639e-01
7.867739515155419694e-01
7.419976139938245785e-01
9.134746129594233377e-01
1.867744858777382055e-01
-2.733145386616957218e-02
8.553919966003763475e-01
8.764346159650229229e-01
-8.533800955383449849e-02
9.129863618085369836e-01
-1.833149901225370748e-01
-3.864709981808697181e-01
7.944716742775261853e-01
7.441954530455027195e-01
-2.002108129932543279e-01
-2.699630603295379849e-01
8.532569680954700253e-01
8.991439996996589690e-01
-1.707997139148231258e-01
7.043720577026559848e-01
-9.440085289822602865e-02
8.509439226275121726e-01
-3.425820732795494816e-01
9.089495724570590962e-01
-3.348349434467781660e-01
-3.123827070511269247e-02
7.539821981074140700e-01
7.674934152618358985e-01
-3.698196753321705277e-01
1.009622629309261527e-01
9.080589644296112040e-01
-2.722694459226218111e-01
-3.661711504117107774e-01
9.287825928322488434e-01
8.820501856395684959e-01
8.295231043054501763e-01
-4.075923394929256705e-01
9.268018297415103746e-01
8.446097818816772351e-01
-4.894382417393541296e-01
-3.984404024416279277e-01
9.305112656442728891e-01
9.063009403322715984e-01
3.681416513783162259e-01
9.065205910700419034e-01
-3.065627372086824343e-01
9.305957247499430096e-01
-3.376833427981341118e-01
-4.035164777124852775e-02
9.156237470730925754e-01
8.571772390539136310e-01
-2.027618182829506177e-01
8.990352409814094115e-01
7.778079982283695459e-01
7.850324557272274628e-01
-6.174804397477115514e-02
-2.699063092441298939e-01
8.424951077964112356e-01
8.890601791487153793e-01
8.908179316924557112e-01
-4.463433306555835145e-01
9.296350842034624140e-01
-3.658699135367929900e-01
-2.976472986865789094e-01
9.274776415679328867e-01
9.117108082834485261e-01
6.607956621065114167e-01
9.199667882244717543e-01
7.918845867908198555e-01
1.490779564627265352e-01
9.382162167623234739e-01
8.528924566021095499e-01
-3.095668335349055500e-01
1.230629865864047989e-01
7.484233427708764097e-01
7.671499090868586501e-01
-1.240011686873013219e-01
-4.101436817024196047e-01
9.237250612878425970e-01
-1.306134579148977015e-01
8.797774659136783360e-01
7.696465007377486511e-01
8.105236976871519339e-01
2.917760844363126438e-01
1.880069904807610826e-01
7.718445106815203793e-01
7.217427693536058175e-01
-7.466300010602697212e-02
-3.266521953723711125e-02
3.686373311582555323e-01
9.318204326614045740e-01
-2.619596915053415409e-01
7.374084837898817746e-01
6.743110390655722153e-01
-3.876994580450474626e-01
9.327782898070439144e-01
-2.621907875523388776e-01
-4.641300667304092409e-01
2.177138636611467559e-01
-4.226176095439408975e-01
7.572433890367559206e-01
7.408901572000395896e-01
6.943187765784276655e-01
-2.157668707352896065e-01
-3.167567651746401869e-01
-1.612604402233945855e-01
9.194410831811744567e-01
1.140515896902553061e-01
7.576388523892626514e-01
2.048292966810044413e-01
-1.734389306696639543e-01
9.098696613750744122e-01
6.672436093894195119e-01
-3.227741370474773164e-01
-1.679647859428636814e-01
1.086042383904811948e-01
9.296128115991402208e-01
9.228542259706634665e-01
1.102816165491604106e-01
7.140159977743848474e-01
-2.445588929242788201e-01
1.420574287045449011e-02
2.200329328145866348e-01
-3.869869271094409369e-01
-4.105898709131708402e-01
-3.327832011113535660e-01
-2.716883445662806595e-01
1.921866726379385659e-02
7.411735892611139853e-01
-4.178761250706627961e-01
7.468647393680146740e-01
-2.343765424875851600e-01
-3.636604816103305438e-01
-2.850598136670953187e-01
-2.357682809236027743e-01
6.826897605461679230e-02
-6.011739626318185481e-02
7.346236941784393126e-01
8.429168720508083412e-01
-9.518409720409565233e-02
-2.294275944390971322e-01
8.705433096566134177e-01
3.636044615790938739e-01
-3.287113274832006438e-01
8.648869796822851175e-01
2.623388492556373922e-02
1.364200382804658107e-01
1.825564621571083568e-01
-4.130674206426366291e-01
-2.198581253003652758e-01
-3.871535250248097637e-01
-1.032061285356991737e-01
9.152485716257875437e-01
