-2.475613126736630198e-01
1.722456022629552108e-01
-9.088343352394162578e-02
-2.961864052629594735e-01
7.707952343785270388e-01
6.960608048375319656e-01
-3.798369636171263219e-01
7.159813887865118520e-01
9.175740382405197515e-01
-3.495168836384489053e-01
7.405266798011032048e-01
8.127337937745314767e-01
6.423658356082019294e-01
9.289503922984439221e-02
-3.247479520673830083e-02
9.015160066619296586e-01
-3.826871241402891588e-01
7.562676095690720190e-01
-3.310907159067177918e-01
1.865338159406265683e-01
-3.708209400280015888e-01
1.399408626428335356e-01
8.430070884683961152e-01
8.844380370128370750e-01
-3.467883269706995564e-01
-3.803105029857388741e-01
8.361184495287201646e-01
-3.246914483812435859e-01
1.350875306297588396e-01
7.692293579121488589e-01
-2.902138394797262877e-01
-2.782461475606550216e-01
8.165069755626112036e-01
-3.732500155491320082e-01
8.229018110602698277e-01
2.393801472684100873e-01
2.164328269368926139e-01
-3.616767141369611194e-01
7.571350775595129257e-01
7.414474930451989687e-01
-3.851187608458693790e-01
2.599012413037281033e-01
6.977796649108796156e-01
8.896921218813566012e-01
9.519601718457371131e-02
-2.421081639785448436e-01
-2.441874353405848463e-01
8.007538651175094557e-01
8.997544175759751850e-01
9.028704210901883354e-01
1.048058161853449022e-01
5.072396339652422009e-02
7.701586307630294836e-01
4.371679792046881050e-03
9.045837900430488965e-01
-2.553262166334274025e-02
-3.571949733986208297e-01
-3.515336612657407600e-01
2.704887749392930196e-01
-3.784949458528623634e-01
9.079167172601755320e-01
-2.993131714585817171e-01
8.672596075381445724e-01
9.085787808158966028e-01
9.018056269156782268e-01
7.602208131405226166e-02
7.472344089677934731e-01
7.734180463469519928e-01
9.018133180546789029e-01
8.997276586220107619e-01
7.287104667055719354e-01
6.820742378160247199e-01
9.174922575481927467e-01
9.013046288467304601e-01
-2.716339275946264009e-01
8.798763062380219324e-01
7.287976634127294462e-01
-9.007487242875031330e-02
-3.013665941677489690e-01
-2.404713298175350511e-01
3.387218466314863285e-02
7.713742354971527826e-01
1.698915306776648260e-01
-3.797505677268804836e-01
-4.395329249918163983e-01
9.253209593524734933e-01
7.639191755020542374e-01
9.217357614161330037e-01
-3.714690355312671444e-01
9.183258229276864970e-01
9.324573280000424402e-01
8.609152208203065815e-01
7.026513260174954700e-01
-3.695316559233181586e-01
8.618166081502774967e-01
-8.178747414584734698e-02
-3.919479677932157791e-01
9.262010039792476501e-01
8.098773186359609078e-01
-3.076684826132699765e-02
7.982876909629268436e-01
3.535339348791324138e-03
7.669543308700657036e-01
8.879920256515351218e-01
8.311584016948312392e-01
-4.735182195527879445e-01
3.239208011573337931e-01
8.383431394582976370e-01
-4.015351810045771352e-01
8.879958685450156652e-01
-1.358199783602050403e-01
7.142398309225500563e-01
-3.496229537154871281e-01
-4.414759027272711217e-02
9.088064050843561725e-01
-4.171484010515218444e-01
-3.447753530532204347e-01
7.551834247154146640e-01
9.344491779712751356e-01
9.235570372523524973e-01
-2.139435497731901337e-01
8.082633680593970249e-01
9.145658478598499563e-01
-3.483322523547666139e-01
-1.290449792427512954e-01
-3.750122337145634366e-01
-2.075501252882151065e-02
8.830384730915290525e-01
8.203364816759256550e-02
8.188789403109335563e-01
1.215597174551972040e-02
9.193831922093933517e-01
7.182212527209188568e-01
9.304870830212965682e-01
-3.365187605182821673e-01
-3.503389365898157970e-01
-2.655263660395165703e-02
-4.395009753195808222e-01
9.334426205863834980e-01
-3.214833655052776740e-01
9.374086907626488774e-01
-9.774265937659368242e-02
-2.165494155056075509e-01
2.164739219158011707e-01
2.585215381554588077e-01
-1.089520324190353384e-01
-3.833321994904634877e-01
9.837081521229196213e-02
7.885363015200510528e-01
7.117246933228498218e-01
-3.742835417926295150e-01
-3.718962012377569071e-01
-2.966690089816595433e-01
7.744889724450181312e-01
8.793930369569485928e-01
-3.576826303006606644e-01
2.239266573955986384e-01
9.049007751520193876e-01
7.148650197251603666e-01
-3.896368607923431093e-01
1.299709951099642380e-01
-3.087936391473179443e-01
9.016004964988370007e-01
9.069841670283556034e-01
8.778799744450146436e-01
9.066662371141064325e-01
9.287861416213195609e-01
-2.452177292395295305e-01
8.859406837748446950e-01
9.233733501162212365e-01
4.402604770839910198e-03
-4.444443507239486113e-01
7.501716008450429740e-01
-2.443881510874641450e-01
-2.204227813308073103e-01
-3.926071659018186555e-01
9.220546780361491557e-01
-2.737349849297600612e-01
9.106729290350212835e-01
-3.080958505308916129e-01
-4.210648732385167126e-01
-3.858394469784529046e-01
-3.968777525709875631e-01
3.244671462330395856e-02
9.334958476362703594e-01
8.913295646587915400e-01
9.209545825690724774e-01
-2.217112052493225849e-01
-3.422698272384213092e-01
-3.741210566723522368e-01
-1.522387485687224373e-01
1.917275159408780016e-01
-4.226073138566642795e-01
7.848237282983057117e-01
7.517466341452132550e-01
7.456150993313632735e-01
1.546119023370111645e-01
-2.561714254412690295e-01
7.637284634672196759e-01
-3.738985510557624181e-01
5.426944078428395241e-03
8.960720844536076424e-01
8.313252603436490640e-01
8.638361343776103096e-01
8.911854978217448320e-01
7.815182137664841155e-01
6.300730751576742728e-02
-2.680486782449388317e-01
9.137348696457945341e-01
-3.631117660252575763e-01
-3.726802551835798893e-01
1.105655866200014187e-01
-4.352800894322012559e-01
-1.131180523568933727e-01
7.935193460115798070e-01
7.530083758159094032e-01
9.327471993141228657e-01
2.888029279734815116e-02
1.902123013106954696e-01
1.299174892614159693e-01
-1.156567909671626926e-01
7.486319656130677735e-01
8.509121620712327694e-01
7.413168332992838838e-01
8.046305981696562082e-01
-4.236271090955321394e-01
-4.209360970419965819e-01
3.023369641034542310e-01
9.119662477571096604e-01
-2.735710013170554178e-01
-3.805159152004547463e-01
-3.826596053531157171e-01
-1.238714292734687528e-01
-2.727208720180172574e-01
-3.245743208150017600e-01
3.013293183453252810e-02
-3.647987607961213907e-01
-3.197534486927827713e-01
-2.124386198399803027e-01
2.953820034248275106e-01
9.154668116119817345e-01
1.288235410991578345e-01
1.816609401574937055e-01
1.699845040089227599e-01
6.723571677088822085e-01
9.432927373914739011e-01
1.588969062687312084e-01
9.043160034283741489e-01
9.228820736177911765e-01
-4.114017509772900372e-01
8.794973726224056820e-01
9.133009339691399164e-01
7.179099061230086454e-01
-4.749497733053080761e-01
7.523274117085777535e-01
8.459164557182231592e-01
5.921470703782949485e-02
9.276811489969305491e-01
8.856553742872825818e-01
1.819965884292018207e-02
8.875595698727080096e-01
8.976890629204966610e-01
-3.769474960575870393e-01
-4.540118125889878731e-01
-4.489008304602375432e-01
8.983124859621161029e-01
8.589694701769650109e-01
7.229242331267951016e-01
7.290453544607005121e-01
9.145019233542532877e-01
-3.644483529076999462e-01
9.259306538709428658e-01
7.023225320818439199e-01
-3.303590975134679253e-01
9.083420482155766251e-01
8.851064342286640851e-01
6.714686298984886559e-01
-3.842851585005006565e-01
-2.329957554240363327e-01
-3.886482182397780760e-01
9.018856200014712110e-01
2.112956230078047795e-02
9.056068431449247891e-01
-4.055566191100045126e-01
9.023781604085668873e-01
-2.157772704874398317e-01
-3.779204005904753250e-01
1.140565483731679486e-01
7.284655212230595200e-01
-5.297909238755598577e-02
-3.348674923449855845e-01
2.439828135128193076e-01
7.450730560629726940e-01
9.168815074072933502e-01
-1.370941995898955490e-01
-3.518096743438348661e-01
1.198461673386496396e-01
-1.805254488354506026e-01
7.710451531805639913e-01
2.992512128304295471e-01
