-4.233554360990683385e-01
7.871252748753103656e-01
9.103289884376674079e-01
-3.010573969630348512e-01
7.266578677390642671e-01
7.877698073181939042e-01
-1.851917847630684399e-01
9.134857605514787871e-01
-3.334514362217520511e-01
9.278188329428491699e-01
3.273752769644174693e-02
-4.093971044846939078e-01
7.573755518287991206e-01
9.183147218981738691e-01
-2.841762965539375019e-01
9.356786311095808273e-01
9.161161465473995902e-01
9.056034493548239528e-01
-2.630775670676232525e-01
6.704447174416011679e-02
7.019688703198352364e-01
8.986026034322648348e-01
-1.357258791106421003e-01
9.269473665804413010e-01
-4.074314675522827667e-01
7.541124507187771941e-01
9.292859362171090876e-01
-3.671844281955866096e-01
-1.789576142496145383e-01
-3.183079645274165537e-01
8.318167759399598404e-01
8.800150097072874100e-01
-4.377392686908075925e-01
8.093248214196898660e-01
7.395972553053759002e-01
3.489188802043580173e-02
7.944239519074512978e-01
9.153295690117835282e-01
-1.299251804839148816e-01
8.265861739029515265e-01
-2.217352792550736085e-01
9.044149397552070369e-01
9.159779130631090505e-01
9.388066383909791091e-01
-8.658956599613037985e-02
9.177700746290872180e-01
-3.878725466175096392e-01
-2.245632808520591772e-01
-3.390735407616481956e-01
2.803401043685122690e-02
-1.447840790081672269e-01
9.079248063489120391e-01
9.234816225092905562e-01
-3.288717554287253764e-01
9.259147939422691653e-01
-8.405877601827604906e-02
-2.818277744075953217e-01
-4.953167491984257487e-02
6.783247055341591614e-03
9.275846837622967467e-01
-1.091290784859149376e-01
1.609376610360698512e-01
-9.715511169491292121e-02
9.029505317475544635e-01
-4.113820668677600212e-01
7.989425485120004167e-01
8.732176567439903225e-01
8.992206271935497819e-01
-4.803162785314152861e-01
1.631524394156549235e-02
-3.207807239855318682e-01
7.915484642383993075e-01
5.856661277020385609e-02
7.699607385507606372e-01
-4.241201965151604192e-01
9.279291799249557160e-01
-2.709332383982555048e-01
6.767825260717881264e-01
1.517000644168195744e-01
9.210117715221236567e-01
-3.594811991536683848e-01
9.067892383033245851e-01
7.701669869217543374e-01
7.693717033079826573e-01
8.317976250093297441e-01
-3.588511294881410185e-01
1.413961671760781136e-01
-3.477275067589435942e-01
-1.690544467063498923e-01
-2.056411348341280476e-01
-2.273956958052600341e-01
-3.768109834000423763e-01
7.738192357085351691e-01
-7.566315283045743634e-03
1.857949972077885537e-01
7.838693378802467082e-01
-6.736871062859658976e-02
-2.560180800683475866e-01
4.784912559277731264e-02
9.269829337883483955e-01
8.862671032878650657e-01
7.308702495528595078e-01
9.224797876912819161e-01
9.152105992489096842e-01
-3.458691326156479451e-01
9.005725372609134638e-01
-3.452860231409763947e-01
-2.612701386349319255e-01
8.854041140007535837e-01
9.103984652062496741e-01
2.722163655493366474e-01
9.257892137019434475e-01
9.208837662138560365e-01
-3.362827427980845663e-01
3.828097093891903446e-01
-2.250517463976960397e-01
-3.619821172073794391e-01
9.989059363836612360e-02
-5.073039597914450471e-01
-2.583128165052644976e-01
-2.898606480602733959e-01
-2.520972414274179618e-01
-1.689948147062039774e-01
-1.486090977817978442e-01
7.204105633795921948e-01
8.845513440326875365e-01
-3.314753484713561793e-01
7.155136143604090559e-01
-3.428509819332773434e-01
-1.661467404401630044e-01
7.928632175459724429e-01
7.710614382622527074e-01
7.430325220154093691e-01
7.536380412591480171e-01
-1.005411123128281958e-01
9.326342539399052889e-01
7.588824665766799038e-01
-1.661999915234330383e-01
-2.605806934117089191e-01
1.268266202543047727e-01
-1.217263136853092842e-01
-3.847407814513805202e-01
2.065764293612436520e-01
1.031142304248008901e-01
-3.381778705684890252e-01
-2.536519336270920411e-01
7.652163592711291873e-01
7.353324284968625335e-01
8.779949088676421987e-01
-3.966937979523469382e-01
8.115823908600245939e-01
3.816017166040859554e-02
7.433985070083256597e-01
7.505420432869385206e-01
-2.207632618282268089e-01
-7.480941757395738467e-02
1.522989022787449298e-01
-4.430503959010076986e-01
-1.610530463753275798e-01
-1.813508425684766667e-01
7.835696868343375865e-01
-3.380136866357116299e-01
8.711182757670057342e-01
-1.085250574556270581e-01
9.417117700357882648e-02
9.141810543826138780e-01
8.446736986246462520e-01
-2.697381003463817373e-01
8.990816176901453849e-01
-2.935042226258991471e-01
-2.963454573553798155e-01
9.346334469919456156e-01
9.074464917703013445e-01
9.012092984282581432e-01
7.847463761724997600e-01
8.975214529792436835e-01
-3.689900294354890309e-01
7.463867921960637419e-01
1.583179609496295770e-01
1.573689491550274988e-01
-4.512196377889192700e-01
-4.340687351159033813e-01
-1.699294322911081845e-01
1.914873102107225167e-01
7.488122550878459904e-01
7.055644560925964370e-01
1.504533108192777358e-01
8.842007279380601492e-01
-4.172003973626194906e-01
-1.901495692887434918e-01
-3.716500767183086862e-01
1.932345062605441144e-01
8.945336503344449852e-01
7.734224125941323580e-01
8.039818816197983331e-01
1.707124692013952116e-01
1.175970361607892589e-01
-3.876762678877994084e-01
1.549953370432000099e-01
-3.353237864816986935e-01
9.269192756827705493e-01
7.906961211334443407e-01
7.630507284969875181e-01
7.628887656855068977e-01
2.234766807767391283e-01
9.220146975396004141e-01
7.680950769336087891e-01
8.273401221599665512e-01
9.177931568486258351e-01
1.377106157271841824e-01
8.978568695467228356e-01
-1.286303546635769179e-01
-2.349479380401048589e-01
8.183554731749470568e-02
7.772878899785312656e-01
2.334746190385393605e-01
7.840395595924559702e-01
7.533332343878286208e-01
7.963995801948349218e-01
8.711139915113120802e-01
8.711451247696315736e-01
7.604619273123136569e-01
-1.185285300430905797e-01
1.444437258997924300e-01
-4.860935395868835607e-01
1.158246242914010848e-01
-2.204834141134014991e-01
-5.866759003364269143e-02
8.739046402966054172e-01
-1.366854524193569786e-01
9.229712149490175710e-01
3.783871424317056253e-02
-4.816589508617710735e-01
7.681429703965146905e-01
7.318725307089466448e-01
-3.129747099778373842e-01
-3.921056530236899929e-01
2.305946873005996350e-02
-2.594948940313340779e-01
-4.774198353461879818e-01
9.174681974519049987e-01
9.859242505469177631e-02
1.988613651248914704e-01
1.101678063274967034e-01
9.299982301993301448e-01
-1.647604917814896319e-01
7.527799193635384412e-02
8.508842040463808765e-01
-1.862788213066538523e-01
9.045897884609683803e-01
3.655135572829329438e-02
-1.733461322071701560e-01
-5.574669295480519371e-02
2.257327651567481719e-01
7.581738418906512900e-01
7.887024719307297316e-01
8.120440372548537455e-01
-3.668679301930491965e-01
-2.453200775820784663e-01
1.899153678869730799e-01
9.262130476668709589e-01
2.594558390023949945e-01
-4.494977177228039467e-01
7.774575706193859181e-01
7.755315168594323350e-01
-2.249036473828895932e-01
9.171976362805582816e-01
-2.180139978981952276e-01
-1.417339120197905200e-01
4.600030817382688708e-02
7.408643076311760556e-01
9.043316028499361892e-01
1.792005403130527974e-01
-2.807146509367294818e-01
7.414432421632835557e-02
-4.138098297459642527e-01
8.856167014115181590e-01
9.413470198301466807e-01
1.911329753244038476e-01
-3.564761926481693211e-01
9.058157899193871598e-01
8.914154065970986140e-01
8.970039083786000012e-01
-4.544128159125989108e-01
-1.631638299090321931e-01
7.984118794662726781e-01
4.600167432142508034e-02
8.296296764216973263e-02
8.943674150078917418e-01
-4.254175568391037610e-01
-1.499099712482054592e-01
-3.622941593865887655e-01
9.167146730016817457e-01
-4.481670118249708734e-01
7.595429812217497911e-01
-3.072994522931624117e-01
-2.583089449817743688e-01
9.184595962470590846e-01
2.190698680385955444e-01
1.441982708607847663e-01
