8.056869509031003851e-01
7.942384019958772523e-01
-4.032545183475048090e-01
9.072713684921374089e-01
-3.700666915107300725e-01
7.644567759193813261e-01
-8.978499639595007020e-02
1.891463938390401389e-01
-2.914023262738170139e-01
-2.937152985043018916e-01
7.715572724820570771e-01
9.343443608419158553e-01
-3.868411667217937500e-01
-2.458002892729094224e-01
4.239677012366536712e-01
7.839516178000310864e-01
-1.184248200918620875e-02
7.389384083500727396e-01
7.444584325259876456e-01
7.924144432101166702e-01
8.800867375380255764e-02
9.032085229439885676e-01
-4.317712763753053795e-01
9.168943484110914088e-01
1.384616822725887875e-01
8.884084261973134167e-01
8.661590500235901713e-01
7.765274960932442294e-01
3.119398083699895796e-01
9.132709737734235889e-01
2.312278762277820143e-01
7.657654357532974743e-01
8.266621411291210642e-01
8.806883588331722024e-01
8.529612848060004193e-01
-3.387877530577798058e-01
7.602293106309313542e-01
2.372082084639955402e-01
8.902888414291585395e-01
2.633877687004780865e-01
-1.101494507125658773e-01
7.922505915912569918e-01
4.413960009105692001e-02
8.266191579399269074e-01
-4.855044690280975184e-01
-3.195444969790434131e-01
-2.462587106614068655e-01
7.877005606036194263e-02
3.234526867787939630e-01
9.031256070834142724e-01
8.188476935525383915e-01
-2.717168019189843964e-01
-1.056532248409550317e-01
1.354406597027962567e-01
8.318580896762156618e-01
8.941152495784167042e-01
8.419548368118872084e-01
2.455736147828409821e-01
-3.282819155915094878e-01
1.253075842890216396e-01
-4.034241382467573800e-01
-1.611063988921145607e-01
-9.925740158412682534e-02
-4.558367091399745941e-01
8.771076454315515081e-01
7.681731308965469296e-01
2.487956611023260378e-01
-1.649193947820800643e-01
1.443732058182967126e-01
2.085438251270647081e-01
7.099145309919558944e-01
-1.425949875322129468e-01
8.983057732554762254e-01
1.540191042841140279e-01
3.753222513487391998e-01
-4.487440060198391034e-01
-4.074239327752892659e-01
7.913660054238705888e-01
-3.073251584779357337e-01
-4.248464805481028117e-01
7.858838487163389841e-01
8.018231074135689918e-01
8.229106092148610330e-01
-1.374423499181179342e-01
1.409658865887189749e-01
7.793385953625326934e-01
1.031472380979536335e-01
2.700584787888361538e-01
-2.958077306333015133e-01
-2.006461496018964452e-01
-2.902437481951658516e-01
3.229159994273615997e-01
2.184573175196116712e-01
7.957421652027905079e-01
-3.175749605218914917e-01
-3.571971193629502328e-01
-4.656735586404951444e-01
9.109876032458488204e-01
7.543903879343619723e-01
-4.463403288536240687e-01
-3.976073555568255813e-01
-7.843093701085190883e-02
8.969482527693215523e-01
-3.994028488659531195e-01
-2.873200718055644032e-01
-2.313578658547335298e-01
1.831062864967616943e-02
3.004980566500758399e-01
3.685790547773152293e-01
-4.308143356323909656e-01
1.219092405863424627e-01
-3.557314741897215638e-01
2.885573753733431945e-01
-9.991857264894588031e-02
8.847627436352876185e-01
-1.744285235757975228e-01
2.027240282994710319e-01
7.863201540618444119e-01
-3.048184426218202847e-01
9.336047972403628270e-01
-2.308083388608161146e-01
9.028848713549086913e-01
2.061518927363183984e-01
-4.515089085732210128e-01
7.953898809330800512e-01
-2.452387564765986794e-01
8.061702870124890508e-01
8.943631620781141711e-01
-4.465303732225604505e-01
-2.060678889907305300e-01
8.973040053522478576e-01
-3.792241802630691438e-01
7.901734864738979569e-02
9.110155102536788840e-01
1.503825822575184379e-01
-2.179707679631772699e-01
-1.785555009589702702e-01
2.179971377970225666e-01
8.666660476379803857e-01
-3.263549410153750996e-01
9.210499126653091118e-01
9.238918026727866994e-01
8.672016464647622769e-01
8.215599402231621440e-02
-2.118944926630837722e-01
2.489200851407998849e-01
8.964659277938916704e-01
9.280375562037566084e-01
-5.154599756659207499e-02
7.885826994465889861e-01
7.890468747837277030e-01
8.091146899253922609e-01
9.092031150881646484e-01
2.735448763479176315e-01
9.301850497634318593e-01
1.545552691163084615e-02
8.790933527029785033e-01
8.924102872898481698e-01
7.676786113499304287e-01
9.133809643446072490e-01
9.245431282464793288e-01
-4.629477722289145336e-01
8.924923360729745125e-01
-4.345995632825005450e-01
9.259568941454703328e-01
-3.958923222180707469e-01
8.889343735203286689e-01
7.797198732624860407e-01
1.952187355865132035e-01
9.007658286651880619e-01
1.490318702266512085e-01
3.189208789190022819e-01
-3.937323255099357544e-01
8.997319652322114392e-01
7.551000521321502013e-02
8.309399712971754504e-01
-3.849605639043011118e-01
1.697730086198513677e-01
1.773296666187576531e-01
8.241663000203286460e-01
-3.778708057332547665e-01
2.984931004810177368e-01
-3.028410938294940347e-01
7.647565515003450498e-01
-3.188981944767181886e-01
-3.998781434158193981e-01
-3.819260694896763342e-01
7.412485882439947549e-01
-6.314241690728045198e-02
1.275800644550737495e-01
2.384619318950503275e-01
6.919336139032333799e-02
-4.239738538494454145e-01
9.254469816458522624e-01
-4.428486358267866296e-01
-1.920156820506780937e-01
1.566658491118694818e-01
-7.843320932570263526e-02
9.138981896613107558e-01
-9.142791371037897741e-02
7.817313505671392715e-01
7.758566910442250553e-01
8.101122016874768850e-01
-4.031103832294123945e-01
-1.624130869753720452e-02
-2.073867028356471687e-01
-3.178426874171169647e-01
9.281081763536018769e-01
-2.566916367152006773e-01
-4.556074608098888423e-01
8.977681880805636894e-01
-1.379184993330354603e-01
-2.200806710843519753e-01
1.977989951011160097e-01
-1.203408457867619630e-01
-1.464456202072713376e-01
-7.461904216755925467e-02
-3.973888180097185918e-01
7.617171668402582252e-02
8.797560192780202737e-01
-2.223360304906739707e-02
2.144659545279993251e-01
7.457105130941421578e-01
5.494857980555609145e-02
2.006524547159159455e-01
3.464966021952916586e-01
8.937596676898601489e-01
9.031950411968699965e-01
-2.379259393606846795e-01
-2.512224788214861282e-01
8.809519696564187541e-01
9.148745733662346780e-01
7.420995188706416279e-01
-3.831809993619552102e-01
3.595683734611415661e-01
8.866490917085623202e-01
7.786050288814835296e-01
2.735514253962076925e-01
9.230254257362908721e-01
7.723868269997209435e-01
-2.129173142061491220e-01
9.336294991064555404e-01
8.688143330267986686e-01
6.275810489416368265e-02
3.367257827045194163e-01
-3.877896885194651588e-01
-6.570908892830770731e-02
-2.811277968286014783e-02
2.418886615540713492e-01
-2.735549916761218503e-01
2.996374882238135307e-01
7.628919609006977742e-01
2.858504813542084855e-01
9.188713245997961465e-01
9.274271971873820908e-01
9.223235826371805057e-01
4.616850275959244465e-02
3.114720611212502543e-01
-4.520900829788218056e-01
-1.257770582981319329e-01
-2.551791345045432702e-01
9.294918039204081994e-01
-4.667629349192635169e-01
9.098286295751508712e-01
8.867696366187605150e-01
2.969127353512582834e-01
7.592700312302718135e-01
-1.508393591405744194e-01
-4.818648328467688979e-01
-6.737369447738696115e-02
-3.338239281636924405e-01
8.556932198009339352e-01
-3.007479612583116579e-01
-3.024403932522149452e-01
8.546267438202892475e-01
8.849143368354051020e-01
2.940386634961634216e-01
7.549155841588471860e-01
-3.227612975705967946e-01
9.101726730338626226e-01
-4.126807911093759995e-01
2.487522426971971179e-01
-3.326144474825918351e-01
2.758491414320336788e-03
-4.159768876979996199e-01
3.162379445755215124e-01
-4.471304172426386336e-01
-4.501552988210235640e-01
7.118841143210354883e-01
7.576371785111266632e-01
-4.009262586242697268e-01
-4.195185112642381142e-01
7.844668148637851113e-01
9.099258255003920270e-01
9.146974206569366550e-02
-3.590844969769934614e-01
1.481287302538073780e-01
9.004424674491704472e-01
9.051541803907594552e-01
-1.269615764342884590e-01
