-3.226426479459948427e-02
-3.373695438299356142e-01
-2.845072269767962569e-01
9.286641299325056886e-01
9.205911106642219455e-01
6.744296641554866634e-01
3.074575926784965385e-01
-3.254346791307864417e-01
1.771751111426061315e-02
5.253438871055778059e-02
-3.865225480367983635e-01
6.915496973150516702e-01
7.356760323903720478e-01
3.143830565687299461e-01
8.804564800986312001e-01
-4.106438133486353115e-01
-3.824656611744036705e-01
7.432862357531230257e-01
-4.108502364157070597e-01
9.222887428283654820e-01
-4.432821603314318071e-01
-2.391682425556059255e-01
-3.117608834424598352e-01
2.146229589844362018e-01
2.834256495071987292e-01
2.867792715446321195e-01
7.343346494445986972e-01
2.029838364975142806e-01
-3.992322867638233297e-01
-2.609810422699102017e-01
9.069165740674560716e-01
7.527814545415283387e-01
9.243937693185915183e-01
9.017482653646884394e-01
4.830049870136306905e-02
1.527020873133789203e-01
-4.262321024693868088e-01
-4.967732561046972473e-01
9.030080619677381959e-01
2.339136327169603208e-02
-6.295140840657865999e-02
-3.639179673576785068e-01
8.083241214383498630e-01
-3.308933031093452271e-01
-2.931422672292550713e-01
-4.322690284687266682e-02
6.897908881899667347e-03
1.159945379660665687e-01
-1.052690818642612047e-01
9.172739022250329111e-01
4.289102181347883430e-02
-4.096119463150415529e-01
9.233321632170106152e-01
-8.309704933920883385e-02
8.607183094926411648e-01
8.831626728717132391e-01
-1.764488194175526381e-01
-4.013589569405392465e-01
-3.669583907999508510e-01
-4.785655510188787098e-01
9.112099936869367811e-01
-4.087384246932063148e-01
-1.180215317686379578e-01
8.196970895062164475e-01
9.064110256742926586e-01
-1.408002999830490765e-01
1.269783757520894230e-01
5.928598904335052183e-02
2.488129587471305526e-01
-5.033297584011791059e-01
8.533798956886049503e-01
1.548358118276910445e-01
7.993091011504244170e-01
3.762643652411855055e-01
9.286796348743465712e-01
8.923863232962174763e-01
9.275595891053897701e-02
7.347940142863149671e-01
1.546121792268740913e-01
-1.085046298080386690e-01
-4.022116520069415890e-01
-2.635377187498667562e-01
-9.841353599925772855e-02
-1.590095690890166447e-01
-8.530405888280168103e-02
-3.637526912850558292e-01
-1.379934574571105299e-01
1.807578893168569623e-02
7.911481651959320072e-01
8.823060845135869412e-01
-3.961939058935112778e-01
9.372858290056581554e-01
7.574586113183278124e-01
-3.811490499888507966e-01
7.566156146604349209e-01
2.674744658470049608e-01
-1.349183335286651408e-01
9.016262573671199876e-01
7.699636734101655833e-01
7.676307063779963524e-01
-3.557750561691687130e-01
7.694496395291088309e-01
7.546982567217532800e-01
-3.745673376101154028e-01
-3.029235812774839776e-01
8.455695648319205837e-01
-5.450701586567092277e-03
-4.634372790418140320e-01
4.573349066374352012e-02
7.988858786456036754e-01
-4.208527927371095712e-01
9.127858154724795003e-01
2.430124253338101226e-01
2.288151507588133127e-01
2.356663378509069873e-01
-1.908911704636837292e-01
7.228701624541532533e-01
9.003144403596031742e-01
-3.013350007307448175e-01
9.133750815090888597e-01
8.814224741083116488e-01
8.565667676489888693e-01
-3.921945121480378549e-01
2.178290952591179219e-01
-3.239717119690244118e-01
-4.898447950104720672e-01
8.906558207122267090e-01
-6.757890940042568517e-02
3.709919252960554026e-01
7.487678980314842470e-01
8.802510758736354912e-01
9.153996950720932890e-01
1.834642682819689896e-01
-2.543853376384219711e-01
9.246824312367754040e-01
9.035386130120532933e-01
-3.373451070396625284e-01
9.172337761943254453e-01
9.181093582997311708e-01
6.626432066610777882e-01
9.158651883399691052e-01
9.177352925131831984e-02
-3.214055383988861925e-02
7.611612608842982519e-01
-3.458747300328126051e-01
1.581028708312129383e-01
8.172790614985984137e-01
8.855184860187192974e-01
-4.322727379195651087e-02
-2.235510168976924117e-01
-4.201053969828799084e-01
9.345226867027744966e-01
7.240747012650500247e-01
-1.616312569027507640e-01
7.573948772134797558e-01
6.934037566819701848e-01
8.963076750195049236e-01
1.455782552506273420e-01
2.370958482244119314e-01
1.492162853627238550e-01
1.302665612316733154e-02
5.733547741351846527e-02
7.568488720269083148e-01
-4.064031363606460667e-01
3.244720916357723972e-02
-3.423929702794132890e-01
6.626960300617420474e-01
7.482016173163831274e-01
8.844419357929669268e-01
9.023056121109864769e-01
8.653111903194400378e-01
-2.245650181790881661e-01
-3.690208807966196547e-01
-3.204588788203783789e-01
1.986341751611939155e-01
-3.858249157358121795e-01
8.810845192669163328e-01
9.016893068509773679e-01
-3.117544066095344624e-01
9.266750913933109457e-01
8.006785102831752710e-01
-4.424239362707989981e-02
9.278008596265069352e-01
-2.650767979215912784e-01
-2.006976208260152217e-01
7.708758142857579099e-01
-3.835833618876765549e-01
-1.972902378134935297e-01
-7.618203111133604877e-02
2.850406358681287222e-01
-2.049590294785302025e-01
8.012807273735272906e-01
7.147554629140092652e-01
-4.598998315011278981e-01
-2.083988205267545690e-01
9.047305208297147239e-01
-3.182034202699739467e-01
-2.596193112340107745e-01
9.015613754091214016e-01
7.911343933879166901e-01
2.075595437779070573e-01
7.682477366688960085e-01
-4.948866408733104683e-01
9.152509427017072596e-01
-1.769764201199613141e-01
7.097058740860704429e-01
9.366951733515114231e-01
1.573931333413235156e-01
9.216597405819336730e-01
-3.190925131450660923e-01
-2.497776078562610469e-01
9.307287909439163620e-01
7.498712625407182308e-01
8.870234917764403537e-01
8.950481469246283073e-01
-2.928469837736891179e-01
-6.597493784082718304e-02
-2.921919858027377526e-01
7.453117024045743388e-01
9.065496909009636006e-01
-4.053197364050641072e-02
3.688555062818746899e-01
9.118444082973117260e-01
7.180808296882204012e-01
9.026076285249982067e-01
7.650735945430822138e-01
-2.363099115120999016e-01
1.851276014439532658e-01
-1.228785861073835028e-01
-3.966893172641753895e-01
-2.886293093701272627e-01
9.193153886170735145e-01
-8.504913579081051223e-02
6.070152790101889656e-02
7.492297922101324170e-01
-5.132625610085404105e-02
6.477115545448279554e-02
1.625993301361846055e-01
7.410385114661143247e-01
-4.344187805634250332e-01
-3.283928704136210297e-01
1.457869774630752568e-01
6.442266054456514957e-02
-3.251462539839585775e-01
6.704685061563171455e-01
5.761045735749489860e-02
-2.923192876353148950e-01
-3.244851970078845849e-01
-3.103518155587948746e-01
1.158766352532386856e-01
1.415926747485761472e-01
-4.302506993959268611e-01
-9.085293911585430593e-02
6.747553238539470977e-01
-4.227570027780300221e-01
-3.184747612519432947e-01
-1.431758102390790766e-01
-2.228290938167572510e-01
7.772926103271939891e-01
7.443140643673693546e-01
-3.594470379268633886e-01
-4.107581009001414207e-01
-1.444102904393622377e-01
-5.408601091735552868e-02
7.446159528839835229e-01
3.546238933307910290e-02
-3.189052453700516043e-01
9.318254749590441088e-01
9.211522022069077442e-01
4.843437363207230700e-02
9.245199679193704112e-01
8.245392310041930184e-01
8.451850079337424049e-01
6.745404632682547863e-01
3.620920126994383453e-02
6.646559588616085534e-01
-3.111697392212785518e-01
-2.836721703914197798e-02
-4.447646602775684466e-01
9.239676663666529510e-01
-1.562823326987612949e-01
-3.161005872355476254e-01
-2.091063246219684313e-01
-3.198210929020981474e-01
8.722553806142220312e-01
-1.924073054352242185e-01
7.680435630408750658e-01
-1.890158285761641410e-01
7.083330832170462443e-01
-5.268527401177137692e-01
9.185516271163953750e-01
-3.540948277033443281e-01
-2.788265545493027187e-01
-9.483338796461644044e-03
-7.088135191704837690e-02
-3.495365232411163370e-01
-4.702258838140386810e-01
8.217404062276204568e-01
7.871775906694913338e-01
9.128090520403810970e-01
