7.881625792586114398e-01
-4.878447660669246178e-01
8.620225056824304399e-01
-3.561555909436315837e-01
-3.747323366256019583e-01
-6.006855584826629318e-02
8.498135377833603288e-01
-3.029207507700971691e-01
-2.713810009457754413e-01
9.242428980523003101e-01
7.382870298848124291e-01
2.166272175247770382e-01
6.747492832386478012e-01
2.347298828963042261e-01
-2.809165632228330933e-01
-1.409511312469482747e-01
1.425677996304895445e-01
-4.621645021543464016e-01
-3.941089201738430803e-01
8.884456414855677053e-01
-6.242038117507149597e-02
3.468528558216671387e-01
8.163524057382909316e-01
-3.701889577932742509e-02
-3.699365513425035834e-01
9.250615126566936741e-01
6.788278549347035451e-01
-3.213940089139247780e-01
8.807138680579593704e-01
9.230914976840240982e-01
7.671338305336381502e-01
2.949093355500652103e-01
-4.038463902286278939e-01
8.110089181652706536e-01
-1.789775472206545093e-01
9.264117936683040622e-01
-2.277213519194712377e-01
1.174328248181242124e-01
-1.139381015118957202e-01
8.973074604537164545e-01
6.707748243074485028e-01
9.085921701292006825e-01
-4.070915479428928729e-01
-7.917912468309139251e-02
7.707476984889074512e-01
8.714183731722274784e-01
-2.767430853125280033e-01
7.686416525255829191e-01
-3.188222917588403038e-01
2.794214422179092105e-02
-2.105037310477474721e-01
9.241132521326608229e-01
6.733497047868307606e-01
-2.638099580943833455e-01
-4.089973942364437676e-01
-4.360784336759369051e-01
9.284682122004070948e-01
1.905445272656724198e-01
8.296862903632232777e-01
-4.715727945802916654e-02
-1.103480818957021034e-02
-2.047912982852912178e-01
3.747928395594012085e-02
7.896377863553118992e-01
9.063271391731928528e-01
7.931640525309944234e-01
-3.987199519090969257e-01
9.062188516048295117e-01
9.058639114404234416e-01
9.061547840021538791e-01
-6.334168857166661004e-02
-4.684609379849504762e-01
8.122673657824817095e-01
5.094426789893893859e-02
8.971782059566174583e-01
9.425344357145343244e-01
9.361938296547215321e-01
7.845040216528091914e-01
-4.241075700641164792e-01
-1.394971237243542439e-01
-4.456288439546167712e-01
1.350131226248026117e-01
8.491159509692018936e-01
-4.221450200555233456e-01
-3.986744780203660410e-01
-2.233985206827125980e-01
-4.012174345977341239e-01
1.087850505489748598e-03
-3.751730576966012809e-02
1.486802013014615065e-01
9.132725617961292564e-01
-3.173881738698248189e-01
7.735701013348522670e-01
9.194355604690542805e-01
6.621468558507699331e-01
-3.486316969966638535e-01
-3.552559921875525495e-01
8.988820256107390438e-01
-2.864570840665791457e-02
9.142734495218218793e-01
7.640997538150516855e-01
7.252894325719725366e-01
8.681661289458503239e-02
-1.414212407741140820e-01
8.317787241513405760e-01
-2.937514996855554728e-01
-4.678518886931880977e-02
8.237381459696169195e-01
-9.527860875926308371e-02
7.554786061643378181e-01
7.975515593124791192e-01
8.131018783669772265e-01
7.028526518487343555e-03
1.688954167873060186e-01
-3.151978237510550396e-01
8.187012097178664183e-01
8.068625226077974499e-01
3.187138705773055469e-01
9.240288630807532710e-01
-3.502267902553135581e-01
-3.774910085814195404e-01
7.821242353887012388e-01
-2.059946589483290791e-01
9.097360915236822887e-01
9.158858854030184071e-01
7.360360860426515828e-01
1.208718540109847556e-01
-3.108636276591636993e-01
-2.819782114909925030e-01
-3.736760066429826721e-01
-3.944567759867434464e-01
-3.131614878788640532e-01
-2.188695569819038012e-01
-3.774900539419150935e-01
1.620133402039127674e-02
-3.389518788560602069e-01
-3.754948039955415262e-01
8.188651290109150160e-01
-3.162236654320908502e-01
-4.756083274044177467e-02
3.137133950634251045e-01
1.874270271975635171e-01
7.587607774455173981e-01
-2.254146694563564646e-01
-9.562947509328401097e-02
-2.968434380832340458e-01
-1.853151159748931409e-01
9.485062547209628381e-01
1.973253042118611467e-01
9.396460980412356667e-01
8.592875057051402310e-01
-3.791423044927446084e-01
9.084111698946610858e-01
9.107693587415319758e-01
9.354266819361938268e-01
-2.400838129070043681e-01
8.851366062212940866e-01
-7.347237545112006440e-02
2.131479390825110620e-01
-3.111012413570162227e-01
8.545612461700170526e-01
7.944293703001465978e-01
8.596956517263411035e-01
9.065154833403675783e-01
1.626952585129004536e-01
-3.100564399017546879e-02
9.009801094762376339e-01
-3.799128651728070349e-01
9.520107078751864904e-01
7.212067177869679879e-02
8.910515758846198064e-01
6.900767392500971598e-01
-8.589396425372521071e-02
9.242617136343187489e-01
8.490288371878746965e-01
-3.100435443746027420e-01
-2.885342297280141799e-01
-3.560657771217203005e-04
9.035328534457590655e-01
-1.934620008525682333e-02
-3.826097106472416964e-01
1.041844519785957435e-01
8.812651209710056222e-01
3.926070812013809919e-02
-2.884912224448119011e-01
6.920311354393638981e-01
8.914038688258997256e-01
-3.258718934794135325e-01
7.132653976002226726e-01
-2.858306861129222831e-01
7.652401142912883536e-01
-3.075505213470715593e-01
-2.016886536195629520e-01
-1.502195683478274313e-01
7.278333329382871142e-01
8.043996580801384688e-01
8.477718417172238619e-01
1.186880217374576135e-01
-5.392065296483026238e-01
8.902879046097168514e-01
8.273818889298799606e-01
8.626809940904955898e-01
8.935017409238144026e-01
1.726162168429056232e-01
7.299386507649753275e-01
4.827420123613424680e-02
-4.223886446735580780e-01
9.109660599534010750e-01
-2.623196499952626937e-01
9.377574156579892017e-01
-3.271861692267091781e-02
7.445433649814385824e-01
7.874101689126219439e-01
-2.568023353184550883e-01
8.968854696686028305e-01
-3.324622494425777397e-01
-1.377677893097884188e-01
8.670029301314818859e-01
8.775595897652742616e-01
-3.706957268573534137e-01
9.601248811984127718e-01
9.103616321473487760e-01
9.023514075320370198e-01
-3.872715634598030698e-01
-3.211253114327852765e-01
3.363891593574197536e-01
-7.389458043509175567e-02
9.072865224301266407e-01
1.111507278680034724e-02
2.578582863555129445e-01
1.724058913102796409e-01
8.773072213175570067e-01
9.071717724186161291e-01
9.095293166244159400e-01
6.832666809143712605e-01
-4.258117291744841215e-01
2.024000729722628955e-01
8.935619559361732689e-01
-1.691379260299425702e-01
7.181406217073529330e-01
7.911392702222579398e-01
-3.036987924111834714e-01
-2.796014104047223614e-01
1.548091264098712116e-01
9.362789575769723260e-01
-3.474774023829279579e-01
3.429806775343635095e-01
7.736163189382970762e-01
9.214023034143145052e-01
7.671708494319050553e-01
-1.469368367721134994e-01
-2.895913555032355036e-01
-3.529181931399962835e-01
9.019486592627509181e-01
-1.665855562805557133e-02
7.079843562669014823e-01
-8.226576212556610534e-02
9.659748232126513789e-02
7.699822245149680056e-01
-2.502409788502102939e-01
-4.300891708366251232e-01
2.565156951598131507e-01
2.495254378439033804e-01
4.438140007271551557e-04
9.162558788120058750e-01
9.233199770909445991e-01
6.706244350432505330e-01
7.439745382849058952e-01
8.181411393727037185e-01
8.972439091067617722e-01
-1.864573647557108416e-01
-2.320076341490903415e-01
9.140350753787599425e-01
9.038842825965457406e-01
6.219415446764234856e-01
-1.373370088586274296e-01
8.041813991481938650e-02
6.802071269932329356e-01
8.203094875616154247e-02
-5.482478679348290473e-02
-1.549354707952397825e-01
9.266354667759397756e-01
9.058862204382570615e-01
2.234613662316218552e-01
-2.002350610267610298e-01
1.032213478896546743e-01
9.209400514756992395e-01
7.592350870814390529e-01
-3.954638480153345181e-01
9.789669221933934573e-02
9.046989641016559558e-01
-4.186278269921543949e-01
-3.555776572084029530e-01
-1.960151026003254249e-01
9.071383211829359139e-01
9.115163071302390119e-01
3.027562240076268063e-01
-4.562874505330464792e-01
-3.293324978106115242e-01
-2.541075189200809326e-01
