1.099582511438439159e-01
-1.513330286021870030e-01
7.353191716250104815e-01
1.449328178302723702e-01
-3.455363983590111210e-01
9.033020364055428519e-01
1.479211140657478996e-01
8.885552860340288905e-01
4.421009443152157381e-03
-3.619397343551310486e-01
-2.151248708026764489e-01
9.035060235982803611e-01
7.487588489494492183e-01
-3.304993024662851719e-01
7.390370031581744437e-01
8.767987563666419515e-01
-3.249681456632593779e-01
-3.200136781067186020e-01
-3.005618387573175676e-01
8.955906747573540994e-01
8.971112345705457569e-01
9.244673380888832614e-01
-3.009549406145411998e-01
7.236691077566967945e-01
7.321558339583371655e-01
1.553799668887715646e-01
-3.852640849947090995e-01
2.540617682948925760e-01
9.546790152101022331e-01
6.943278113779662863e-01
8.623694236525438761e-01
9.164235947673957661e-01
9.187690084419789516e-01
6.704833376223676700e-01
8.483703660353814069e-01
8.986419553374784819e-01
8.745332667598902932e-01
7.341677194592231004e-01
8.204511067310227279e-02
9.194226100101990928e-01
9.117670633067528341e-01
8.791366189434336453e-01
9.056384457255867160e-01
-3.227082800977392196e-01
9.152719040541115181e-01
8.643630371677244462e-01
-2.980672614464033865e-01
7.801505653260840667e-01
1.051359215170816069e-01
1.145767291418760547e-01
8.850469445421034198e-01
9.492874408737488334e-01
-1.984061399003845538e-01
8.039807625138685188e-01
8.458028528097072396e-01
-3.200791278250656458e-01
-2.235055805039597165e-01
8.066176490745139427e-01
-4.806935559377824019e-01
-3.521726536584986467e-01
8.521810623007921581e-01
-3.777028328742450536e-01
9.192066886400808157e-01
7.908953287677631394e-01
8.546169233383771324e-01
5.701429624541681784e-02
7.370536328948532612e-01
9.080659863672451149e-01
1.439991351778722450e-01
-4.350981921808856900e-01
1.302471970263055501e-01
9.307590948447850288e-01
6.273414876033950316e-01
2.460484128544030979e-01
9.268004646833113980e-02
-3.369100256279340400e-01
-1.904902928042119525e-02
-9.880208702936219001e-02
7.609203870517010637e-01
1.132283199861770923e-01
7.119544499920641423e-01
7.722128759084166960e-01
8.969972201946142532e-01
9.104061126791249681e-01
-2.602973718191931018e-01
-3.416636228546475751e-01
8.717996491533289705e-01
-4.405397388315341889e-01
6.110189882829671071e-02
-4.625540276266812967e-01
7.281764646934798524e-01
7.455738194518054529e-01
9.170443237791661151e-01
9.348041249772550687e-01
-3.630091566412952386e-01
8.962229361975084796e-01
-4.006499634569739010e-01
-3.653215268901838786e-01
7.883609447326915820e-01
9.049885571650565508e-01
1.640135884166301627e-01
7.861922110367221272e-02
-3.109949680472232636e-01
-2.514511709337509116e-01
7.701471999404017055e-01
1.007136886073477511e-01
-2.166080312576950107e-01
-5.944036780969193245e-02
-3.670647320932192703e-01
9.050574109723656946e-01
6.782584187295669365e-01
-2.505899699583455376e-01
-4.660703398808533904e-01
9.074825571782039191e-01
4.801173768604334591e-02
9.066023957828033275e-01
6.965693747386479950e-01
4.504172654326937808e-02
-2.056616212219815609e-01
-2.918651256144373929e-01
-1.879592230309029000e-01
7.641316316776600726e-01
-3.087475465669416441e-01
-3.716765191132972990e-01
7.368507919976395870e-01
9.368947825324404066e-01
-3.777642845945459182e-01
7.165204730879715100e-01
-2.660651149592402898e-01
-4.432141672316108894e-01
-8.906683821928171318e-02
-3.146064821334474959e-01
9.312272271340567009e-01
-1.821281135321793365e-01
8.637721402564756401e-01
-2.493436156531833314e-01
-4.360665436079735335e-01
-1.948897474052178613e-01
7.128022514301139978e-01
9.201630102510768294e-01
8.136182894267698362e-01
-1.594639339689410962e-01
7.385122148015402788e-01
8.923513259774350503e-01
8.210458120024433093e-01
-4.754555685143928012e-01
9.441006106654689090e-01
-1.407299432673507766e-01
7.479122840487825163e-01
7.345215654825868468e-01
7.160956309459015623e-01
9.399449583219425808e-01
-3.310766026310758003e-01
-4.086902146386264256e-01
-2.270713425451069412e-01
-3.417391272326234519e-01
-1.202001984915025828e-01
-3.497089684104509599e-01
6.260678712771430843e-02
-7.490659602482230284e-02
2.062797659274497042e-02
-3.422514043423925401e-01
-2.478510373770336783e-01
7.665867615718902073e-01
6.043061792123108900e-01
7.803675409629299287e-01
-4.301482072288537184e-01
8.747637948439670463e-01
-3.468054483490154438e-01
7.446466166464378311e-01
-2.410770205493797946e-02
9.115473785285215236e-01
1.545144673034002103e-01
-1.640661606015756668e-01
9.003595464277646121e-01
-4.612254684083575418e-01
-2.996651910126910123e-01
-3.142455387899108499e-01
9.038068512284335165e-01
5.929362218886885527e-01
1.919097086715197964e-01
8.893792214663077678e-01
7.279717593153842703e-01
9.143423904653830148e-01
-3.030401983109590747e-01
-1.362062735002666780e-01
-1.657827787407572528e-01
-5.241544172563985526e-01
-2.457935156030408019e-01
-3.644246328830819115e-02
-2.962854466523678343e-01
9.132295923672372195e-01
8.898436380778186328e-01
9.149872143648555278e-01
-2.629881891778391156e-01
-1.908385371971074163e-01
8.701636322774715104e-01
9.092800800278646456e-01
1.115818779263863872e-02
9.319797825818806336e-01
-3.446359879194039744e-01
1.877211435370407244e-01
9.025440366815069559e-01
8.590180224776515772e-01
5.849197159171304339e-01
-1.245719322770861420e-01
7.191101060625375574e-01
5.677511825679377316e-02
1.809511224649354710e-01
-3.659595822184830705e-01
2.498011336821279738e-01
9.214672086371550330e-01
1.341417686887139971e-01
-4.012547077692960040e-01
9.510637828157996188e-01
9.506791335286300937e-01
-4.063138903742841146e-01
-3.160186885498011411e-01
7.175567926182258027e-01
8.238594681929537478e-01
9.171999198900505634e-01
7.366842023789651472e-01
-3.236572795861730745e-03
7.749566123900499814e-01
8.897956474057083787e-01
9.114539244179572508e-01
9.028673592810729231e-02
-2.426203419794811245e-01
8.212436147107516904e-01
-4.762788930221600325e-01
7.532356109126350785e-02
1.433570325438827606e-02
8.094678450190456731e-01
8.246018162756573178e-01
-3.525805621728921868e-01
-4.249355329981370777e-01
9.121737226913516627e-01
-3.148250977883808588e-01
1.732815466204050137e-01
-4.548950796655562012e-01
7.448882047220147795e-01
8.283745977865706323e-01
1.777767898055248597e-01
8.538417583175871295e-01
5.164518641589653514e-02
6.267847415638492237e-01
7.606258256067991441e-01
8.928442010952014618e-02
-2.186671396606723605e-01
1.448966795925339113e-01
2.129921364964463271e-01
1.433052262517807984e-01
8.530947912808873879e-01
7.240271089325452936e-01
2.102687827673701756e-02
-4.089160111387442065e-01
7.173192069506928448e-01
8.435481129955100243e-01
1.213424105130290337e-01
9.240986248650039370e-01
-2.517036020347497294e-01
-4.038527389001945189e-01
9.154847499011312673e-01
8.114104650957029152e-01
8.556970610535175048e-01
-1.906474179977637184e-01
-4.315604529319246874e-01
7.504542282059019076e-01
3.495578708233325338e-03
-6.607227395121699487e-03
6.717512162257350816e-01
7.520648374824935312e-01
6.228633207721366860e-01
8.712824659403489713e-01
-8.824453105890750493e-02
7.908410018274197872e-01
7.970006053627898268e-01
8.061155781759817840e-01
7.636272581613575694e-01
-2.629340345467295892e-01
3.141818068429547139e-01
8.473662401946263634e-02
2.194489355718751422e-01
-3.159626343795246539e-01
-3.082910047241239071e-01
-2.542514417887258293e-01
-3.348241213202617916e-01
-3.075606937195687896e-01
1.418824181302603959e-03
8.741501964287488047e-01
-2.947991905154760950e-01
2.355026771050880777e-02
1.535418074615076123e-01
7.648652321912163821e-01
6.186386746528084180e-01
7.717218714317317652e-01
7.581339553679391496e-01
7.458484222399073271e-01
8.027373933557063745e-01
-2.962213561877206636e-01
