8.147651704113841875e-01
1.356399802830095258e-01
-3.546088969928536394e-01
-3.404012906363503288e-01
-2.227641085893740103e-01
-4.125434281605558362e-01
-8.835317660957114905e-02
-3.000546449810738148e-01
7.688006249392380642e-01
-4.599884050503101340e-01
6.734336301415219106e-01
9.247648394680199058e-01
-2.602295574585707372e-01
-3.252174457424626408e-01
7.339640350467463437e-02
7.459008647960765348e-01
9.247170917296454462e-01
6.723191712656164665e-01
9.323667103745663098e-01
-3.878522729648281042e-01
6.705631712096151720e-01
1.466633411891523076e-01
-2.670948306963572549e-01
-3.092433361512307854e-01
7.850463372322956657e-01
-3.046286974147544707e-02
9.181899859243251028e-01
8.459475054421971008e-01
9.088324940421100839e-01
8.539756039716689395e-01
7.502648550156342244e-01
9.343498061164363655e-01
-2.814312503811430277e-01
-1.468344913636736582e-01
-2.240425257790470692e-01
6.799897844689604121e-01
7.034492536523253570e-01
-3.279669576879210569e-01
9.177838024756390656e-01
-1.550188071818562885e-01
-3.729085135753115732e-01
-4.300355925909509214e-01
9.369243406332186108e-01
9.032251670382301922e-01
6.879181144250791080e-01
6.706894144135078228e-01
7.898307603005780830e-01
-7.978692775478157806e-02
7.716785283254028460e-01
1.316686325932664159e-01
8.901003169494962064e-01
1.081152445957482139e-01
-2.636349659384071842e-01
8.725236239555547169e-01
-2.103070537180549704e-01
6.379739213728737868e-01
9.065119747095212732e-01
7.982765276793732934e-01
7.073626243182822293e-01
-1.806462201590212091e-01
-3.430686169347390013e-01
8.206791295078716963e-01
8.780844894037397319e-01
-1.582018325208933152e-01
-1.228078426130720241e-01
9.282118190764779841e-01
7.891677200669955372e-01
1.411898183445448041e-01
-2.865457191468770981e-01
9.277473051094459189e-01
9.316690155108610094e-01
7.710205603186267576e-01
-5.166523586731769369e-02
9.360456733836752807e-01
7.356929079950699224e-01
8.912946112650007580e-01
7.798409232135623537e-01
7.808026323654444489e-01
6.743762734316656182e-01
1.400341631330073167e-01
-5.839358613436805567e-02
7.481956767675057574e-01
8.971032354206336379e-01
9.246587439766358330e-01
-2.478440835532916831e-01
-3.617159832588709989e-01
9.374677650760041558e-01
-7.361318690502045847e-02
-3.577714063113472953e-01
-3.497811508264220270e-02
9.367086548648673183e-01
7.889614999275957885e-01
-1.580542118667256357e-01
1.127370119161104633e-01
9.140310123202952663e-01
6.346533836295988884e-01
6.999022045517503399e-01
2.210967381960373124e-01
8.639718656895126747e-01
-3.670929851553659251e-01
2.172309693392377727e-01
2.363276879906216488e-01
-9.976045763958277246e-02
8.332288762281638839e-01
-3.541344944958037533e-01
-3.747342806137193283e-01
2.285214228528015257e-01
8.274977466157236172e-01
6.463369716475482196e-01
6.892042415100000374e-01
7.842420902413005379e-01
-3.863146341111493021e-01
-1.951544594595107651e-01
8.797423017954119073e-01
5.403791577465217877e-01
8.214132075517227571e-02
8.514951703266385730e-01
1.570167292968837058e-01
8.259548650983936646e-01
-2.030141676449408739e-01
6.018931740035513567e-01
9.358804560254297966e-01
8.854742612190882323e-01
8.027365766663336899e-01
8.414867720654994887e-01
2.557096607194038751e-01
-3.660550056928228990e-01
7.942268425699483547e-01
-3.381224296399263363e-01
7.000226631495620744e-01
1.602914543654854196e-01
-3.846578954856115784e-01
9.326319581460404962e-01
9.048165107993300094e-01
-2.107812620335506315e-01
-3.536926087127107987e-01
6.801243977271322905e-01
-1.381219413870101720e-01
-3.039862709463637680e-01
7.941731963122962146e-01
9.087116848171088446e-01
3.691889025521714607e-01
7.853425678321551695e-01
8.129297788016558446e-01
4.024608786949687711e-01
-1.977682637064322457e-01
9.359651466363217986e-01
-4.479938933791316469e-02
9.013233221737960710e-01
8.325013676716291888e-01
-3.505709901750961865e-01
4.785985374589188379e-02
7.487845119276501649e-01
9.088529731871380912e-01
7.506164094788493335e-01
9.971427435077622956e-03
8.635328235994594870e-01
6.779830005870135512e-01
-3.475538357603178419e-01
9.192641873917513085e-01
-3.510078579397526433e-01
2.406551023565089986e-01
7.366734671670376322e-01
9.098415554879762945e-01
1.405005505075885841e-01
-2.277663243747366506e-01
-2.648748851897810286e-01
-3.852136044469581799e-01
7.165727996241718634e-01
-3.643375168006674492e-01
9.158170437681336651e-01
9.197666891156320856e-01
2.274436054116712735e-01
-3.214727409833750826e-01
7.480089297315737351e-01
-4.016051696045145891e-01
7.178742519237210074e-01
-3.674295572094828932e-01
-1.670452186950538431e-01
9.551647327599669390e-01
2.137574016093051477e-01
9.077076326426938291e-01
6.553840867539830750e-01
8.426807530011409808e-01
6.593029678019431961e-01
8.030810881795131806e-01
9.297107912108711902e-01
8.587781750190836005e-01
-2.476848173010206267e-01
3.134465439462087721e-03
9.127067536578354900e-01
-2.164787137554236018e-01
-3.799133017303402138e-01
-3.370344981022343478e-01
6.366270073171544919e-01
9.327247886155551893e-01
-4.768631203111094452e-01
7.611394967995273042e-01
-1.049232132484266555e-01
1.194895183137086730e-01
-1.888902671771179875e-01
-4.095491422506065127e-01
9.154063672693230069e-01
-3.074839182876365484e-01
-4.192742520265002604e-02
6.530388121850222438e-01
7.398327721717814498e-01
-3.286930401906225652e-01
7.703517991383211916e-01
3.558936375716676426e-01
-3.805937462292489637e-01
9.872711570459892505e-02
1.228508725851734096e-01
7.449158245855730387e-02
9.148429539023248402e-01
8.977911969064690245e-01
7.106885964419787927e-01
6.444551654245974648e-01
7.360982589823106270e-01
8.900733107984397652e-01
-3.306208683597434694e-01
-4.225520149334489606e-01
9.158705956681645333e-01
7.848154595548498813e-01
-1.995869923667422663e-01
2.580923962668438820e-01
7.901105879624937822e-01
9.450474920729220463e-01
6.922207755618435820e-01
8.748498488487752578e-01
-1.961851758455515349e-01
1.315172477948308161e-01
-2.594272115541809143e-01
-1.580241732188351067e-01
8.909703340152106410e-01
-1.896726714163728400e-01
-1.997565072149923571e-01
-3.199430425442286174e-01
-8.535804154206369510e-02
3.785677072453614428e-02
1.663547340099454097e-02
-3.279217335949413670e-01
-3.519198416909805061e-01
7.562231979109660385e-01
2.395322444213216773e-01
7.429226233449202077e-01
8.932691028655805887e-01
9.004776771975642191e-02
2.182212093398741837e-01
-3.098842081867312914e-01
6.160227039015950812e-01
-2.926062525854092877e-01
-3.956151471681610410e-01
9.231570622141006544e-01
-2.995173479588719712e-01
-2.239200428575260915e-01
9.825323050684225956e-02
-2.899103164367785035e-01
7.297988089729429140e-01
-2.894449880046065515e-01
-2.196092376095972465e-01
8.576801292959423950e-01
7.725189200512423415e-01
7.080909398274096711e-01
2.244163178849303553e-01
-8.690753956382718526e-02
9.198679503326970819e-01
1.995031022351760330e-01
9.325665639831239861e-01
9.210064744596027086e-01
8.061313346398641944e-01
-1.540015968336157504e-01
-4.844880152495290027e-04
9.016995292170260079e-01
9.162809898563406552e-01
4.289917885922145402e-02
1.734494675321061607e-01
9.130573647995555708e-01
1.313247632971915047e-01
7.319385921099835768e-01
7.904636191043021842e-01
-3.256221814920161606e-01
8.246323497218435161e-01
2.045835706760097128e-01
6.635997978147593068e-01
1.630068895565076059e-01
7.186349748604405896e-01
7.524184148095428570e-01
9.012415040227502727e-01
8.854424111163148314e-01
6.468389245895071749e-02
8.822943489521861693e-01
2.705489015875958345e-02
9.269108358712091489e-01
7.289466840869827102e-01
-3.493749506042667097e-01
7.027714358693727403e-01
8.913092991572795221e-01
-3.637590427052111997e-01
8.983722616660195781e-01
