9.237889804088019741e-01
6.964203227291494436e-01
8.809833840712499864e-01
-4.133294768331244318e-01
7.903232609867200109e-02
9.385515860371755892e-01
9.286263869159590012e-01
-4.303454076356535429e-01
6.798331652618103682e-01
8.081791777384928627e-03
1.676157445340253627e-01
9.231074499546405576e-01
-1.464366056506394009e-01
-4.678665750927777922e-01
8.821242828389194157e-01
1.940414843614638452e-01
-2.303588297456732881e-01
7.541530165648929751e-01
2.945776698963027407e-01
8.779075815480791301e-01
-1.679042330939417293e-01
-3.006859422013250516e-01
9.389466201713987381e-01
8.210620848041272346e-02
8.521814832101947124e-01
-4.834863299410281923e-01
1.182555870022467814e-01
9.194886838875482304e-01
9.200524456520000616e-01
7.206669733004422707e-01
8.347270954715672042e-01
1.723686950906682946e-01
7.915862108158794319e-02
7.088024055962928172e-01
-4.052398207073910213e-02
9.239937758658570699e-01
-1.858117547157429050e-01
2.118667143165688105e-02
-3.262492573382856920e-01
-3.358196326447674962e-01
-2.779711938008717631e-01
7.016543494260119029e-01
5.325378574698833717e-02
7.817846398126744312e-01
-2.206830723087874202e-01
9.008677470570670698e-01
-2.717556437452712803e-01
-4.368308618194617354e-01
9.569948374501933142e-01
9.195754496328343297e-01
-3.183030027831473818e-01
9.164942783929101999e-01
2.616085901948733694e-01
8.173040240146883795e-01
7.914988123707552559e-01
7.777122585005388777e-02
7.725403886049744262e-01
7.391597292894609428e-01
1.229455555229626434e-01
7.376158879444053573e-01
9.180903514435396762e-01
7.596247974673198122e-02
-2.705429811173347687e-01
7.581084433595524086e-01
-3.172021020396126323e-01
-2.832585140454336181e-01
-4.226081995571392413e-01
-2.915643349177232113e-01
1.933720845564071977e-01
9.149721268351704850e-01
1.274215955065567674e-01
9.039408974245580763e-01
-2.730712746373708394e-02
9.219819705263310183e-01
7.591640460581215999e-01
9.119375198859128728e-01
7.438415854487158141e-01
1.484773899498913752e-01
2.264376024122642661e-02
7.765059146167834214e-01
-4.208102071658746945e-01
8.230508387429743555e-01
2.622104397437162171e-01
7.078238688329245853e-01
-3.052941139535765291e-01
7.667629869537713194e-01
7.417454680135840972e-01
7.079101327320187487e-01
-2.409092823718496090e-01
-1.569206639427329908e-01
-2.152720822530536371e-01
-1.928613716572006032e-01
7.627019549974212165e-01
-2.055764016522440563e-01
-4.879117224528205510e-01
-3.288249188008395690e-02
1.531573263671161603e-02
-4.470500220362415011e-01
-3.314290030025194289e-01
-4.517559225725247818e-01
-4.219988919259317073e-01
9.241533835020562249e-01
8.482688261323065304e-02
8.472132717936200486e-01
7.120900761936689305e-01
1.792031247059790444e-01
-2.880119021693620107e-01
7.219988061069341212e-01
5.433789276863089379e-02
9.059860777374607599e-01
8.745747177147535911e-01
9.530774291751338279e-01
-1.940126507962656177e-01
-3.194182830259497119e-01
6.724404237355997849e-02
-3.260537365164472012e-01
-7.612453228488051671e-02
-3.381194188780618504e-01
-5.646601531937508328e-02
-3.070823682340269034e-01
-4.239445483486426469e-01
9.200571055229909145e-01
1.454560824448148382e-01
9.082518949082534210e-01
8.666615479153266799e-01
5.955993949068455473e-02
-3.948463924947872572e-01
9.335092349453435467e-01
7.002389506321475832e-01
9.323099156965122258e-01
-2.309849485175791695e-01
-3.373728567535579925e-01
-3.491579708627806089e-01
-4.461055079561576653e-01
8.976401127256332657e-01
8.441384027791731803e-02
2.482442686129759934e-01
-2.945676958036738124e-01
-3.916555371982501921e-01
7.293106399755778790e-01
7.767634345637269844e-01
9.020500877563670805e-01
8.845291608598601085e-01
1.035963831569561844e-01
1.125124713294824441e-01
-3.173500343234866850e-01
8.933922224845343152e-01
9.093093981927030667e-01
-2.818368809313062107e-01
-2.835667431233797608e-01
9.358866756279223820e-01
9.216463030462521688e-01
8.540330000643919783e-01
8.299556789342513730e-01
-3.032724840850902770e-01
8.958492412103333802e-01
9.267442894213394622e-01
-1.143425190828504800e-01
8.304172893868728700e-01
9.566217234942118175e-01
7.792088386126271304e-01
-3.601354029685058245e-01
-4.029530980373821625e-01
-3.366178407674834117e-01
8.721316760886046460e-01
1.380633984041661384e-02
-2.733512193727495321e-01
-1.223305865756758315e-01
-4.021672229700831713e-02
-3.781774826420885582e-01
7.974063721749836686e-01
8.498334737707221587e-01
9.226071528286344803e-01
-1.248712356088047815e-01
7.167460983757201198e-01
9.103786109585939590e-01
-2.819603406674542345e-01
9.510478128358633432e-02
-2.125895158727905132e-01
-3.620709864115239096e-01
-4.140297926147222252e-01
-4.100145271860950458e-01
8.192679248835729178e-01
9.305990415586019582e-01
-2.945130550754712639e-01
-2.536796240616858156e-01
-3.037771491207708618e-01
8.120243822865024219e-01
1.502988091330975662e-01
7.232089144445695839e-01
-2.287378759881550372e-01
-2.448595935558799119e-01
9.251264786077776359e-01
9.152763859279406944e-01
8.249421375222515396e-01
9.291028368014641048e-01
6.297937120610690442e-01
-3.492879377028774712e-01
8.560603113174565237e-01
3.473266157947111354e-01
9.214790915489826650e-01
1.938985735834604651e-01
7.081789184665764347e-01
9.113243946288894781e-01
8.786357159100481873e-01
-3.795495758859047108e-01
7.496048117437762448e-01
-5.044939540446803372e-01
8.227818377443127384e-02
1.092979344883738130e-01
-3.998579827119860819e-01
8.022053987616805104e-01
7.330168861009052073e-01
-3.014378155145292504e-01
9.240009147845582582e-01
1.141614059022539873e-01
9.057409350719168861e-01
7.699517571006428973e-01
7.374157827681899757e-01
8.470625698101899026e-01
4.967552114857552714e-02
-4.016012529806102238e-01
9.179185087595160830e-01
3.452924320544348280e-02
9.324215813251083285e-01
-2.535931086236062892e-01
9.172475643407372869e-01
-3.343412573924413045e-01
-2.782786689552841364e-01
7.154598502052881281e-01
-1.412167471692450937e-01
9.091070781208039353e-01
9.031180280823648543e-01
7.862639764695422695e-01
9.073794001005677234e-01
8.592700477108027313e-01
-3.107390720907553527e-01
4.726357654773785666e-02
-3.770621737899914061e-01
9.140520905474540658e-01
7.593535060991201124e-01
9.090771368096376426e-01
7.229852654864886707e-01
-3.004533982005496706e-01
8.914477099393074422e-01
-3.505971144952603202e-01
-3.017208758228988597e-01
9.118957592746916863e-01
2.262782978395984912e-01
-3.631750681691403027e-01
8.736706394423000566e-01
-8.818395596264511083e-02
9.134565008683550591e-01
2.392376265888083997e-03
7.924683753819764531e-01
8.136389887866987691e-02
-2.783599523532113706e-01
4.475802559774397227e-02
7.609850353048100979e-01
4.443570141322331080e-02
8.441324865178169157e-01
9.334372990398349668e-01
7.988284143839350371e-01
-2.292610254422318694e-01
-1.876596842689587374e-01
8.726819812377022423e-01
8.454269707751106422e-01
7.232575277065415031e-01
9.372717892489429437e-02
8.649996529203509699e-01
-4.075349897293934487e-01
9.365189029821684441e-01
7.581285694610951920e-01
8.917903831744059540e-01
2.349698423649309309e-01
8.239941697690852385e-01
2.247927202293806270e-02
-2.563393733864424706e-01
1.827048021804010269e-01
-2.708905696829753684e-01
-6.202174630656864807e-02
2.521021797133715103e-01
1.255450250408470525e-01
7.846943683282232573e-01
-3.674242616164175579e-01
8.946021131582934105e-01
8.088370490951132252e-01
-3.036976574741812041e-02
7.599309421517653762e-01
7.937684757106761024e-01
9.221539846313772104e-01
7.296413041353776441e-01
-6.511668713568002920e-02
7.915847146447360094e-01
7.465812179469686338e-01
-2.194684553676014560e-01
5.858693085873181716e-02
9.141605162274504259e-01
9.307869690391352702e-01
8.209827629728935205e-01
