-3.060888298569381938e-01
3.547230817146460602e-01
7.262557588737019731e-01
-5.250166970685442580e-01
4.440627077924563237e-01
8.384649622414375170e-01
7.106311065160555440e-01
8.325884712404926224e-01
-4.789356066490693120e-01
6.803331518367266018e-01
4.406111925370732596e-01
-5.143513323695128037e-01
-2.390800492623532669e-01
-2.847240185204908958e-01
-4.747874897389073312e-01
-4.544701970166853400e-01
8.485079613787638309e-01
-1.309007851512626330e-01
-5.399817300008648013e-01
-5.292765484950118227e-01
-2.111582147481766703e-01
5.517467633853834208e-02
-5.011929174693333655e-01
-5.251911987452365649e-01
-3.867845475103016684e-01
8.365558854947573453e-01
7.756358139009691399e-01
8.474807755399896281e-02
7.106349535522242800e-01
-9.032566524761839744e-02
1.538448327418209249e-01
-4.981858013400605745e-01
8.219022980919807875e-01
-5.084830495166476894e-01
-3.282532038164325261e-01
-5.048756805416606541e-01
-5.224869542957295832e-02
-1.834679938528558096e-01
-4.967129670971274780e-01
2.442616231882091538e-01
6.989994962966649128e-01
4.306585245719729560e-01
-2.936266135981869807e-01
2.145554251540186252e-01
7.861909091732588450e-01
6.683964478022568212e-01
-3.692000517977599428e-01
-1.754630985262373155e-02
-2.752074784901026860e-01
-5.189817833936836156e-01
-5.373169612438226661e-01
-5.015921270411672905e-01
-9.183844477480908319e-02
3.511826504036101582e-02
7.674454968937727273e-01
4.136003869064813210e-01
-1.023879990156826014e-01
8.377444905636677319e-01
-2.579840825499344348e-01
-4.920732213545097600e-01
-5.321937154433415973e-01
8.542407056985588110e-01
4.377476549665818562e-01
7.741258305566161013e-01
7.517751091110647099e-01
8.174844794528596248e-01
9.997128277132932839e-02
-1.190526751711920017e-01
-4.875077279475652503e-01
-3.953273233841568812e-01
7.513268787372821000e-01
3.662691436701395187e-01
-2.527500827970026731e-01
-4.320819674875764904e-01
7.174773110618086758e-01
-3.121690100926262090e-01
-1.772137183772820035e-01
-4.878045864846430324e-01
-3.159442162886952343e-01
-5.511356486455789572e-01
8.263205807237465894e-01
-2.445436244033167839e-01
3.440341495539997463e-01
-2.716921751318720490e-01
-5.306212115254065331e-01
-5.218844559674721273e-01
-4.853721705206825998e-01
-3.449681942698709092e-01
4.118489759608796041e-01
-4.847202910832529854e-01
8.481445599281958181e-01
-5.282958190288786771e-01
-4.474293468631835857e-01
-4.800049548986405346e-01
-4.423074039720080730e-01
-4.737124734540507642e-01
-3.725622552692016143e-01
-2.874496555982872792e-01
-4.490965416477930017e-01
6.985155023124467455e-02
7.698537821469028097e-01
-5.079303097998973948e-01
-4.412620776708688908e-01
-4.518859601498255163e-01
-2.015024922304505806e-01
-4.798431972477427143e-01
3.641538961284339071e-01
-2.648458351374803899e-01
8.484753686281844010e-01
-5.391508834988882892e-01
-3.275306126435660881e-01
-3.038277804067564536e-01
1.504219795003439442e-01
-4.933361384022396656e-01
7.504180173941796816e-01
7.458793572458097820e-01
-5.000995418016094263e-01
-3.908935959350654521e-01
4.225974173033070769e-01
2.441222124945890415e-01
-2.351846033420441906e-01
3.822142814354775875e-01
7.093552418591859698e-01
8.435839551000532399e-01
-2.034660346528017749e-01
-5.394783230996093026e-01
-1.649369983910007886e-01
2.124045188458320854e-01
8.339933720992018795e-01
1.282913371735641406e-01
3.504373374678994013e-01
-4.749016778220390145e-01
-4.697852306548332413e-01
-4.924312617636739109e-01
-2.042056916067014893e-01
7.480357466339101480e-01
-1.558966741256667954e-01
-7.528925202966478547e-02
8.370410026496213352e-01
-5.139149467762377244e-01
8.380928451694229231e-02
-3.306939771375161929e-01
1.505079099052518132e-01
-2.250253455101473565e-01
7.289440222117202772e-01
1.758926676955180901e-01
7.909241091006042890e-01
8.112240503560161908e-01
-2.811555745282798280e-01
-1.773237690329280691e-01
-3.494317854321469241e-01
-3.213322093022631387e-01
3.355511124386801880e-01
4.402240094638459333e-01
4.312607456994176358e-01
-2.783445614900674769e-01
4.267586647429982838e-01
-2.148205861218247664e-02
-4.522228338115362178e-01
7.343999920598975883e-01
1.149673545719343132e-01
3.236098069089314577e-02
7.752926134802642366e-01
-3.078824859606384967e-01
8.453050954118504490e-02
-4.204340960209276279e-01
7.308993628210039284e-02
-4.739664594950648291e-01
-5.040695257856551148e-01
-4.513845463074431796e-01
-5.031515366731894590e-01
3.513959468238285200e-01
-2.459742419523823775e-01
-4.974647234951233565e-02
3.825320794965515470e-01
8.495422579293698817e-01
7.260476048307760166e-01
-3.760227893029113311e-01
7.172544349974969702e-01
4.328109315917172406e-01
-5.072138304044382373e-01
8.362892239510015813e-01
-1.672641865552128571e-01
4.024106347615118984e-01
3.125368048963390877e-02
-5.213931774651731077e-01
7.144204613180361874e-02
8.529321221825495458e-01
-4.901223895451314316e-01
7.792654490741235396e-01
4.274906611048551186e-01
7.969017043729886840e-01
8.449022497350242578e-01
8.450999110155572591e-01
4.145706226893418611e-01
3.793802031123360563e-01
6.380846912531859538e-02
-5.015853308041066105e-01
-2.341663536175281890e-01
8.326561656206202811e-01
-1.443568644894286518e-03
-4.345694439432199463e-01
7.354434992883274180e-01
4.199296670401569398e-01
7.031857817646969266e-01
-4.685788649637743220e-01
-5.245883129838775361e-01
3.935566910750311065e-01
-4.846909293899759330e-01
-3.250577330116449781e-01
-5.098352879816701044e-01
-2.351988526318145034e-01
-2.672461869039151061e-01
4.582686854931136700e-02
-4.834135800967024332e-01
7.244884338580579453e-01
6.401135342219260727e-02
7.404005082390154868e-01
8.337621447597999280e-01
-2.833415901824305472e-01
8.534948661738039899e-01
-4.799961859160953859e-01
-7.202001484177844581e-02
-1.025043307692211636e-01
-5.135651946506941679e-01
3.885418062434782549e-02
3.936485161345393280e-02
3.729019618323016205e-01
7.097569659169247203e-01
8.374630242131442248e-01
-1.736142902486355333e-01
-4.218692224694907678e-01
-4.490500285216045828e-01
-3.628076426165681712e-01
3.594858091326857963e-01
4.800135927471885222e-02
-1.306550946001075464e-02
4.004474188378301935e-01
-1.541275639652124885e-01
-1.285691582501889973e-01
3.943041231098059485e-01
-4.574777039693440628e-01
-4.313106444270264350e-01
-1.362563632580131856e-01
1.134506186167121566e-01
-4.127888116299361365e-01
5.380461318015398314e-02
-3.421977330734432554e-01
-1.647569691336570330e-01
3.977865845538671730e-01
-1.376332545395589912e-01
7.021262356602877563e-01
4.331900672291595367e-01
-2.506312699315025455e-02
-4.966672405014321834e-01
-3.963083424787490205e-01
-3.018951895934963714e-01
4.523798456951282354e-01
4.016401160873105114e-02
1.179436482035316341e-01
2.283892985457369185e-01
-4.366961311044121885e-01
-4.692106884316109561e-01
4.333211199851848550e-01
-2.911036259411267091e-01
1.660169238483781562e-01
3.705655688140142567e-01
7.183774517119068115e-01
8.475280013823003333e-01
-1.275100789009711022e-01
1.723912167835168346e-02
8.589691346369611180e-01
7.242200972912302692e-01
-5.065309528173709275e-01
-2.232612104585633417e-01
7.351768736204380428e-01
-4.063402706193456893e-01
-4.457827174551581284e-01
7.392406069212922315e-01
7.397068040666339162e-01
-8.852829406150342084e-03
3.636687157839508799e-01
8.491540278731087854e-01
-5.284409913141556725e-01
3.377204912834106953e-01
4.213075562086465720e-01
4.142687096676526126e-01
-4.624939226557607252e-01
7.064157457992767952e-01
-1.570715866440073882e-01
-2.418825385313005949e-01
-5.097815164240901975e-01
-4.650393238653721673e-01
-6.288289514872084929e-02
-4.767783279306714861e-01
6.822075049961597859e-01
-5.026546621630514355e-01
-4.258578601562358901e-01
7.167868329213861189e-02
-5.096474601898194345e-01
