8.960155985816422586e-01
-4.411697715673505438e-01
2.940522129880522306e-01
-3.647816744815369772e-01
-4.674589845937373034e-01
9.856928780254776701e-01
7.692937704958033862e-01
9.401564059740508128e-01
9.165819891186809398e-01
2.445709062537735901e-01
-4.882784303038371632e-01
-1.691708715125167517e-01
6.271554146759561466e-01
8.872141447444205076e-01
1.530608479308894210e-01
8.759121907751918901e-01
9.358431351760534422e-01
9.373210308609621066e-02
-3.236180110407683719e-01
-3.862932872511409821e-01
6.955055325822954160e-01
2.010751856730416121e-01
-1.198816883621743601e-01
-2.820005064046638421e-01
-3.530532694902537294e-01
9.969767233537116802e-01
2.983954622732336026e-01
1.631224064638153448e-01
4.647594244670204544e-01
-1.641051233543236176e-01
-9.152756500243930393e-02
1.539949769237861088e-01
9.411709713303000324e-01
-2.330659524802951577e-01
7.009791269240877032e-01
-1.568282687083661364e-01
1.103944120620695135e-01
-1.721110306365039588e-02
-3.757836398838835801e-01
-3.409424941435755807e-01
3.499741368574622591e-01
-4.717601815229772177e-01
6.783602463539483152e-01
-3.334064550418278650e-01
8.092904124970913271e-01
7.775353544170491293e-01
-3.187719436750154900e-01
1.611375119481771867e-01
-2.751227806343409243e-01
-3.448195079023539389e-01
-3.558958316721017034e-01
2.998942961201278568e-02
5.137807821633037092e-02
7.973142536187520779e-01
8.042276379420313370e-01
2.191460031055029734e-01
9.138828745547322718e-01
9.676185170061946117e-01
-3.691582939131985430e-01
-1.324011272698965569e-01
-2.373292916972650490e-01
9.742904296865986247e-01
-4.453254039339427095e-01
7.711177709388215007e-01
7.757118813556440617e-01
9.451420492178037591e-01
1.786116705398422405e-02
9.817712524382785633e-01
8.975932483230888437e-01
8.916335483218327251e-01
2.471079716154191697e-01
-3.419251063247541467e-01
7.090546253517777675e-01
9.137189652821882113e-01
7.958860857869387573e-01
7.456835638250314258e-01
-1.317075904594231517e-01
-3.115568392843465206e-01
6.735754753449210153e-01
-2.609481722627714495e-01
9.598358295531266293e-01
6.489882139804787897e-01
-3.751566370041459209e-01
1.285466842227558915e-01
-3.647816744815369772e-01
-3.582201956271687804e-01
7.493389816842994933e-02
8.224659393127606855e-01
-4.203715741487284996e-01
2.769023289779108943e-01
9.968785657809470235e-01
-3.582201956271686694e-01
8.972952958327138351e-01
7.492940014739499222e-02
9.140439770974059241e-01
-3.670486899013016280e-01
8.927111789872296255e-01
5.911000840196107831e-01
9.157447659271107376e-01
3.615583907497679078e-02
2.684990001634000034e-01
-2.678302829882491798e-01
8.890360782494026726e-01
-3.873669812378284505e-02
7.154667700984478351e-01
-3.427022529025208764e-01
-4.827364779103046621e-01
6.791173626343153247e-01
9.742674719796501348e-01
-3.349751527077635682e-01
8.746125748565378721e-01
8.561580543141695809e-01
8.562254615661255008e-02
-3.840211648324523552e-01
7.802821777779285206e-01
8.194918647512523524e-01
-2.941746138424253809e-01
9.031522851779296701e-01
-4.288012581971676340e-01
-3.217784623803862099e-01
6.953132153156659223e-01
-4.144277652198762318e-01
8.138407088462439321e-01
9.568224306558670289e-01
6.975316135844060739e-01
-3.288551704436221135e-01
-8.018052446363953256e-02
7.854432164892384272e-01
9.756403127979256240e-01
-2.322817921030700949e-01
-4.353987347643941686e-01
8.849659915454715087e-01
-1.377867367613883065e-01
-1.557703763215359805e-01
-1.110562884593077337e-01
8.130331173613536411e-01
-3.337509698700159566e-01
-3.582116089896689864e-02
9.984470110795446995e-01
-3.603271712807456506e-01
8.336087912217726714e-01
9.103021130810322603e-01
-1.513806584144472001e-01
8.756719208999632631e-01
3.072429770383547920e-01
-4.559087982914868942e-01
7.819013764203210926e-01
9.755217624932485121e-01
6.401851860083787038e-01
1.204004921507438319e-01
-3.530532694902536739e-01
6.460676506380452766e-01
9.980502034851355120e-01
-4.849845670878416004e-01
-4.962524914078659255e-01
6.963964575570604776e-01
9.077615605199876869e-01
1.103472791594383023e-01
-3.647816744815369772e-01
3.108341511319789863e-01
9.980502034851355120e-01
1.097072567434350873e-02
1.122371857302993658e-02
6.261253889397667693e-01
8.548829074818035112e-01
8.988733642049446804e-01
6.403757973982961982e-01
9.039764985012339604e-01
1.057578006548806904e-01
9.032110315601072914e-01
-3.850643196730633711e-01
-4.932192215222078735e-01
-3.007512575397287002e-01
2.083160532713586657e-02
-4.703205808840381641e-01
9.758626201066140649e-01
2.471031324678023000e-01
9.172683056584709504e-01
2.656588383633439188e-01
-4.104326249088264822e-01
2.331206432625143599e-01
9.654457588668371448e-01
9.562763790038428802e-01
-4.151274230249927255e-01
-8.891025115611352059e-02
-3.710997917756620468e-01
9.058304712606495002e-02
9.599957668265941546e-01
2.878005180989184342e-01
7.687088437824730613e-01
-4.936249734796310240e-01
8.711276795266262862e-01
9.788584159163835619e-01
9.852125025899223232e-01
-3.558502343557926606e-01
-3.276167486901687687e-01
4.746572669772662345e-01
-3.277638225145808049e-01
-3.006990640978726703e-02
9.637367950561190888e-01
8.445165346106614512e-02
9.198849470232688397e-01
7.595108400587011754e-01
-4.378099288921672438e-01
8.158403126664126592e-01
-1.805794242636217239e-01
-3.416991854158347164e-01
-5.063806765522762543e-01
9.485366368601388931e-02
6.051942754006884861e-01
-2.409580983678562827e-01
7.229176459903233765e-01
5.024320187963819961e-01
-3.293234356557344644e-01
8.924432476182263541e-01
8.057801734054943488e-01
8.830019853681958519e-01
1.902822957860293984e-01
9.864729061638817242e-01
9.164882537226093362e-01
9.366347260283690579e-01
-2.617888475663341374e-01
-3.049748608977765341e-01
1.154770875546578812e-01
1.514341927324163728e-01
7.696453906267616829e-02
1.567943658081443481e-01
-4.044793343395168828e-01
3.210766612623384142e-01
9.714810552653250220e-01
-2.482506601559836268e-01
-2.712923724146411031e-01
-2.308205284161551352e-01
8.995413037093835662e-01
-2.432698477918111557e-01
7.837048564309242668e-03
-3.392548121204125855e-01
-4.240665229778087797e-01
6.727713139092504901e-01
6.973769600807986357e-01
-5.313952235116844447e-01
-2.727925615642310397e-01
-3.711583150450512569e-01
-3.614694188313153367e-01
-1.102344093104424549e-01
-1.644239138503635345e-01
9.099673016795745140e-02
8.845330842602564525e-01
6.410237113978966006e-01
-5.068173920730238979e-01
-9.232995038493355122e-03
1.967286759275040375e-01
-5.188775683790443072e-01
8.929541692992108981e-01
-3.068966974180949991e-01
-3.615452611946166073e-01
8.889521991342623775e-01
-4.665537950675383572e-01
-2.603516172604651291e-01
-3.222954545355147804e-01
-3.756472413774001318e-01
-3.198891348789067446e-01
4.671002507712307406e-02
-4.947737718955808606e-01
6.117544561363643663e-01
-1.963173460887848165e-01
-3.959295664857744868e-01
2.383446997447348781e-01
9.769884527658756479e-01
-1.486089277444328505e-01
1.813242178795414217e-01
9.982709242434426589e-01
7.683732483692804482e-01
-3.800240689929662574e-01
5.632288904607142266e-01
7.848861992084421590e-01
8.599928854435391345e-01
4.756160986039290051e-02
1.685163757877508051e-01
3.608588605446315656e-01
2.006346043064729801e-01
-3.393270043413199044e-01
9.380272131341085284e-01
2.159377454037538502e-01
-3.560024820486542563e-01
-4.222124598745347068e-01
-5.017125594513132114e-01
-1.067021061756995293e-01
2.780905221805199945e-01
-1.114613509780739212e-02
6.341108888549673583e-01
1.576094260914311096e-02
8.876373445945136276e-02
-6.196926886663798456e-02
8.827939511915161575e-01
3.933541107807597692e-01
-2.585289785712986954e-01
8.850364893776936359e-01
8.607699556749966174e-02
-1.056026905833383489e-01
