2.016010809254777936e-01
2.405455124864564614e-02
7.655881594284078551e-01
1.244422947363570675e-01
3.528501465408380167e-01
7.493787443389957614e-01
-4.168758418166753632e-01
8.233200073185888979e-01
1.141373494592158311e-01
8.154093387379514057e-01
-8.907252246319047329e-02
-1.257930331389466583e-01
6.742610763649143912e-01
8.175958958771178953e-01
7.601990399774632978e-01
7.769272718090566299e-01
7.766045866361768191e-01
-2.063731018472129974e-02
6.954010316818990400e-01
4.775174123623159295e-01
6.657367212824610858e-01
-5.975540295393279300e-02
-1.657241092434429408e-01
2.484601204360362831e-02
-2.111846848780003227e-01
8.159980624986064024e-01
7.786679907764452180e-01
-3.031320475741585904e-02
7.648962263029703834e-01
1.245023096039628713e-01
2.616792100488118944e-01
-1.679958222675423940e-01
7.684087877837606495e-01
7.472091746064103424e-01
7.044356283766957105e-01
7.299835344006646576e-01
1.533860107748070134e-01
-1.970645697510362698e-02
4.177481420003690271e-01
-1.642658858056690596e-02
7.294177243015941281e-01
7.200728765328278103e-01
7.169338946321994754e-01
-4.849316865035334378e-03
-2.901691212961245436e-01
-2.938611079004729287e-01
4.799583427149578529e-01
-2.641153406553987948e-02
-2.735503652906753347e-01
5.429861437027621029e-01
-1.688696220454872221e-01
-4.881465352195650531e-02
-1.024367892841455407e-01
-3.301991116277745997e-01
-2.888293410774403491e-01
2.814971852270061747e-01
2.465160846556566643e-01
8.475777742606815934e-01
5.111839439211107727e-01
7.069033377718365596e-01
8.514474503301162622e-01
7.925601917453746204e-01
7.868310267207798137e-02
-3.196850716143783133e-01
2.549992428909933495e-02
7.278027776608497756e-01
2.771412960635292744e-01
7.719559174333956442e-01
1.507731837370077654e-01
-8.716692370162486270e-02
8.117454404103154886e-01
6.226746770070094167e-02
7.115958304546445845e-01
4.491321612342483172e-02
-2.840829278841473515e-01
7.519833717100422588e-01
-1.917408967673479570e-01
6.433073133038964553e-01
7.140151216082875063e-01
5.812479274514541494e-01
7.396044408944356663e-01
7.490213103329738109e-01
-2.882396885714585411e-01
-3.039338107389483179e-02
5.463353795152812165e-01
-2.961507618657817087e-01
4.444229412907577670e-01
7.560822799486637269e-01
2.088625623579886681e-01
6.114605224756247681e-01
8.162308357666135938e-01
-1.115235514217409463e-01
-2.038173234396480349e-01
7.309958479597988834e-01
4.845912395547944534e-02
-3.003957811154296387e-01
3.165327088429251146e-02
6.836130107064952721e-01
5.310334054424619143e-01
4.300156793577998571e-02
8.571717585824407681e-01
1.133546479562549114e-01
-1.292695600981665360e-01
7.235164685024675357e-01
6.788647262004070537e-01
3.159079246322046286e-01
2.819108347342904053e-01
7.064524048638266551e-01
8.500048004563128812e-01
4.780767828503021954e-01
3.265875837642022717e-01
5.817130626022606332e-01
5.254968080027077049e-01
6.410860269374516474e-01
-2.595072540210066614e-01
-2.565074534313193100e-01
-2.386218186541618214e-01
-2.897596495595371538e-02
1.175104627817881442e-01
7.434236217324952101e-02
6.902309649508620026e-01
-2.004654592285027292e-01
-2.763837344941177943e-01
7.377565826998854215e-01
7.136584423698600910e-01
5.877455538305693672e-01
8.214927974543805300e-01
-3.122087140377043935e-01
7.327687509858640258e-01
-2.780117641909801707e-01
-1.456834733695894224e-02
4.453779038364217430e-02
6.832259922656422901e-01
7.528376912512266816e-01
1.861205475050869418e-01
-3.160366753554729735e-01
-2.329384403787516655e-01
-1.237955530550147870e-01
7.320544994288953333e-01
3.136782247021841497e-01
4.482723575333302790e-01
3.039338520793346543e-01
8.485059856893606423e-02
-1.826707053032807504e-01
8.596873425852149531e-01
3.604414888265559669e-01
-3.045341402743738657e-01
8.167994620339784628e-01
7.584364398823455478e-01
-6.012654769790456988e-02
4.063318991608118047e-01
6.967096213620540546e-01
7.407203610822137296e-01
7.145175938437495766e-01
-2.132876136144843393e-01
7.147726283712356743e-01
-8.921749661342059934e-02
7.560089016105742132e-01
4.998711339266810327e-01
8.689258438198180778e-01
7.524085325752399855e-01
-5.262387505097065182e-02
7.850220631731688048e-01
7.420679770033324907e-01
3.737663757930113073e-01
-8.196602756680838875e-02
7.046971786345975763e-01
7.199966294239352749e-01
-1.803248160637729580e-01
4.515777148238048211e-01
5.925567000240824500e-01
7.630305879869039298e-01
-2.532920827447706150e-02
1.573912434862854426e-01
-2.773206249960109560e-01
7.418216719844297202e-01
8.104297687103935166e-01
3.708550080023171880e-01
7.916540934859355172e-01
7.820397555967423253e-01
-2.414057045622338971e-01
7.655944157489039670e-01
8.050490992869356877e-01
7.524067702508006050e-01
-3.811829528326771133e-02
-2.650382353928131263e-01
4.843716453831962282e-02
8.069721226034386463e-01
-3.170637879700001216e-01
-2.775250034360714491e-01
2.572252109382657803e-01
8.382426903807362883e-01
8.564504831769936821e-01
7.452660019437273853e-01
2.504759951856009303e-01
-7.752155801775888200e-02
7.075168260313060564e-01
4.786278156651916360e-01
1.641628047928191461e-02
7.698615154144790029e-01
7.238145511033087232e-01
-1.893570856757186560e-01
-2.166972971717366914e-01
2.975081798377243736e-03
-3.676077989249083577e-01
-2.219679078919315485e-01
-3.091850634448965740e-03
7.874987190160046557e-01
2.016646875953763407e-02
7.053466577958807937e-01
7.589374543803670825e-01
6.606793510644095591e-01
7.482517314029552002e-01
-3.671069003399400621e-02
-1.985740603922626635e-01
-3.624346591445217758e-01
7.955874161794820321e-01
8.458252740490028732e-01
7.454109189239485067e-01
3.978090264242098439e-02
8.356982263881895800e-01
5.088792060861946354e-01
2.917442665589174422e-01
3.132500588620924509e-01
3.378875715669835689e-01
-9.055022069305405930e-02
3.752467476938334823e-01
-1.069641307166546013e-01
7.873059750636162146e-01
7.637481689551057773e-01
9.843168465700979919e-02
3.843252449375774149e-01
-2.954438753511292592e-01
8.458825476624642903e-01
1.348143034298932563e-01
7.028575497898569280e-01
2.163917972885299190e-01
9.209603009715795763e-02
7.714802322100118293e-01
7.107519433550765209e-01
-1.313809529207025650e-01
5.379489951396188019e-01
-1.041201770083202416e-01
6.020648899932004028e-01
1.614530060827849556e-01
7.431889216847378243e-01
7.378460690449855086e-01
1.789628541006150764e-01
7.410410478755325991e-01
1.821223871933760341e-01
7.463129147592229007e-01
7.686212813067881955e-01
7.570083876061420858e-01
8.157062268717792941e-01
7.589459354957364123e-01
6.629486358928211587e-01
-2.641952601337118622e-01
7.814235987348971957e-01
-4.847415865807279400e-02
-8.712532196846722865e-02
1.042088138513006246e-01
-5.011372036872656366e-02
-6.765163956527785183e-03
-3.262219884814027138e-01
7.131501407902662848e-01
1.081446263991929918e-01
4.994309216375834026e-01
-6.441993805525625394e-03
6.725544640195362245e-01
2.685546533470373753e-01
1.408052669496864251e-01
8.376213112406070138e-01
-3.258783169977075289e-01
2.960825391466677670e-01
7.381172942813196691e-01
-2.925081498967401217e-01
-2.309096995419150922e-01
-1.144609472642104941e-01
8.793841631465989517e-01
8.537289140385367903e-01
6.775047534824879536e-02
1.954078824460000474e-01
8.126263669259126132e-01
-1.416520379102061966e-01
-6.415536841986600736e-02
6.968587698506811812e-01
-1.762285844053944062e-01
-9.713949820935886825e-02
7.514804979248066452e-01
9.750893066309733459e-02
7.102413571468320086e-01
-3.305406342896006766e-01
7.275474359110523093e-01
2.241891567538131791e-01
-1.656104918812122823e-02
7.725596479345782086e-01
-2.762987529106354367e-01
2.381524540843483750e-01
9.140180934051090889e-01
-1.598628058866349011e-01
