-1.218179034004798211e-01
-1.222834829939781764e-01
-1.227733244366989163e-01
-1.216709812987765010e-01
-1.223444548158758305e-01
-1.223011451339572481e-01
-1.213447989355017631e-01
-1.222667361084003035e-01
-1.223668369661687905e-01
-1.228371395872796118e-01
-1.217817152751488607e-01
-1.218383879310792756e-01
-1.226897119971900318e-01
-1.231807587297572421e-01
-1.221858441967249298e-01
-1.224732195426001258e-01
-1.228548833286537412e-01
-1.223867762135635029e-01
-1.221058462755828522e-01
-1.222913095791705318e-01
-1.221917752574689653e-01
-1.221202847835541339e-01
-1.222839173778442201e-01
-1.215977795736666034e-01
-1.210645648486457504e-01
-1.228795193387144519e-01
-1.220641991495919482e-01
-1.217324663818560027e-01
-1.224690502908240275e-01
-1.224158262100954186e-01
-1.219366191336502120e-01
-1.217988769490823270e-01
-1.225921230641988657e-01
-1.222749361529725243e-01
-1.226158263006030397e-01
-1.223357081757317777e-01
-1.220691494896878615e-01
-1.221803764950459004e-01
-1.217544605343044428e-01
-1.222196715796297767e-01
-1.232538100929650438e-01
-1.220333764299967316e-01
-1.222803709827390561e-01
-1.221401527332856007e-01
-1.213828971231809828e-01
-1.216407449148701470e-01
-1.220948532083944438e-01
-1.213541614556918058e-01
-1.213101490544321037e-01
-1.219828411443113353e-01
-1.215389237334350558e-01
-1.225976893580266042e-01
-1.215062217940741374e-01
-1.218646180404740764e-01
-1.217703418997355957e-01
-1.224812476619406426e-01
-1.221918752946680869e-01
-1.230270080353473294e-01
-1.218999010020483109e-01
-1.227254069116409663e-01
-1.229677847992667050e-01
-1.221392367727542894e-01
-1.221173863567490969e-01
-1.213489191639720299e-01
-1.214828588928868330e-01
-1.224140113296770388e-01
-1.220985594852453671e-01
-1.229502860499291084e-01
-1.218463064664248308e-01
-1.217337016891956170e-01
-1.222643514965731648e-01
-1.221898371835136304e-01
-1.226360885794566952e-01
-1.218127937189579790e-01
-1.210955034486525528e-01
-1.226036451040816155e-01
-1.215896858749323795e-01
-1.220632798498560434e-01
-1.224532447191638840e-01
-1.215453105977186282e-01
-1.229009639407542404e-01
-1.224017317186860410e-01
-1.215045900680905011e-01
-1.225409789807598987e-01
-1.225542148957819572e-01
-1.214893610233090115e-01
-1.216290960911911023e-01
-1.228433790755727728e-01
-1.221536494183773913e-01
-1.220484632233242578e-01
-1.231968551577674875e-01
-1.219782346519890925e-01
-1.217169568978859334e-01
-1.219419260461475363e-01
-1.216634766629437758e-01
-1.216206793412363263e-01
-1.218240532547462673e-01
-1.221775946489592896e-01
-1.225868718855653294e-01
-1.220896345812370609e-01
-1.230936440840193213e-01
-1.216302816015200211e-01
-1.213418849463879512e-01
-1.222853458624229839e-01
-1.219400975143048460e-01
-1.217147870915171737e-01
-1.220303686561370338e-01
-1.221960375193084231e-01
-1.222520533570671808e-01
-1.220656297463743184e-01
-1.219178575276212706e-01
-1.222221749929001122e-01
-1.220795508844944310e-01
-1.221152944206247981e-01
-1.216156652194130272e-01
-1.218783521340195269e-01
-1.217461274417908634e-01
-1.219059269622202457e-01
-1.219260243131371491e-01
-1.220717737462011510e-01
-1.221127931149887519e-01
-1.219205077415083383e-01
-1.219080192975342675e-01
-1.226329829496452667e-01
-1.224024191335550127e-01
-1.218579010760019871e-01
-1.229676374127756655e-01
-1.211658571781254468e-01
-1.222037718022343233e-01
-1.219723836740554956e-01
-1.222602412602189770e-01
-1.216378349896579114e-01
-1.222847271731727081e-01
-1.217682653422243605e-01
-1.218164248585437148e-01
-1.214441256573810107e-01
-1.216441708162336599e-01
-1.213534965998312315e-01
-1.221026622596025901e-01
-1.220826192226941165e-01
-1.219081931304154542e-01
-1.214281908591074571e-01
-1.224516830680508067e-01
-1.217746706890368291e-01
-1.227020454870476063e-01
-1.225675690082167479e-01
-1.214321503196067881e-01
-1.227169360524132946e-01
-1.224907860609982801e-01
-1.221963523226167470e-01
-1.220188279359632200e-01
-1.220606565559475831e-01
-1.223003998764702199e-01
-1.223224129861526788e-01
-1.217817229728743178e-01
-1.220562989767123852e-01
-1.218049349345883547e-01
-1.225838354759554993e-01
-1.219075915917624126e-01
-1.222305162932346423e-01
-1.223177302354944151e-01
-1.224232923983990529e-01
-1.225407949336354968e-01
-1.226992204594367086e-01
-1.222708047613714211e-01
-1.220028882655527919e-01
-1.222430487800332949e-01
-1.228321287606740086e-01
-1.222103958506232518e-01
-1.220711069804391591e-01
-1.219356105036565885e-01
-1.228635718023607659e-01
-1.224298989903225138e-01
-1.227391633753956435e-01
-1.216699787787303561e-01
-1.223506107072406535e-01
-1.222794661919676673e-01
-1.222477584161548309e-01
-1.223555036801527163e-01
-1.226826409454156580e-01
-1.214066634108063175e-01
-1.223184729614001931e-01
-1.234345569193383563e-01
-1.225336478188280426e-01
-1.222975430212135672e-01
-1.215508527055876448e-01
-1.220828438474250432e-01
-1.237642356692974233e-01
-1.214056172911700954e-01
-1.218129872714356909e-01
-1.222739999512502118e-01
-1.234808812316813553e-01
-1.228992974941532368e-01
-1.220844052942246655e-01
-1.222530851233305654e-01
-1.222871293316557390e-01
-1.222885320698092748e-01
-1.219811613171214865e-01
-1.214853882439844712e-01
-1.229171674711441176e-01
-1.218541554542153377e-01
-1.217064387428406780e-01
-1.217635206927762948e-01
-1.220296263984710639e-01
-1.218374319519050231e-01
-1.216462934578822624e-01
-1.218360641804423633e-01
-1.225884010428345966e-01
-1.226111912355533767e-01
-1.225510058777871114e-01
-1.221593929400688339e-01
-1.224556706604539302e-01
-1.226911716051732881e-01
-1.225634088659742771e-01
-1.214582072111676792e-01
-1.215330975800407165e-01
-1.228256245699424487e-01
-1.226142232121029685e-01
-1.219614267829329524e-01
-1.223990953029927692e-01
-1.228644702388220211e-01
-1.222155490673292738e-01
-1.220593103284563080e-01
-1.220257822854255991e-01
-1.224463637645127334e-01
-1.222920825091051156e-01
-1.222750397075145767e-01
-1.219776034852609325e-01
-1.226039718227152631e-01
-1.222691652423476272e-01
-1.222136528903796648e-01
-1.217591632124341433e-01
-1.217323997030437255e-01
-1.223787609199263049e-01
-1.219616107736733734e-01
-1.220822805308388048e-01
-1.219828553527886744e-01
-1.221779188894475954e-01
-1.223351777434557031e-01
-1.227508015889411663e-01
-1.216786575963510614e-01
-1.218883974684293880e-01
-1.212797527942114789e-01
-1.216470023170571901e-01
-1.220025000348947952e-01
-1.224725577654948022e-01
-1.229326439363852552e-01
-1.218745967093258220e-01
-1.228749697121206408e-01
-1.223847379211031317e-01
-1.220179576653988157e-01
-1.234894113334584764e-01
-1.225642330301401767e-01
-1.225755870285509253e-01
-1.221522778632929268e-01
-1.224436812690516130e-01
-1.215448776045941204e-01
-1.228916888612152092e-01
-1.222056944165702541e-01
-1.217668516647101573e-01
-1.217939527745002248e-01
-1.221897332673871073e-01
-1.225797449437141806e-01
-1.217900028339546220e-01
-1.223037932084927726e-01
-1.225469372684286767e-01
-1.222339869059515249e-01
-1.215270958210540042e-01
-1.223262421349916029e-01
-1.219567279591171755e-01
-1.226753628057948853e-01
-1.223617581230211915e-01
-1.214953566995088663e-01
-1.218504803067446685e-01
-1.223896692737016095e-01
-1.218798047254529421e-01
-1.214629660543197348e-01
-1.226107137767640104e-01
-1.227705353992010195e-01
-1.225241464250935858e-01
-1.222136701014376742e-01
-1.222332972733359141e-01
-1.223072726491796214e-01
-1.225417164154425087e-01
-1.220022021346419128e-01
-1.225445675092672881e-01
-1.217107336382658722e-01
-1.226424759554205907e-01
-1.231386044588978768e-01
-1.221879837048532869e-01
-1.229384533074177610e-01
-1.213846183489598191e-01
-1.220293421044822413e-01
-1.227124060451736109e-01
-1.221217659143828266e-01
-1.224591325973148487e-01
-1.215363565890921760e-01
-1.220321347830667924e-01
-1.225921619223838133e-01
-1.221411741797811673e-01
