9.564657424790186102e-01
4.422617505350580625e-01
7.066146770455903336e-01
2.221878816333376361e-01
5.525642575801471557e-01
2.027258402089550660e-01
7.198390354079660103e-01
2.149665678729637541e-01
9.958703481595982954e-01
7.275822092622314941e-01
5.655183967534573863e-01
-4.542131099896828950e-01
8.671777043776802696e-01
3.118555293181622945e-01
-4.185792024476105988e-01
9.151491833024791855e-01
1.573554592797917484e-01
6.380044954099650667e-01
7.158743041319205747e-02
2.369909942495682653e-01
5.524726903089456354e-01
4.829123857264442932e-01
-4.849026577705843888e-01
1.618922785964120592e-01
2.540609467729368909e-01
1.718534145885621256e-01
7.252536252740470202e-01
6.568366789504189729e-01
7.362999035343175125e-01
5.071372202738095858e-01
4.877145183762475744e-01
-4.580341410917255773e-01
1.460055486442848327e-01
-4.692745347330175010e-01
8.940490913739639334e-01
-4.403194257569064129e-01
4.894220576277397150e-01
4.914476954408381060e-01
1.277985533071600843e-01
5.462154612952255794e-01
7.375904027213847636e-01
4.892295841333971218e-01
9.216554320626813013e-01
2.821191392749922144e-01
7.178644586208109413e-01
7.086054389860600988e-01
2.129479246712295826e-01
5.587646354176336594e-01
4.766263409220662384e-01
1.984564799825716541e-01
1.772336223082808249e-01
3.644953637715531158e-02
4.707362267516708165e-01
4.712033588366131287e-01
7.203541627212695087e-01
4.751681334252430555e-01
9.101683432118601313e-01
2.059348369741397233e-01
5.403004744927715208e-01
-4.306403451558878936e-01
-4.912318693844972550e-01
1.253334490815364854e-01
5.463419021135098586e-01
7.569452389808360993e-01
7.738077225587047803e-01
2.162581799020596163e-01
5.396055360304825577e-01
4.890849806414369616e-01
9.556209941465882984e-01
9.622249765673145383e-01
7.258068170038545208e-01
5.225677479383978863e-01
9.476748233537410915e-01
9.620829053904893513e-01
6.982170302397479045e-01
9.324756393152231482e-01
6.131800003989000825e-01
2.336552920779303988e-01
8.447499154583744119e-01
1.374749139390896158e-01
2.393956212656378202e-01
9.184959929234399745e-01
4.288947653072874289e-01
3.925905792161447083e-01
2.071297223166835844e-01
1.670563379636688661e-01
-3.619293696759201540e-01
4.260305218244995196e-01
5.518432101864045869e-01
-4.305479333306376777e-01
1.177243320216271871e-01
2.422448623989328087e-01
9.958703481595982954e-01
-4.524317259388689338e-01
9.494496760649964173e-01
1.142926866476794007e-01
9.513531967566650760e-01
9.439014375628516085e-01
9.675996098879766638e-01
4.450833329533487870e-01
7.243198427257460104e-01
-4.913338530498428947e-01
9.272345240465882377e-01
-4.309326379760796133e-01
9.457538470315551837e-01
2.053545781171535745e-01
4.044353113731398164e-01
8.525181966847711346e-01
1.439414437742087549e-01
2.257341863026675055e-01
9.582180071218652229e-01
9.526983545258678188e-01
4.941187985874959665e-01
1.791807474385186394e-01
7.260942504454039881e-01
7.079124703571195720e-01
2.933672268654377024e-01
9.983849755443603424e-01
4.757282950050991110e-01
5.405795492616667364e-01
9.621705597046439351e-01
4.979405873407525274e-01
7.370424890928476414e-01
2.025523166832001731e-01
8.438658294955034833e-01
2.052229739833882349e-01
4.035564552270047844e-01
5.003032726392681040e-01
1.343717590158080288e-01
5.385742536545012893e-01
5.287867901882006283e-01
9.726684069816911027e-01
-5.088186895140489607e-01
-4.835904864086948418e-01
4.995708084558116990e-01
7.142388325232887913e-01
5.585533458650906447e-01
4.835904045880369262e-01
1.569663980536932513e-01
1.771752734849433852e-01
5.715647857374062113e-01
1.301249625442313929e-01
4.672535805725982483e-01
9.991469275957116647e-01
7.204516481945621997e-01
5.460563784283075650e-01
7.350241013689633451e-01
1.425504402916281110e-01
9.216123423042865692e-01
6.464577944491116668e-01
1.840885637911213180e-01
9.316650993984008089e-01
5.740174635205891329e-01
5.053287922755679284e-01
4.451303477532826958e-01
7.948271941809543772e-01
5.322060183201231531e-01
5.147610646822289304e-01
1.598551357576327714e-01
6.947623533182907263e-01
5.135122025321298134e-01
5.463748664207102035e-01
7.249107229761078131e-01
5.751736530999688179e-01
4.860687744291138923e-01
6.983965506726961259e-01
5.495784006396076116e-01
9.759465983347116458e-01
-4.740264290919217194e-01
9.365049094733828294e-01
2.081678147269149515e-01
5.081605692270052543e-01
4.898027402080952220e-01
5.174033598855661831e-01
4.829725844583023786e-01
6.421818383838256983e-02
6.720422175048321733e-01
9.434570978586830359e-01
7.162751334845839368e-01
3.908611154118584174e-01
-4.183893296641114645e-01
1.597224046405872899e-01
4.226343494065442630e-01
5.099764792705636651e-01
5.889781611079160095e-01
1.043693874416833783e-01
5.526236264284376531e-01
1.929174458919132307e-01
-4.998676534743193289e-01
4.542133230370977159e-01
5.284098975313407109e-01
4.790622885202142633e-01
1.473282656739276497e-01
1.799326078601460877e-01
4.897119388699417430e-01
3.058889389091170585e-01
5.790924338995777632e-01
2.158031011806016974e-01
4.421162265916089851e-01
1.861042937620978610e-01
5.049654352655363887e-01
9.848939944469743413e-01
7.142890663732852641e-01
5.522902932270785659e-01
6.987248242729593439e-01
-4.377301706439387652e-01
1.997474373957364158e-01
4.619723110098993279e-01
-4.550729070513724883e-01
3.646394521853417725e-01
-2.440369610092721908e-01
8.721293482939922459e-01
8.609246737401385907e-01
5.620327719458282356e-01
9.516855423971748440e-01
4.166369246447822472e-01
4.728400742754491626e-01
7.500601666712607418e-01
1.484481290106987594e-01
9.835357975794208896e-01
1.600208508945872299e-01
1.539164892326201350e-01
5.558930442417084894e-01
3.723661383902051591e-01
-3.584410607446250063e-01
5.339424283833659191e-01
4.853026318090759572e-01
5.331941026628073121e-01
6.417753885137211789e-01
2.091931567288422000e-01
1.488536125131229015e-01
1.598520754316152259e-01
4.100966470125790020e-02
9.348688892703412856e-01
5.182677855236241804e-01
4.467169549842225362e-01
5.303804857485123758e-01
2.836948793645999722e-01
4.370034464261190466e-01
5.248548717093294291e-01
4.363226033565890116e-01
2.390623738007579546e-01
1.563789971937123435e-01
5.078520182409895778e-01
5.152189551946513291e-01
-4.133490976677166584e-01
4.624163571386339933e-01
9.746156376179715419e-01
5.255031628607942373e-01
4.949362066070661648e-01
6.037578896036295273e-01
7.270923801715873935e-01
5.320338024753095141e-01
5.079267872502908343e-01
-4.692999551751447784e-01
8.985920767245400564e-02
8.311781736095226192e-01
5.335646532134916686e-01
4.892315344170906632e-01
4.855538248195317430e-01
4.656343903394051242e-01
-4.286059034091092013e-01
-4.467154076924375050e-01
5.689727286198968947e-01
8.831568951728115957e-01
5.292393313870301652e-01
5.497945750738566506e-01
7.434415009364044868e-01
1.014846919289474347e-01
5.011345265770423829e-01
5.098620025774462938e-01
1.758248871707118466e-01
7.441830479357358641e-01
1.680346283307937449e-01
9.265785213461852354e-01
7.465795487779700590e-01
9.283419015307158295e-01
-2.616834435066641151e-01
7.423556921670226849e-01
6.588654294137931133e-01
4.637693261402137668e-01
4.776632464332555283e-01
4.457750919246554755e-01
-4.180217913299989485e-01
4.736768463198461898e-01
5.317880388590772167e-01
4.731048500585568473e-01
-2.699395356348850417e-01
6.888602149641400718e-01
2.640281143402944952e-01
9.596397960842228958e-01
-4.557911459389050179e-01
-4.147060708101011350e-01
5.300436844553118032e-01
9.310950987669913692e-01
7.281810060725735223e-01
-3.632760982981682041e-01
9.348358821482618541e-01
5.870560775603888004e-01
5.659483107061523688e-01
