-2.942449292102393699e-01
7.651919650749146040e-01
5.513957709290844694e-02
-1.831937222038224344e-01
-4.113903068514874750e-01
-3.566256325259197224e-01
-3.092731684205070053e-01
8.988765405414348431e-01
9.389203636878942216e-01
1.031165694164607599e-02
9.123690195950714399e-01
-2.863272171391659238e-01
-2.684350917371965961e-01
9.217370513049673031e-01
-3.626796969118036840e-01
6.648811055247774160e-01
1.582704963244450924e-01
-4.898394709784805179e-01
1.112890454087031578e-02
9.168521641526943267e-01
4.417534093834180053e-02
7.569261540717082681e-01
8.682234872527987424e-01
7.805794824760947659e-01
9.267466420833810892e-01
7.703324596994325368e-01
8.592322432659172948e-01
-2.412934116798238771e-01
7.856948120793755264e-01
2.476736301364296233e-01
-2.881033112494081894e-01
-1.703373522161136244e-02
1.015415641079144698e-02
-5.369904849112415723e-01
9.165260124765259864e-01
9.299707717143474994e-01
-3.597284763297587395e-01
1.962220775818671326e-01
8.894386088430005222e-01
-4.370366639714544643e-01
3.222809815604315564e-01
9.220911674475122943e-01
-5.061671858730659723e-03
7.830295233333749161e-03
-1.251304436455127622e-01
8.744129716539235098e-01
-1.992642934389719789e-02
8.811608892914988278e-01
7.513675313956255097e-01
-3.820565953690981953e-01
7.311571419876630173e-01
-4.321276887867360195e-01
6.857520663742049383e-01
-1.332951378856099822e-01
8.773715975848414006e-01
7.552366803221198799e-01
6.770931337700241137e-01
9.408296880287826403e-01
-3.201634625711696769e-01
-5.835594672024980306e-03
7.844928035209555173e-01
2.137657472046488455e-02
2.457492882337693196e-02
-5.093149451984210208e-01
-3.392803878399753281e-01
-3.599432612315717206e-01
2.956731671736067546e-01
1.269908432509146701e-01
-3.301590569697561151e-01
-1.224811015261577374e-01
8.566677092996115572e-01
8.923095479871862024e-01
-4.039808310366817534e-01
1.978476002953829804e-01
2.980477911849184758e-01
-3.294248483567400188e-01
9.281728656482955975e-01
9.072042029890913239e-01
8.666715102194239018e-01
7.939746625574357619e-01
8.424971549186495157e-01
-3.089094383575025637e-01
-3.110542936035406436e-01
-3.835786950525540417e-01
8.861297893999370290e-01
7.393531133739581485e-01
8.879233391211487358e-01
7.050156164247951551e-01
8.794434278330251487e-02
-1.438106732237827423e-01
8.310529175578987848e-01
4.026468935889630785e-02
-3.625614658952613367e-01
9.249008546130215169e-01
-3.101050567194629237e-01
8.063305122646230449e-01
-4.123147154961538940e-01
7.444089257503161416e-01
-2.487541308457638101e-01
1.430718908027237279e-01
8.787962418399622999e-01
7.882048628714082295e-01
3.165999310365493757e-01
9.179071512442699143e-01
9.613284444938740014e-01
-3.407047404347510744e-01
8.883461922863216120e-01
9.149788674687062695e-01
-3.914430863422889706e-01
1.101380059141579271e-01
9.137787384509687971e-01
9.147383887110158707e-01
1.109578919220637894e-01
-1.817363235604464722e-01
9.031972501365354011e-01
8.780410765043087373e-01
8.914414473330759536e-01
9.264116618836107930e-01
1.710389623727099351e-01
1.285047411490723157e-01
8.921719203954874278e-01
7.496865039259971164e-01
-1.834618939055047138e-01
3.632239019421104609e-01
-4.457901749897431043e-01
9.395702211928689263e-01
-1.131680406848122739e-01
8.895565332641467426e-01
9.341613479015147270e-01
7.471449215639019981e-01
9.418485533229740136e-01
-2.236717090539864505e-01
-4.157451462612581361e-01
7.393630043567783749e-01
8.017289540883686394e-01
-7.279895187666945988e-02
8.971455136998622848e-01
-4.482028920900120172e-01
-3.636060859735623096e-01
8.701189310246618680e-01
-3.544385485405545655e-01
-2.651316574488957745e-01
9.291773828744892549e-01
7.969859493855262489e-01
2.201771931419014561e-01
7.190638898379251298e-01
-3.747622445801954139e-01
2.055636536261474523e-01
-3.590371907432850507e-01
1.316604221037456224e-01
-2.736011660179403227e-01
7.884695065466686970e-01
9.381489023275277894e-01
7.694095627684683913e-01
7.467966943806132463e-01
-1.065598519827338636e-01
7.027421818626526928e-01
9.193797471823200729e-01
-5.648906851200374835e-01
9.842809693932860760e-02
-3.872194745293447982e-01
-3.669578593690157597e-01
9.325151350831463182e-01
9.233665928252552391e-01
2.441516477376042549e-01
7.448617506286049350e-01
2.352985534212768612e-02
6.889615036006845050e-03
2.523032397812610128e-01
8.456600860935662434e-01
2.918647505362887973e-01
8.309067032786903173e-01
-3.435570768248685236e-01
8.371641365061408546e-01
7.956201986224198386e-01
8.291037720879025352e-01
-1.446497044879857252e-01
8.833239383697231162e-01
9.000235120872983607e-01
-3.625611487513795139e-01
8.311491898509878462e-01
-1.973072447719493028e-01
7.895247227772052012e-01
-4.691048849134242249e-01
-4.325099066120827729e-01
-2.941640929262197002e-01
-1.722263401453001663e-01
9.198189533995410061e-01
-3.423812404219705452e-01
9.512754210217340134e-01
2.198697189840719546e-01
-4.733059655415195466e-01
2.619670973332562380e-01
-5.883800257905832942e-02
-3.772027017609702049e-01
9.273362423909383701e-01
-3.099349117765740069e-01
-2.678171692647179913e-01
-3.522384414774862860e-01
7.856797377732411825e-01
7.579304264706607785e-01
9.162284257044105429e-01
7.252432963372779096e-01
9.054926839150436724e-01
-3.530548890545615603e-01
7.492321664087775446e-01
-7.018113368263288743e-02
7.719007290314037206e-01
-3.142614987992558007e-01
-3.340397560391288878e-01
-2.645634665711777203e-02
1.657082528761970597e-01
8.701641682549146051e-01
9.065333505342241249e-01
-2.791673127826854728e-01
9.390921773193869893e-01
-4.317386158859283785e-01
-2.557891069275530227e-01
-2.589994237579553160e-01
-1.753121161649179305e-01
-3.697287491545686033e-01
8.844918845097118343e-01
9.183486624563649281e-01
-2.990274802346709615e-01
-1.539864406594967372e-01
2.355690696320597577e-01
7.989496648713525495e-01
-3.254616373610961233e-01
-2.475952497636446648e-01
-3.939930711057808566e-01
9.415202083886636819e-01
9.222833500215811275e-01
-2.763071678446107904e-01
-3.447565188399626668e-01
8.065430334214551689e-01
-1.900830541459084810e-01
1.872072318591931905e-01
8.957484276478679952e-01
-3.965431648935452968e-01
8.866551934352854270e-01
9.330636755217582845e-01
8.921087710708470730e-01
2.423171777909456093e-01
8.917571578172861502e-01
8.698402631095779602e-01
7.639730358158275392e-01
9.033904115285678049e-01
-2.425900364591694058e-01
8.972695875431220269e-01
6.104038394764296216e-01
9.505831567541999094e-01
-2.993755796331017405e-01
-3.980245719792872006e-01
-3.449160421847974889e-01
7.373354332795472033e-01
-1.346502562912639811e-01
-2.754308019725398848e-01
-1.822610627765513247e-01
9.079953605145300033e-01
-3.773481527413078407e-01
-3.695704763239019419e-01
9.051491295797430281e-01
8.772023126330794618e-01
7.790308538891566048e-01
8.705762668978918040e-01
1.718158030427058280e-01
-3.527818184821797654e-01
2.013790135377155621e-01
6.875463576382383479e-01
2.933383317670561208e-03
-3.279720700245439824e-01
1.275959245955432808e-01
1.751560846207850797e-01
9.398301079204508524e-01
8.711121982467106006e-01
2.592117725349648572e-01
9.052544987236939011e-01
-1.477059754006576631e-01
1.388893023678523797e-01
9.216398789823646576e-01
-1.944966290807839948e-01
9.349701671715420215e-01
9.114088990401351120e-01
9.292177083870407639e-01
-2.116254790551741136e-02
9.125590775846657010e-01
3.723728795942872483e-02
6.876745764338207945e-01
8.732455721151780592e-01
7.891049371291833925e-01
-2.302579126088848127e-02
7.570765380598191152e-01
9.010091428215988296e-01
9.171428260418358347e-01
7.436536663079321152e-03
1.964458055824147842e-01
6.989650948430450317e-01
7.882518540094137771e-01
8.899460414080190285e-02
7.347784155329688538e-01
