-1.338811106149108698e-01
-3.570508493174232023e-01
1.174970032856538088e-01
9.122367748769765194e-01
8.880510287196990982e-01
-4.160078144068377615e-01
2.734105430169785772e-03
7.643281575331023481e-01
-3.696413292045129528e-02
7.516339021263350739e-01
-3.200405519661907450e-01
9.156940612616574215e-01
7.722708978150697456e-01
8.192574164538648507e-01
7.375861013614209982e-01
-1.341030508317262726e-01
7.358693961941492612e-01
7.828862040271477030e-01
-2.750107973224608093e-01
9.556475843873400988e-01
4.159335930142827459e-02
9.106051869422814304e-01
6.031901632256517765e-01
-2.021727594014479101e-01
-2.666159791008743674e-01
8.883497715286916563e-01
-4.262517140693596329e-01
-3.296877973877578027e-02
1.388765343850315859e-01
-1.156899411551599727e-01
-9.522339097704339561e-02
7.119889740714914206e-01
-1.230226550255812124e-01
-4.400036501191773031e-01
9.182991416484721503e-01
1.970389881183323699e-01
7.880669168722955753e-01
7.484305976922854819e-01
9.102565055330148480e-01
8.953178820931492199e-01
6.953157473191414750e-01
-1.451243042032253072e-01
-4.616677403793891799e-01
9.289074213925998524e-01
-8.743280399920602686e-03
-3.657562698386244149e-01
8.515494539484491643e-02
-4.750227696752543083e-01
3.810481776746819232e-02
8.064889287861538580e-01
7.840958705031843001e-01
9.165376142640597745e-01
-4.439914376480321723e-01
9.081082462245985143e-01
9.250479580214722164e-01
1.290696249161588649e-01
-6.451277188235941817e-02
5.537242470556314605e-02
8.087239805091727129e-01
9.359664982235137431e-01
-4.859289607878788941e-01
9.010090071759521146e-01
3.014000723411475735e-01
9.003057736773887321e-01
9.033795132926096816e-01
7.507709364551856668e-01
-2.069103384930328082e-01
-4.898831909824553632e-01
7.702463645854917829e-01
-3.359934242238206137e-01
9.157387902280212932e-01
5.705250045779403090e-02
3.197043347872918773e-01
8.915821016413287836e-01
8.446033716593799312e-01
8.367948865209440257e-01
9.233539354532804833e-01
8.248788638498085746e-01
-4.476059984647970391e-01
7.278034871622356822e-03
2.267045420139178757e-01
8.871103939690492268e-01
8.571761543718938725e-01
7.508532159418022101e-01
-3.309919371565240853e-01
8.951527982452839316e-01
9.227987136173115834e-01
5.239274368329707027e-02
-5.814822860704497304e-02
-4.672256861145276385e-01
-3.002731765077391035e-01
-4.481446915159452149e-01
6.918910938393635357e-01
-1.283522566636335627e-01
7.467590146677571816e-01
-3.480969256406857282e-01
9.341037394475414368e-01
8.873750412194274517e-01
-2.983789626958640445e-02
-3.033519578013362666e-02
9.205338003853738016e-01
-3.775422367149322556e-01
-3.292093481063354532e-01
8.000218156228766642e-01
-2.983214409411627521e-01
9.038437284287993423e-01
1.474009068095488706e-01
-3.345453202046529961e-01
9.090130134806636564e-01
-2.971223174999303995e-01
-3.585189039209913386e-01
5.636988261046196880e-02
3.058044628306950119e-01
-1.726108750961595495e-01
9.113719658996601858e-01
-2.495921229023201904e-01
8.950967365182506130e-01
7.716897580852948302e-01
9.360244313458857546e-01
-2.077346118210385839e-01
-1.371250525987702251e-02
9.255044120870480340e-01
-3.312417452959705577e-01
-5.646535444796121905e-02
-4.873600115460104965e-01
-3.382633988692635429e-01
-3.624034420754694286e-01
7.856615365685261088e-01
1.804158756762277716e-01
3.646518442025520335e-01
8.630837983123150758e-01
-3.970064201205191767e-01
-2.711956388935130580e-01
-3.114510493514956457e-01
2.082315175047264599e-01
-4.374747719995558670e-01
2.203185276819590865e-01
-2.172539487655218704e-01
1.503627580973254663e-01
-1.108979059372732778e-01
8.928275731905463974e-01
7.188448046449787965e-01
7.478836726676623137e-01
9.192177795394347317e-01
8.278787681360351147e-01
8.236314670446185371e-01
9.203139031898621703e-01
9.214505734117336977e-02
8.073115454952858316e-01
2.192338024243478956e-01
-4.584881128868045774e-01
7.739345459166711017e-01
1.672211542603681544e-01
-7.080390295898004657e-03
-2.810349110506994985e-01
9.218963800760956451e-01
-3.163359266475909148e-01
2.042551048809644332e-01
-3.761063408147923282e-01
-1.313915332575007755e-01
-2.790237943648973262e-01
9.086723717053571958e-01
-2.125639047015602801e-01
1.037837334883678353e-01
9.100486850602335087e-01
9.110747515018176035e-01
7.454847305019380865e-01
-1.419438333648831430e-01
7.783701047612422430e-01
-1.342574823559222752e-01
7.268362614026319113e-01
-3.351450677947034884e-01
7.980561659643847783e-01
-5.168127233460817482e-02
8.637899117524691084e-01
-1.990991643436303415e-01
-2.553349657577416165e-01
7.362280878645058868e-01
8.479387470021848561e-01
8.841265334855630265e-01
7.690871505442689049e-01
-3.582563410116661462e-01
-3.985434596604268132e-01
9.156594285166361757e-01
8.843398448450774385e-01
-2.956564436147948727e-01
1.380846171854902271e-01
9.203896447360531141e-01
-4.001317884561750859e-01
-1.200372549367017538e-01
2.228229135209536804e-01
5.131938294204600043e-02
3.591278341691035991e-01
9.151249397374729977e-01
-4.750644857473066418e-01
7.185935972694198481e-01
7.202106032326136553e-01
-4.099644581731724524e-01
8.462044927107598147e-01
-2.047938690102154569e-01
-1.236804411722697145e-01
9.802264828680358477e-03
-5.037435203520428395e-01
7.354194370911968370e-01
-2.230230478536427141e-01
8.498705007054326854e-01
-1.432448728043345110e-01
-3.756059282954276601e-01
-7.848597118327793609e-02
-3.955809956023251805e-01
9.367038394767586151e-01
9.148084604028020594e-01
-6.054939745752807578e-02
8.244567381856987565e-01
-3.543080236415538931e-01
7.205889663289797298e-01
-3.310429847924226121e-01
-1.457534847908524278e-01
9.309513670387180584e-01
9.050704657776525996e-01
1.391719867738127892e-01
9.110939821211244682e-01
1.915091802344007221e-01
-2.949349538454116848e-01
3.117381574830219507e-02
8.625959301079597630e-01
7.571974568165779074e-01
7.570642634382121310e-03
7.126313376692923196e-01
-3.132422674193291456e-01
9.451991706646434288e-01
2.630645015870956560e-01
-2.994400894119559897e-01
-4.521197783717230134e-01
-4.297095807572126058e-01
9.374250751063131215e-01
7.345987271614948799e-01
2.519528829148481863e-01
8.732380844606044690e-01
9.119314843550240246e-01
-3.405654118083226156e-01
9.206085136122601487e-01
9.151093842748749818e-01
-4.255263639006039433e-01
-2.842241318984569109e-01
9.147465283625019206e-01
-1.600774793253796346e-01
9.308696883701775837e-01
2.354223451356145247e-02
2.098213356395503548e-02
-9.528030582109527080e-02
-3.503523136834221230e-01
2.572550271410805056e-01
9.062023934366877365e-01
9.225082170522845848e-01
-4.091204851068430681e-01
-7.567060633246526502e-02
8.289627423064589440e-01
1.153355918521932200e-01
-3.432640342654977861e-01
-2.563567018568970179e-01
9.306951128861933320e-01
-1.281577360098625495e-01
-2.145938503184775525e-01
9.396275482028755566e-02
1.425685029921441027e-01
9.061110415225906989e-01
-3.140852965773237582e-01
2.741847176839356526e-01
8.423291832760891884e-01
9.118029998945523795e-01
-5.670700007323616065e-02
8.974137770458230356e-01
-2.927110641675572111e-01
9.036697210279254211e-01
1.340889226437557147e-01
1.165469928307462377e-01
9.007966931340437577e-01
-6.000857121083941897e-02
9.150184582050889803e-01
9.527300870292243484e-01
8.930690184508917051e-01
8.080343649072467826e-01
-1.302460298620327639e-01
-4.080059159307212746e-01
7.603129569724720316e-01
9.128463863171842885e-01
2.804459537462671709e-02
-3.286670657780786375e-01
-2.403784431096055718e-01
7.773576519933309559e-01
-2.984615103661131252e-01
7.969485609229348677e-01
-2.765992008041325834e-01
-1.596464303060900480e-01
8.606864882611192646e-02
7.609404911044371778e-01
-2.467607496542789658e-01
6.801806198314366281e-01
9.340342129765809576e-01
