-3.706038476211777621e-01
6.857808758073712374e-01
-1.580094553280218528e-01
9.154292954242685409e-01
9.184437582673424805e-01
-4.157959596997162777e-01
9.312674154471354271e-01
2.371985352359506360e-01
2.307256927031435811e-01
7.307798465165633583e-01
-3.536605593677281667e-01
-1.827362249791879556e-01
9.343402218532113057e-01
7.701821422274159890e-01
9.052328096979977978e-01
-3.683050489254984794e-01
7.275000788288930043e-01
3.959251901737498996e-02
8.197364762610288569e-01
8.554145755669163576e-01
8.964143597956162335e-01
5.840094591988918837e-02
-4.000586879476965563e-01
-2.652969064754511219e-01
7.561236973752331059e-01
-3.844457600462545394e-02
7.823130092887379261e-01
7.122620807249402386e-02
-3.274903583229445414e-01
2.136562964912827600e-01
-3.056278553840727219e-01
-3.631774725843387452e-01
9.088820505879600109e-01
1.869998445051515301e-01
8.521421485833577947e-01
7.154571063673192954e-01
-1.132168330224561092e-01
7.645835962979269373e-01
4.361620470609434835e-02
-3.917856490910857081e-01
2.205836652154487543e-01
7.790506472342791922e-01
-7.279789020265318988e-03
9.471679848041876237e-01
1.262044289449983925e-01
8.321434340407035668e-01
6.881720796299457821e-02
9.101531127965424295e-01
7.234027078720298709e-01
8.804207484972624842e-01
-3.801947822890330841e-01
-4.145356551659362676e-01
-1.684389388680163080e-01
7.515365242292494363e-01
-3.211840841922718459e-01
-4.150964492502778880e-01
7.130238911654173117e-01
-2.487008756395950315e-02
-3.302539847153780905e-01
7.716771605374787013e-01
8.720476678204165388e-01
7.192309965195674559e-01
-3.931860944867001662e-01
-3.364368940506582972e-01
7.534424346465753430e-01
2.232631625179232193e-01
7.662461463588141619e-01
9.116157931991770713e-01
6.804474861186562418e-01
-2.856246097955056906e-01
-1.878664418880141573e-01
8.020095859321214604e-01
-3.219127680587248741e-01
3.389929069467191858e-01
2.856692289712249866e-01
-1.394792546674930023e-01
3.553858475299188635e-01
7.931735863423724497e-01
1.852651499173609273e-01
1.656014848414096297e-01
2.331114034175545136e-01
7.197963918024758989e-01
9.261333164887194380e-01
7.127758056571085188e-01
7.843475408243092417e-01
-4.133498909383568343e-01
2.967020726571567568e-03
7.298583362910755767e-02
1.089251464970782957e-01
9.210391667044016684e-01
8.556353616358873815e-01
9.211383511730845131e-01
7.179480131656302833e-01
7.319009942886226527e-01
2.557452356349084188e-01
-3.409249642964387594e-01
9.060536520754294276e-01
7.598318881539980474e-01
-2.804256285083312483e-01
8.563021842247521276e-01
-3.581703059370719422e-01
-6.833779060124925420e-02
1.274489466560977946e-01
-9.375688229215473068e-02
9.038115469588670070e-01
-8.918877387715801186e-02
5.340066939748573660e-02
2.026352339685890680e-01
9.192739240144358615e-01
7.277013340048582579e-01
9.138100281382939283e-01
-3.938939911089490986e-03
9.185618392286192258e-01
8.515508734321164397e-01
6.533650022659818202e-01
-4.623288051743294769e-02
-5.396191829796457284e-01
9.203131515145028807e-01
9.148804936747928496e-01
1.445172242507644922e-01
8.418350088392326791e-01
-1.964586618959985875e-01
9.376041365336323929e-01
1.663738832389179689e-01
9.073933708487968985e-01
-2.897683986518223564e-01
6.479554573162998876e-02
9.173034044984123003e-01
-4.318052285776158294e-01
-3.943632373651886902e-01
8.687019648842252417e-01
-4.339158865087465733e-01
7.201400343396049397e-01
9.206110579129515858e-02
9.148768637307301832e-01
-3.833456720899945380e-01
-3.287690974073829153e-01
-3.094895112568760709e-01
-2.247732808581166253e-01
-1.676021201599530164e-01
-2.455868880551382305e-01
4.836893737719320796e-02
-5.097718176859288020e-02
7.003057026796859486e-01
1.147669864067900163e-02
8.941172616918093841e-01
7.548759001383276157e-01
9.036718885224621634e-01
-3.402473864649256385e-01
7.832045296814635904e-01
7.209166972076088697e-01
8.895779767565054064e-01
7.986211757415210277e-01
-2.664908963497635841e-01
9.269700545758459143e-01
7.803677764721623777e-01
8.994262043810403728e-01
9.262250350036393964e-01
-8.945358498048318341e-02
8.512791455233231774e-01
9.338296483447030560e-01
3.299375311352653606e-02
1.353796530730356218e-01
2.701441453512046925e-02
-1.031650624345560596e-02
-1.587807155242451917e-01
-6.101257743328296346e-02
6.951614762518917301e-01
9.302581789639723375e-01
8.225728716008366970e-01
8.938195561038053683e-01
-3.522159295396418144e-01
8.043427574614787634e-01
-2.685083390866374597e-01
1.576325809134036804e-01
-3.964922267331366101e-01
6.769364322631923336e-01
1.795546685869090775e-01
3.863017251344465219e-02
7.515206726790235603e-01
1.860108252111358773e-01
1.888480725270153537e-01
9.203832461385671460e-01
7.689103769184000292e-01
3.129478762284427784e-01
9.011340033504500191e-01
3.379788902982407833e-02
-3.519155893208640307e-01
9.185004294169077932e-01
8.296562522942942941e-01
8.923090472821997299e-01
9.360996771437793962e-01
-7.529100896522913922e-02
-2.643819722911098791e-01
-4.458513308363255545e-01
-4.429388914071742400e-01
8.806083927618053586e-01
9.002744163706197789e-01
8.654530533907888179e-01
-2.609669980113785148e-01
-3.446941099917608109e-01
9.334113980968400393e-01
2.549588189406961636e-01
-5.009660470332908400e-01
8.592267497660148745e-01
6.621294055450254179e-01
9.500822453049027061e-01
-8.138440004212429968e-02
8.699578071756168818e-01
-3.002972800430518396e-01
9.000019039660062115e-01
9.179264454488977876e-01
-2.832595027462873061e-01
3.360337835447356758e-01
2.209199557801912739e-01
8.043488490412986636e-01
-3.968045285437573622e-01
9.547626500958362739e-01
6.854291241830116066e-01
-9.194759968224397451e-02
7.855491157896418164e-01
1.696634592646250606e-01
8.054273382888561539e-01
9.660869893617601845e-02
7.190922252936984282e-01
8.044734448642909541e-01
-4.119788149683535905e-01
-3.531481072714688363e-01
8.353418646016291804e-01
8.931637551966328248e-01
3.153098738377040078e-02
3.840376221920777100e-02
7.305349659869604384e-01
-2.971971935234270501e-01
3.327129117547709125e-01
-2.510325671187548791e-01
-1.586099750623463644e-01
-2.767648362952719321e-01
-2.897407944302681782e-01
-3.509681660680045168e-01
-2.764736802790098702e-01
1.837149682607324974e-01
-3.535903679382458309e-01
6.938887144339387358e-01
7.068533721996401731e-01
-3.148079814275753785e-01
7.876388108348207906e-01
7.881842308958583176e-01
-1.095117639937730619e-01
7.431775124868705840e-01
-1.151958635658390795e-01
-3.474706457525577608e-01
-3.435207677362165368e-01
8.013293585206200387e-01
-3.643991231915848505e-01
7.262884058816262423e-01
2.583663772979987727e-01
7.456717036027649126e-01
8.166874364206697656e-01
-2.116573856685629029e-01
8.578920629829038802e-01
-2.588190602794506190e-01
1.002986302907320493e-01
-2.597233098211715330e-01
9.206936821984352814e-01
7.634382816215165013e-01
-3.770759998345767916e-01
2.654739675317274727e-01
8.197650419561350876e-01
2.390591108900547504e-02
8.820577660880919435e-01
1.745080840920835707e-01
2.830275714348821081e-01
6.125930398317405157e-01
7.055301315494344472e-01
-9.582570664354445045e-02
8.761563678887225315e-01
7.634605266563773140e-01
-8.270602792467118825e-02
-4.291997896186699329e-02
7.345079854948669551e-01
7.575104185451874139e-01
9.040572558673561909e-01
8.053885409080189239e-01
7.746081766736295782e-01
9.332794175359175881e-01
-2.852168668262400342e-01
6.976007403966455467e-01
7.443015809233303193e-01
9.220917407183047976e-01
7.007339522443456481e-01
-3.477729106139875181e-01
-5.108025530256258273e-01
9.237691195257122789e-01
2.624361991678859085e-01
1.494616224691644180e-01
-2.747740796142523756e-01
8.983240293903782536e-01
7.402451568854473418e-02
9.136929076857771559e-01
