9.189724140472680380e-01
-4.555648120333566919e-01
9.101808412730700848e-01
7.068817781609990636e-01
2.514126932625520006e-01
-3.638983676609653523e-02
-2.884718163507167255e-01
-4.142913402169631221e-01
-3.622955595151614028e-01
8.535981915062081926e-01
7.837342458557276792e-02
-4.325908396911083698e-03
7.918911365599365926e-01
-3.784761607149351170e-01
7.280522998016561997e-01
8.013232770084187662e-01
-3.811943084726160391e-01
-2.024883075378914599e-01
8.216157511495535415e-01
9.034197635562946083e-01
7.078071314146622273e-01
-3.870256259146480082e-01
-3.844020190934677728e-01
-4.510825810408894965e-01
-4.334973426225864346e-01
1.124951535307570361e-01
9.171391541055525787e-01
7.932599392005469374e-01
-3.563096351958333075e-01
8.808173528893733506e-01
3.079839349861325237e-01
7.510199571374751581e-01
2.612427342071124148e-01
8.678506814596412822e-01
9.288730631210333488e-01
-3.934275819701581467e-01
8.639888687427013103e-01
9.045910122705125289e-01
-2.994549494315208032e-02
-4.068014515588248559e-01
8.324611005738482561e-01
2.098975520505607650e-01
9.152201318025439125e-01
-3.060019866062538840e-01
-4.023691514174382311e-02
-3.687193600431671880e-01
9.093915302328517969e-01
9.082607822649176876e-01
-3.949138991344209870e-01
8.006102907355681086e-01
-2.548719284127741735e-01
-3.736652233955904956e-01
7.204742788620495109e-01
-3.756247779955905197e-01
7.150530261275447330e-01
1.644776241860825272e-01
-3.248234686991001707e-01
1.501178902573397089e-01
5.257836230191609284e-02
-2.393579735457685431e-01
1.760108962993375825e-01
9.156418521424896095e-01
1.627739594775592658e-01
8.389156223626610398e-01
8.801208836575036276e-02
-3.168722255029693957e-01
-1.044784852546108006e-01
8.227323425236438004e-02
-1.150897932243451494e-01
-1.803896774517135815e-01
9.371164979723264343e-01
9.232262730387751359e-01
2.281584619577242956e-01
1.031868565512281677e-01
-2.743783611230398711e-01
9.330932024155337290e-01
8.882791659635925763e-01
9.100551646531815919e-01
3.043467499135200094e-01
-2.344231997722872884e-01
8.815178069156566210e-01
-3.518708498700027776e-01
-4.742243804649999284e-01
-4.675127198944898366e-01
7.481038427638788679e-01
6.766752732404947013e-01
4.010661600870312760e-01
9.303814722017050842e-01
-3.660630420199875723e-01
9.196328198405151477e-01
-3.823395408808633600e-01
-3.366693103233349138e-01
-2.805870805939516544e-01
8.042642141361631136e-01
-4.880154881648144372e-01
1.668815554281616320e-01
8.572572712200785539e-01
2.874489299879001702e-01
7.697954266886438690e-01
8.196352123373145115e-01
-1.063781240416868112e-01
7.144295711413714001e-01
7.709116678195296890e-01
-4.281314379215659383e-01
-9.415412820872362532e-02
8.427642998522479889e-01
8.553798062725634921e-01
-3.341204334962609157e-01
6.485995523555704301e-02
-4.420690949653236501e-01
7.183541582814116921e-01
-1.779255281557221013e-01
-1.553106484601312065e-01
-3.532611126351616893e-01
-3.480944674435528241e-01
1.809373066145147091e-01
7.417210474758424432e-01
8.259097637988737084e-01
9.003123353661010575e-02
9.147339252809640886e-01
-1.579628867490178723e-01
-2.030482191572145212e-01
-3.924926455591332131e-02
2.383118434938108765e-01
7.213170928748159350e-01
-1.929813813849144410e-01
8.245244753570034613e-01
6.940749852917346141e-01
2.415981060477215836e-01
-1.833527917055290390e-01
-3.302142172119295616e-01
-1.628121316847037925e-01
3.914389179883844827e-01
9.035323035530223867e-01
9.400464008780822223e-01
9.029226813619199987e-01
9.040692759459669769e-01
9.150995504949519521e-01
7.635242228519962815e-01
9.085074204010930021e-01
2.988275189142552413e-01
8.301343650979228217e-01
8.969899100797390501e-01
8.635583686162190409e-01
-3.598393330577793758e-01
8.981083805865452963e-01
7.370966381555754676e-01
6.842946767157063181e-01
8.277541081447449267e-01
-2.482865248692565918e-01
-3.683204832524646366e-01
-3.984967869699799214e-01
-3.861705471312110727e-01
9.051651695180028545e-01
-3.477305501294983836e-01
-2.994136374229073860e-01
7.631150335021512632e-01
-4.221403764315407453e-02
1.923948744794784782e-01
-4.687394836775707341e-01
5.618266811993450904e-01
-3.379576732501076153e-01
7.371420192558741924e-01
8.579077929173584138e-01
8.983779237354208025e-01
-4.269969546220731549e-01
9.148642009079360760e-01
1.466810852857889924e-01
9.141764894143505904e-01
2.628074311855087553e-01
-9.087929124027505079e-03
8.238202017383916553e-01
8.648780286037380804e-01
2.079311715256952631e-01
-3.883617093001048293e-01
-2.672673324533411110e-01
8.448759116300221805e-01
-2.711449961642557471e-01
-2.247148331325798942e-01
1.114839690512342274e-01
-3.103532802527385615e-01
2.095290183031192910e-01
8.317030206387674429e-01
2.751736077837716454e-01
7.323164949634980436e-01
7.158128410574413070e-02
6.938073249123423158e-01
-1.549386967536381388e-01
-1.948763030669883878e-01
-2.101130782468808300e-01
-4.220304085580677267e-01
-2.244393298993746164e-02
7.617707421515180766e-01
9.127253760075959566e-01
-3.909539231109483981e-01
9.116109008121455748e-01
6.570886106335790400e-01
-3.073604170018501835e-01
7.591670283812498310e-01
-2.149649846990155100e-01
-3.685844341720602158e-01
1.492345926243874854e-01
8.910126952528876210e-01
-3.888823814189824035e-01
-2.781709049229440234e-03
8.109311044844760286e-01
-1.303113207187367451e-02
1.131166153431997778e-01
-4.949034912947469222e-01
-2.534610591546758718e-01
9.021472158449364009e-01
7.913831181495228906e-01
8.490009631465124107e-01
7.592838442357807693e-01
9.053702296526064952e-01
7.673339160888497101e-01
8.958026710110398305e-01
8.495107218686412942e-01
7.354473135629528979e-01
7.798271821327269482e-01
-2.316041623676282635e-01
-3.522118595595580270e-01
7.303945976843861931e-01
9.005874662116616358e-01
8.840632600845541589e-01
9.211551759603145983e-01
7.574710655480432209e-01
8.153431669961646033e-01
-3.500954664041031617e-01
2.428992820454223545e-01
8.556772650254347301e-01
-3.888008170332512003e-01
8.952697990507945125e-01
2.862948484229286272e-01
6.302984283391882547e-02
2.532757530681267744e-01
-3.621949737041333939e-01
7.831445723921759416e-01
-2.853959635393754635e-01
8.617809297646127353e-01
-2.437614641271874383e-01
1.635789778938026295e-01
9.028539306364234962e-01
7.641097827415217481e-01
9.042222563554331849e-01
9.289210245910135555e-01
7.973175276314610205e-01
9.139832187457448409e-01
-4.733024579108608410e-01
9.359348702562834965e-02
-1.594101285712410179e-02
-4.092510269552813162e-01
-1.642434088758144006e-01
8.389301641029082157e-01
9.091190191300456691e-01
-1.276241086232568489e-01
7.588325688574936168e-01
9.171256605363325987e-01
9.222244225767033399e-01
9.185602352510100488e-01
9.312759248093770426e-01
9.109763477724814873e-01
3.781607835820018915e-01
-4.026678448349055861e-01
-3.596897524822367798e-01
-2.838942439609519752e-01
1.051759780214976160e-02
-3.743185413257640870e-02
7.841360837305609843e-01
8.086106470154194592e-02
3.094397523013496798e-01
-2.788863786601339934e-01
7.701777154516930013e-01
-1.391238026217440915e-01
8.408531402054122417e-01
7.636630394830460355e-01
-1.739606498270833967e-01
5.457403441324309989e-02
5.957230902528429795e-01
-6.862608383057838823e-02
-3.858927918162875503e-01
7.996488505707248784e-01
-4.600529167595492352e-01
9.365488268905858282e-01
-3.657517822658571949e-01
7.580505139461530817e-01
8.586915161044058609e-01
8.320920350886616967e-01
6.898267150640298162e-01
-3.204367043974629126e-01
8.818877674607850103e-01
1.625268826649008125e-01
-3.836368937089561504e-01
6.984727856137336044e-01
-3.027289170357354564e-01
7.725744497052214887e-01
-1.167318463806645557e-01
1.017428385190396883e-01
9.105027332233678328e-01
-3.582839273984412820e-01
