9.084216333542343147e-01
8.379841288308146341e-01
-1.877949194279500134e-01
-4.959859752120609477e-01
-1.267190312580885048e-01
7.858010743540823073e-01
-3.225058247136559642e-01
-8.557800349971358966e-02
-2.141235887515008096e-01
7.635330385032086387e-01
8.150514103526293463e-02
7.935319147440733634e-01
-3.493021043162147232e-01
7.256348577034839042e-01
-5.139402931801870800e-01
-2.899416359996132703e-02
-1.846489722868361050e-01
7.798413769339482826e-01
8.855913396941160753e-01
7.702536047871891833e-01
8.967522998379580113e-01
7.963218726315599572e-01
-2.525289799519953582e-01
2.934938991197121316e-01
7.567171586747540868e-01
2.699852816587737792e-01
-1.890916666804332569e-01
7.956552388763975525e-01
8.003166154874269411e-01
-4.338347521039361832e-01
4.314962068752759700e-02
-3.142424846247754977e-01
8.554152307149628376e-01
1.416059896863396672e-01
9.171532229413359438e-01
8.887054461874602795e-01
9.003740057899832783e-01
-3.719447246854585276e-01
2.177956850597935479e-01
-3.707954205960520833e-01
8.233644896088699872e-01
2.530917653814193646e-01
-3.187002362969389990e-01
-4.087119488819251356e-01
1.394894181357142493e-01
9.113505073751618779e-01
7.644752789519366765e-01
-2.532569613828111188e-01
-1.569744451974703636e-01
-2.920137897970401797e-01
9.467004657033717407e-01
6.938600628892728495e-02
-6.661557893510035300e-03
8.982227300679908044e-01
-5.276474846169158794e-02
-8.971854488878565348e-02
-4.516372286508362199e-01
-3.396444806746863332e-01
-1.187150021500809199e-01
4.799295768911877175e-02
-4.253601892095817960e-01
9.128288372739823409e-01
7.144054642548851586e-01
7.374909112301250014e-01
5.282386952711129458e-02
3.663299021343012496e-02
7.132110494286920677e-01
9.074938022584673192e-01
9.094891681613236356e-01
8.921595380521735175e-01
-4.617329650581789569e-01
-3.911174678514729719e-02
-3.554691559020398128e-02
-4.188001737917996792e-01
8.151184042936819862e-01
8.314518200427214456e-01
8.318065628148083590e-01
6.913745642160481486e-01
-2.302796838679848912e-01
2.353639964630284409e-01
9.168291960017880271e-01
8.967213755842665668e-01
9.240634674100105528e-01
2.715407513527681171e-01
7.204853584500617858e-01
8.607481849312728084e-01
6.790585902877309676e-01
7.343224115402393615e-01
-2.278996969697173192e-01
8.421102579621111417e-01
-4.241039216086822106e-01
2.736402240738833661e-02
8.854318527214328771e-01
-3.197853677126108463e-01
1.978858886906840336e-02
1.889435621819322286e-01
9.067883823008019428e-01
-1.017751486147953771e-01
3.099613784243106518e-01
8.005919618185560749e-01
9.043936135702812518e-01
-3.731802791290119714e-01
1.113020461623899782e-01
-3.593410782107589463e-01
-2.475382739230265750e-01
-3.507174999793415404e-01
2.654349413879598107e-01
-2.462960145479179547e-02
-2.553022788698537937e-01
-2.509888372805338386e-01
-3.271648315998195583e-02
9.180897056916752508e-01
7.919297786361653158e-01
-4.959449097498930814e-01
8.975456111228524714e-01
7.304072072015261874e-01
8.190549852163673261e-01
-1.251428232113018651e-02
-1.257098665946470850e-01
-3.348371551364329179e-01
1.865183333938871535e-01
9.209192332226786570e-01
9.234760747353036869e-01
-1.728540821206636657e-01
1.260761814131312192e-02
-1.315790700654779211e-01
-4.337210489175005179e-01
-9.022669408152550474e-02
8.353442055858686377e-01
-2.252536492820041147e-02
3.977016517940293872e-01
-8.762672998181363082e-02
8.142106291307934507e-01
-2.675848776899995562e-01
8.831129307293134056e-01
-2.905155908379318808e-01
7.986760187183016280e-01
-2.855838418674313539e-01
8.456601804066652406e-01
8.625627817412900855e-01
6.018312799515992961e-03
-2.745202809992797754e-01
1.679105855430184091e-01
-9.056824482932282483e-02
9.138676604223656685e-01
-1.651475742483626830e-01
-2.520199266580879227e-01
9.353855612541839282e-01
1.809333816538185799e-02
-2.634007469566357340e-01
9.092877911918595402e-01
-3.486729497032464153e-01
-1.778429519415664628e-01
-3.303350381861040463e-01
1.188785815889613906e-01
-4.347356798197725691e-01
-3.689934302833017266e-02
9.157086434208816517e-01
8.267725467328224109e-01
7.102405845951454966e-01
-2.272286672704603994e-01
7.432842408717447169e-01
5.133870940590160026e-02
4.745016710796384762e-05
-4.777726756232682503e-01
8.945499226115036784e-01
9.114784940083661136e-01
9.099975145937576615e-01
-4.593453867725974527e-02
-1.953539211577321466e-01
9.092115257566576458e-01
8.044360587501872550e-02
1.937082325223790924e-01
-3.017385765264674058e-01
1.995410240841988259e-01
-3.021347156612431140e-01
7.529476524387521685e-01
-3.421635083295591073e-01
7.727954470714463175e-01
9.136670783993841027e-01
-2.617488499764755727e-01
-3.785319920583514741e-01
6.824567662598987061e-01
-3.139393736949198099e-01
-3.094014498480929243e-01
7.371003099294712313e-02
8.267901782596319693e-01
7.086715159430703181e-01
-2.944846152859809107e-01
-1.346642086578509756e-01
-3.884341200799302229e-01
7.166349706310805312e-02
1.003548993432391012e-01
8.987631694885426237e-01
1.470299435641428676e-01
7.693791561152836245e-01
-4.649764301114947540e-01
9.052919253460974813e-01
6.681488256708407736e-01
-1.811553784642989939e-02
7.739007748560361444e-01
7.599844064595123738e-01
-4.254853975994656035e-02
-4.978484664674229232e-01
7.351709818966323251e-01
-3.989865196244163914e-01
1.054004926418035670e-01
-3.251574184225265451e-01
7.553570944676308851e-01
-3.332036218613418921e-01
8.267254674472068743e-01
8.843121907336719545e-01
8.875019028458167591e-01
9.322417995230640742e-01
2.773120835111468896e-01
4.294124846682380314e-02
-4.049836130629052566e-01
-3.469139384715657637e-01
7.798221668946530016e-01
7.827239599635439360e-01
-3.818446497221580360e-01
7.370673185796515758e-01
-4.709857473736431266e-01
7.261601081514369449e-01
8.713874096532617797e-01
-4.607365193802386849e-01
-2.825335368583950513e-01
-1.190152822648857661e-01
9.076451301393969606e-01
-3.050346204764750602e-01
7.700240328896712505e-01
-4.854120929212720759e-01
-3.428574045870090847e-01
9.001271828262283892e-01
8.871009389959833014e-02
8.355871507177826674e-01
-3.187753349836173755e-01
9.228398371006084622e-01
3.557607539212707115e-01
7.563252998326531751e-01
-2.691770049625413427e-02
9.056309447278276803e-01
-2.540247777520182604e-03
8.998371405588240224e-01
9.070320104346203394e-01
-3.866223435715842593e-01
1.603914337781474353e-02
6.611971582751566823e-01
-1.564750706182229112e-01
-3.129682340362655579e-01
9.005258747003649367e-01
8.002226275948831624e-01
8.592630900685649387e-01
-4.944304473937204819e-02
2.391568066368883472e-01
9.202776860769542600e-01
2.480452244680143581e-01
8.622481162280110079e-01
9.041069381006775485e-01
9.091700756886811341e-01
8.967481987733977311e-01
-1.891093158284229969e-01
7.512678726900032800e-01
7.885715698578728006e-01
-3.688770711809579717e-01
9.226667740225583669e-01
-4.246243785801817605e-01
-2.806895485032467885e-01
9.897592651533623775e-02
-4.320699463572130750e-01
7.180481920237368199e-01
-3.462260556360833852e-01
-4.228746057246827728e-01
9.017727640376019815e-01
8.236504518978378098e-01
9.395046087130362045e-01
8.548258819340894821e-01
-1.382186271449107884e-01
-3.160224580288732016e-02
-3.770372539959080949e-01
9.147300397641887626e-01
9.007881131839831079e-01
-2.844704396445383310e-01
8.169472175516935553e-02
-4.945970669426908439e-01
1.455542834449465306e-01
7.843963723949862743e-01
-4.470157353231002384e-03
-5.893489894751709202e-02
8.947187004877558136e-01
8.901770378703713904e-01
-3.333041759712923047e-01
-2.037222107974868690e-01
8.918464929548373943e-02
8.905077366869859068e-01
7.703730009784333088e-01
-4.020986054443062563e-01
9.030946526881081793e-01
1.470833532953570444e-01
8.531424853522607821e-01
