8.249436004443404524e-01
6.318515312178694110e-01
6.484676491581337077e-01
6.200008205388798377e-01
6.367610422016929395e-01
7.579827055876235953e-01
6.148805320907457794e-01
6.222248813627693220e-01
7.868661204880292859e-01
6.654619389854311562e-01
6.111017392023702088e-01
7.872810812437226469e-01
6.449835844790507977e-01
9.618491741234012071e-01
9.239934013752290065e-01
8.754993682419316414e-01
8.752398914339943881e-01
8.650156109909837854e-01
6.635371792668564028e-01
6.448863423670582184e-01
9.196610475874906765e-01
8.720138619102016930e-01
5.859446513968340486e-01
8.030705421404366051e-01
8.188068732050257648e-01
9.256475372958177239e-01
6.264988343134562099e-01
8.953553071216256987e-01
6.525322319290137729e-01
9.008887116642492199e-01
9.371583581825758680e-01
7.756171635363328098e-01
6.194757950864042684e-01
9.361757991103640819e-01
6.585582581689209958e-01
9.531711026603442161e-01
9.427843359494311182e-01
9.140139851738890986e-01
6.931037652235304547e-01
6.182663485732660114e-01
8.846566817454040166e-01
9.217587017486269518e-01
9.018528512563688260e-01
9.278320990063489981e-01
9.589550724639966939e-01
6.357841098252415835e-01
8.976480226034697640e-01
6.250907319170934118e-01
5.970052366054049431e-01
8.755111500412916525e-01
9.469049970306819830e-01
7.870622944484715333e-01
6.265883885025242961e-01
9.398714317232400584e-01
8.789355748509813937e-01
9.147667467617859316e-01
8.226563890709335247e-01
6.445620542172146861e-01
9.141408818637057898e-01
9.162063023419487751e-01
9.225300780531394684e-01
8.980753175869671256e-01
6.914702876836479328e-01
6.193115237272055484e-01
8.953491650864975337e-01
8.476119272642093083e-01
6.230987031097394713e-01
6.183593812524604827e-01
9.261136835960126490e-01
6.114617646564691755e-01
6.547745779777636166e-01
6.120911210142327974e-01
8.727030797233671366e-01
8.617623233544828842e-01
8.285707714971970450e-01
7.879068995149760557e-01
7.126627622452541555e-01
6.450658086585551176e-01
5.853194185725885124e-01
9.105122004553670712e-01
9.169256100511187224e-01
8.125999772850279745e-01
5.945720066089758005e-01
6.581197215073746332e-01
9.522039988150166057e-01
6.323294344424470470e-01
8.964138643484467206e-01
5.433421979816477343e-01
8.502347133478289631e-01
6.193074386155049682e-01
4.318635758640601008e-01
6.559799731581703597e-01
8.684272315725138913e-01
9.233042827773426664e-01
6.582609458473821507e-01
8.838046253094601346e-01
9.307197992861462321e-01
8.872015925198657449e-01
6.230377146737969829e-01
6.637736680192581895e-01
6.258869471194308254e-01
6.531811346680118646e-01
6.481702681768074514e-01
6.233908437103431455e-01
9.433013937326764076e-01
7.948545436404536035e-01
7.898894914762022434e-01
6.286209315984718771e-01
6.057652793385041035e-01
9.198877426909575217e-01
9.221776271620603094e-01
6.248468734596852592e-01
6.012660448612440200e-01
8.899306226258947294e-01
5.747195186222474605e-01
9.029266524082686374e-01
7.972228213692350574e-01
6.529974070662512009e-01
6.445314790113646497e-01
7.796757370243208030e-01
9.307098753612943476e-01
9.290751318741120590e-01
6.049526955604739298e-01
6.412370333066927941e-01
6.790499945184789166e-01
9.258796264964269662e-01
6.561046387329798613e-01
9.256329211973518545e-01
6.432361918976023940e-01
9.282039502139113329e-01
8.164393738625341790e-01
6.324777009973037156e-01
6.175908756315406922e-01
5.685664784260482385e-01
9.470724129136285363e-01
9.036795972853443049e-01
9.219006932614836058e-01
9.468845016042766183e-01
6.259305600174480677e-01
9.328123335383919912e-01
6.391659391540738255e-01
6.238935632268937104e-01
8.731807675417475600e-01
5.464659161808916865e-01
8.961967155502259530e-01
6.337496540603450024e-01
6.458294568843373495e-01
6.334615292532712605e-01
6.679002329475209887e-01
9.206360493238588960e-01
6.488390648577946340e-01
6.436073318687703937e-01
9.306779106429454718e-01
9.390001076233054356e-01
9.347581868216812140e-01
6.273797297864134315e-01
9.396367226604850353e-01
9.134110990915244033e-01
7.293309210870101422e-01
6.391356229559771451e-01
8.605445741953328120e-01
8.728193668710132469e-01
5.989746265767703637e-01
9.893853691776609560e-01
6.240979195121822976e-01
6.334464847721229530e-01
9.066093890311848202e-01
9.784835373949585247e-01
9.234516890527633137e-01
9.197392627116488528e-01
9.270162697027837240e-01
8.950642264865802389e-01
7.139993976559755318e-01
6.424162816560917699e-01
6.298952496636518461e-01
8.742040201896780216e-01
9.453656397006224843e-01
6.405386873324238062e-01
7.236573476331494836e-01
8.658520117373155189e-01
9.396681210899149317e-01
6.479195976112788191e-01
6.423423655530755561e-01
6.346351415007613905e-01
5.196553902829993410e-01
8.793943227105855964e-01
9.375166866687881795e-01
8.695197729328034697e-01
9.043734324620943399e-01
6.030468789702216892e-01
6.401352408752633005e-01
6.289113371790424623e-01
5.827772803155538694e-01
8.741549804554069603e-01
9.302177528716069066e-01
9.377749627549663014e-01
9.120516748611512403e-01
6.414833229986696139e-01
9.511286495846333899e-01
7.898000570730336900e-01
6.566378893654878368e-01
6.667877783837987682e-01
6.443179864415810032e-01
9.165402814261776054e-01
6.464417255632397552e-01
9.390971204924154492e-01
6.500596330079230212e-01
8.909653835978658121e-01
9.336879518065323014e-01
9.063563641178962182e-01
6.747187876738029999e-01
6.508724435020647459e-01
5.505759802366629874e-01
6.458833719965202391e-01
6.383141147822887218e-01
9.183404566134758529e-01
8.601179218896825018e-01
9.407235595693128616e-01
9.338031486915141510e-01
6.683594453855689066e-01
8.744062877082001695e-01
6.602645698888311987e-01
6.492112476188991455e-01
9.477364838803079561e-01
7.017532559220528432e-01
8.376603339521141445e-01
6.874079689121133097e-01
9.208032366992122686e-01
8.875535906841837130e-01
6.405343608150586565e-01
9.049466687760943095e-01
8.909525595302510981e-01
6.230009618662900595e-01
5.679703873960592064e-01
8.460382915750710442e-01
5.925387961685368854e-01
8.402752695657762505e-01
6.270075797852947552e-01
6.289708676554328637e-01
9.322789162449763856e-01
9.257156668075180450e-01
6.511831922154696084e-01
9.308579397521601351e-01
7.625392704342235373e-01
8.938229793305008108e-01
9.474197939544448666e-01
8.875215298693379662e-01
6.873709301103437808e-01
6.393655534218191105e-01
6.861500472653949689e-01
8.935452235474106164e-01
6.033818222304527801e-01
9.056827742085435951e-01
6.477357953948366109e-01
9.195722449232409668e-01
7.311787372567480903e-01
6.490078394043850007e-01
6.177541546071766421e-01
6.332445006063383008e-01
9.171695524618550532e-01
6.091186375477963821e-01
9.275561236727216663e-01
9.191847561698786029e-01
6.046435335944269074e-01
6.674170690809961837e-01
6.412482039503644149e-01
7.807177038542202352e-01
8.422966268885876406e-01
9.322855741515695405e-01
6.341557002263267240e-01
6.442559546150927741e-01
9.268292088641940651e-01
8.405263432225451581e-01
9.669540819751614169e-01
6.175641080270044547e-01
8.711964203812921914e-01
9.198581965752223866e-01
6.227049926606118557e-01
9.142970471352047657e-01
7.440977525207757015e-01
9.239881517805693667e-01
9.194772169425680097e-01
6.513744819274567277e-01
6.411279912086607080e-01
8.923501909366496898e-01
6.835172144178781606e-01
9.266592584537509669e-01
6.484830872326501350e-01
9.094493657233043704e-01
6.800304335625035890e-01
6.081588723693661658e-01
9.157938769132963897e-01
