8.365921628945633959e-01
-1.801878968014526683e-02
5.793109937281855359e-02
5.041429132692766546e-02
-2.619026490688861064e-02
8.629570484219885040e-01
-9.996344222816093417e-02
-4.665051845680212583e-02
8.439205169801312634e-01
8.413186398448119219e-01
8.591717183119269574e-01
8.200512606953111461e-02
8.641457668969381167e-01
8.495060965918619367e-01
1.777438110316181819e-02
-6.335796033038569586e-02
8.617415071657370529e-01
8.476832885495330094e-01
8.548571543085905500e-01
-9.407601359269421315e-03
-1.083744097914039750e-02
2.129831057664903493e-02
8.563289258159954009e-01
8.606979004363277674e-01
1.649410145243582204e-02
8.409600923492052127e-01
1.378400502789066395e-01
8.333309539385637121e-01
8.418334974890897549e-01
1.104327206781318960e-01
-8.354089320132818131e-03
-5.530505128168249074e-02
-2.652954423694474373e-02
8.498690082621872532e-01
8.413254012171953455e-01
1.657113335872520410e-02
8.536859305300827927e-01
8.455694236865682889e-01
8.448816405317743916e-01
-5.164069825155283289e-02
8.316863589864373907e-01
8.470731213860704933e-01
8.543078235894416839e-01
-1.617162592331021498e-02
8.396468675815755844e-01
-2.606916676156696699e-02
8.469283159349889623e-01
8.449965008083010209e-01
-6.421645100242040494e-04
8.276148526853861487e-01
8.603476246419365925e-01
1.579775433311287614e-01
5.856116247035816902e-03
8.525705487771211288e-01
-1.375860391110043102e-01
8.414942135866015915e-01
-6.420781066637487600e-03
2.511505090362473047e-02
8.398895427004429148e-01
-3.044412847810276657e-02
8.578271532509370578e-01
8.442189798961712288e-01
8.464018916780575719e-01
-3.698819675212135227e-02
8.431761140844145075e-01
8.328186768692351638e-01
8.436623171369944663e-01
8.384356831605154214e-01
6.614187554949214898e-02
-8.523022936071240896e-02
-7.170301378510032797e-03
8.582988077697432105e-01
-7.557176434321562219e-02
8.644128341767718382e-01
8.597041679401812297e-01
-6.538764464467894388e-02
8.448966089280035563e-01
8.516244319874322066e-01
8.322930081914050593e-01
8.553210156652488738e-01
5.694387972674944121e-02
8.530413670545601290e-01
8.160280960726504773e-01
-1.855184276400979881e-02
5.651129141849807469e-02
-4.040419475590927012e-02
-5.156238120933340219e-03
8.640655280598869004e-01
8.359543300943190758e-01
-5.403454570748250640e-02
4.646737790900504206e-02
8.646638011631433418e-01
9.467490493245184213e-02
-8.887827311948931497e-02
1.047325759320972827e-01
8.138636308779109152e-01
8.470248076638033918e-01
8.349872713444077554e-01
8.310478131021096226e-01
8.339001667349588143e-01
1.092400875090113188e-02
8.540444664066497715e-01
8.587979009893016435e-01
8.383316951565644715e-01
8.498435389197505074e-01
8.646780773166957701e-01
8.568703680889797614e-01
8.595371180280512169e-01
-3.610884466805175386e-02
8.512619445207154634e-01
6.338361379065568513e-02
1.191443920659828182e-01
8.384412858413129443e-01
5.219037388311108527e-01
8.413200524567701066e-01
-8.424930248558021306e-02
1.229273273704342417e-01
8.629230072742430924e-01
8.824337811012246402e-02
8.475742657003507707e-01
8.597674073764682845e-01
8.539885475013686555e-01
3.085669035699090124e-02
-2.458190013350615433e-02
2.131544771649445946e-01
-6.786182433132796621e-02
-5.258378697647950184e-02
8.611633636232827183e-01
-1.820339276555241192e-03
8.345218563260827782e-01
-7.095633603442978721e-02
8.303181423318950483e-01
8.567572949656450110e-01
2.685838803026463495e-02
8.559525106893174362e-01
7.574223161028573181e-02
8.364916626058112037e-01
-1.029067532690586262e-01
8.686047184758352024e-01
6.757407455786162975e-02
-4.092388080522654792e-02
8.583699638707538160e-01
8.516857538764319724e-01
-6.752367494966604600e-03
8.484303792867268212e-01
7.185309906782344491e-03
8.628889769983068003e-01
8.474634600654636918e-01
-5.256123088859444847e-02
3.152947808941355401e-01
-3.686947639058939241e-02
8.344901535362015954e-01
-7.345195999406639586e-02
8.656078001150777634e-01
8.353965041746517217e-01
-4.516469953811964866e-02
2.273419230663566992e-01
8.554261316122774295e-01
8.516028680502857329e-01
5.977699754683467315e-02
3.403260215282227774e-02
5.119220211781667917e-02
-9.787712082376207046e-03
-2.116285677096503559e-02
5.240737244131571382e-03
8.455072502634690679e-01
1.691419651704087757e-01
-5.340980835839713448e-02
1.118508218944892774e-02
8.467651297249676468e-01
-3.036084915072274903e-02
8.594052718850369033e-01
5.820667282051047997e-02
8.403136920224859585e-01
1.136864468903768521e-01
-5.288347592969089295e-02
8.800847552539439733e-02
1.908697611407142447e-02
8.485270026011839661e-01
8.706566737191331340e-01
-6.967590797907424749e-02
4.316266477877750418e-02
8.546722948738363357e-01
-5.488279912432751650e-02
8.300201700941529648e-01
1.223811762825479654e-01
6.653344851057338416e-02
8.606987261796971156e-01
8.472081644444684478e-01
8.390331075205863520e-01
8.684560336734894470e-01
8.508117878110105226e-01
-6.898647094249671374e-02
8.338320638515928085e-01
8.364597897038805741e-01
2.055357744393052077e-02
3.221436608827450698e-02
3.470123269475169914e-02
8.521072616201778027e-01
-1.073742228306455299e-01
1.011157502059295554e-02
-3.084608216630341238e-03
8.408953518357041856e-01
-5.652106998180056463e-03
8.391005744230661811e-01
8.464313706337935894e-01
8.474626536496485674e-01
3.235914329081641949e-02
-1.833731161839392831e-02
8.573803854252712853e-01
-1.553061780508882550e-02
-2.614677614845542508e-02
-3.102826489959563394e-02
-1.134030451503893755e-02
-4.280365221810016052e-02
8.580702449506585339e-01
8.471819040973678216e-01
8.287693924177201854e-01
-1.057758112411681800e-01
-4.793890028758851507e-03
6.271653895215215102e-02
-7.511499432817818345e-02
8.597290563265524987e-01
5.141484737639076541e-02
8.403073323027481223e-01
3.452272304955580906e-03
8.568732578432163294e-01
8.073956417063438140e-01
8.556263931823681057e-01
8.588684234277776941e-01
8.361444468493994808e-01
8.278105993020468123e-01
5.011572263327809806e-03
8.336389693603073470e-01
8.569047362365885823e-01
7.452512190540561132e-02
8.554482695863766528e-01
8.654088492664055998e-01
8.458420811766114156e-01
8.657232014107214546e-01
8.285580433272594636e-01
8.286169086208917678e-01
8.426598936915836724e-01
-8.701588295727910594e-03
6.480624722843278396e-02
8.597687854506148586e-01
8.679000950678475990e-01
-1.047486465329509620e-01
8.655969082098802225e-01
8.533660485859657641e-01
8.510278634190751035e-01
8.189785835527759739e-01
1.167356237950587239e-01
5.289747707735001359e-02
8.581369837264108957e-01
8.386274918386917854e-01
8.238554285772262675e-01
-1.426727141195829329e-01
6.221118345545713357e-02
9.170808359753793160e-02
-2.721880364881172631e-02
8.481311781346088097e-01
-4.885014591266742534e-02
-1.746764483109072841e-02
8.666537458646293990e-01
8.470734078636499298e-01
-4.761486277479673457e-02
8.637146951514701465e-01
-8.469801233982526822e-03
-2.196792139609349270e-02
4.029694528170404966e-02
8.473506340589407326e-01
8.347560251908208162e-01
8.542190624196339677e-01
8.606084893115232282e-01
8.507182729579944036e-01
5.078314383290259693e-02
8.510774754754037996e-01
8.285564448053475139e-01
3.562776260368506753e-02
8.327170056913888452e-01
-5.708720364981785533e-02
8.515232878960424800e-01
9.037030866762274517e-04
8.402585329812161108e-01
-8.660523621513953330e-02
8.359350292434553076e-01
8.123597553852754394e-02
-2.558396633865471503e-02
8.370156698079860291e-01
-2.631112371905995617e-02
-4.406758907512769996e-02
-4.320795630386145558e-02
8.459896345388837613e-01
8.569913745059979382e-01
8.514620148658686993e-01
8.382736898530800396e-01
8.385012479823061859e-01
1.813288918694038465e-01
8.630270041228916833e-01
