1.738740823419013815e-01
-1.128702449854567247e-01
9.304982301538247680e-02
4.333834308961355408e-02
-4.539380417962154413e-01
-1.369411840347143361e-01
-4.013456932245680897e-01
-7.880800819360012088e-02
-3.579669239561145133e-01
8.340455040262079178e-02
-1.288508577047792203e-01
-3.302025368545002948e-01
-2.908826072287625658e-02
5.100271158525992304e-02
-3.644913068751153284e-01
-4.025803179419398803e-02
-1.434785522241141531e-01
2.500383456370335045e-02
-3.766551100519378026e-01
-6.749073315906875536e-02
2.130441775789900238e-01
5.726735013606675667e-02
4.528850764512581950e-02
8.151949659392561387e-02
-4.828964042551729396e-01
1.070659471154433440e-01
-3.971322569001967673e-01
-3.454103960516937688e-01
-3.205158534460313957e-01
1.710448660140684654e-02
-2.699061512334335333e-01
2.409882831328455655e-01
-2.817354980347859250e-01
-1.280905947199614814e-01
8.805392231622011234e-02
-1.249938413183337704e-01
-3.700304334318847976e-01
-1.431331036871636431e-01
-3.258358289085315218e-01
-2.357247065675250469e-02
-3.639232492969744492e-01
-5.940562769686464489e-02
-7.877770225605906784e-02
3.596555888164730541e-02
-1.274670159634039845e-01
3.204483564193601891e-02
-5.896765501892986538e-02
-2.766881064285362513e-01
-8.229401907301993335e-02
-7.577011409669909270e-02
-3.932237306903014762e-01
-1.756712679414174083e-01
-2.833233407873154697e-01
-3.342760181867766162e-02
2.368008681685366823e-01
3.732996364308377446e-02
-2.914786664784139725e-01
-1.268360315390911972e-02
8.011675359292924625e-02
-2.796183456069293860e-01
1.979963916399034018e-01
-2.197468256052343694e-01
-3.059497423921508363e-01
-2.960982816402609741e-01
-2.023315942925338617e-01
3.412174044673556561e-01
-9.733943247908632967e-04
-3.935124130500894379e-01
-3.817348851165107138e-01
5.247227486213318359e-02
-2.500899057984379281e-01
1.147049029010106386e-01
4.661590347027181475e-03
-1.644962828863895665e-01
-1.455735402182221361e-01
-3.049764148110542007e-03
6.714653510671902970e-02
-1.510999908039846740e-01
-5.188355275031050415e-03
-2.459295463517933295e-02
9.894634650879521875e-02
1.506936130514374139e-01
-4.006653784664405693e-01
-5.781735528358730725e-02
1.765640394875764574e-01
-2.119808058766433634e-01
-1.369842068950899439e-01
-3.394498421268938859e-01
-1.661844597231866005e-01
6.960556377033261244e-02
-3.311812422265486555e-01
2.183953022546794576e-01
-3.870952642159450896e-01
-2.863224586944735917e-01
-1.889646797156978586e-01
-3.708460935017686144e-01
-1.903041939905548430e-01
1.414553650354611475e-02
-1.541929672185017863e-01
2.976885323506390235e-01
-3.621482326623948200e-01
-1.738377023178525882e-01
-3.777876076923556425e-01
-2.368442664096908484e-02
3.680333043970090423e-01
-1.792859768004270715e-01
-1.690263801042878322e-01
-1.575874844710584977e-01
1.626829258120003618e-01
-3.955585767920405393e-01
-3.859436945636313676e-01
-4.026420459857815159e-01
1.277788930317655669e-01
-1.331931308368141942e-01
1.559401400148636152e-01
-1.529248942562363989e-01
-4.025313659548414580e-01
-4.146239484673098219e-01
-2.054123102266401102e-01
4.042908404324543903e-03
-2.216886011396689282e-01
4.533406812039989658e-02
-3.598868029522879208e-01
-4.094067806918759156e-01
-1.676311376530457420e-01
-3.735907514980453259e-01
-2.586193179363530659e-01
1.375817091473514053e-01
-1.936302675081173208e-01
-1.657763176858053078e-01
2.584988013096092829e-01
2.372269249630464330e-02
-1.662115291908793924e-01
-1.821285817770149917e-01
2.511475377345093740e-01
1.484084083546305943e-01
-7.851549338017385637e-02
2.967556465344624583e-01
-2.023364455720530752e-01
-1.714601231842691198e-01
1.639675843368942898e-01
-3.995369301467707190e-01
-1.735548001016549713e-01
-1.238647326015595018e-01
-1.021451385100670822e-01
-7.000219571820828768e-02
-1.103010130872566219e-01
-2.186957856483658924e-01
-2.927712593336163627e-01
7.034018761655563834e-02
2.190069578824097307e-01
3.358311596960243672e-02
-3.567653457968420483e-01
-1.577516526669197616e-01
-1.057673195203148175e-01
2.154100162116705935e-02
-4.061758344801751769e-02
1.757858692651368404e-01
1.043083780873926836e-01
5.634826802680333868e-01
-2.452742793613928440e-01
1.211508047360374402e-01
4.881279699371633002e-02
9.684261447761299824e-02
1.979711911535458613e-01
-1.968924071391480179e-01
-3.567552912841235879e-01
-4.127699982772702336e-01
8.252030123933615235e-02
-4.013669699207535468e-01
-1.462312851359977572e-01
-2.976818293531821591e-01
4.498245384139353681e-02
-3.495870613008831840e-01
-2.386342511218834950e-01
1.752470781955632884e-01
-7.151545560561671511e-02
-3.602197776996481915e-01
-3.938969349737804215e-01
-2.850343729257973635e-01
-3.983957852582833414e-01
-1.789154115479155427e-01
-2.827170871821670928e-01
7.512129809478987341e-02
-3.871514897245599274e-01
1.434340213136864675e-02
-3.746466403836602455e-01
-3.211656442032255754e-01
-1.394011721500661161e-02
1.597785486036528979e-01
-1.147034662515795597e-02
2.933212646336927354e-01
1.302594501965306517e-01
-1.024458405301549302e-01
-2.264312319190793787e-01
-1.381758135856443193e-01
-4.250789331127873272e-01
2.389341535477553791e-01
-9.772278465561609617e-02
1.865798633733577461e-01
7.641895812814698818e-02
-3.157805720925549453e-01
8.474598876048036744e-02
-2.703869632961834468e-01
4.535895272786352739e-02
-1.706371759799884813e-01
-4.708880640478647905e-02
-5.952558085787099801e-02
-3.263159310815617054e-01
1.069909029644308673e-01
-9.842063432986855598e-02
4.999566113873825102e-01
-1.922232951378189947e-01
1.945353811403652267e-02
-5.754107455978056673e-02
1.660619543058532155e-01
-1.607429621655026841e-01
-1.545317035317003707e-01
-1.353963407382056117e-01
-1.791300223441887052e-01
3.947981222347747288e-01
-2.421215262334971974e-01
-5.969478274568019299e-02
2.951502937748067268e-01
1.757962601232491151e-01
-3.020990335138203919e-01
3.366553522149905164e-02
3.633895156100334922e-02
-2.989976113253767220e-01
-4.667070408320357910e-01
-5.514142300971193456e-02
1.046712642206940602e-01
-1.137714995990849187e-01
-8.875896512336718669e-02
-4.110929696721872806e-01
-2.964318501309565201e-01
-2.731376361986353474e-01
-9.395577488089927598e-02
-3.865458632055069343e-01
3.326743633406241130e-01
-3.453070742471556209e-01
8.424458484135383118e-02
7.765355016032571278e-02
-2.226051043278322039e-01
1.790496100774336130e-01
4.973279806141462506e-02
-6.903728780875245663e-02
-3.219230859818438817e-01
-2.481704387609731666e-01
-1.030662961978557057e-01
6.379093377060778003e-02
2.260503006291420536e-01
1.038305191235605607e-01
-3.226520346866800226e-01
-2.261344717237023239e-01
-1.646510257351974926e-01
-3.771691874104176057e-01
-5.019970878185321672e-02
2.601484312360284601e-02
-3.422756804508824691e-01
5.126724835806549530e-02
-1.984893200629307131e-01
-3.105042089012689521e-01
1.671681447562944067e-01
8.831938096974477348e-02
7.487847691232883685e-02
-9.096657143712436056e-02
2.843381900903510506e-01
-3.258029002934483831e-01
8.035064581782552784e-02
3.337425820366080043e-01
-1.987125839869005595e-01
8.063401906250199092e-02
-4.079247486291465719e-01
-3.603995572859872709e-01
1.030204733231119274e-01
-2.415724046268183101e-01
-3.187258536100460171e-01
-4.034859958142711922e-01
-1.189334861772204099e-01
-6.383769244971464196e-02
-1.362869823182361328e-01
-2.154425451607178410e-01
4.289837161753962125e-03
1.906307729314655197e-01
1.768430142204125977e-01
-2.591408225673445531e-01
2.736679388914450839e-02
2.050985150182646835e-02
-3.388136155713292186e-01
-1.175657658138377915e-01
1.929328685519920983e-01
1.594274840715629304e-01
4.522846180681309308e-02
1.858739098975105697e-01
2.254074127187803978e-01
-1.516963312425370081e-01
1.418216153781404476e-01
1.023345003715514373e-01
-3.855763650636290785e-01
