9.332547152963551751e-01
6.091450117947669884e-01
7.791874187574169275e-01
9.237127613992023312e-01
7.787108828847002506e-01
7.473237034857418415e-01
9.288920556760714708e-01
6.273255688157497456e-01
-7.285755088562283210e-02
6.455299420607198968e-01
9.170494565689274458e-01
8.946899552097024033e-01
7.892787836317227690e-01
9.299035943137640148e-01
9.300096477815501528e-01
6.818660932860532986e-01
7.891302594936465686e-01
7.651327578514726113e-01
8.069930160543571374e-01
8.009395724331519473e-01
7.864533088391985061e-01
7.483102464600394077e-01
5.991875609584426110e-01
5.940754040158032767e-01
-2.216002334947931862e-01
3.464292971525718134e-01
6.216208688856974529e-01
8.762275384155477909e-01
9.345720533010746234e-01
5.671689277117094585e-01
6.105531682054194942e-01
7.433066333270710313e-01
7.955919063138021663e-01
6.096982173383300729e-01
7.801231167642710407e-01
7.830967137185307347e-01
4.663318513169241175e-01
7.332131164931370293e-01
9.313468444143828684e-01
8.024154642249181624e-01
9.248607909909813962e-01
8.452221963187018794e-01
8.641869087660373205e-01
7.149706412117076137e-01
9.176313441475278943e-01
9.069594160859177912e-01
6.033959383580280722e-01
9.231596334198113318e-01
9.438321956342649033e-01
6.148188503672104011e-01
8.224989263271107465e-01
8.963671084045794490e-01
7.481699653723565824e-01
7.578795592560654271e-01
7.611711811809661610e-01
6.504257710881486965e-01
6.866693452968550826e-01
8.160442940597343320e-01
8.964714295105962183e-01
-2.018051780155405983e-01
9.343124394580366587e-01
8.893622026104091027e-01
9.135099958934280728e-01
7.533304391948901779e-01
9.140074213630506872e-01
8.283388507160041048e-01
7.741402732003566101e-01
5.309280939634578589e-01
8.562662768707833827e-01
6.903989328580938389e-01
5.503160830870617026e-01
9.257741884094454754e-01
8.825710003682412097e-01
8.532388693675432290e-01
6.307758806833989595e-01
5.564384368137014203e-01
6.870712534018346140e-01
8.989667419358322586e-01
8.833516973747206347e-01
-2.789463326399882481e-01
8.365389480999415595e-01
6.570710571922211418e-01
9.773378980390958759e-01
8.930571293502829189e-01
6.040335880884410980e-01
7.309444795283452923e-01
8.491577368806044745e-01
6.370050918551526387e-01
3.207299218800783169e-01
8.869100975686554644e-01
7.677549489003037131e-01
8.204975873260621499e-01
6.837936121427825586e-01
7.042249117062958641e-01
8.013158654559300320e-01
7.410926567198891091e-01
8.217785415214442502e-01
7.942461515210356149e-01
6.354014217928690700e-01
8.262504268784059969e-01
9.152515023780068981e-01
7.092997097177798915e-01
6.691055357328326014e-01
9.005186415896676566e-01
8.628883351878601227e-01
6.248826597208625433e-01
9.235447736799148322e-01
7.537411749828626384e-01
3.432765341799537961e-01
6.559314416672311632e-01
6.225676606870134133e-01
8.193694775578718170e-01
7.228808549787013593e-01
7.812600210512689047e-01
7.332403594872294317e-01
8.280072310765248522e-01
9.433111190295686566e-01
8.813880314286806072e-01
6.340978901703726578e-01
9.324312043041670384e-01
6.182292711852505063e-01
9.311623259521963902e-01
6.573309244402527618e-01
8.395816798602288022e-01
6.164103826484028659e-01
7.791228953136782875e-01
6.417810853575584007e-01
9.140649210334008679e-01
7.467117418550860419e-01
9.266178833152555194e-01
6.314520761475501676e-01
7.193919660103437197e-01
-3.008323128213164499e-01
8.531386065792938567e-01
8.334906769084106104e-01
7.400356079001394471e-01
9.306708757850539193e-01
6.739943145644204936e-01
8.919887424420296362e-01
7.620451370475098685e-01
7.612065324332908389e-01
7.435184904880567380e-01
7.204735330475900978e-01
-9.332627260999573626e-02
6.441117946805555716e-01
-2.054677002292492893e-01
6.021827572722209254e-01
9.336741005574756835e-01
8.864620285413338241e-01
8.361004050981237778e-01
8.296001997657672655e-01
6.970490312407513489e-01
6.379986685992665718e-01
8.119857981181551887e-01
8.499517911434075756e-01
6.114014657016700882e-01
-3.081373904811592346e-01
8.579800256050814644e-01
6.076848154472012098e-01
7.638289165258098645e-01
7.496379411797825520e-01
7.988320281594291083e-01
6.955483426672045555e-01
8.646430309396616609e-01
6.392314987918127356e-01
9.321157102644315184e-01
7.374192366453826697e-01
8.718238624984273599e-01
6.210742800756919868e-01
6.783433688901019387e-01
8.581789963919935760e-01
8.428410319375460036e-01
9.144955995521616421e-01
7.118059976189203830e-01
4.041381479655785647e-01
6.227759520789888370e-01
9.248076506769995486e-01
6.297099182550847107e-01
6.780855288741837184e-01
6.891268267847554529e-01
6.674568144490528043e-01
7.617095045002004738e-01
6.207551337215605480e-01
5.941140779888742784e-01
9.398432638500211489e-01
9.065111331662143446e-01
5.878231543419503158e-01
8.786523474782863552e-01
-3.445554741834972456e-01
6.787377372403867737e-01
7.222008008115154976e-01
8.024830069271478017e-01
9.165926153888089845e-01
7.731878988292033572e-01
8.845490098951455105e-01
7.662496704205196130e-01
8.354162154821984654e-01
9.198822233668311199e-01
6.627449210474685160e-01
7.596474724142311397e-01
1.668156199973666598e-03
7.286259945631239354e-01
9.194512608045083413e-01
8.932179765727343845e-01
8.829106350579755125e-01
8.574974266462427330e-01
7.118451766101447920e-01
9.267772842889100415e-01
9.317783824063288201e-01
9.288740508206652091e-01
6.042656284958369817e-01
9.073128130688402626e-01
9.101672813350467628e-01
-3.124949244068890297e-01
8.122236108920821707e-01
7.197550336897166057e-01
8.444918018320120012e-01
8.096760355977963286e-01
9.218536320637650272e-01
7.865065132017461380e-01
7.836035557908169746e-01
5.265992039665670088e-01
7.116692242770972232e-01
9.136095664975469877e-01
6.349226459622507868e-01
5.860882970768526157e-01
8.972592264150348607e-01
8.492980080843148816e-01
6.122501426733262253e-01
5.444756601340088320e-01
9.249893323481965801e-01
9.686906002051338671e-01
7.476818154313285003e-01
6.501915680086163274e-01
9.109971032991918127e-01
5.429707428716277207e-01
7.879168111440777444e-01
6.490594398897620021e-01
7.807946156338494426e-01
7.117992320708451670e-01
7.558456136851998686e-01
6.632005478995638414e-01
9.391732853510069701e-01
8.194246058017904399e-01
8.766539515667091109e-01
4.635836231019074827e-01
7.633448598340659697e-01
6.216938543839243270e-01
2.857271948546371565e-01
6.207626416983000883e-01
9.056354115272169381e-01
7.170686181404988258e-01
7.231831753727336887e-01
4.084114944801838232e-01
7.720735063259782649e-01
8.187241166989688290e-01
7.750044918615107692e-01
6.445812927242446921e-01
5.100844075320000170e-01
8.867442272281486071e-01
5.757396956168464586e-01
8.052808039222015823e-01
7.252318119988043765e-01
6.620791596145845226e-01
9.277430556103262171e-01
9.197080789321921968e-01
9.130869714386739000e-01
7.163053568907946644e-01
7.459562752099009320e-01
7.263458475255941682e-01
8.683431313906584403e-01
8.702288579839098093e-01
9.328782251760024957e-01
6.066723735639253379e-01
8.980961792011277200e-01
9.028067460880314643e-01
