9.374765588859101939e-01
9.651857551645740552e-01
7.924317255234187840e-01
8.154027282243372365e-01
9.515309936570451876e-01
9.154656836127006425e-01
9.500503112806601980e-01
9.505603011806829095e-01
8.649038625585662166e-01
8.348917370650290604e-01
9.145436476539573478e-01
8.142382303125306198e-01
9.625153016120805427e-01
8.798815860207216399e-01
9.566826112119477532e-01
9.355197106146979635e-01
9.335946660797354024e-01
9.569119672658084053e-01
9.497748734390323300e-01
9.153261202489861859e-01
8.178774251004634621e-01
7.839809470120704393e-01
9.670505345264850394e-01
9.269370550689943755e-01
9.447955615471561597e-01
9.491306620569752717e-01
9.466304688912438037e-01
9.351400244451550936e-01
9.440165922700034518e-01
9.246114996490046867e-01
9.653596604956700133e-01
7.983563415634822302e-01
9.635944084097576301e-01
8.971453259492057075e-01
9.097133658371943099e-01
9.673407369356316066e-01
9.243005696061885601e-01
8.206875163031700504e-01
8.971051951785390388e-01
9.029642980945148389e-01
8.368580658966349173e-01
8.017185592862757781e-01
9.527841506080472200e-01
8.951445893917869823e-01
9.217605932045334072e-01
9.540928517666553699e-01
7.841358346575301175e-01
9.382334906278952946e-01
8.296699333549778510e-01
9.551619608519088533e-01
9.001250266340428130e-01
9.539755150072799506e-01
7.652332250304502148e-01
7.975640977924123298e-01
9.371676999272154918e-01
9.056212653597659479e-01
8.406978602993900873e-01
9.470679331745418539e-01
9.448772471326870592e-01
9.522014771842826075e-01
9.454998045215863289e-01
9.207886285677813198e-01
9.407251784717722831e-01
9.541152998941444530e-01
9.139891861204798573e-01
8.773423907546051836e-01
9.259160393972292180e-01
9.361020034225511210e-01
9.023686588949948462e-01
7.968367376771776645e-01
8.326642179781912345e-01
7.764290701428646635e-01
8.773727086497964400e-01
9.233676067141936006e-01
9.596359978725256257e-01
7.974163394547701955e-01
9.601249303252297196e-01
9.565077856925563449e-01
8.078276478589303533e-01
9.577004405049684976e-01
8.476392747530395733e-01
9.317941895306154354e-01
9.612280845326222067e-01
9.475023116116043642e-01
9.291262070926397110e-01
9.607034950731343503e-01
9.461930890152125961e-01
7.975446972955212432e-01
9.649498614546712094e-01
9.041739139954036997e-01
9.381180683039652690e-01
9.596210807437439705e-01
7.758635219972872532e-01
9.093286814927346029e-01
9.525423428186968744e-01
8.659927918087133580e-01
8.218948823690164218e-01
7.645139103545500747e-01
8.986502181739569606e-01
7.702595039648869601e-01
9.293176777711193992e-01
9.271301478469609059e-01
8.411768063259974504e-01
7.971841958085785773e-01
7.809681348022918801e-01
8.217560889705513016e-01
7.834445815957167270e-01
9.552944190821526238e-01
8.987920051201726546e-01
7.610272866816822912e-01
8.120982345792810975e-01
7.482763101518887794e-01
8.651425618881519730e-01
8.578629083173240355e-01
7.448042502822505018e-01
9.501012213596916611e-01
8.012544052306271869e-01
9.704553353091810441e-01
8.552908637583711560e-01
9.043893787789019090e-01
7.869499635794852122e-01
7.861050473277673145e-01
9.206097029464863635e-01
9.067830785230519552e-01
8.914232983847993896e-01
8.178407910676392945e-01
9.151455648515727237e-01
7.763545285612665214e-01
9.390083515855704999e-01
9.558509121474942916e-01
8.662655329421674599e-01
9.126340565911665870e-01
7.889701215742965790e-01
9.102972202408040614e-01
9.291365546652297080e-01
7.881810696893448709e-01
8.957664055853165053e-01
7.780725399507271156e-01
9.282921216476957005e-01
7.922383316128533970e-01
9.595678804586744715e-01
8.860990705417340907e-01
8.784948871785834834e-01
8.827183957632274147e-01
9.159328354735860600e-01
8.250051910634463859e-01
9.580948466860330637e-01
8.291812273120262589e-01
8.375808143783400883e-01
9.486887135991604048e-01
7.711232810426873474e-01
9.603661071910282176e-01
8.039510096184925292e-01
8.485624190746081652e-01
9.505766728743126892e-01
8.031352879338642392e-01
8.399082000213917709e-01
7.857278269675951332e-01
9.541417729040815310e-01
9.620849800222471826e-01
9.133017605622824053e-01
9.432508566107311587e-01
9.452572486036554533e-01
8.938013269437676822e-01
9.414451337021250144e-01
9.091432233291178999e-01
8.915703806998395153e-01
9.272386450926231038e-01
9.374210941817344711e-01
8.233071364695037087e-01
9.221759728000407108e-01
9.660559074135326441e-01
9.272418555526098505e-01
9.327700832874636916e-01
9.367336163433328533e-01
7.991744781398097963e-01
8.154274083303929554e-01
9.291195083544215860e-01
8.090361657043929622e-01
9.591653444614964830e-01
9.605882605396811602e-01
7.813192468736657181e-01
9.395961442857199142e-01
8.550931528036802565e-01
9.485244793309476341e-01
9.356435539925194167e-01
8.951753784876533837e-01
8.978366189852036161e-01
8.160342056113427667e-01
7.881274498341385160e-01
9.397745508820276594e-01
9.583350466061925088e-01
9.381850892365380945e-01
9.166856684322846061e-01
9.419205714661196271e-01
9.400027420803711564e-01
9.440954940920920357e-01
8.426694062535984298e-01
8.141095182052611179e-01
7.870280178188409081e-01
7.709391761968020784e-01
8.541173528391217129e-01
8.808504055597248250e-01
9.146593466086166968e-01
9.588855770588768923e-01
8.893243746710601805e-01
8.083979882362917202e-01
8.207124365435058966e-01
9.258946018219149643e-01
9.194921788558121367e-01
9.368898203151349025e-01
8.406298630751902756e-01
9.068943558949031924e-01
7.673046205059649294e-01
9.239478587522728104e-01
9.073456943827444832e-01
8.989900958697876199e-01
8.228134525936141586e-01
9.608043701698463224e-01
8.863447517004142684e-01
8.171583548428955623e-01
9.455577474902761015e-01
9.272584651397720590e-01
9.283710837650696046e-01
8.028041962411622823e-01
9.235594171653653817e-01
9.414996793894747640e-01
9.665079601590302882e-01
8.152446467208099845e-01
9.390889734599783267e-01
8.543769182781273397e-01
7.647913142867805991e-01
8.770663130462874602e-01
9.651455260697698879e-01
9.669872004773139018e-01
8.966442224447634946e-01
7.925021513063845724e-01
9.318319823044102224e-01
9.636319655974654452e-01
8.851890721950355090e-01
8.851810321444906204e-01
7.928213956552301322e-01
9.103676570406808999e-01
9.159609554481571436e-01
8.087330630154427880e-01
8.641101564874045238e-01
8.816798947733816005e-01
9.204107278577893236e-01
9.336184977022967679e-01
7.911827449345441021e-01
7.985037523432692019e-01
7.975766356399944801e-01
9.377558811436335073e-01
8.653102366190477124e-01
7.726770079084508414e-01
9.531997449528877286e-01
9.451925358290665935e-01
9.200261315064117706e-01
8.110803659450659397e-01
8.882983960978765303e-01
9.495372896381791827e-01
7.909783953319204919e-01
9.040541964982449219e-01
9.115909281051858271e-01
7.949701265132507189e-01
9.104150905777019798e-01
9.151898765025674454e-01
9.143448330134441582e-01
7.318236910207434054e-01
8.615696040995304283e-01
9.331377390681341311e-01
9.495558847269665037e-01
7.465373086784923284e-01
9.040996478502827394e-01
8.081798279958609665e-01
9.540023615393689038e-01
9.137288515082258034e-01
8.107496206723194820e-01
9.485208204596009551e-01
9.606728271010784859e-01
9.309168267689558185e-01
9.350389135101867533e-01
9.085544820376378894e-01
8.364567060567622558e-01
8.605956898506147423e-01
9.238188622731006161e-01
8.248917690639356870e-01
9.245297865937553983e-01
8.819295836417420098e-01
8.859572842466874043e-01
9.090312615001258090e-01
8.122909376674176674e-01
8.841466027850997111e-01
9.033133184565054208e-01
9.107274600653119112e-01
9.383155924061752362e-01
9.441905633899758676e-01
9.664820233153692541e-01
8.283546879599869017e-01
9.064656250759871581e-01
