4.871032148428414699e-01
8.638894704749936482e-01
-3.781528556031410471e-01
-5.303182410835411975e-01
9.337662158401651702e-01
4.087114338823595316e-01
-3.326473321528015115e-01
8.188741957212612999e-01
7.947287064621798569e-01
-5.771234930934687757e-01
8.213661632355675479e-01
3.668929216457355036e-01
3.200724312707152741e-01
4.010166830614354527e-01
8.706639972619948376e-01
4.335286651109917511e-01
8.368284099483602745e-01
-3.876133662849705064e-01
6.917782883433849506e-01
8.722552258031461836e-01
8.417652656205620865e-01
-3.858911791907468358e-01
3.080018723728815688e-01
8.696449087507851505e-01
-6.029095504088118895e-01
4.165230610872019401e-01
3.922601432201571203e-01
3.483603498965723855e-01
3.295644633566587878e-01
-3.956664230152282524e-01
8.583373326501215761e-01
8.512732325025149649e-01
8.335339693069006017e-01
4.154058996143603077e-01
-3.302213183712201516e-01
8.658218663021906014e-01
-6.309939615321243922e-01
3.348399589559800660e-01
7.010024609913558802e-01
3.811497286221201541e-01
8.662384740860119559e-01
9.271318694799175475e-01
8.683182285998494176e-01
9.313911837265109739e-01
9.243433685517443710e-01
-3.290030884788065491e-01
-5.396079184300015541e-01
3.728234854195540127e-01
8.689683913241816882e-01
9.662005119546788201e-01
-5.981540295040013167e-01
8.781664453929221015e-01
4.262534731589961989e-01
7.633077207940707209e-01
-4.228355293945135207e-01
-3.834847080085466708e-01
3.397251633798528125e-01
8.568205934618553510e-01
4.341052217609350228e-01
7.876931165047448280e-01
9.499485908259281963e-01
-3.533784234939447710e-01
-5.916940379059947297e-01
3.735209731851694137e-01
8.394234814314559534e-01
3.640434994431406279e-01
8.422283780475805504e-01
8.714561871434494122e-01
3.426080247151821467e-01
3.994173770676514579e-01
3.406762138422373409e-01
8.607035010389361140e-01
4.566428010970042806e-01
4.066056859095906750e-01
-2.153654615003767203e-01
9.102782115867668056e-01
8.401805282240851769e-01
-5.410849509904405163e-01
9.748959837370843040e-01
9.215586221412745971e-01
-4.493490369791036665e-01
9.054593748642887352e-01
9.335163400796822053e-01
3.901178006833683209e-01
5.874577074878152283e-01
5.799260914829634794e-01
-5.135919062334137752e-01
-5.488050560179580373e-01
9.453836351467252985e-01
8.139833352924759069e-01
4.413858414450717027e-01
8.544120396960206421e-01
-5.263002039668653875e-01
9.177248276789251591e-01
3.288545220711969197e-01
-5.363359856996398056e-01
3.939397561859246943e-01
3.504039869159394915e-01
3.819455335936169371e-01
8.366269412087423696e-01
9.496348640542000563e-01
-4.523583559061232218e-01
3.696903231498410713e-01
-5.762681439267363093e-01
9.521462255101178496e-01
-4.577593994075093153e-01
8.311734300615225557e-01
8.721466705591658375e-01
-3.852700292797449633e-01
9.415467247098974202e-01
3.795666163728441678e-01
8.050111436035489731e-01
8.749221269712603721e-01
3.448845611123722010e-01
8.382335520960355613e-01
8.688357712464480631e-01
3.338732876677775741e-01
-3.573393381619603959e-01
9.795035554028712621e-01
8.493988359837985058e-01
9.163050394633120987e-01
8.070246451646347907e-01
-5.867926424758349579e-01
3.319837473536713102e-01
4.383979349229010225e-01
-5.389169080143646484e-01
-5.654000186909317049e-01
8.694713884170806040e-01
8.740013822651014896e-01
4.698680075691694102e-01
-3.504689993049356911e-01
-3.143849423383756059e-01
8.920895193614742924e-01
8.744518759091945981e-01
-4.390482559489872760e-01
4.737224131922673220e-01
4.366111840786897624e-01
5.022975708764869651e-01
8.753634422836013007e-01
8.141857949414335049e-01
9.194169175283253281e-01
3.496279621671708471e-01
8.778376258925464359e-01
-5.145798032790347420e-01
9.830231128325968015e-01
8.650366677160697959e-01
8.768281074570989375e-01
3.807237719441361468e-01
8.787249576536950713e-01
8.677042667412202537e-01
-4.206709675774944479e-01
9.893929414076843010e-01
3.811811536648336274e-01
8.299886547243222612e-01
-4.393308859100416019e-01
3.947195220439708163e-01
7.625065520004883357e-01
8.689397575102422167e-01
-4.752209717409299206e-01
3.970497210444035030e-01
8.661121899639303567e-01
9.747898044543992224e-01
8.644489449368795153e-01
9.553096753009100439e-01
-5.864354206043904671e-01
3.935008868407595672e-01
-4.255409748659494951e-01
3.071286685876057354e-01
-4.894080022355836723e-01
9.457843414851095920e-01
6.630035574945650767e-01
3.982294199771023724e-01
4.260191767639108784e-01
-4.714341035809714309e-01
4.890121942394695109e-01
-5.151898926445888094e-01
3.094160563116398199e-01
8.728985817867374042e-01
-5.378532651972754985e-01
8.679546907778468157e-01
9.844263671036239671e-01
-5.190630807562018889e-01
4.776745414270774925e-01
8.257611011225476361e-01
8.558321492962751575e-01
-5.390872237637698294e-01
3.651623003702175740e-01
9.695689521473060957e-01
9.808766111003929256e-01
7.911527957423979407e-01
8.654676354580526088e-01
8.341682473925793317e-01
-5.364653512822448178e-01
4.807026558514688741e-01
-3.495153911819459669e-01
-5.164997779493853969e-01
3.892053987609269683e-01
9.517436839402841908e-01
3.859774404256302027e-01
4.651553750513350849e-01
8.591084194421856335e-01
-5.850202199182210627e-01
8.199105738617921135e-01
-3.479299482220605810e-01
8.146477528179441041e-01
-4.694091882471387311e-01
3.759791446377520607e-01
-4.435636867685300300e-01
8.673182593279687991e-01
-5.688978055008337975e-01
9.671075589804176698e-01
-5.202578727512484624e-01
4.024513482024509869e-01
9.424396193370081498e-01
-2.536234679478513998e-01
8.013697559874413123e-01
-5.296360713750424276e-01
-5.050403198012357597e-01
-4.904082018314678271e-01
9.867532862772578905e-01
9.203290495789735459e-01
4.385016901133537148e-01
-4.864306113426898892e-01
9.610891195332145198e-01
-4.628751596162808957e-01
-5.385166793135975905e-01
2.946957846168595796e-01
4.306458145972046347e-01
3.205760915450637238e-01
5.372178495313485458e-01
3.930647255771727577e-01
-3.715587989402355795e-01
8.704378575758364711e-01
-5.683483620870902753e-01
4.759213853866253174e-01
8.693838733753049830e-01
9.344761639095413575e-01
8.764441144064216704e-01
9.189287333542504044e-01
9.081779421898811266e-02
-4.569804614770485163e-01
-4.193021439423747498e-01
-5.652544178565981348e-01
8.758695693674882765e-01
8.668976514698250035e-01
-4.832041359794007063e-01
-4.396059557289986319e-01
8.658194645476835483e-01
-3.955591163126327414e-01
-5.665470342861749220e-01
-3.125832247625064397e-01
3.877316700645073722e-01
5.689165087196208503e-01
-6.098035833303712128e-01
8.724476328694821259e-01
-4.027970440551206788e-01
-5.781824405895815699e-01
4.181882573127821412e-01
-4.813815495616687867e-01
8.673817727748867057e-01
3.834473026286752129e-01
8.399140315035660276e-01
7.788044965334306458e-01
-5.830123750161195773e-01
8.691710808824066881e-01
9.639793164209431442e-01
8.589356130194729655e-01
-4.939864340801592979e-01
3.878272127392878854e-01
9.808766111003930366e-01
3.794423184401377047e-01
-5.290850140510511279e-01
2.817435462765779386e-01
8.154361550259511260e-01
8.769589610718708794e-01
8.218926455570441103e-01
-5.042838413131059960e-01
4.030626225766875681e-01
-5.670289340149375912e-01
-5.258310726156452120e-01
8.140514222201492567e-01
8.072111768962337841e-01
-5.981540295040013167e-01
8.681634270348500548e-01
4.181996093454422025e-01
9.813120146538589772e-01
8.692290704035372517e-01
-5.981540295040013167e-01
9.832806908711618776e-01
8.168210516101725993e-01
-3.464255568706398059e-01
8.137218161941768280e-01
-4.059192979785641864e-01
8.101842469556665982e-01
8.976069764327394562e-01
-4.967102521628836698e-01
9.169011501802881714e-01
9.396348567496011217e-01
3.521558996282397880e-01
9.310602168466963757e-01
