5.839150736234548500e-01
6.020423535274755933e-01
4.326678932948607170e-01
7.824518423403239442e-01
4.697212625587951496e-01
7.707487977819489355e-01
9.654131336640483507e-01
6.308606883768357321e-01
5.071341369703520341e-01
5.449693937618960149e-01
6.124761025170566420e-01
9.524492105283829391e-01
5.858802931821522897e-01
6.485220844275149110e-01
5.063823685005637287e-01
4.978286816670770554e-01
-5.463033166709360122e-01
5.065303463659374117e-01
7.593132359135650322e-01
-5.782317776795362629e-01
7.504369506381807220e-01
9.118942053888428045e-01
6.535449631138425808e-01
6.362084554084540544e-01
-5.636343900075052593e-02
6.314720362617801674e-01
5.869897319870118757e-01
6.864642853981242077e-01
7.286908967636378520e-01
6.207787972466619064e-02
-6.402740059383413840e-01
6.155302714934491881e-01
6.321463132897333637e-01
7.095108190298791140e-01
-4.316463826285885652e-01
9.444305310864062886e-01
-4.697458824422082735e-01
6.525107819839965906e-01
9.379168518601285198e-01
6.657077227040926193e-01
8.252666518263466200e-01
8.712812226644379709e-01
1.067635890814883776e-01
-5.194664637779330407e-01
4.550640935162919010e-01
-1.949983864003038414e-01
-3.735931177619343790e-01
9.822505359183921758e-01
3.156456890385296310e-01
-5.840455767995984537e-01
-6.756552578383603902e-03
4.864606627147013418e-01
9.006897465082990273e-01
5.233831722862820612e-01
-1.927101162690333658e-01
5.229160630695839362e-01
7.231032685000742255e-01
4.705760337989248754e-01
-9.149005951157637706e-02
6.171980819248124028e-01
8.064834552933436429e-01
4.027209397119829171e-01
8.410576074323994344e-01
5.217421747588215641e-01
8.043342245512367095e-01
6.264764876073527500e-01
5.447725064923826244e-01
6.480163230864739443e-01
-5.438697133816214890e-01
9.162546437644345509e-01
9.360120589892564347e-01
5.510917345849256632e-01
6.752902818484891601e-01
6.327943859485265499e-01
-6.955329025991584257e-02
8.177566766887600647e-01
5.256807933078548878e-01
-1.775416649834246630e-01
-5.064061005639213242e-01
-6.225419757947356914e-01
-1.587971783052299912e-01
-5.247077142619277490e-01
8.126984703431121559e-01
8.126122005306667395e-01
9.706068369272611296e-01
9.785535365423196907e-01
-4.219896580772584116e-01
-3.672800671378128601e-01
-6.030776111357968317e-01
5.330980206174789071e-01
9.271650588155719852e-01
5.835346884823386926e-01
5.099339461979733867e-01
4.484691493520748251e-01
7.843165545787302850e-01
9.240048719335900440e-01
5.926795225529633004e-01
5.887313375374474411e-01
7.126468199682778337e-01
7.789231226204018643e-01
-5.888753357882157147e-01
7.134425872382983425e-01
5.386056384212394299e-01
4.682104077462722058e-01
7.940030908409196897e-01
9.319263688800658585e-01
6.425156558024351927e-01
8.473865805938689544e-01
-1.556877265590276282e-01
3.539787776265509445e-01
8.830720147512114426e-01
5.679684895293395375e-01
3.853765301112288544e-02
9.531707466873603485e-01
-2.263474301231646613e-02
8.250870215206504987e-01
7.579573192085427014e-01
5.205475910045769261e-01
4.423101456900065953e-01
2.339194186209354043e-01
7.516707622429443791e-01
7.792513701469070408e-01
-3.684984801912356556e-01
9.673050828795721756e-01
6.310168275153100748e-01
3.783683440838689349e-01
-2.859010307279751251e-01
7.347603559994176914e-01
6.968640762452595894e-01
-5.950328338119350580e-01
4.956327214008382498e-01
5.525746907004751574e-01
-4.444570948278206979e-01
3.382141883604057320e-01
-3.872015325506546479e-01
9.657645524639935086e-01
5.929413699417478423e-01
6.556925883958419909e-01
-5.875034743291525086e-01
5.435916787532956151e-01
8.403047593398478288e-01
7.857113260710523184e-01
7.871542267379645352e-01
4.554127494824227185e-01
4.964347317891522060e-01
5.367710257018323272e-01
8.144228126830472814e-01
5.891322087287038656e-01
6.066090550518126179e-01
-5.533991266409205023e-01
-5.687119665377859262e-02
3.562374862054378810e-01
6.690887753626131307e-01
8.243521994597691194e-01
-2.968568700867365573e-01
6.275649430371434967e-01
8.330093759493404360e-01
5.813520560308862439e-01
9.593819116702053673e-01
6.816393243790197509e-01
5.918598901309806148e-01
7.999304891668401751e-01
5.007031271102462266e-01
-5.876236269234296206e-01
-1.395418681056195542e-01
9.721361487196973350e-01
7.975683267072789517e-01
7.580643284797672354e-01
5.607635672252125891e-01
8.063749965594156910e-01
9.830700706076268558e-01
7.019971142326157931e-01
5.670806550749800667e-01
8.773484833732978494e-01
9.329179339459211517e-01
-2.929369005477607257e-01
6.141799806114067728e-01
8.119011905308531896e-01
1.991377316032758027e-03
1.500882644018708967e-01
3.882297836318925333e-01
-2.763467371404026429e-01
9.255780321941440292e-01
6.165974548036039504e-01
6.741335890564967848e-01
-2.670327415776460045e-01
6.485347345401292207e-01
-5.622539400282275945e-01
-6.301843575959700239e-01
5.539721523722458407e-01
3.336765767701881380e-01
6.061989359689685664e-01
-1.398118240186720374e-01
7.161003452406426995e-01
1.443756783120614950e-01
4.952690549554594757e-01
9.741968155980572641e-01
4.367923338519843490e-01
8.969729173748623996e-01
9.567529228575430977e-01
8.215703454761695834e-01
-3.968340464864313910e-01
5.880942121991981075e-01
7.992989636513726515e-01
6.242603422603498764e-01
-9.345945302068378591e-02
7.341185442391309213e-01
7.789237839700858812e-01
1.777020127364698221e-01
7.965905576521010723e-01
-5.491345335888555557e-01
-1.139965703281980575e-01
7.557967005439347741e-01
-4.456111694159627934e-01
8.522330013432459772e-01
5.809742879669275162e-01
-1.488013406970734032e-01
-2.562484361873718086e-01
9.196725043102582653e-01
-4.993546028233079026e-01
7.969224293192371800e-01
6.416595052334210791e-01
4.915640807041314897e-01
7.944169621927850145e-01
-7.622019392390819159e-02
4.489646811203977239e-01
9.816270630195651492e-01
7.138908240163852614e-01
6.013291225395078765e-01
7.999304891668402862e-01
6.742693668160777420e-01
4.949239021067123878e-01
-6.206972306709936937e-01
-3.094947883247923803e-01
7.080452686628908587e-01
9.567755230461795213e-01
-4.032129603861103195e-01
-4.450337305636341556e-01
-5.640701482009058410e-01
7.336572518872012116e-01
7.841732275443864530e-01
7.409470461799669838e-01
-2.807145700645722330e-01
-5.847947926288712406e-01
2.878140064869169068e-01
-2.807975485504932145e-01
9.477126864835359044e-01
4.972665332299766594e-01
4.923195175291172898e-01
-3.248661298198665670e-01
7.873703500877616834e-01
9.569639595207667382e-01
5.758032315215213526e-01
-2.831940762719161175e-01
7.691344393917265432e-01
9.506488677923319308e-01
1.746625108301595730e-02
7.236450415251396429e-01
-4.310514642037017730e-01
8.122900039316001131e-01
9.094355228800925506e-01
6.251992893259005202e-01
-3.821424877074720561e-01
-4.050519000144698900e-01
8.881041881554181394e-01
4.038128380421200925e-01
9.838448564408660557e-01
-7.546303229027379045e-02
9.624372447660054508e-01
-5.836721736420035223e-01
6.888557973493132369e-01
6.091929661433431731e-01
7.916672040364118867e-01
6.023846808480967097e-01
3.722150168922572222e-01
5.625967588500990768e-01
-3.420793940946255107e-01
7.549888233745869481e-01
-3.816877446704444177e-01
5.287938935449280065e-01
5.590993822038254901e-01
6.486730466612130597e-01
-1.881880819820895001e-01
8.904967422227214602e-01
4.529801063778278181e-01
7.761551033424456403e-01
7.992804325724440773e-01
4.901633385917483210e-01
-4.757824189842310147e-01
2.817483245317108365e-01
5.559610966279434630e-01
5.634625326097781883e-01
8.802960753465347565e-01
6.132977942437186636e-01
8.116221962789770261e-01
7.739818873616766126e-01
3.817723647379601681e-01
4.064179681091986129e-01
9.504207875162384855e-01
8.073325064539245144e-01
