-2.071130971552232469e-01
-7.004064445572451281e-02
8.992862616235122175e-01
-3.568180549704553783e-01
7.564516216749928024e-01
-2.987666984809489445e-01
8.569589106062789341e-01
7.718567992248666076e-01
7.415566101485212558e-01
8.397176568785091888e-02
7.354409460676319954e-01
-2.836082296168616068e-01
-1.548675611612525538e-01
-2.604179474011105722e-01
-5.245139059619120803e-02
7.664089844715215039e-01
3.363531551023850596e-01
9.156562432325398015e-01
-3.695843250114363432e-01
-4.774199377339714001e-01
-2.952585063905042162e-01
-2.287080028985738478e-01
-2.180070203809339469e-01
-3.504880084961659037e-01
-2.152992427191238178e-01
-2.694441152069378953e-01
-1.430342990068235176e-01
-2.438859635895431477e-01
-2.997699266046017774e-01
-1.274172951111683105e-01
3.009401248030450504e-01
8.512197603038469396e-01
6.526908147747674249e-01
-2.792894737939000116e-01
2.297325719836473823e-01
8.585447719508053632e-01
1.376402464492905986e-01
-1.238426909963557393e-01
-4.173948220559607902e-01
-2.970819368564863172e-01
-1.797305366837849694e-01
9.808821031587942052e-01
-4.336128340427474193e-01
4.877103847190268349e-01
8.305927071188101696e-01
1.905873429921360607e-01
2.649107371395409416e-01
-3.377507519494484800e-01
4.660930871619896054e-01
3.520057104876568310e-01
-3.635277500409483942e-01
8.707627084045247434e-01
-1.772997467312695807e-01
7.132090979012886134e-01
1.856144193685495547e-01
8.994845976462013670e-01
-2.831383863172162174e-01
8.938763369098918776e-01
-1.709721385703941998e-01
7.703187912398030690e-01
9.952475890110511481e-01
7.858359531925186436e-01
-4.848898043422845694e-01
-2.353034789187531950e-01
-3.742451340996100217e-01
-2.216175160719507931e-01
7.508018666423141863e-01
-2.717581212679954228e-01
-3.502901119745048808e-01
-3.804619221148097807e-01
-3.610653630567616235e-01
-3.151751952628986664e-01
-2.860350811143058114e-01
6.305077418738096462e-01
-5.977828533992271542e-02
8.138422207531561536e-01
7.590875847958324929e-01
1.053081579121708244e-01
3.741397810841671223e-01
4.427937665670521605e-01
-2.088124294858161381e-02
3.652682421712394323e-01
8.770614208190545824e-01
7.363489195780534846e-01
-3.687908955674348288e-01
-3.547061813291217947e-01
-2.264415331261935282e-01
1.073961510746765657e-01
4.068511390635850544e-01
5.978620714029231342e-01
-3.216467534194473732e-01
7.943006886384176291e-01
9.005641682490626021e-01
7.731297904658378517e-01
-3.398776752620417119e-01
8.992230112853585311e-01
-1.815962494282712947e-01
-2.111694832874456695e-01
-2.476839485666731955e-01
-1.613043298790615143e-01
4.171481968847056132e-01
-3.110058377687664466e-01
-2.627732813307886439e-01
7.926370345500846071e-01
8.930865522344748619e-01
9.233060519617005690e-01
7.828111327118203455e-01
8.134850476869233404e-02
1.052990361794070573e-01
7.872390004060414448e-01
-3.543607972439796194e-01
7.943006886384176291e-01
7.236058431129457347e-01
-3.049179632648434946e-01
4.521574535492042246e-01
7.146450425364458958e-01
-3.208327542444663338e-01
9.130095853702864250e-01
8.291532290694865193e-01
8.072852771927319093e-01
9.649607429499323930e-01
-3.382215003243124740e-01
-1.066033867936398705e-01
-4.014763507501709627e-01
-2.883713670821573261e-01
9.219407231621727927e-01
3.205695381384460890e-02
1.943124403988859619e-02
8.064438653782226574e-01
-4.513415959775358699e-01
9.170328109093811575e-01
9.324798876879635268e-01
4.121193173048733893e-01
8.389267247301130936e-01
-3.618804352989817841e-01
-2.443521878779387202e-01
-2.090136575505858185e-01
-2.610681232897256732e-01
6.904925413448758098e-01
7.617245161518979568e-01
8.929914095919824213e-01
-3.643415955260798089e-01
-2.814137846051146252e-01
9.307320865363024609e-01
8.201741431546185623e-01
7.739580901792657563e-01
8.249139650130604684e-01
-2.004888595504831506e-01
8.205555210998318749e-01
-4.024809440442379538e-01
2.463677868052993880e-01
8.032007915671628417e-01
-2.515707402768232459e-01
7.771583879661756455e-01
1.409299660407380972e-01
-1.693990427649337827e-01
-3.467812109809963461e-01
8.381885601411849240e-01
9.229876922923752058e-01
-3.144868289091423685e-01
-2.202110766882588999e-01
7.742462407467032293e-01
7.916592598287088833e-01
4.017473438651079087e-01
-2.888651303425211481e-01
-3.467931439747553579e-01
-3.459944744800383942e-01
-3.381420977590467447e-01
-3.934637629949972459e-01
9.145520743345921799e-01
-3.374002863986153011e-01
-3.049584829901786365e-01
-2.262258200125566998e-01
9.543338059333179579e-01
-4.206678581596495214e-01
1.549057278004675742e-01
-1.118353177088027839e-01
-3.392990032915267351e-01
-2.379918298123437359e-01
8.460475838257730530e-01
8.286469788733393793e-01
-3.118617908016865226e-01
9.185787004942481682e-01
5.942840047921631452e-01
-1.167364563012381895e-01
1.295569562833290000e-01
-2.764319209978462477e-01
3.054149318740533303e-01
4.775492740863822583e-01
8.351355930796879878e-01
3.527006587060777520e-01
8.200018189927302803e-01
1.884482210975537697e-01
-3.507130328387928486e-01
-4.360196454667378818e-01
9.439823924802219768e-01
-3.762316305218116330e-01
7.898021424332355434e-01
-2.334019852409865980e-01
-3.461224339998966171e-01
-4.394805046686421912e-01
6.446872295319140689e-02
8.275987811475384870e-01
-2.671333519071882878e-01
7.386310477113138262e-01
1.031496785302679492e-01
-2.163250687640126679e-01
-3.105199141325208911e-01
4.059145263920314606e-01
5.239459976913943967e-04
4.614289331838450914e-01
3.995407152065366674e-02
-3.094659347420250506e-01
4.468254627462947548e-01
9.085488185228332014e-01
6.195516157309273186e-01
7.684177305686162862e-02
2.651803979709038001e-02
7.095524589190587150e-01
3.381670664487030353e-01
9.092898377786508002e-01
-2.886902539834400594e-01
9.155921382742929771e-01
9.144450052901151871e-01
2.098019089096340439e-01
8.961245189218941531e-01
-4.157201158000551344e-01
-2.361531123243580943e-01
-1.865077406057888409e-01
8.464548618689482495e-01
-2.942226734980150082e-01
-1.217028077712127704e-01
9.215949563347272111e-01
-8.266821131530555089e-02
-3.163370871073677426e-01
8.389657111776722687e-01
3.612079935906894468e-01
-2.324181579512487328e-01
3.361476165927474447e-01
-2.930134170143599004e-01
-4.167092296858795342e-01
-3.355221522915112775e-01
2.187569428622210543e-01
3.467868328387455623e-01
8.900905096731859256e-01
2.327676496472686485e-01
8.161359595804598133e-01
2.131495601043826293e-01
8.882147551498642546e-01
1.597824066208485827e-01
-3.854267062901235441e-01
-1.963962446382000460e-01
-1.433605310901130137e-01
8.804596179133761247e-02
-2.935786151048456194e-01
9.122270940372174675e-01
-2.910090274660468435e-01
-2.402687327119296945e-01
-1.186865257180138994e-01
-3.675732047331397578e-01
-3.894841546174060420e-01
6.796558664970653307e-01
-1.358901159996591668e-01
1.603340781414232252e-01
7.817833488303278511e-01
8.087473527187971634e-01
-1.554980294598100055e-01
2.567504469157358069e-02
-4.090901633446759611e-01
2.686457566366752259e-01
-1.561287763051280586e-01
-3.999184402893116164e-01
-3.136442005163030400e-01
6.862604176173588977e-01
8.763304621167913866e-02
8.226432671665250274e-01
1.933486232396559035e-01
-3.773644100587225658e-01
1.849612825334699950e-01
-3.769323556851097989e-01
5.927546486240171664e-01
7.426258634941607095e-01
-3.749276221254750352e-01
8.500973566017697713e-01
-2.614492651793254296e-01
9.178400774227823966e-01
-3.708868617087683617e-03
-4.307773345112680397e-01
3.650922520010068117e-01
8.065129109621644865e-01
8.930012767095694137e-01
7.377723770538155978e-01
9.341851580138844646e-01
7.943006886384177401e-01
8.640299440846901380e-01
-4.483006532125243249e-01
8.173888409001957012e-01
8.393838918267175764e-01
-4.093160308980533513e-01
9.421738715594162317e-01
