9.827741625657028246e-01
9.829724022764245728e-01
9.831488326073611894e-01
9.831338102128578393e-01
9.825216277891356542e-01
9.830495572729051057e-01
9.830157522449127772e-01
9.830125552548067969e-01
9.828905202090343352e-01
9.829297491140390752e-01
9.828586596543202880e-01
9.826194737614419861e-01
9.828059000914882715e-01
9.831363415020075713e-01
9.828638340880611057e-01
9.830149285522646885e-01
9.834477861912931385e-01
9.829120265445119298e-01
9.831818997024869278e-01
9.829469152582728242e-01
9.830546500528947185e-01
9.827019928956591821e-01
9.831321008994367006e-01
9.832592530333124081e-01
9.827233561569793663e-01
9.831738734365171872e-01
9.829021295795605795e-01
9.831467363036938689e-01
9.829331714899682826e-01
9.833498653985570659e-01
9.828314784576673846e-01
9.831749833958265405e-01
9.833101404208867136e-01
9.829975849892820250e-01
9.830229685535709638e-01
9.831926060200435469e-01
9.833630942111744044e-01
9.829783286052742319e-01
9.824532552205015312e-01
9.831238183808920228e-01
9.829129006228611853e-01
9.826677327800813488e-01
9.830437397959705947e-01
9.832235284752826043e-01
9.830120682417189393e-01
9.825951645629142917e-01
9.831883578305864457e-01
9.827030417533146878e-01
9.829093228614790290e-01
9.825185057953220724e-01
9.830154292230020019e-01
9.829493313272170685e-01
9.825115640875723422e-01
9.830845180594424138e-01
9.828818923335673752e-01
9.829488193633555415e-01
9.831792955418510171e-01
9.831158882422479373e-01
9.830991089201384092e-01
9.829600507426189404e-01
9.825161534156463539e-01
9.828590861741302032e-01
9.830450643660263443e-01
9.827898236649252883e-01
9.833646318473012737e-01
9.828740286546198135e-01
9.826417609598467884e-01
9.824892153710711451e-01
9.828613483574292209e-01
9.829076504339012699e-01
9.827154579568331272e-01
9.830080375516598856e-01
9.830673905295459480e-01
9.829020573551933149e-01
9.825835412332299956e-01
9.828817516141552524e-01
9.829502577368849359e-01
9.830043435719297840e-01
9.828613243433300672e-01
9.831674065455959788e-01
9.830136998918657110e-01
9.831937205970824323e-01
9.829816836088567378e-01
9.827401885188664643e-01
9.828773167138686873e-01
9.830275857845316434e-01
9.832378637151683032e-01
9.832765493522133138e-01
9.827190113063508647e-01
9.831241035636972825e-01
9.828968245330624853e-01
9.832823927185286861e-01
9.827618853557988920e-01
9.830412654917579651e-01
9.832305918614667739e-01
9.830199167699233964e-01
9.829771596275540535e-01
9.827633762395105999e-01
9.830825836698084963e-01
9.829888056099114202e-01
9.829093083541899922e-01
9.830796511569948049e-01
9.833487625493188000e-01
9.829720750356719661e-01
9.827784299053170525e-01
9.831408445067866264e-01
9.828571888376719246e-01
9.825557453905757743e-01
9.828260900223428909e-01
9.828645512770317616e-01
9.829006511056981310e-01
9.831302165415045646e-01
9.828509133991061297e-01
9.826938971003389423e-01
9.829988582910766937e-01
9.827522730869227008e-01
9.831364177049943809e-01
9.831601806855431169e-01
9.829855573475232422e-01
9.825874035170008014e-01
9.826669577518735155e-01
9.830253837927218630e-01
9.832692551282760096e-01
9.826719961073906440e-01
9.831771363732633162e-01
9.832025676502595957e-01
9.827296852596764110e-01
9.832254200011659728e-01
9.831974489465222788e-01
9.830509426865483569e-01
9.824581274406827269e-01
9.831506875035362913e-01
9.831785281242871877e-01
9.829356775296649307e-01
9.835545964640119987e-01
9.826306824300978793e-01
9.829994431494009088e-01
9.827375848452413187e-01
9.832343663243758858e-01
9.828094306501655719e-01
9.831497953831200842e-01
9.830787293926768200e-01
9.829527864355651623e-01
9.828052169662571114e-01
9.831418911037548281e-01
9.830136640485296340e-01
9.828712149560880906e-01
9.831482680371312899e-01
9.829547229137479691e-01
9.830082533240964704e-01
9.828164630544558023e-01
9.832006773722475890e-01
9.832152270145292361e-01
9.831403514512473407e-01
9.829146893970532872e-01
9.830987050567091545e-01
9.828572572771550053e-01
9.830820098396512163e-01
9.832568217082183759e-01
9.829402002531613114e-01
9.830882013965223098e-01
9.826079275966487225e-01
9.829618468975309664e-01
9.827144185544494093e-01
9.826838004812343819e-01
9.829360190060946190e-01
9.829318654101971697e-01
9.829363864672928663e-01
9.832572394714527153e-01
9.825002882631288514e-01
9.823990060006877467e-01
9.825400436893761968e-01
9.832889817431900159e-01
9.830057624752668310e-01
9.825494378752963609e-01
9.829284328513490099e-01
9.831680401934119740e-01
9.829219159328683730e-01
9.831916577896973042e-01
9.830103698702197246e-01
9.832842181819405614e-01
9.831647753639802811e-01
9.831510679988777479e-01
9.828635800388225707e-01
9.830469250506321810e-01
9.832586800634968149e-01
9.830798581064819075e-01
9.829977322034080256e-01
9.830907876581487237e-01
9.834674868508681556e-01
9.825921300545685799e-01
9.829266128437357253e-01
9.833054132937948388e-01
9.829924726710529415e-01
9.828078500632664305e-01
9.830324364162501549e-01
9.828501800198479188e-01
9.827163458321046541e-01
9.827261768934729691e-01
9.831115509048518053e-01
9.830480467203739359e-01
9.830328213741661436e-01
9.830873365419681154e-01
9.831159396180360055e-01
9.832204720837475209e-01
9.831251965284971694e-01
9.830664182029249520e-01
9.829510642165453227e-01
9.831528519085619422e-01
9.826919754179418431e-01
9.827316232226428472e-01
9.828243694337687186e-01
9.829065663735105929e-01
9.830632043719589319e-01
9.830561712900370841e-01
9.834825452427069514e-01
9.829515723954846962e-01
9.831895301615585225e-01
9.831986703601314215e-01
9.832836752040230444e-01
9.826173843211053471e-01
9.826481349607023574e-01
9.829548664867212571e-01
9.829470331185188314e-01
9.828705935621986356e-01
9.830436336718691992e-01
9.827316606400167132e-01
9.831863082334526549e-01
9.827302958865858917e-01
9.830494732155883320e-01
9.834781564996299963e-01
9.827593375037194656e-01
9.831296739727218847e-01
9.828585926343550438e-01
9.831834119035531838e-01
9.827244956165869239e-01
9.827644764377938547e-01
9.828863904013451780e-01
9.829357532939937414e-01
9.832934938187893881e-01
9.833361194462429955e-01
9.829424633469818762e-01
9.832367478690717810e-01
9.826385917633964073e-01
9.830310327953505345e-01
9.829993978151443379e-01
9.831434173739737048e-01
9.829562844872054006e-01
9.828219802506035219e-01
9.828669925246902306e-01
9.828645572809165953e-01
9.825187141845861394e-01
9.832551209462567776e-01
9.831858593667460733e-01
9.829961055481275523e-01
9.830823829286088333e-01
9.833351548279725129e-01
9.832016742117666297e-01
9.834313601325508358e-01
9.832108649617832263e-01
9.826440229021693451e-01
9.831985376835937762e-01
9.833405785295186163e-01
9.833746396662865763e-01
9.829077410851698726e-01
9.836490984482471056e-01
9.830689289843679290e-01
9.831770074461618769e-01
9.828708692379328760e-01
9.830604807873160045e-01
9.828078903391346266e-01
9.828858434019944745e-01
9.830064636961317603e-01
9.832776286981428360e-01
9.832226832254323812e-01
9.830286957514022816e-01
9.828389404756097125e-01
9.830308072554803100e-01
9.831992540402119118e-01
9.834337860456683345e-01
9.830175127264342283e-01
9.832724353619833879e-01
9.831495680302797524e-01
9.831824013589316458e-01
9.827106635022807568e-01
9.826076761507134272e-01
9.827867151240591292e-01
9.825425944675475476e-01
9.827557792983352414e-01
9.830801562101882940e-01
9.832437495264031435e-01
9.831633024129577958e-01
9.834035991808874888e-01
9.832617111312513813e-01
9.828696281860487272e-01
9.828310591097479954e-01
9.829118488303316692e-01
9.830887629323372678e-01
9.825452184202687622e-01
9.826625091554188618e-01
