2.821816389279440118e-01
8.032487216667758556e-01
-1.119573642846663220e-01
3.648381794205579620e-01
1.937421778483827128e-01
5.973804209349987959e-02
7.772738463522386176e-01
-1.617703655530373930e-02
-9.542131949793896881e-03
4.796686295558288959e-02
2.326482834838716762e-01
4.299769476783482092e-01
1.979734356552276808e-01
8.388394856289338453e-01
2.461380321510031055e-01
5.780230914840438217e-02
6.438196615251572386e-01
3.247079024326788854e-01
6.586712877872810123e-01
-1.129606160359692274e-01
7.134787168268778013e-01
3.402528052889688404e-01
8.088850629575035089e-01
6.265993755297061263e-01
-3.625003442484762972e-02
-1.116483078663894901e-01
1.696611332513803805e-01
7.715724918151991574e-01
4.709380331752232585e-01
6.470855833398813095e-01
2.100667151457654425e-01
7.985414564668880111e-01
3.795999347123562018e-01
2.163154772530324066e-01
7.703601983893249017e-01
7.670414485236796143e-01
6.845289621163421767e-01
7.114952939311569580e-01
4.374932290408927171e-01
7.549954458473164820e-01
8.223026051405720738e-01
3.592460927497950207e-01
8.157725765491228298e-01
7.307749247979465901e-01
8.067844008404820855e-01
4.696404702454856639e-01
4.620503391043706554e-01
2.695895399421014416e-01
2.585376826864149158e-01
5.018058231592036345e-01
-2.834695015440391250e-02
2.536733115717221265e-01
4.233753773321050629e-01
1.795858365896577102e-02
-2.100946786253866938e-02
3.480603985819088475e-01
7.974421651610030803e-01
3.128104537069019697e-01
2.521634669516017446e-01
-9.304697373381803915e-02
5.129068607138994595e-01
3.084835977978132027e-01
7.204410896361994610e-01
2.028630861460409829e-01
7.895814170870885107e-01
2.536076863315859242e-01
5.937604948286079320e-01
4.155343851190646531e-01
-6.002449699589668120e-02
3.439206518613406871e-01
4.400737225992663593e-01
9.868915852942813927e-02
1.210868051757175434e-01
-1.770586732936250268e-02
1.278099648695977808e-01
4.503707751777527024e-01
8.257841683627658025e-01
3.291618859104971095e-01
3.318747172786129518e-01
8.056407485785981315e-01
7.184798687401192652e-01
7.846154947308113803e-01
4.314969392804292314e-02
3.699790534149824950e-01
2.851845872385742053e-01
2.788481135207023787e-01
7.482465383990619667e-01
5.894243655909452428e-01
-1.134079381619035598e-01
-6.594914591974646023e-02
3.477193265141300671e-01
-2.220446336380751950e-02
7.112474852552612692e-01
3.322701142604120861e-01
7.789254516125347916e-01
7.728612227982869509e-01
2.072677915175944463e-01
2.117726668662719691e-01
1.674164290360739826e-01
4.550171374292036330e-02
4.413428938889628617e-01
3.071239758534277664e-02
8.145652458363994430e-01
-1.006855167128844174e-02
3.645289357486969362e-01
6.899379434567707303e-01
-7.867994924120089162e-02
4.398782845000310804e-01
6.033099714028425931e-01
5.702532354657500330e-02
4.751976908924002707e-01
-8.307368557817029764e-02
2.173693174740704004e-02
3.790944514125255127e-01
2.439312874114276108e-01
4.928289162086859632e-01
8.061011529175488022e-01
8.237932139152562838e-01
-1.400768584430892374e-02
4.054156350936536368e-01
4.681295414960021106e-01
1.769769252322624109e-01
6.836827067518491674e-01
3.131030232509425248e-01
7.065716628126918197e-02
6.412005834131612181e-01
7.975227697333522325e-01
3.086359268841499803e-01
8.491651254751957367e-01
-3.585895959326101251e-02
4.058978449069678973e-01
7.907139718155704600e-01
6.604839501455780360e-01
2.547226982016770336e-02
7.069897656021636445e-01
2.727556798827736606e-01
8.150576805891990295e-01
1.386358453627735687e-01
6.734715773771635661e-01
2.622486671572029637e-01
4.796679325528333537e-01
4.389290713256955856e-01
3.213894687716165044e-01
2.997672555987467846e-01
6.156817073205734792e-01
-2.135944038488062774e-02
1.759237714615278780e-01
2.567307879196544240e-01
8.313949986412922932e-01
7.941178694759807311e-01
-1.151183634657595815e-02
6.317464250035017548e-01
6.392469794399238125e-01
7.643035383071840050e-01
6.272646623256270537e-01
6.811695333707045164e-01
2.553166961125628576e-01
6.736116321738099266e-01
7.811001491399698349e-01
8.677834047338825463e-02
7.623527781799384062e-01
3.937272905701035830e-01
6.421708319218513150e-01
3.438220617709282223e-01
2.280535398711831530e-01
4.165642506348811169e-01
6.925696165592428732e-01
6.542588398822390960e-02
8.249181502272602273e-01
2.927668485592413994e-01
3.484380382174223634e-01
1.573746271759244864e-01
2.019728599931275292e-02
8.046073459815539231e-01
2.846445632346245036e-01
-9.111042777584409114e-02
1.485788150456991419e-01
3.465083459599106464e-01
7.373949937311891079e-02
8.224453555377633229e-01
6.778892612231990356e-02
6.544138446698104516e-01
7.144532457319432428e-01
2.434875751339012906e-01
7.057635646479810676e-01
4.826076433631632523e-01
1.042771330040591082e-01
7.937702385414630024e-01
-1.062036481187889070e-02
4.566889613032359962e-01
2.590613612391419185e-01
-3.224913976229932394e-02
7.146935060800443384e-01
1.185422087312890810e-01
1.411944582649660163e-02
3.174184309100457901e-01
4.239519888389382540e-01
8.788050881088678434e-02
3.139055710274915034e-01
3.206131731468863655e-01
2.839211548843273425e-02
7.411103381831338766e-01
-5.920769108555917065e-02
3.923667112665563672e-01
-3.657291391426149840e-02
6.231939251279172698e-01
1.709915369250942230e-01
8.486979775722375274e-02
8.256921174902716043e-01
4.486984229828079873e-01
2.092748137685148391e-01
3.013276596582338818e-01
2.295453761968713757e-01
-2.970906282013333066e-02
6.407476037047684647e-01
6.596563645172659474e-01
2.120489594059243865e-01
6.714007446548478919e-01
7.113371376271104829e-01
6.837018221671034013e-01
3.902239914431283596e-01
2.230164949738135394e-01
2.860725652877227354e-01
3.811516484027311358e-01
2.628047553402622638e-01
-5.089271700305737084e-02
2.021779567068045791e-01
1.334457729035433415e-01
2.857316917171312531e-01
7.537784271063771580e-02
1.096476693873068842e-01
8.222747764454005903e-01
2.088128739084981200e-01
-4.542428120950348092e-03
1.361710055770057881e-01
3.264166985563606849e-01
6.254607125102243925e-01
2.903979242635873481e-01
7.400039784825851452e-01
7.019712602423321401e-01
5.094312971107014532e-01
1.560441385132736170e-01
6.355787183517749295e-01
2.338913262257767411e-01
4.914918674452040115e-01
5.778542244932362015e-01
6.998462716925615279e-01
7.352307980529504405e-02
2.087460607300043736e-01
6.546953096182471787e-01
5.619778203413930417e-02
3.518422185399168178e-01
6.767406070213273228e-01
8.827802401842950175e-01
6.507544653488733788e-02
7.568699492377279903e-01
6.113745208854213242e-01
6.724024047159139483e-01
7.357918295877572401e-01
6.686938944740646873e-01
3.318896423342677093e-01
3.508559191906360231e-03
6.682300639951901378e-01
7.206868830428991846e-01
7.358695243758676119e-01
8.161975094991555935e-01
2.655956537535653084e-01
8.122132312101411067e-01
4.444370025698857751e-01
8.190884539909211171e-01
-1.092280432879758623e-01
3.601203307445236534e-01
2.400669245865945378e-01
-1.871183491114790098e-01
3.024678815436360191e-02
3.413676573319809893e-01
6.839741894533281075e-01
7.896814474654092475e-01
6.363147389298229317e-01
4.731216544118691525e-01
3.533683005119927500e-01
1.871782205988120062e-01
6.629187721339264705e-01
7.346439790106010781e-01
3.259790249513501714e-01
3.815226983004512684e-01
1.985806142001800001e-01
3.090099001124569367e-01
1.209256571114532275e-02
2.693152019732900082e-01
8.554584675881975464e-01
-1.186232231832162615e-01
7.332649307800067628e-01
3.592250287030407385e-01
3.084064489087437466e-01
7.567036705358555215e-01
8.257751115512392825e-01
6.845678339223988385e-01
3.582544214150145123e-01
3.499055013761479538e-01
