1.060251901491365972e-01
-2.905453351485455249e-01
-3.866338449019360857e-01
-2.779106406495697179e-01
1.582956359762148213e-01
-1.729885650688752774e-01
9.048715935809616973e-01
7.976462883437307472e-01
-3.780682738639498108e-01
8.158233277347751722e-01
-2.861173938590904076e-01
8.422824722639763451e-01
2.439198898603599230e-01
-1.037006522453527146e-01
1.720867735535677456e-01
-4.059754739103785814e-01
1.965780000639880398e-01
-3.722362072389124865e-01
-1.267243135084533678e-01
-2.969999124160956905e-01
7.619591636605874685e-01
7.526865134317178851e-02
7.562569816559288061e-01
8.162141289417379486e-01
9.014361439678582055e-01
7.225793770141378802e-01
-3.611354246741077523e-01
7.261736615404080775e-01
-3.821180183625739191e-01
8.559523136051603309e-01
-1.379608310074673105e-01
-4.538487470115961653e-01
-3.622210402746275926e-01
7.620787742446110125e-01
9.172814038372338885e-01
9.291140574571591371e-01
-3.673008534954218529e-01
8.099020374141447931e-01
7.664094031872342727e-01
9.621053736328619155e-02
1.610743260391418047e-02
8.650167840775245809e-01
9.130505348294910561e-01
9.316551187164417991e-01
9.209005846603062206e-01
7.605522321216371395e-01
-1.391651887345340954e-01
2.180487249760550694e-01
-1.209670077275854794e-01
7.077038218761831923e-01
-3.505441017317278418e-01
-3.832877856373787528e-01
8.657996443417455001e-01
9.277056943763485330e-01
-3.657154118319632663e-01
1.493948926388987547e-02
-3.188184732189293658e-01
-2.255999225622876692e-01
6.738373254618953978e-02
-1.527765731867222476e-01
7.518256103343566865e-01
-2.752723447819465652e-01
-3.264759334305222804e-01
9.002500221165220529e-01
-2.667445490371189165e-01
8.717628187559838260e-01
8.892509185753419976e-01
-1.318524094034447258e-01
9.201891969733739796e-01
9.067488677202706349e-01
-2.954463372697016532e-01
-6.666649443565055011e-02
1.472129520365410837e-01
-3.265683226628127711e-01
9.218379003665237992e-01
8.920149287995984277e-01
9.066842397242770302e-01
6.899068053818743218e-01
-4.308354530709708197e-01
4.185066267570336507e-02
7.518440156224447390e-01
9.410832771242567674e-01
7.829242974842951508e-01
9.161013051261701623e-01
1.233278407094782619e-01
1.175919220026464401e-01
4.456930625356107789e-02
7.997762310342062531e-01
7.875131588483090805e-01
7.689219176261123945e-01
8.412469307762837634e-02
8.895664352456296164e-01
9.335762931587352487e-01
9.163880277287992371e-01
7.741730883668469509e-01
7.878749096036056221e-01
-3.823222742223968407e-01
-1.774149702021889097e-01
-4.469705605302823903e-01
7.200634886035623961e-01
8.850857575070072425e-01
-2.594512041769336808e-01
-2.453059279978283269e-01
9.141063341610052850e-01
7.571714594335008375e-01
2.006608366753140915e-01
9.060888721221047604e-01
1.007364278661541102e-01
-3.905816057097872829e-01
8.850223032834824144e-01
7.482024025688542856e-01
-3.883888438171070878e-01
-4.815354387310520345e-01
-3.034767483269472654e-01
-3.707455012360861835e-01
7.708820209253735012e-01
-2.534809107700827235e-01
9.202109341500617212e-01
8.463052132253336135e-02
7.213579731214360136e-01
-4.111038981721339969e-01
9.421149381191221694e-01
7.972249668236076614e-01
-3.502410399153106368e-01
-2.571482227114104679e-01
-3.354008115555915381e-01
8.694765483819080210e-01
9.214097210269854843e-01
8.741371592938694812e-01
7.051217355308214696e-01
-1.793434144073892123e-01
2.443490305538100760e-01
-2.973363097699299185e-01
-4.351241849272706741e-01
8.931528282733577351e-01
-3.617641639850758262e-01
-4.019356333317002095e-02
8.685307644400405147e-01
-4.254258913063758973e-02
8.763639396846460983e-01
9.200301245680793105e-01
6.684436656657164466e-01
-4.129091603560757773e-01
8.485570383036997733e-01
8.856354551188415636e-01
8.949093893537168887e-01
8.912965342946190805e-01
8.475415998662836348e-01
8.975237965741211799e-01
-2.094286399577042490e-01
8.865691644512569969e-01
1.820021200115977678e-01
2.624229637280482974e-01
8.981767210528375234e-01
9.139689979066428771e-01
-2.227324668026744725e-01
8.447665931489316549e-01
8.858934688245680977e-01
2.652428559377157935e-01
9.163672235938986610e-01
-3.254014383334506988e-01
8.112952620487009492e-01
7.318029407150342669e-01
-3.573807329887667694e-01
-2.345871311186334407e-01
1.015975298790887105e-01
7.396471639602867354e-01
-6.389262305246923290e-02
8.968772387377543787e-01
-3.650467757169879035e-01
9.107270071816617185e-02
-3.193279909879099820e-01
1.482805667805484617e-01
2.229459942645025949e-01
-2.567986532224910690e-01
6.788645869104158459e-01
7.262437645884901594e-01
9.270848082954981084e-01
9.059768380714569025e-01
7.263451735437596035e-01
7.188728412038849491e-01
9.252891534945375529e-01
-1.682542193455479063e-01
-1.102612358941683635e-01
-9.133396548301084272e-02
-3.778629871848936395e-01
8.554251362661074998e-01
-1.733363752256501245e-01
2.408147993787764229e-01
9.224835301523678366e-01
7.795306951310971844e-01
-2.508581472899472087e-01
-2.015767360563100741e-01
-2.565036255478790328e-01
9.293334828227813871e-01
1.097258722725993341e-01
2.631591077203253304e-02
8.483726480021561156e-02
9.097474246404096965e-01
-2.269176231681919731e-01
-2.913244295549924368e-01
7.214145076412348256e-01
8.891365764226059898e-02
7.946464852859481676e-01
-4.248705409861184279e-01
9.183185233079398380e-01
2.751951557415974747e-01
-3.172627551168873961e-01
9.002164201314877268e-01
-3.853123303384745624e-01
9.344739263592790612e-01
7.878214654155658581e-01
-2.804380112733918795e-02
9.281977787017314796e-01
-3.486063457722555770e-01
-3.077526517929257133e-01
9.145426564126277746e-01
9.309204264716919308e-01
9.206343052076537692e-02
-3.128651751230089317e-01
9.177611100231125585e-01
7.706830522761831670e-01
1.381730204627806269e-01
9.238259655363990630e-01
6.036388511018880160e-03
7.264558193431779332e-01
9.025023630630401028e-01
1.749996324342841317e-02
9.108188696592091071e-01
9.417703359375430017e-01
7.431061175645969907e-01
-2.723820461809201010e-01
6.468832570668670012e-02
9.239953324212891728e-01
-4.361220148543428765e-01
-2.845426440194711026e-01
-2.246717202114805190e-01
9.329461317994315328e-01
-3.604409796879434746e-01
-7.119288439230496424e-02
8.230631965551856721e-01
-3.546635967515334165e-01
8.011307439212750348e-01
2.251678050909234896e-01
7.346065122651064261e-01
-2.623409028240154539e-01
-7.531303681701850827e-02
8.672359080275270360e-01
7.117672751059321845e-01
-3.623828886710830921e-01
-2.921615267673975946e-01
-1.829691529142315476e-01
-2.103938323514107089e-01
7.314353768658318211e-01
-3.050256127150300159e-02
-1.800427335827563535e-01
-3.901273550369933618e-01
-1.043667636842414981e-01
8.426978192669568046e-02
8.935827226759468500e-01
9.605416119395356056e-02
-1.029590416610391135e-01
8.688499144205660274e-01
-3.672446017063319967e-01
-7.988444962172469577e-02
9.109608214451523356e-01
8.806071200086765804e-01
7.305406235313864904e-01
-3.052976934175191670e-01
-3.554831917762345528e-01
-2.922156409232714580e-01
-2.352186099191204693e-01
1.054112838048823497e-01
2.471231932190318947e-01
7.608184313979529101e-01
-3.265606151121394074e-01
-1.052343474873641133e-01
8.953433283813265753e-01
-1.685929783016231753e-01
9.214981314996921746e-01
-3.709216431488802090e-01
7.318928805746263144e-01
7.881024963048479659e-01
9.430397168296043020e-01
-2.612382152275540687e-02
7.059231774764354039e-01
-3.707253659627712250e-01
9.077879775019552788e-01
-1.952976350895762603e-01
7.427114110985519879e-01
-2.491045497895163219e-01
8.630621023299392958e-01
-3.820188294570988630e-01
-1.776466113587372719e-01
1.634650340832629889e-01
3.765696598374730641e-03
8.460771435750168434e-01
9.287069662717254426e-01
7.409648696584909544e-01
7.565068986738281431e-01
