8.990350830606927968e-01
9.205945484879156648e-01
1.651496861752012046e-01
1.501784488350696445e-01
9.318039410796178368e-01
-2.067370404608906698e-01
7.331563701415791945e-01
8.358380860906933219e-01
-4.514858877887383826e-01
-4.344849661777540617e-01
9.104603865572349353e-01
1.037756074739441814e-01
9.218737814041009226e-01
1.548674196040690232e-01
8.505350881135178565e-01
-1.333060533134954317e-01
-2.327588962721656718e-01
8.249293455093217320e-01
-2.958876224801053612e-01
-9.939876516165610520e-02
-2.265356875202023668e-01
8.216452484537674072e-01
-4.667898257921582195e-02
-1.457376065236345719e-01
-3.563938501125232250e-01
7.799571299996727047e-01
-3.690012247711584314e-01
7.241517046184963169e-01
2.231590298225470392e-01
7.760319362786727293e-01
7.622740099626781340e-01
-3.342903294272436820e-01
-3.998014951003714401e-01
9.196850895350991983e-01
-2.325541407980269148e-01
1.745754728399506739e-01
7.288769256113923900e-01
8.314300112609523952e-01
9.221248498341798605e-01
-2.809813843485475249e-01
1.101403515055394133e-01
2.521924752809128201e-01
9.315179947093488178e-01
7.144271323551896202e-01
6.905379293763557191e-01
8.827772516456328100e-01
3.389318973428194215e-01
-4.088339388831966903e-01
-6.950699600059440098e-02
6.889535904079719941e-01
9.184549642642558798e-01
1.169998448081847331e-01
-1.080254464107634760e-01
2.529140657682229509e-01
-3.082187603918039587e-01
-1.201384693990321939e-01
7.297622623986663726e-01
-3.154688847407057795e-01
-1.567170649350100101e-02
-2.795786004271052505e-01
-2.168093186128979000e-01
1.706098422430293027e-01
-3.756672464784003296e-01
-3.505620640897358364e-02
-6.936021173720252619e-02
7.120196316450194685e-01
9.175213327034446031e-01
-2.304587384292609009e-01
9.083505342610460609e-01
-4.593581178455846681e-02
-2.670788361659686139e-01
-1.503182522597109050e-01
7.402024492630695507e-01
8.869978564064869841e-01
-4.195377206971974415e-02
-3.277399490881044430e-01
7.227761872879744365e-01
-2.153966784205120499e-01
9.235929461601390944e-01
-4.476663114052175096e-01
9.324110621243750785e-01
8.575435806623339374e-01
1.162507362110619114e-01
2.795361821627097565e-01
7.065307833957740202e-01
3.153929363458003038e-03
-3.379763095477535950e-01
7.409801090396897494e-02
-3.330646418253115915e-01
3.228546852980256343e-01
7.382368512127842619e-01
2.383243437538792309e-01
-1.886795259745603359e-01
-1.815164525155351372e-01
-1.751818631163620799e-01
9.238195705883819331e-01
-3.773702973966215346e-01
7.645434436708006265e-01
7.835827492050306819e-01
1.273847719337395032e-02
7.684491179169979924e-01
4.883894840224273226e-02
-3.244817712896490569e-01
7.532930471789761606e-01
8.967349375142666945e-01
-1.863449342598640923e-01
-3.825037270160521197e-01
9.169198861992644556e-01
7.914695814111838423e-01
9.275648509962758359e-01
2.693803353913768461e-01
8.877390159915816703e-01
9.134880771301909785e-01
8.435278725231888375e-01
-4.055567565595986634e-01
3.292409827547946310e-01
-7.507762372591367250e-02
9.139285980663004461e-01
9.060166780315815904e-01
7.007165074793774151e-01
9.113048068346398800e-01
8.464068848390998712e-01
9.032035923843203529e-01
2.498467056716197343e-01
-3.242920998917038777e-01
7.445783015972040619e-01
-2.530427927242886454e-01
-9.577342110391733054e-02
-2.038604751423936101e-01
6.924885970027290227e-01
7.942613782556803281e-01
8.186016665136006676e-01
1.298215691019276308e-01
-4.337029301139708748e-01
8.676003251509143421e-01
9.200370438156046937e-01
7.665062800629993678e-01
8.518839922838430390e-01
-3.127164047123635049e-01
-2.558762295844554391e-01
8.420726866486505369e-01
7.879000322132453382e-01
2.669916621385498567e-01
9.064910154151748500e-01
9.281883016450944712e-01
1.322739767796024535e-03
-1.181718267666483912e-01
-2.122538476566139254e-01
9.115660033596267864e-01
8.086369343568527990e-01
8.496584464010875637e-01
-9.377139143824575473e-02
-2.204650498816818072e-01
-3.734799048071733019e-01
-1.757972193003496109e-01
-3.396127159234245130e-01
-2.734720283110074757e-01
1.684978939686145594e-01
-4.058258428117371142e-01
9.105709752809848512e-01
8.668324787326231462e-01
-1.210554493501426465e-01
9.220480098951069348e-01
-8.423905285908410423e-03
2.418565040558039447e-01
2.715018970892099648e-01
1.788461472098380467e-01
-2.369658530386485884e-01
8.813969468401315899e-01
9.101349394484467004e-01
9.007307767536568699e-01
7.463072630083007752e-03
-6.217995185269377389e-02
-4.038697518839520217e-01
7.441888811737448206e-01
-3.243936603190889501e-01
-2.054664726257850876e-02
-3.268668295820104097e-01
1.938230762995791223e-01
-7.446238131305801811e-02
-3.447245527681386257e-01
-3.013034149172497678e-01
7.513742183019823662e-01
9.144930190463579356e-01
-4.081166345417216457e-01
7.470002919590307267e-01
7.682592540755291965e-01
7.161170703898590562e-01
-2.104611119399309171e-01
1.502364840193373859e-02
7.715972681126811450e-01
7.051183979514573652e-01
-4.281468726526437840e-01
-2.840052058794086953e-01
-4.221446236818415243e-01
-3.776836743544708108e-01
8.310611437796958656e-01
9.200536617937220552e-01
-2.887752667690771657e-01
-2.325037996070315194e-01
-3.618363343296934209e-01
6.934799145943655319e-01
3.766335832819717733e-01
9.316389060609187034e-01
7.610441500009408333e-01
-4.853540246073926312e-01
9.067513444785316734e-01
8.285412452636073954e-01
-3.940998096820782504e-01
-1.568128274632165642e-01
-3.988162044841415677e-01
-2.079557091904604693e-01
2.088840376498715679e-01
9.319684981468465690e-01
1.058177672451390688e-01
9.587064483569289475e-02
9.254074563370999762e-01
7.248364857423175156e-01
3.445626631547303587e-02
4.614738819105018014e-02
-3.787206075297171182e-02
9.259060995160875995e-01
7.253774928453025073e-01
9.102895264560216804e-01
-4.254425388914210848e-01
-1.508700007861221992e-01
8.991070916990819839e-01
1.809773615506406752e-01
7.050591842532201170e-01
1.006198232483749289e-01
8.328376011813837243e-02
-9.072751808537782292e-02
-2.547978192132102637e-01
9.159274147612223027e-01
1.613501253972687566e-01
9.236143489165102860e-01
-2.734107768863510701e-01
-6.717711432909165281e-02
2.767511895081842810e-01
6.804743396830141844e-01
7.787997145057889981e-01
9.074493727455452685e-01
8.730748837520657668e-01
-5.349257235942653232e-02
-1.773395314180452598e-01
-3.087092454900209337e-01
9.233908823481516981e-01
-2.568773863369600008e-01
7.253447414483050748e-01
1.694664737496774654e-01
9.020997595481554665e-01
4.161872857540771520e-02
8.998863424208164430e-01
7.058437330817582955e-01
7.535043023345814328e-01
-3.544458765316752524e-01
-4.122743348404313002e-01
-5.407487059290561060e-02
-4.270665173316967600e-01
-3.761316885279859523e-01
-3.575721868345377308e-01
7.601198070491436143e-01
7.594767878166392983e-01
2.245758400293573764e-01
9.148735363146456301e-01
7.564093997783922774e-01
7.868862862995374963e-01
-4.436429002086035855e-01
-2.829146167629643660e-01
9.138719402213708598e-01
-3.325997679203062107e-01
1.449559614516101116e-02
-8.292246098589889369e-02
-1.323627160811306491e-01
-4.445307140302092730e-01
-3.350883406443107559e-01
-1.812495731140774391e-01
-3.367237692259317794e-01
7.257645434666758488e-01
3.739271130873828008e-02
-1.854905372133193453e-01
9.338495996215658845e-01
7.121620923729942154e-01
-1.333330713867309225e-01
9.073280607915511498e-01
-2.184254653268076773e-01
-4.486774125126972157e-01
1.337792527016052335e-01
-3.377911676048668266e-01
7.429431443123241108e-01
-2.147675993482957013e-01
7.398767333165627846e-01
7.162566826046243840e-01
-4.122597646163989049e-01
7.526243691643390576e-01
7.568483218490843489e-01
9.209734467597749941e-01
-2.776041464926626290e-01
8.991175729703561048e-01
7.462597655688684162e-01
