1.425663016069661226e-01
-2.950353564965282338e-01
-2.608548578182577904e-01
7.751789043930689127e-01
-1.634945863626725837e-01
8.435179374612854497e-01
8.727710968077491138e-01
-4.650268340941887679e-01
-4.737874643667835395e-01
8.756005188727663535e-01
-7.683682165482665083e-02
7.250074516651709988e-01
7.189818645068493108e-01
7.288404232129724880e-01
8.397857347692208041e-01
-5.205158239643814522e-02
8.606467186274959769e-01
7.674847730457861061e-01
7.068197355530154713e-01
-1.454825419767657446e-01
-2.916132968371474288e-01
-7.540606043826958427e-02
7.632092192040144107e-01
-9.941888323814562778e-02
8.716735246917938218e-01
-1.927566980261612439e-01
1.113796058887720763e-01
9.161202002973289904e-01
-2.876013295334234887e-01
9.190289984428173797e-01
-2.404627742760036824e-01
6.882086478896538573e-01
8.553268793347633681e-01
-2.655452008797519192e-01
9.177738896054810080e-01
3.465574552871459324e-01
-4.672844500243647503e-01
7.344100182203929794e-01
1.889886390387312265e-01
9.313988746956389786e-01
8.401010153908248235e-01
6.627841120192055069e-01
1.587093455408966070e-01
8.813317770919585348e-01
9.203171608509138624e-01
8.604900256648367884e-01
7.271141004005694519e-01
8.817352976246521923e-01
1.597627999802359589e-01
1.342262745224653137e-02
-2.145955613263105244e-01
-2.885176253922952516e-01
7.029924038935637665e-01
7.550276534083266711e-01
3.564986881403568036e-02
1.257155704078109504e-01
8.827844317507111960e-01
8.040633299549031499e-01
9.126201175190802317e-01
9.319194388199558698e-01
7.835860477690137493e-01
7.127640551864862228e-01
-4.061883998825155939e-01
-8.574924709350173480e-02
-4.299076186122379184e-01
1.874566308821507543e-01
9.377687583311296038e-01
9.299196966321500168e-01
-2.005889927597928890e-01
2.248901098771532436e-01
8.912663103117203223e-01
-3.371326119450981373e-01
-3.727879112914002646e-01
7.130177811519663456e-01
9.013815375401246222e-01
-4.061907303066835673e-01
9.157097472057497134e-01
9.252357769113415120e-01
8.905400665762200907e-01
1.247636555889709009e-01
8.564944899061523176e-02
2.303754334188936603e-01
1.241149639330269006e-01
7.354916491624292618e-01
8.568555741214997079e-01
8.846232978570830463e-01
-3.852138297591268246e-01
-4.266446551686000621e-01
1.633876532542535287e-01
7.114929255178370493e-01
-2.001378882005601656e-01
-3.191075250165132937e-01
7.276664666438452667e-01
7.656282181671130171e-01
-1.738372266110604636e-01
-2.827982056642094344e-01
-3.799849172311501322e-01
-2.477453404838060591e-01
-6.268468569557991699e-02
8.586160795417194791e-01
7.187667136376725274e-01
-2.569519366925861470e-01
7.326049612610502360e-01
8.516264843849963295e-01
2.053616545315534725e-01
2.855951418303105394e-01
-3.306803239686860740e-01
-4.401690488995434469e-01
-3.137082900923252038e-01
-4.031070204542022140e-01
1.887883132967092537e-01
-3.046625719157164403e-01
8.126387434293688150e-01
-1.705443760333755776e-01
9.340074704952741613e-02
8.558071517149776763e-01
-4.410338268251223215e-01
8.517434282756829456e-01
9.283021980990369126e-01
-3.805721359055125319e-01
-2.057151348340072183e-01
-1.490598225663874316e-02
-3.676281232125260257e-01
9.083189765062587018e-01
-1.836310203829022714e-01
-2.995169304283512024e-01
-1.830127345217376078e-01
8.895867751243500265e-01
8.928749338076625852e-01
-9.663905489408941563e-02
8.813867825227745811e-01
9.084276895873500957e-01
9.315581118137148398e-01
8.428370339389625876e-01
7.294224345629847228e-01
-3.307072165695248422e-01
1.485606265352277799e-01
-2.647434613648851354e-01
-4.278274869870498653e-01
1.042754053595573438e-01
2.413380859843569370e-01
-3.787585341823582197e-01
8.286857926720895273e-01
-2.609230571042011615e-01
7.156830822996343988e-01
-4.034407416821949588e-01
9.356525714725205667e-01
8.773224219949947722e-01
8.585269524409050446e-01
1.584898645277486307e-01
8.190304624840309966e-01
-1.047173744034079756e-01
-3.752416941368773018e-01
-3.570783555156686329e-01
8.903643870010521377e-01
7.555280560426403946e-01
9.042797337693492254e-01
9.317218680090723071e-01
2.363954523592593782e-01
-3.104525134007399267e-01
2.390073230604867482e-01
7.640623274029626488e-01
8.132613766656734411e-01
-2.252482256477110478e-01
-5.508990417069771495e-02
9.305573740392777404e-01
1.500745483558268978e-01
7.824241042205370977e-01
1.802045741320125460e-01
9.289858067083732740e-01
8.590020521352329519e-01
-3.118919041567616013e-01
-4.193425365420035966e-01
8.099066313299544406e-01
6.971962739613383198e-01
1.931705257369502882e-01
-3.970451876790149215e-01
9.186074684104994503e-01
-3.803813705803671952e-01
1.240937343254354397e-01
-1.064337577578302330e-01
-3.631445883149621578e-01
8.881805515993258515e-01
2.312477212768940804e-01
8.819056435024328344e-01
9.068762357471733537e-01
9.071798379587309169e-01
9.303149365349628885e-01
-3.291249772173105437e-01
8.229861365528328143e-01
1.504464932424376400e-01
6.282494869440923280e-01
9.280438126558865353e-01
6.745047946035275244e-01
8.746451137557689215e-01
-1.461627685461508175e-01
1.586958041030656630e-01
-3.930404024287086351e-01
8.926444621081354169e-01
-1.450272930560155688e-03
7.920262319041614374e-01
-2.723045813933057113e-01
9.141726787081929650e-01
-3.405304239567479296e-01
3.100447241711791133e-02
1.699479150508581837e-01
8.887117953259050518e-01
-1.798829683653281886e-01
6.927274073988132219e-01
9.248853872729141390e-01
-2.517878017597787732e-01
-1.968107041420461001e-02
7.663029748701005728e-01
-1.065256503821366552e-01
7.496207186470804640e-01
-2.990841776878578884e-01
8.780401407879714348e-01
8.685786311624960065e-01
9.291034987434380055e-01
8.098366397113028192e-01
-2.658067514965514189e-01
7.663671475687791057e-01
1.074272287433493955e-01
8.870883859936630200e-01
-3.370150383335925870e-01
1.586885773597515037e-01
-3.745268620385580616e-01
-3.982219360831938948e-01
-3.713474119435302701e-01
9.537978341547237449e-01
2.779775755614314336e-01
8.093004961572985989e-01
8.879644646704784039e-01
9.040220350507212066e-01
8.483653467105082280e-01
-1.650617487697279145e-02
-3.512286881349415690e-01
8.194056968717362555e-01
-3.719188303726790601e-02
2.153429893018547481e-01
7.012607731815644341e-01
7.881647999226419898e-01
-1.809150944901400104e-01
-3.291588340620941189e-01
7.264287435062660725e-01
-2.820350706521225770e-01
-3.612145014854057506e-02
8.429872053493777662e-01
8.802115013449516301e-01
-2.816688417180909232e-01
-4.191324936512542676e-01
-3.994378744689791594e-01
9.021131472047134725e-01
8.859683225327804612e-01
-5.105938869336582031e-02
1.242489584406395037e-01
8.336352390527386191e-01
-3.810175020342997931e-01
-1.390413229049362598e-01
9.105679809502200683e-01
8.197643701845618303e-01
8.864848150170278052e-01
-4.249276680303618603e-01
-3.078017866101380173e-01
6.945225054967445466e-01
1.204568596505294076e-01
-6.104062385675407265e-02
7.304253969460811069e-01
2.510696609484672215e-01
-4.230399878670496050e-01
7.549360380241765256e-01
8.523427693576460795e-01
-2.211348409642574231e-01
7.851588055909484165e-01
-1.706146276281353125e-01
8.441552922240034285e-01
8.868799428034879195e-01
-2.990793263953879233e-01
-3.688190789497667876e-01
7.422208981133411321e-01
-1.076039969949561526e-01
4.599039766099816129e-02
7.348307311422588306e-01
9.127291852236537606e-01
-4.057976251975261017e-01
-3.421851732154955750e-01
-2.515301236589009282e-01
-2.044827302782140643e-01
-3.443516276565392609e-01
1.912923323222767702e-01
-3.789975626754979454e-01
9.312251028483824467e-01
9.304197167320953366e-01
-3.119483307783729176e-01
-2.917788699662721141e-01
8.086162097452137543e-01
-1.709249345078155957e-01
7.420238413715386505e-01
7.357929204709531268e-01
7.525114557405001570e-01
