6.496275139582334823e-01
-2.540275715496413955e-01
7.726033057022068107e-01
7.877889198945486893e-01
7.313252423130376378e-01
1.834140091845805620e-01
-4.391062845065735881e-02
-2.742763166086311655e-01
9.165477487464636086e-01
-3.988717677113580162e-01
9.133010337430902403e-01
-2.377141868638542044e-01
8.892411893448263216e-01
2.422297870963978361e-01
9.300338738105113912e-01
7.422075727475631046e-01
-3.501962004003308926e-01
7.898064124486495197e-02
-2.493956558731068585e-01
7.427016812741834562e-01
-4.066672550773949291e-01
-2.006645089595977816e-02
2.153019246773447970e-01
7.628515623259027878e-01
8.066893677737692059e-01
9.379647530328890648e-01
9.074023117848423192e-01
7.915596887111510105e-01
1.860078610356364626e-01
9.028358888077553379e-01
-2.087230059324620413e-01
-2.145502038731256222e-01
3.707730585947799362e-01
-3.699111465595018022e-01
2.383341320695359644e-01
-1.693422896056439031e-01
-3.470763475737618786e-01
8.830729519924369608e-01
-3.674691866884942093e-01
-1.425302379823120413e-01
9.064279048052604759e-01
8.996124281380953880e-01
-3.599198473015570166e-01
-3.210893106352270543e-01
-4.259033135094423272e-01
1.231284544397428377e-01
9.087329415808353961e-01
7.480096885730997958e-01
9.226215828625549120e-01
7.447978680929701056e-01
-3.891147686637493885e-01
1.683869067686789844e-01
1.618009987698365015e-01
8.602802923710005656e-01
-2.357286777070175254e-01
-3.505392208844302360e-01
9.189168741851723166e-01
-2.241861532986809680e-01
-1.054439948969302168e-02
-2.479174306051640519e-01
-2.478038817091597901e-01
9.209226049655571122e-01
-4.787435045338555017e-01
-2.330751768276842495e-01
-2.537457669533022542e-01
-2.859979272951045370e-01
9.020525290351788517e-01
8.966425018034923644e-01
-4.141247606241583168e-01
-4.236273504494499909e-01
-3.019517994893611973e-02
7.482850531578505437e-01
-3.607492128466632808e-01
-3.403432105822302711e-01
7.084898674080972181e-02
9.078729869470278935e-01
-3.440344218272292642e-01
2.446987566135865599e-01
-2.038444917083855057e-01
1.249975231210477267e-01
8.767638733060264533e-01
9.118340010896108794e-01
9.021028810452316193e-01
9.141186963054191983e-01
8.334096244086801608e-01
7.399070731095049869e-01
-1.105757578383081419e-01
9.288138387438059640e-01
7.656562699527974525e-01
8.610313221972369924e-01
8.802550119685108587e-01
1.261064088303459965e-02
7.916326780989426659e-01
-3.954628790323007070e-01
6.178975250862850377e-02
2.013097027084953805e-01
8.536915583389843576e-01
-1.513905180442571552e-01
8.797496654881165057e-01
-3.978133372059072248e-01
7.517725258855536552e-01
7.650610846483884009e-01
-1.744057285939933644e-01
-4.123929320352877625e-01
-3.366747573870314536e-01
-1.174877435836899631e-01
-9.721781445312407954e-02
1.797197143752070903e-01
-3.792047325169072280e-01
-3.738046389835294470e-01
-3.363948896647348530e-01
7.491408981509432019e-01
9.050789429258337959e-01
9.068377571044639041e-01
-4.167117279302998134e-01
7.807492128301322110e-01
-3.792164502386390912e-01
-3.147424363707941319e-01
2.062573492372293538e-01
7.243759329097229083e-01
-8.790918962904897827e-02
8.919584404814560052e-01
2.092521210012304456e-01
7.558382746115400730e-01
-3.208517671782682573e-02
3.123962785705870493e-01
-2.884977732516212368e-01
8.257251726482099929e-01
9.202137853278890001e-01
-2.256080262686319116e-01
9.179848170729159040e-01
-4.199447089241753472e-01
9.301445173086021478e-01
-5.983264871405299945e-02
7.370579637750758195e-01
7.887082715295362645e-01
3.119548026248128436e-01
7.726145515167861522e-01
7.215028452068255049e-01
7.459315671459313402e-01
9.146139475879184744e-01
8.995207833574806466e-01
-3.685354898709151117e-01
-3.993022020064090905e-01
1.902918504794273991e-01
-4.455372002773699269e-01
9.269768461482618127e-01
8.827179368244270075e-01
9.233275701296433935e-01
9.341242676496565034e-01
-7.038965284077144946e-02
-3.097689202100568084e-01
-3.716673137611772870e-01
8.116595117347544797e-01
6.863506641923571017e-02
1.825267822201819268e-01
7.323956678466269077e-01
9.012938427784863427e-01
-1.968345918178619758e-01
-3.815696573638669431e-01
9.025953177490165791e-01
7.550172500636967987e-01
8.079089819749529777e-01
-3.879428237327607332e-01
9.141399215017610436e-01
-3.543554483566492275e-01
7.303872915401571353e-01
2.010835885420140801e-01
7.417163836205595828e-01
7.835699080024738361e-01
8.737429210139551206e-01
-3.267996938125570794e-01
2.106785800159954036e-01
9.063936201941314996e-01
-2.449604937853404607e-01
-1.127754921015957784e-01
-3.579007793432345541e-01
9.300345390704248816e-01
2.796489575370362801e-01
9.162102826342252149e-01
-2.775785716825948657e-01
-3.699859645956996568e-01
9.026010400366869524e-01
-3.030335745103762135e-01
2.619323952901385644e-01
-3.026214593890573235e-01
8.012388945785127170e-01
-4.009168877408149090e-01
8.764230658983268585e-01
7.379866834304630308e-01
7.075783302656175611e-01
-6.061572086835480960e-02
-3.176676154221562409e-02
-4.773257042730055799e-02
1.196242207641501909e-01
-2.494341538845754047e-01
9.496370812397994521e-02
2.388035863789642332e-01
8.999947601243274420e-01
-3.709411237380655924e-01
8.184568599405844802e-01
9.053648898299807568e-01
2.134862639060701173e-01
8.412271320230970684e-01
6.965398846531358767e-01
-1.734609889777794234e-01
9.238287989816305057e-01
7.407739778026850574e-01
-9.578728611419295991e-02
9.144056247684260175e-01
-2.986203446126485805e-01
9.342004626926287969e-01
9.196561898820979075e-02
-2.660392839259071440e-01
-1.961937271511088876e-01
3.617601196784274720e-01
-1.933823063407815179e-01
9.211158420772945776e-01
2.596826211652286664e-01
-1.967961695103484232e-01
7.441583444387129820e-01
-4.300631710161442744e-01
-3.551632885397810191e-01
1.285690721932744585e-01
8.840416317469264040e-01
-2.960132846418569441e-01
7.111940369524585304e-01
9.374029212780745635e-01
7.593488445277775112e-01
1.060882769478790205e-02
8.759812687082516591e-01
-4.111959390911484880e-01
8.318833719256625292e-01
1.862926841591582283e-01
2.440327060171011975e-01
-3.235564513690857291e-01
-7.258540206191940736e-02
8.088440724994346853e-01
8.788759036784450362e-01
7.298119820880996089e-01
-2.424581610579389923e-01
3.604503188722665286e-01
7.275850265989192156e-01
2.649246514090619065e-01
1.010106794777001771e-01
-5.973571763277063518e-02
-2.690217041130207876e-01
7.308488102244986573e-01
9.158037284800950584e-01
7.741347648147457461e-01
1.257564002631343936e-01
8.995295276114341210e-01
-2.454466804838177085e-01
-1.818158246363377750e-01
-3.022825637606989593e-02
1.977393108049679549e-01
7.537164777331902821e-01
-1.363566819735347324e-01
8.948759265482593150e-01
7.177790982163472222e-01
-3.482765034130586718e-02
1.291129648278851461e-01
3.396771256678800949e-02
-4.238913658845130383e-01
2.520905131296483637e-01
8.310130621382036953e-01
8.877894205822755014e-01
-3.812929986753545997e-01
1.427297633510264951e-01
-2.621903390803915213e-01
9.073039852967025309e-01
1.839821834158732461e-01
-1.806111786980165723e-01
-1.845762448469264252e-02
-4.081035439101022844e-01
7.696988213037462279e-01
8.758246237554160318e-01
-4.209431341073589516e-01
-3.787735446964680119e-01
7.184928851283163276e-01
8.909663768422535490e-01
2.026938142627019157e-01
8.925805320515671770e-01
-2.822564189863219219e-01
2.478607232334003110e-02
7.495287460681749891e-01
7.316549231782785156e-01
6.940243038750315563e-01
9.230255160929892178e-01
-3.307860096012871232e-01
-7.026814787798196793e-02
-2.682167800240533584e-01
-1.737716835908874602e-01
-1.551853673695431646e-01
-2.859551306422442596e-01
2.738639637295079976e-01
7.295682835889573115e-01
8.260457002222304501e-01
7.211384233046550518e-01
-3.539522098535832773e-01
