-2.687935428189562326e-01
-5.664563046726179413e-03
-1.743379134341418446e-01
-1.842857065405538175e-01
7.106843022488619210e-01
7.875093309907608141e-01
9.021277593286707308e-01
7.980110587264006572e-01
7.128990510484373155e-01
8.777825681058707419e-01
7.292572161596396763e-01
9.146117743796549071e-01
-1.272596827778334494e-01
-2.182143649918574513e-01
1.085187985367310481e-01
5.038885078744230472e-02
-4.617026223724075562e-01
7.294890339305680760e-01
-5.238692326668652199e-02
-3.978513283805655276e-01
7.380681974962752800e-01
-3.788945579235011851e-01
9.206253702791663551e-01
-4.569828120759593104e-01
8.649682180582614066e-01
5.977295765657891086e-02
8.796492924229281085e-01
6.941476888208031326e-01
9.034708503892978637e-01
2.078651274233462298e-01
-3.638107639749828537e-01
7.908504965799538766e-01
9.154913641928201784e-01
-4.293633344421271536e-01
-2.482690463319428276e-01
1.027957294599911725e-01
-4.539296068992847988e-01
7.498149847981737670e-01
7.950151231995210566e-01
7.605739286312764857e-01
8.939225940215348443e-01
-2.933936261107552568e-01
-4.800770518291267996e-01
-4.757612212023230591e-01
9.163031597450863597e-01
7.431122533175186229e-01
1.739917290657733151e-01
7.812520609872999344e-01
1.931252059335152593e-01
9.188327210251848731e-01
-2.155010444081260634e-01
9.088691911842566862e-01
-3.878536353320448660e-01
8.942582235752779551e-01
-4.588761676588635208e-01
-1.837853807088617453e-01
8.756029614277085482e-01
-2.058006261306753182e-01
-3.439190927480058613e-01
7.336106390068319882e-01
6.865781380387165900e-01
7.772756936269283878e-01
-1.795385349366299677e-01
-1.257571266013957634e-01
-3.891594131206364826e-02
-2.284799864968296013e-01
1.349853698343235764e-01
7.831373236932519522e-01
7.619833320809993316e-01
-2.008287257676780457e-01
9.130859711091312558e-01
7.209600278894263692e-01
-4.691061645828013549e-01
7.646346846424895149e-01
9.052139013884827889e-01
-3.941774439211204184e-01
-4.093153542349971530e-01
-3.337197261965780259e-01
-3.201895603767160869e-01
-3.975889515137034924e-01
-4.293726174539160279e-01
-4.016371045716189414e-01
-8.330754038021054297e-05
7.101869376896235986e-01
-2.527511212168031540e-01
-4.358011059981826696e-01
7.087888290272403857e-01
-3.579542271714288293e-01
7.152253930585397157e-01
-3.238192407021653341e-01
9.158387496267936800e-01
-3.613528523997093789e-01
-2.643620650183221010e-01
7.524047637957114176e-01
-4.452036057666669544e-01
-4.525882825474428772e-01
2.961989200523121313e-01
-1.552196790618881050e-01
-1.102791830461675449e-01
-4.773158427423949135e-01
8.195049307404346228e-01
-4.181295210011761188e-01
7.795482051153006520e-01
-4.553637531903142466e-01
-1.668860480049665085e-01
1.775728566284367760e-01
9.344401183473617367e-01
8.911186434210982554e-01
8.584006159139916381e-01
-1.214273102391910109e-01
8.052242047541938730e-01
-1.492182646131544610e-01
7.666519113640550831e-01
-3.522867568023297924e-01
-9.976552654245983420e-02
7.063859065571129747e-01
1.291468676506325464e-01
9.162057975934094767e-01
3.149367715083001285e-02
2.951382135043245647e-01
2.675695261704437167e-01
7.360918716023621133e-01
9.056726302347853919e-01
7.451078335954656184e-01
-2.756525378147034466e-01
-4.177911151137249646e-01
-2.537074164476514626e-02
9.100868040232480416e-01
-1.600612718004133794e-01
4.125074424980140764e-03
-2.324802762225841590e-01
9.048985909472928579e-01
-2.379539685856457421e-01
3.114303263226907426e-01
-3.199078656073411908e-01
-3.294724386752675982e-01
2.841203287077857520e-01
9.243586710643532101e-01
-3.951621336952711450e-01
-4.328587608786572116e-01
9.223213424604652655e-01
9.132078745515954665e-01
8.192563877935638006e-01
-5.655929418075009152e-02
9.051261713788631980e-01
2.273141634878280970e-01
3.566886970466753848e-02
-1.569831721696744176e-01
9.311403794681230583e-02
-3.145110226513602725e-01
9.139767235466643713e-01
7.563189886450423227e-01
-6.681010741001337794e-02
1.476752471336738662e-02
1.810081971052912575e-01
-2.854538977859671367e-01
-4.112016269486011288e-01
-5.080469994842164994e-01
-3.406115875677079297e-01
8.942448875657088569e-01
-7.385958873684279891e-02
-3.151107644090586080e-01
-2.554811814629986411e-01
7.518905609301030912e-01
-3.737238916572560021e-01
-1.208620415305569074e-01
-1.734919300885303106e-01
7.118445652878599983e-01
7.560893510621410352e-01
7.025741635422592113e-01
-3.023358720491826634e-01
-3.038898323952590741e-01
-3.498514311335541860e-02
-3.833424167893952905e-01
-4.756171892179321681e-01
8.556475796578690840e-01
1.197996945165078486e-01
9.104793612677539727e-01
7.446786923448568407e-01
-7.392067021475388910e-02
-3.281073106651136717e-01
-7.173385404619596339e-02
7.395752284058160209e-01
9.257686496120636210e-01
9.186927115204794880e-01
8.901568993899562354e-01
7.796978416929941647e-01
6.216008018850183864e-02
9.038200334797720226e-01
-3.244097159532528529e-01
-2.576475718184433883e-01
-3.623130705817975139e-01
-6.128418240095995922e-02
8.012375491532948146e-01
1.999364420629878292e-01
8.691235294536935330e-01
7.517099730375643718e-01
-2.413120889214975529e-01
2.467449586279221174e-01
8.928865131246390696e-01
7.797189086014840731e-01
-2.973723440556962083e-02
9.124467048937910940e-01
7.729073820331210376e-01
9.107227085650239085e-01
9.212545247025653028e-01
7.392986339754180625e-01
9.165101262044456076e-01
-2.305119218416964433e-01
8.953606469393832201e-01
-2.223520629106133517e-01
9.139339216694506440e-01
-1.944919714370521580e-01
2.853415676465794748e-01
8.988495813162126202e-01
7.756816631843895804e-01
7.556859855944958460e-02
1.540797286911303465e-01
9.068639471903718885e-01
9.122468189559910234e-01
8.479646461047541939e-01
1.401234252035286620e-01
-2.575779380353106496e-01
2.464521497656213256e-01
7.190866532588970905e-01
-2.421225430960191605e-01
2.898268426874729409e-01
-3.349475128727080753e-01
-2.372319017147888343e-01
9.035287168890155929e-01
-3.753822901133788137e-01
7.082156976406660531e-01
-9.230790888670591110e-02
2.467528411711729375e-01
7.010956247807541564e-01
8.201324218120964460e-01
-2.524143375069789474e-01
6.915708722245333950e-01
2.207202938566623918e-01
8.018072964759029864e-01
-2.360852583399561944e-01
9.175481262194475907e-01
9.071154504691181231e-01
-3.858216097887181006e-01
8.008491440904029757e-01
-3.850597726332874449e-01
-2.097619548648103072e-01
9.333649446710866326e-02
9.156679698214412744e-01
7.118845037927288288e-01
2.267527626439877764e-01
7.927859503495217064e-01
9.008648282974132115e-01
-2.578833886926994445e-01
8.904792512024900519e-01
-4.630901302393277685e-01
-1.941998921967801328e-01
-3.865634653451610614e-01
-1.783250152866873994e-01
-8.912382479427352622e-02
-3.026079448913907011e-01
-4.100195614065298422e-01
-4.727930587892254510e-01
-8.607256592356977987e-02
-9.459091213077244764e-02
-4.157454013783566382e-01
-2.204651700481033150e-01
-3.748412585859475232e-01
-4.936084003612330462e-01
9.148482147951866317e-01
-3.684303629615191533e-01
-7.450260983045632612e-02
-8.461328344174395832e-02
-3.068889568924068612e-01
-2.780947431947923265e-01
-3.770384176159689571e-01
1.073083189128003073e-01
9.072774613143690381e-01
-1.783942229652897560e-02
-3.144653546701396962e-01
-3.931073156034256000e-01
9.057185793089601589e-01
-1.618402227982435049e-01
7.170994355039304047e-01
-1.040430181010813943e-01
9.134923506240902880e-01
7.897185711713970990e-01
3.006190245971987474e-01
7.231790906598003499e-01
-4.288573967934559139e-01
9.100081443398011505e-01
-5.416574299202860793e-02
7.066047151077413657e-01
-4.186499148649929780e-01
-2.058356211478035713e-01
8.683588410737725916e-01
-2.852598542652329816e-01
9.193059311242767206e-01
-3.932473262514847856e-01
9.295988685081031377e-01
