-2.575543640294175041e-01
-4.392957588396713131e-01
4.926400052483773800e-02
-4.315148717220239072e-01
-4.434543868715515313e-01
-3.538432667617412430e-02
-4.566460515639533257e-01
-5.949401132940150827e-01
-2.111270773087634695e-02
-4.454258131049828595e-01
-3.006397412081537879e-01
-5.179801796393107560e-01
1.738260942881729443e-03
7.952278829796724513e-02
-4.415856970558963979e-01
-4.344341385115239595e-01
-4.449274749741144452e-01
1.979554435373873933e-01
1.488366822494421871e-01
-4.430059569868694536e-01
-4.402270350191883619e-01
2.014781387476325958e-01
-3.196032181920652748e-01
-3.893131387369718754e-01
-4.240250837749559576e-01
-4.716225181690097967e-03
2.007446134385861558e-01
1.113035804161284503e-02
6.251827505364251913e-02
-4.700880597044340137e-01
-4.389818532226764103e-01
-4.758819080253524625e-01
-4.782789000661099577e-01
-4.159336432266695360e-01
2.021632705945752145e-02
5.993032068670926804e-02
1.008177682688082000e-01
-3.894385562563780212e-01
-4.465417910713670446e-01
-4.780650945305724986e-01
-4.006038169952272909e-01
-4.408994035062266947e-01
3.865974112892411885e-02
2.030474743661306314e-01
2.078248216845894336e-01
2.128418051902176977e-02
3.144319039294717760e-02
-4.371264057818022297e-01
-4.597904700631538777e-01
-4.387747595780551735e-01
-4.445034968916906637e-01
-2.836212370595038168e-01
2.505001196723696810e-02
-4.496111396927119364e-01
-3.663537878347110088e-01
-4.406561735007445968e-01
-1.215055011126217333e-01
-4.705492012002504554e-02
-4.403285005731149004e-01
-3.947841427326920227e-01
-4.463618399748212617e-01
-3.975077154212974806e-01
3.369545921054000609e-02
2.081466163870723807e-02
-2.515519222226286211e-01
-4.293218407209437593e-01
-6.309364027168289091e-02
-3.036371334324992899e-02
-4.499408390806688418e-01
2.005978025613828208e-01
3.757597666488698973e-03
-4.379473015986667939e-01
-4.414012304695512645e-01
6.392350772009444682e-02
-5.064709874444857096e-01
1.042614538241157102e-01
4.821633476030578319e-02
-4.494165773473386416e-01
3.906245269822430921e-02
7.472157278099006428e-02
-4.850072810237998633e-01
6.207486323359309721e-02
-4.340163905364333163e-01
2.723790335613908431e-02
-4.510824887154447627e-01
7.091201109279728076e-02
-4.595894835693652425e-01
9.167893544399681460e-02
-4.374732237231500620e-01
1.363777560698516689e-01
2.742904870773701237e-02
-4.429008499476271288e-01
-4.044083104391866801e-01
-2.928346894591482563e-04
-4.348903999300846035e-01
-4.091271211988764533e-01
-4.978038813704301901e-01
-4.375643900114148943e-01
-4.990252051026195512e-01
-4.531630183744593254e-01
-4.928006283331063386e-01
2.649381989294954248e-02
9.904549239016791073e-03
5.486127769152746025e-02
3.757629122524700632e-02
-4.372350574129716949e-01
3.572061561341793867e-03
4.845053618441198112e-02
1.143414650641548930e-01
-4.297876387840356971e-01
-4.280753553896616825e-01
-3.904202588250128003e-01
-4.561140485498277886e-01
1.262644209756766944e-01
-4.448161843270685978e-01
1.053783085401547304e-01
3.849213168709526151e-02
1.653699728977582883e-01
1.038093365783637201e-01
-4.409450706804077802e-01
-4.349791710812762613e-01
-4.414283969192261958e-01
-4.340163255599546188e-01
7.934677558211118698e-02
-4.273856847724062380e-01
-4.858148258818779652e-01
-4.584764915421650211e-01
-4.237723994376616510e-01
-4.239746115688333150e-01
1.133410070164087569e-01
-3.746574803619372451e-01
-4.319034714601743263e-01
-4.455165900849169525e-01
-5.030836791470328917e-01
-5.073488884475882976e-01
4.076285667285631936e-02
-3.758476309702065699e-01
-4.855651594228384271e-03
5.755041014573330366e-02
-4.325798744777804572e-01
1.754129463979875458e-02
-4.934825676520315230e-01
1.641021093452667973e-02
3.821933784285710262e-02
-4.382735789700915596e-01
1.578667588264806576e-02
-4.363420118857568308e-01
-4.192567056420740679e-01
5.843170657747155661e-02
3.719826189726192084e-02
-4.374251097940392019e-01
-4.435854660848220221e-01
3.691710269161654207e-02
-3.655850806056369640e-03
-4.143167766068878710e-01
2.173682934486918794e-02
2.765276288078474115e-02
-4.508826465813395856e-01
1.517900148975855068e-03
6.681648600586681530e-02
3.398618522750050663e-02
-4.363818729552602638e-01
8.676438080952653120e-02
2.524270526417528304e-02
8.402700234827456538e-02
-4.360441301333746189e-01
1.828233266362881693e-02
6.161397703052554770e-02
-4.315904623864429412e-01
-4.784055843460273683e-01
-4.820994344943061449e-01
3.448311227738795615e-02
-4.437568043496001868e-01
-4.095122671123276742e-02
4.775337015837428228e-02
-4.234078178079608845e-01
-4.346396955248884586e-01
7.182173861102883472e-02
-4.424440666045093562e-01
4.412192705696150324e-02
-2.554185077795882997e-01
-4.396870463825883757e-01
-6.262293184617410136e-01
3.319666038311203798e-02
-3.934343433877273144e-01
-9.752028084925534746e-03
5.078067684600456183e-02
-1.334689038054306942e-02
-4.448464364205437227e-01
4.249499297683849430e-02
-4.614007174206017359e-01
3.625683575401827952e-01
7.023509387312909524e-02
1.216030198085010783e-01
5.994810930083415562e-02
-4.271631168387451938e-01
-4.998489229847453141e-01
2.474648721822753084e-02
3.729702228077527021e-02
-4.443627234279996507e-01
-4.489151165196963444e-01
4.217484370255174253e-03
2.102088975282958433e-02
-4.885385357161547981e-01
7.501385336743171539e-02
3.104583430604364314e-02
3.668406880182255997e-02
-4.335280156223958459e-01
2.655431998946843897e-01
-4.547717900069764285e-01
-4.342447718066480000e-01
8.148993699203627150e-02
5.565552290425900273e-01
-4.356333473409715884e-01
-4.115368593059509639e-01
-4.434996509710236179e-01
-3.781749775795811841e-01
-3.645521726449406641e-01
-4.236690448538878995e-01
1.598332641816392619e-03
-4.976617006291996770e-01
-4.467466648076274804e-01
6.599479300667804305e-02
5.722454374777572600e-02
-4.874882268154061005e-01
-4.292180544484474614e-01
4.403784766584988020e-02
5.269559099255084755e-02
-4.409335521088006971e-01
9.217455362264032059e-02
-4.312995420801232771e-01
-4.333428899015555058e-01
-5.864444557997741114e-01
-3.545779246114526551e-01
8.821444587343046928e-03
-4.392157270831825167e-01
-4.860632254820845821e-01
-4.528639327905852330e-01
5.766428891527976275e-02
8.470011718530634504e-02
-3.911270859953402956e-01
5.090662847185860318e-02
3.299957452492138787e-02
1.478870173108431940e-02
6.730503635663284689e-03
-4.435164584905686436e-01
-4.323129365486048092e-01
-4.266165004824326035e-01
4.718428701549495785e-02
6.050498500200182650e-02
-4.441267843306494489e-01
1.671309564257279084e-02
2.737835608752946515e-01
1.181512751672902234e-02
-4.847650666459586422e-01
-4.952109449834756760e-01
-4.345713374468694878e-01
-4.353946244733050142e-01
7.389240660612614309e-02
6.406655030957228436e-02
1.206791705192522546e-01
-4.256405708408989019e-01
-5.273884346191354267e-01
1.856757234351098518e-01
1.945462420996860869e-02
-4.509549537549776277e-01
-3.624216756048755372e-01
3.771318865607177495e-02
-1.948590786055567903e-01
-4.455563335519868717e-01
-4.323609804880279017e-01
5.606962364701067320e-02
3.538147517280217091e-02
-4.412988146726067873e-01
-7.762332324698018038e-02
-4.379685079296201655e-01
-3.396511027671250682e-01
-4.330785985951328687e-01
5.771256095128020347e-02
2.157955694468506602e-02
-3.810853382181198512e-01
-4.499554419077316236e-01
-4.097639012319794216e-01
-4.477246058686622510e-01
-4.908431706405241290e-01
