-8.705823146995356199e-02
2.483639115300451394e-01
1.434636867115289538e-01
-6.054396976687752979e-02
1.650696654962465204e-01
2.689386662930278726e-01
4.709408364466524666e-02
3.457251092144124072e-01
3.287431890241864774e-01
-4.065898661009488546e-03
-4.057679247699944036e-02
-3.167656650878906688e-01
-1.226199297020841433e-01
-3.194524977761336593e-01
6.259434463916607738e-02
-2.662507548637859656e-01
-2.534535890107413314e-01
-4.555822587956667724e-02
1.947257304459752980e-01
-2.567079016982364709e-02
7.943497740155790188e-02
1.614807911126965867e-01
9.666377180716201334e-02
1.436221480674785833e-01
-6.397295546377212982e-02
3.131220353409702173e-01
-9.161499397072189743e-02
-4.115132852857053547e-02
-2.265059518665361316e-01
-3.768987938177027763e-02
1.501241549726092528e-01
-2.139869683529351252e-01
-8.329724253500221665e-02
2.405097951442377591e-01
2.520384974729136807e-01
1.850718095754316228e-01
-2.287075875588721191e-02
3.083443595187860820e-01
-2.099162249409566583e-01
2.169794759786146110e-01
-3.240668565090755182e-01
3.324027357556051943e-01
1.333258403526633995e-02
1.782392671409291085e-01
3.358703660276440850e-02
2.196425869972109257e-01
-2.104649642893645922e-01
3.983339850178853336e-02
-1.424656382802089449e-01
-1.772463623002420163e-01
-1.290762912125747661e-02
3.426305971834386899e-01
1.499337151097701049e-01
3.549752066089402192e-01
3.110486796791562258e-01
-1.984509996572817458e-01
-7.445953570631864971e-02
3.118705542896656469e-01
-2.988535738440572520e-01
-2.252899849626471551e-01
-1.255616385783455136e-01
2.605362150500591945e-01
-5.276936576792481959e-02
2.804269640203079783e-01
2.717337613219660830e-01
-5.990357268847620875e-02
-1.380367332217465048e-01
-2.954010712994857846e-01
-1.357438513276365832e-01
1.732160846707688218e-01
7.697098646086693308e-02
2.508536341728839214e-01
2.693692508117764284e-01
3.624154578292291262e-01
3.298412616156874977e-01
-1.066936275957425101e-01
2.885648149140738195e-01
-1.339587320308137375e-03
1.575916701111074736e-01
-1.099292968204808457e-01
2.434756057952402186e-01
-1.403396082388158883e-01
-1.760904926963886841e-01
2.382399857215325711e-01
2.858146351687056996e-01
-1.054474937044949101e-01
-9.727374548594541759e-02
-1.194480123672967131e-01
1.975185676973872928e-01
9.768678210681604190e-02
2.401029259429016127e-01
8.330818087590056986e-02
-3.515823969541273519e-01
3.251175719106047524e-01
-1.301625723944250246e-01
-1.630378968367008630e-01
2.123576767454410097e-01
2.606604073404933941e-01
2.766602344286240855e-01
2.948413079815486171e-01
2.039117021222661141e-01
-1.211657032561589548e-01
-4.883224272548469802e-02
3.005336860668963439e-01
2.565933035111283012e-01
1.064283584708227703e-01
-7.526772407485210654e-03
-1.845821515502427956e-01
-1.014178906159377280e-01
3.041756466977132423e-01
2.531725574042114624e-01
2.651083355908827599e-01
1.735485234526286114e-01
1.014398727164746716e-01
1.026431876361364182e-01
1.168841651672274801e-01
3.083433693431000266e-01
-2.052682692587469715e-01
-2.916268476499509488e-01
-5.780890303622136794e-02
1.720567192602875661e-01
-3.777425174013894493e-02
2.940177044268666440e-01
5.258768034401935243e-02
-3.136238788766429475e-01
-2.717663427575570667e-01
6.329681778863091579e-02
3.048991230047056189e-01
6.659283143832633867e-02
-5.788834316884543252e-02
2.933775930451059666e-01
-2.609714871075015652e-01
-1.766256179902916668e-01
-1.666344256457579776e-01
-3.924966951006411686e-02
-1.500423456437746106e-01
1.600236373512303745e-01
2.158849055662469818e-01
-3.486498949338219244e-01
-1.884981393697229141e-02
3.016334055434863881e-01
2.484888034310418214e-01
3.314042899109950757e-01
-4.880621009349792039e-02
2.930372348381816150e-01
-6.241591699851567476e-02
2.201465146241336490e-01
1.785687720885524299e-01
-2.916902972860015986e-01
2.947337371466125511e-01
-4.461848175333334859e-02
1.934944737202822646e-02
2.372428662595428284e-01
3.452702110964083193e-01
1.199340463477831242e-01
-3.958452569082979849e-02
2.239991285831773316e-01
-1.168253189817031329e-01
-9.204209172623137314e-02
1.105910673516167925e-01
8.632587096696728302e-02
4.176738580925685312e-02
1.373530113817153335e-02
3.212540244989301463e-01
-3.543167091202596014e-02
4.804489916672494143e-02
3.361632469981714055e-01
3.605960359690819211e-02
3.550047898066585605e-01
1.124769809384564001e-01
2.626456819636716414e-02
-2.833223424405653668e-01
1.732836098208163644e-01
-2.863773042500628030e-01
-2.884827006949145511e-01
1.510436785049362185e-01
3.414646794327362844e-01
-4.778299199172769685e-02
-2.123915675863378705e-01
-4.197752700070025988e-02
-1.124457952316957818e-02
-1.760882642863002279e-01
-3.161568765757987176e-01
-7.648309637551560514e-02
2.634986926537810081e-01
-5.519284582915730264e-02
8.387235951910347598e-02
1.192633230666735600e-01
-1.404210147719009427e-01
1.822694406366367342e-02
-2.443145561372394858e-01
3.288512360410041913e-01
3.376705271592605473e-01
-1.286055957291447893e-01
9.727140950489804316e-02
1.821079057059321049e-01
-1.543176665947858586e-02
7.725957500518026988e-02
-1.546058191111424618e-01
-1.961865045850738065e-01
-2.491462350510643686e-01
-6.790669094424423013e-02
-3.344251552309087522e-02
2.331748561421534416e-01
1.859727887432493024e-02
-3.092143997337490902e-01
-2.150245856121608679e-01
2.033977895051979068e-01
2.311732581512310758e-01
-7.280681089326078437e-03
2.284657649883131136e-01
1.144293683027899217e-01
-2.690717320521326394e-01
3.457019182331525498e-01
-1.546502761043254126e-01
3.213730464208108262e-01
-5.874158144041895235e-02
2.637633117668562385e-02
1.076565487401930261e-02
2.882749311130496928e-01
2.950640340552529439e-01
-8.082471829811288533e-02
3.824179327965347430e-01
1.219503952144223718e-01
2.385869898528394373e-01
-1.989689157922677754e-01
-4.949962742789813103e-02
-2.635377940095778304e-01
-1.152773271295544008e-02
4.235575056097365398e-02
2.506688160385500130e-01
1.566281792193557204e-02
2.746613676709945828e-01
-3.923718334059694141e-02
1.413318578831534444e-01
-2.099482680194457787e-02
3.199762453984269506e-01
-8.769947110044067073e-02
2.613157665135222296e-01
-2.245450872250249474e-01
2.128089030550654459e-01
-1.763524219547557004e-01
-2.601362287078746727e-01
-2.166652392939403815e-01
-3.347476975999709725e-01
-1.927334961465202723e-01
1.063812704189492780e-01
1.543603333056620952e-01
-1.802744431321269547e-01
2.562642038515380305e-01
-6.795290362144799923e-02
2.942899474378813385e-01
2.310058718723183302e-01
7.630450016975595662e-02
2.552620209500989779e-01
1.219897245866697899e-01
3.276250697790699662e-01
2.756684109812662098e-01
1.833602766687845997e-01
3.534357319836102795e-01
1.030231577650988495e-01
2.056373677315619652e-01
2.738078081673314679e-01
3.213625649534528061e-02
-7.545212481693250317e-02
1.990427373512108356e-01
3.318867618170300848e-01
-8.199615262269790983e-02
2.156184239224226418e-01
3.621269099858068219e-01
-1.442482533006473056e-01
7.546056715737242682e-02
2.179105325598356402e-01
-1.143500002179456965e-01
-1.804962112586208922e-01
2.681948463545341110e-01
-1.285830261644297923e-01
1.190150008622971739e-01
3.864260536532058699e-01
1.766738264143811465e-01
2.373558887170055809e-01
-1.591181940884206225e-01
-4.874505286584591285e-02
-5.857890922449532356e-02
2.198442901258680984e-02
1.199848712357189096e-01
1.219451487139247975e-01
1.816863986804992392e-01
2.664482819251274281e-01
-1.065355685715456968e-01
-3.031268976321566111e-01
3.005850332082978249e-01
3.557182741246127100e-01
-2.962413460825122913e-01
-4.424079160897983337e-02
2.859138324273500231e-01
-6.500505390682900786e-02
-1.066843555717066072e-01
-3.638839938620078707e-01
-3.258217097962347042e-01
