7.986007676304558434e-01
4.811671225959885528e-02
-2.751464172058251112e-01
-1.838153586992181676e-01
-1.610184158931053655e-01
4.330396816927023496e-02
6.759258052481347256e-01
-2.088785199022761274e-01
-9.790934176285673307e-02
3.280363874303638960e-01
1.823672379363528440e-01
-1.311835217967484701e-01
-2.876228801888999209e-01
7.914344779308818412e-01
-2.255581358853298024e-01
3.005328064190454507e-01
-2.796799697305206167e-01
6.626288555904693567e-01
-7.221632270251115981e-02
1.186049465394642122e-01
8.046856806009369256e-01
-3.880990487584294324e-01
-1.936434578389352457e-02
3.088689342147117878e-01
9.488624956255493903e-02
1.382008193957249831e-01
2.304861016879364566e-01
-2.287258646693662856e-01
2.546666289479748713e-01
2.531531295972176410e-01
6.826792890291394356e-01
-1.018453524202212884e-01
-1.112686337576708484e-01
2.989529932950543700e-01
8.833716977201452325e-01
3.887015233271026021e-02
-2.288093690483075371e-01
-1.094030683242435270e-01
2.289197251925227938e-01
-2.832647993263232022e-01
-1.630556418683996520e-02
-9.026136296892804667e-02
7.431699846423761580e-01
7.895207643989627933e-01
2.696592988188013518e-01
1.602009238735166152e-01
1.764800021143538566e-01
-6.598620559934050001e-03
-9.323889323992358424e-02
-2.060109231394964269e-01
2.492868073798382433e-01
-8.787206745410749975e-02
-6.277514768400066503e-02
-4.449612083794463047e-02
-3.107658544544576046e-02
5.955148115965351596e-02
6.461307388921588846e-02
-2.321216463465094471e-01
3.146113449507711296e-02
1.915296720413263432e-02
-1.544300813498224456e-01
-1.807572904355577992e-01
1.551805704792465490e-01
6.120338313959426679e-02
2.266521937702434264e-01
-3.421468272488020768e-01
-3.110594817276947088e-01
2.826305692324436736e-01
-1.737382139106829482e-01
-3.114804446122163006e-01
-2.539909334498621218e-01
1.780552404949367618e-01
1.128971654299430333e-01
1.378810622457973534e-01
-8.233692155627163334e-02
5.974242393525757561e-02
8.287659840537595080e-02
8.185331453410128466e-01
5.946651127551587368e-02
2.322810409693771283e-01
-2.004657838747254117e-01
-4.625324368010153009e-02
1.902437518912461489e-01
-6.129041824323620824e-02
-2.735256034618193666e-01
4.931066014263720682e-02
2.440780792958233136e-01
3.376376814205311189e-03
3.599128911310833789e-02
3.034527193714217086e-01
-2.885061785872419238e-01
-2.612835449223190332e-01
2.586125650255949315e-01
3.819981612537284854e-03
2.827942295863518085e-01
1.695740737496091166e-01
-1.422311898062871560e-01
-1.955141065920929996e-02
-2.658494304852459036e-02
2.366646271000676927e-01
1.148673341888925732e-02
2.694506311632228202e-01
-2.901336020223154732e-01
9.357322143225221822e-02
1.062742938797008041e-01
3.735372277737000757e-03
-5.236972551253618602e-02
2.512004961007200388e-01
-4.149368044665045080e-02
2.738753477165074002e-01
1.453903168620954145e-01
8.051324816582586807e-01
3.478320420901527266e-01
5.542403426372102815e-02
-1.122102319955199656e-01
-4.936215396571487501e-02
-1.663912784976131695e-02
-1.889003491169825161e-02
-1.960428356898637758e-01
2.961365693167687385e-01
-3.855799538535363558e-02
1.534698904060715907e-01
9.142180590135728924e-01
-2.820299404093841167e-01
-2.335715279844993719e-01
2.888960094928390565e-01
4.332221714521041767e-01
-3.023400143127926709e-01
8.386971196095073244e-01
-4.761832072974758745e-05
2.225395430780810202e-01
8.713949161933960408e-01
-2.288233041957487834e-01
-8.787206745410749975e-02
7.881044137476428402e-02
9.089596607608479290e-03
1.782423279474250610e-01
-1.538076469937026403e-01
1.088131754312774563e-01
-3.050759316267982052e-02
-1.879333226072593330e-02
-2.498696213994498413e-02
-2.849747894789885772e-01
1.013089845265588429e-03
2.719765481322099498e-01
3.117806815938592435e-01
-2.460929620979257215e-01
-6.915529004385478906e-02
-1.085501513711746580e-01
-2.204951836998804982e-01
-3.056870668176528416e-01
-2.355300864471415734e-03
3.353839188985515696e-01
-2.912852922088141616e-01
5.743644255105436608e-02
-1.279009028415490148e-02
5.245689625804823564e-01
4.966978909139380810e-02
-2.430933007820355041e-01
-3.436157717881156981e-01
1.421286507551104139e-01
8.835856644766223456e-01
-2.359304530497714214e-01
5.711322903910936305e-02
7.516007799192710170e-02
-2.062033219790495586e-01
-3.184263580937059523e-01
1.929555178773185442e-01
-2.700482433893884870e-01
-2.520250447388534543e-01
-8.514703401052740872e-02
-1.947749773057154965e-01
8.599213548356465786e-01
3.467329280771263011e-01
9.473110221917720175e-03
2.928860817285298124e-01
-3.196838921139378842e-01
-1.711956931246289559e-01
1.413085474279132114e-01
2.333690887512360757e-01
-8.467400595551847348e-03
1.813764347283003120e-01
1.311912577195920304e-01
1.961677237707332433e-01
2.447312793412253495e-01
-2.811230931967815816e-01
1.111517478624678146e-01
2.022435281028709120e-01
1.209837552166034558e-01
1.699036605297155333e-01
2.012353945016307488e-01
6.557842054151921153e-03
2.576932688106395863e-01
2.416591924053639318e-01
2.477077741996272786e-01
-2.862433615360539529e-01
-3.715204861062760822e-01
-1.542986719801734130e-01
-3.360080716827696934e-01
2.571348007741840469e-01
-1.125969343854095750e-01
-2.675527163929877217e-01
1.187207439393845598e-01
8.585557962965256751e-02
7.666225471735351737e-01
2.967232139698552373e-01
8.726229124131970050e-01
-1.037936291377992842e-01
-1.473095694989365878e-01
2.462550862381377992e-01
1.808243359110640602e-01
1.971541374256636017e-02
2.767715903153984969e-01
-2.966762020435477210e-01
3.359408276007512795e-01
2.564202669745346275e-01
-8.423248878981015597e-02
-2.411914814942137802e-02
8.725642045574938388e-01
-1.803881500512798941e-01
1.998307693620104963e-01
4.824213595053003512e-01
-2.273814755205176563e-01
1.389306723482486849e-01
4.816409904610895465e-01
6.571668359424236161e-02
8.270735458303590804e-01
8.413833272685258824e-02
8.979140246311559936e-01
1.996018597436829134e-01
9.666616564012683877e-02
3.175204996252624368e-02
1.302153977361674986e-01
1.459031880943960635e-01
1.477482117172631282e-01
-9.582291286782904094e-02
-9.095950801783013462e-02
1.992418908479489936e-01
-5.749772483650546218e-02
6.610932538377809475e-01
-2.975266835303195245e-01
3.639176678354550387e-01
6.339317694640132783e-02
-2.333443508881504758e-01
-1.910222336391371456e-01
-1.330855106934739351e-01
-1.046749182044466597e-01
1.663975267408641587e-02
8.370500924723718317e-01
-4.117845917070171724e-02
-1.709124993630664890e-01
7.143213933209487942e-01
-1.733018788419589395e-01
3.128969929459198829e-01
8.139948204993607828e-01
-9.184588859400918959e-02
7.553916594363031534e-01
-1.329358400795052197e-03
4.368619008578125684e-02
-2.447232005797876919e-01
-1.609080374533539137e-01
-4.348748001519549267e-02
-3.026362887302706528e-01
