8.580559179171594053e-01
8.591633409136574251e-01
9.443473342690285044e-01
9.555196604842273178e-01
8.562266195394103718e-01
8.714532884311583238e-01
9.631845314776810163e-01
9.421722628641893138e-01
9.742155094726324682e-01
9.477975179127062777e-01
8.693887232077674998e-01
8.344976340549986604e-01
9.268001068079325666e-01
9.473176010701843675e-01
9.200787678524735558e-01
9.268346485956401315e-01
9.608289815848383153e-01
8.243524032165117088e-01
9.547811316215290001e-01
9.209123442963230710e-01
8.855482481728362831e-01
8.201031079958236436e-01
9.020077984260154169e-01
9.201580023901577698e-01
9.243692205594280509e-01
8.611436887698356024e-01
9.432651521620988300e-01
8.646851089985345684e-01
9.301388523806003450e-01
8.165699187965143047e-01
9.490458456947765686e-01
7.585068674916407572e-01
9.331203859446253190e-01
9.640423982620334176e-01
9.439025143473707136e-01
8.062344200680376938e-01
8.537602757755728966e-01
9.333036697234278201e-01
9.601145634628638348e-01
9.312699136242447162e-01
7.925726727788928727e-01
9.760096013285775030e-01
8.453444127953027021e-01
8.897887896659997242e-01
7.787448091870057265e-01
8.268430659406564853e-01
9.436407704098870308e-01
9.367960285596635961e-01
9.105621345352213902e-01
8.999766217584347361e-01
9.442140655208937083e-01
8.315631665286157270e-01
9.511612361210564082e-01
9.617329698599137444e-01
9.606284832227270920e-01
9.108660172661945387e-01
9.209073048768321446e-01
9.167569040171146266e-01
9.396764159339654476e-01
9.257856635094345865e-01
8.317427518968956157e-01
8.994401326613781222e-01
9.384637991502354781e-01
9.384803173127428400e-01
8.448968671351319015e-01
9.429333836873984298e-01
9.006571439613590968e-01
8.864990736044736641e-01
9.091746773563200712e-01
9.345866057817546757e-01
9.241539050744818073e-01
7.553483364676825129e-01
9.126030547242658386e-01
8.083833253358956306e-01
8.146406081343269268e-01
7.546449835862629740e-01
8.687222876983442532e-01
7.127068754525371919e-01
9.545154675333736849e-01
8.680781213216122172e-01
8.139830498565980843e-01
9.400078139353416073e-01
8.876245471706980528e-01
9.574157782584420406e-01
9.388302976338219752e-01
8.334107133581700744e-01
9.216883950191001595e-01
9.657977734818696813e-01
9.402991088896024419e-01
9.447305096811787761e-01
8.351185768107303176e-01
8.367335200466634593e-01
9.419162885224137138e-01
9.084928395177200855e-01
9.418917108376348990e-01
8.324498556433941321e-01
9.127420722884462823e-01
8.999879560320148686e-01
8.963891215429824477e-01
9.333516305398873447e-01
8.094465535651280685e-01
9.687014439827026369e-01
9.271630465318982939e-01
9.517561941988093022e-01
9.511141311779187646e-01
9.405550669756477244e-01
9.290494379284794935e-01
9.530243125585265984e-01
8.132842556995701910e-01
9.660074135074674384e-01
8.208757542390739959e-01
8.500836760274608217e-01
8.090294694930546537e-01
8.191323394223721799e-01
7.318070304525854386e-01
9.267325760203587448e-01
9.236969442815330389e-01
8.076652453844022084e-01
8.789845897380001993e-01
7.745145552501878639e-01
9.764015792152822559e-01
9.626133254990644206e-01
8.275091611096268007e-01
9.465391270855014749e-01
9.008509395511933304e-01
8.579492826532049143e-01
9.681654125732968019e-01
7.925149221287002277e-01
9.444570378752359385e-01
8.677514529309064972e-01
7.883447148930482484e-01
9.461544565396933226e-01
7.798453638862936632e-01
9.298267288724442192e-01
9.491207488699988648e-01
8.357869046247080602e-01
7.849626348111538032e-01
8.099406987601533991e-01
8.532434145279526039e-01
9.057995593864791584e-01
7.857723688956523844e-01
9.168237435415784731e-01
7.839011136297008298e-01
9.293004176902113223e-01
9.500621781345683914e-01
6.830296366014563247e-01
9.682235407513355430e-01
8.040471546389633684e-01
9.382556317199549634e-01
9.483895244025943860e-01
9.145237582594680781e-01
9.502499525506482581e-01
9.310057578186908822e-01
8.859496150283597826e-01
8.854344401824458810e-01
9.638847554646137183e-01
9.427710243060172246e-01
8.330674630682984860e-01
9.460915387168379320e-01
8.748473233273758032e-01
9.191906857620336657e-01
9.164116254787957327e-01
9.451376843605117095e-01
9.177912725914330050e-01
9.402215129367788027e-01
7.846759344015086235e-01
9.509326800533770552e-01
7.898961945901787907e-01
9.717624520376102470e-01
9.150361288282422567e-01
9.518747960308276967e-01
9.554642113449081098e-01
9.260043784970011238e-01
9.376222323379991286e-01
9.264565527485171259e-01
9.277752011729416548e-01
8.370817681518398778e-01
9.609092322114521911e-01
8.967021903032291741e-01
8.417069097798105526e-01
8.062478202018862339e-01
9.515971811828887184e-01
9.575125956420296180e-01
9.402566873488557020e-01
8.877031004430844252e-01
9.690427684288536181e-01
9.592937195151054475e-01
7.918214441287587668e-01
9.229183710994283141e-01
9.626317370822934372e-01
8.112029016662078984e-01
9.180218886546982482e-01
9.344148677038015549e-01
8.177238174628091993e-01
8.542986236162165570e-01
9.573236524791917113e-01
9.355500290934578578e-01
9.589017132692538858e-01
9.479247315009751151e-01
9.127973814580667700e-01
9.420684080716692499e-01
9.473487810930074637e-01
8.812373284511562099e-01
8.838939909249754479e-01
9.087892490304894100e-01
7.626784043441314775e-01
8.061490556606177860e-01
9.356543533319752193e-01
7.369790523094943424e-01
9.538343825806547827e-01
8.703777088262325545e-01
9.423200739661025116e-01
9.092971993615595050e-01
9.437390248056686248e-01
9.513351101105524954e-01
9.166349815373697751e-01
7.918041045070323136e-01
9.125687035420257942e-01
9.020845883173107538e-01
8.285269789307154742e-01
9.510930993645791975e-01
7.630999719969009387e-01
9.491490668731077385e-01
8.720447554515757815e-01
9.224917123962121934e-01
8.879712187212306373e-01
9.276345749204668589e-01
9.335982894834802259e-01
8.919682652788373245e-01
8.231682856954077865e-01
7.882161415496358181e-01
9.427155021923148137e-01
9.329801441414905527e-01
9.355972550791952225e-01
8.384132293461907803e-01
9.748919437370385799e-01
9.522334336876834282e-01
8.453502825177282576e-01
8.199783481314465439e-01
9.390844851104188651e-01
9.542624049615567872e-01
9.668577429109070920e-01
9.396776248808247356e-01
9.266625063895318481e-01
8.226264693429008457e-01
9.549190450111020301e-01
7.739890659971254694e-01
9.277313868745371561e-01
7.933554532410653781e-01
9.426706799676177750e-01
8.363458933758559644e-01
9.461173562353487609e-01
8.690905766955825396e-01
9.672927319163432403e-01
8.982348672565023673e-01
9.491092014276201194e-01
8.264288478745903666e-01
9.278361811047683982e-01
8.566990106384715364e-01
8.348926372498169934e-01
8.788378432201207069e-01
8.283989160729343659e-01
9.622150074333730707e-01
8.511895273662406503e-01
9.662229499097259033e-01
9.496055732594703702e-01
8.715003356409181112e-01
9.374214984670238282e-01
9.121624747925821675e-01
8.507297751160995958e-01
9.230282542202751239e-01
8.657102489890013963e-01
9.543589624363051360e-01
9.579240360972872681e-01
9.604107358953999363e-01
9.470079902158314855e-01
7.954109196626267808e-01
9.485773933769841015e-01
8.123778793354308192e-01
9.274472278535704772e-01
8.278479067503254907e-01
9.501489845880360940e-01
9.450428019818221115e-01
9.402289975651803022e-01
8.765538164422406187e-01
9.049403445628567688e-01
9.695240728181778733e-01
8.647497170848362780e-01
9.603784317688572880e-01
9.434766072485553101e-01
9.417549472711752578e-01
9.353040626709174798e-01
7.930632739735832271e-01
9.448392123904012507e-01
9.582314281696231451e-01
8.252636715116643540e-01
9.441732148385681977e-01
8.413832261078930674e-01
7.798433006999569983e-01
9.401569053652509833e-01
