-2.544805496739164369e-02
-8.659631286806340755e-02
-8.153051554896659225e-02
-1.152344132979535030e-01
-3.016144194393865496e-01
-1.062949090884666159e-01
-3.742429232605145595e-01
-3.445414123756794789e-01
-3.466103193930052950e-01
-3.251105717361288394e-01
-1.802105536403255104e-01
7.413412022539886403e-02
1.393054211043698309e-01
-3.678726119806270400e-01
1.467199895071186477e-01
1.857871176033338567e-01
-7.729082395687127127e-02
-3.818435330704326169e-01
-4.317884476462230392e-01
9.233341937845108982e-02
-3.007049942078606208e-01
1.186923177305753557e-02
-3.099465110556590686e-01
-3.347590655214324751e-01
1.064626739799873212e-01
-3.664540549693069416e-01
1.492768506543091234e-01
-5.961999143414828395e-02
-3.183461050150206417e-01
-2.852168775486969010e-01
-2.967465505062625297e-01
-2.523810149308737816e-01
5.634685735518960709e-02
-4.084891382483638034e-01
2.370052600351297556e-01
2.218778128290135876e-02
-3.507355723223299915e-01
-9.104318871185734796e-02
-3.709245322410163470e-01
-3.564650308367179332e-01
-8.185232800710665058e-03
-1.010795031395350513e-01
3.704709979403024434e-02
-3.944227847403878329e-01
2.374847147708390033e-02
-9.519210719706948376e-02
-2.368432998320855187e-01
-3.878576920441003106e-01
-4.221532466323682509e-01
6.303165612156122477e-02
-3.788139624845030529e-01
7.808210675533042155e-02
1.208758028253823086e-01
-3.817790979582347255e-03
4.615742300922855840e-02
-2.001797600261093213e-02
-1.095637450453712802e-01
1.648911641294098229e-01
-1.118997267594802614e-01
-8.697687397734958636e-02
3.014538292467592445e-03
-3.325676264265037263e-01
-1.827678359283295417e-02
-2.829942331185874016e-01
-3.459394830944397259e-01
-3.705067047260353075e-01
-1.468073933083583749e-01
-1.200177755291711029e-01
2.050609515422555651e-01
-3.960153227631655337e-01
-6.374122772745689780e-03
-3.831739684171749372e-01
9.336144023247418267e-02
-2.193786379338168169e-01
-1.821887608805447534e-01
-7.188733002197722488e-02
-3.350750624830627356e-01
1.111960714901107095e-01
-2.760613841342264285e-01
-3.747009521690590206e-01
-1.141001715384401261e-01
-4.052118417812484719e-01
2.998999982805019004e-01
-6.794169471106448199e-02
8.004467240237081449e-02
-3.115980936800537560e-01
1.194073072345891995e-01
-1.862731777490170271e-02
1.890420825613373101e-03
-3.428370779754267295e-01
-3.591186831152355374e-01
1.233946156557913926e-01
5.056587683632592783e-02
-4.140825964587577235e-03
-3.792955062102693620e-01
-1.466617530621769916e-01
-3.105722452389801380e-01
-1.368350078338484432e-01
-1.768746789027769717e-01
-5.901808041293622048e-02
-2.794425739855102564e-01
2.043259541010908897e-01
-1.952252449783873495e-02
7.370594680909714480e-02
1.670973149275896685e-01
-3.337774748563424043e-01
-2.503599131123300514e-02
-6.766293811471721376e-02
-8.480697220060176567e-02
-2.267665896082445287e-01
1.149185596877444898e-01
-3.404386171612211465e-01
9.908390054822509285e-02
-1.147274417821265644e-02
-2.398450471278784635e-01
-1.271696603652756608e-01
-3.728100910527618050e-01
-6.416033394624043318e-02
-3.660795565893604220e-01
-3.402102807998879652e-01
-6.319426756805743284e-02
-3.544415040642944215e-01
3.909050468448816568e-02
-3.655638468167245470e-01
5.516549440593036813e-02
4.602701343139921353e-02
-3.833615019172174621e-01
-1.839781745831544635e-01
-1.205387583153622044e-02
-3.704027754995673494e-01
-5.821275016253359136e-02
-6.922849532067366918e-02
-6.983560402503941056e-02
-4.456267443763609615e-01
-3.657196760849760753e-01
-4.263119742765157927e-01
2.091506229760442537e-01
-2.478415450548092092e-01
-1.920414571842985613e-02
2.335101104336680805e-02
-3.958783177544512588e-01
-3.827132149938855532e-01
1.838642710772294686e-01
-3.611619633134620644e-01
-3.141335296355992068e-01
1.931703169781781235e-02
-3.370350716077991637e-01
-3.877443996833420670e-01
2.945301133996203191e-02
-1.468145565255263019e-01
-3.728797685522485250e-01
-1.917952961350370966e-01
4.215056369518281609e-02
-5.807809110321891094e-02
1.260398456391233768e-01
1.410485925615665437e-01
2.605409456490109243e-01
-2.287865599158349361e-01
-3.526147176850207704e-02
-2.150704805589294666e-01
1.496750194607853468e-01
-2.114489101880132060e-01
2.380235821698712950e-01
-6.641259105145276564e-02
1.467058982365661290e-01
-2.926567816248838438e-01
-2.773171970383459528e-01
-3.400181245035979183e-01
1.140080402804214688e-01
-1.559625172266433935e-01
9.296561414575568727e-02
-4.008655462858505825e-01
-9.507854488955080896e-02
-1.626868687435893968e-01
6.761049310485753305e-02
-2.643201413205047423e-01
-1.010171347698471042e-02
-4.254140254985313563e-01
-4.014843194334533072e-01
4.792111391182880126e-02
-1.532301372522732949e-02
7.326801582035698257e-02
-7.257830809997659061e-02
8.424454976458162214e-03
1.441730386086259030e-01
-9.303204281656540786e-04
-4.392463584275672628e-01
-3.246946291426640041e-01
-4.011612801937149975e-01
-4.089218316924937008e-02
2.359831413657371979e-03
1.096659417831999939e-01
-6.045870472072591151e-02
-7.394578877109712900e-02
-3.553163143104471899e-01
-1.376071781502313518e-01
-3.616481389936057611e-01
-3.509654511245803854e-01
-3.794834601048030498e-01
-4.068061895654949134e-01
3.391958564787454083e-02
-2.374476195427803471e-01
-1.006103086778648709e-02
-1.985172632494078826e-01
-3.958992200578927978e-01
-3.572676859457436516e-01
-9.293051677213462480e-02
2.718601645238710729e-01
-3.797948642825079713e-01
-3.794132501422218251e-01
-4.029089071967218438e-01
-2.580812600067653451e-01
-2.976086173399570267e-01
9.304491124629579724e-02
7.073297597985732377e-02
-3.683873386048060472e-01
-9.650468719595005698e-03
-5.378874787951085090e-02
-3.351044662151097531e-01
-1.623152823523680011e-01
-3.072876824553995578e-01
1.559229806087786829e-01
-1.553753898589524118e-01
6.720930981219946920e-02
-3.372771607396694571e-01
1.288581512414317398e-01
-3.548896691904289691e-01
-3.669573259384509845e-01
-5.900984478687362755e-02
2.475409462341591343e-02
-3.421563986388651002e-01
6.307268846060468115e-02
-5.429321497492813065e-02
-3.648255391433303241e-01
2.536261155111426691e-01
2.293761011796064397e-01
-3.895252663008134247e-02
4.375750915451356859e-02
-1.918999147658922294e-02
-1.887548169235134521e-01
-3.925571358651342435e-01
8.744104589206611045e-02
3.650113373445192794e-02
7.528462983572617451e-02
-3.041087955272103738e-01
-3.851130986059516509e-03
-3.740396010748523459e-01
-1.048250761837190431e-01
-3.973430248874431081e-01
1.629084483694544505e-01
-1.574629802895097519e-01
-2.545572197320679700e-02
-2.261817219699698567e-01
6.179437546991663199e-03
-3.547246275098863699e-01
1.629988071619380696e-01
8.510641515500097509e-02
-1.104822748045778402e-01
-3.521928891962062269e-01
-2.657815783039389479e-01
-4.166945940635506385e-01
-3.702447881793300422e-01
-4.239130859045880384e-01
-3.942290397753983600e-01
7.648820074114055789e-03
-1.125418908299954945e-02
-3.632240238341352678e-01
-3.723295852316105825e-01
2.197375427829544592e-01
1.136126560284040354e-01
-1.246264236479470017e-01
-2.647565389918136725e-01
1.307547764041796373e-02
-3.516685912947547371e-02
-6.984930215544477017e-02
-3.766821241459453740e-01
-6.547757334959691811e-02
-3.057194011141658452e-01
-7.936657801348931396e-04
-2.090844457731959039e-01
5.574685505256224416e-02
1.336927787175294924e-01
-3.745891861633864339e-01
-2.730012887210549466e-01
-3.761894348782458541e-01
-3.161120303096671275e-02
-3.035133936064081661e-01
-8.722082443840603605e-02
-7.859266782909575533e-02
1.613708950928939012e-01
-9.891768454186528059e-02
-3.827638606133485499e-01
-2.753166810316441948e-01
-2.055030117525740996e-01
-1.725899180696737201e-01
2.863348208764229103e-02
-9.214683721925671922e-02
6.619010175079501068e-02
4.516810491358121821e-02
-4.024066731212515013e-01
