7.645780291901805859e-01
-4.354744780349156796e-01
9.122737967321780106e-01
9.306408914452334313e-01
-1.737982358144414541e-02
1.035684138198095586e-03
-1.652000915232441636e-01
-2.001792856951722099e-01
-1.417784804569880153e-01
-3.276158706454642133e-01
1.803990567701819203e-01
-1.102943507827158220e-01
7.494564803709879985e-01
-4.816578296722985875e-01
-2.334795337873166177e-01
-3.606880831574382773e-01
8.965425961814812439e-01
9.317003956433851375e-01
-1.400301637463233217e-01
6.905896535204881781e-01
8.903706645344776627e-01
7.479905882452155819e-01
-4.628960108161588732e-02
9.122669869603566850e-01
-2.607739080485144134e-01
2.022971564927121199e-02
-1.188989703358577787e-01
1.780208899137110390e-01
1.515990839264607509e-03
7.002823902528110267e-01
2.713298214231527616e-01
8.129421829536314092e-01
-2.774100613568302731e-01
4.121858283477942697e-01
7.946528261500090951e-01
-2.725219207820229195e-01
-1.673918030385939670e-01
-2.179598221157814653e-01
-3.644073209930421831e-01
1.778897525897739640e-01
9.255845819434453947e-01
9.428200928497879607e-01
1.465609674805332385e-01
-7.164559862494208897e-02
1.264170210745309553e-01
-4.016452769364862174e-01
-2.196323951923611628e-01
-2.670965509680059968e-01
9.115338744036528551e-01
1.607858489211922426e-01
7.416451690042493716e-01
-6.815471590190622098e-02
9.724180900825551976e-02
8.942597559830978149e-01
-1.228039669969998582e-01
-3.436999469401765678e-02
-2.777148354973045241e-01
-3.644856352504055597e-03
8.074325698614610580e-01
7.495182892541992770e-01
9.068002465001893109e-01
8.231804159401200360e-01
7.562907259577350549e-01
9.273332888344751890e-01
8.111992614878268393e-01
8.167471627916058630e-01
7.156354859470142049e-01
-3.851820641794679867e-01
9.271965496200857970e-01
7.851218136909220435e-01
-3.174333801363719010e-01
9.085632661097691187e-01
-3.559780264910141767e-01
-4.510543028119877174e-01
-4.354446218509846478e-01
1.211072311587446659e-01
1.935879162737293435e-01
7.394503583168807737e-01
7.733134332760375207e-01
3.290922888117281397e-01
-3.031722890167328210e-01
-3.490134859519667399e-01
-3.225127479109642370e-01
-5.166185682343866770e-01
7.773825399477314324e-01
-3.458788433440208032e-01
-6.231243591128625414e-02
-2.241872870218223901e-01
-5.369315926579382170e-01
-3.511773816036281026e-01
-3.289747396660822609e-01
8.445090857082651059e-01
-3.499251785972931073e-01
-5.217608397320310232e-01
-3.333326415064430392e-01
9.118384981144502799e-01
7.635251599737590267e-01
5.427916092577794727e-02
9.133390567961476858e-01
-1.244246228862473658e-01
-2.599481668893871000e-01
7.459710374369328267e-01
7.682973361433362847e-01
6.981212787289613475e-01
8.211596186104896944e-01
-3.841965620838734274e-01
-1.625977469737800440e-01
-9.465242706674460715e-02
3.532075859479809621e-01
-2.401062494545160853e-01
3.465469803800172999e-01
-8.644597855604968517e-02
8.846758127529410487e-01
1.655345645041047808e-01
-3.517272508657955377e-01
7.193791741933472927e-01
6.992415948004779835e-01
2.483460675457384303e-03
7.123000557669332267e-01
9.157701549617056624e-01
9.060306105399039689e-01
-1.253748197277390619e-02
-4.643168038795417174e-01
7.238018999356020666e-01
8.208360935512425405e-01
9.194527289563595440e-01
9.015205898350249214e-01
7.493413319231286840e-01
8.823800675519624104e-01
1.527792957919611727e-01
-2.124258432521608786e-01
9.260683393619649761e-01
-4.060717799132226302e-01
7.014358198703105618e-01
9.005893844255473679e-01
9.119717778944458342e-01
-4.307932724103566979e-01
9.214760163164317230e-01
-2.109425261170035093e-01
-6.833477693041073442e-02
1.409588338429264842e-01
7.937354094500976842e-01
-2.248303402608420321e-01
-3.740045991114000490e-01
8.796501981070435627e-02
-3.617326215192535055e-01
8.980470190044145262e-01
8.321776268601532855e-01
8.121711907787627638e-01
7.709583908888844039e-01
5.957851501356697943e-02
-1.671782326801523610e-01
-3.656211828707282008e-01
6.902656913801947791e-01
-3.085251198827042018e-01
-4.054368384766887656e-01
-3.951897935730919187e-01
-4.139126992061979426e-01
9.012638051316639309e-01
9.082791122094666658e-01
9.176915642610284918e-01
1.592870233671127567e-01
-3.542169846459624072e-01
9.079639083607704553e-01
7.596819620633316061e-01
8.759544820006208710e-01
9.061981471504595431e-01
2.479148707177821279e-02
6.750965452452351023e-01
1.890277978371740220e-01
-3.705560457050802725e-01
8.191477181701177779e-01
9.134964891099387474e-01
-3.213744450432557964e-01
7.869479112479945693e-01
6.572420111288054256e-01
2.428846145656693156e-01
-5.063840468665047057e-02
1.927021506812689466e-01
7.466225437618829730e-01
9.138547126016866029e-01
-3.379031969558639048e-01
2.021655229360051209e-01
1.828282680320187370e-01
2.982370263378166242e-01
-6.562389835857884712e-02
8.978251749931268622e-01
7.910919208243827327e-01
9.106651308258548738e-01
-4.100362947445809203e-01
-1.920714677502189660e-01
-2.591770700434806729e-01
-2.148906702750873199e-01
7.421570834844144482e-01
-3.561765900388899619e-01
-2.485750923212014518e-01
8.533309397874246915e-01
8.644611932186403447e-01
-1.646386884689363395e-01
9.318165510970627397e-01
-1.212238649553270819e-01
6.680130825222153901e-02
8.654230501913474649e-01
9.348356675006079808e-01
-2.787643057079585707e-01
-2.574159233579177419e-01
-4.122718190117115045e-01
7.161185862736832441e-02
1.354027413102801003e-01
-1.417805133545312901e-01
7.711838229548632073e-01
-1.482858338304019474e-01
8.816443050147897420e-01
9.788533433011471774e-02
8.442608994109103149e-01
2.732759557067391820e-01
7.971692401292429508e-01
7.147011761346295788e-01
-1.033881046530772813e-01
7.625978809238246336e-01
1.312713895522411023e-01
3.352770029229053539e-01
7.402726163823223349e-01
9.201632237824592941e-01
-3.114081660130746942e-01
8.491671926256368907e-01
9.211867009297268760e-01
8.019126480577781768e-01
9.195305692694425437e-01
-3.478843597449862712e-01
7.336256315060041278e-01
-1.913504893610042112e-01
-3.488153456520062257e-01
8.539133314547976417e-01
9.218555595266718639e-01
-1.318063702381963576e-02
-2.513706248834465112e-02
-2.968334680608228915e-01
-1.560509078103639591e-01
7.374197456894504565e-01
9.133119168161326629e-01
9.185448911571778563e-01
9.277454395073472249e-01
7.682692060374449738e-01
-4.969435847276173351e-02
9.197803632789596229e-01
6.659489015900944830e-02
-4.541142853033088289e-01
-2.630487016363932673e-01
3.498115560305328775e-01
-8.687302749547871905e-02
-2.565943780837017241e-01
6.945920045621420957e-01
9.051491162759013331e-01
-2.514029537400159775e-01
9.187256016534127712e-01
1.554007261394634298e-01
-3.989175660498018861e-01
1.104255291854810278e-01
-4.156942497465788700e-01
-3.082409479886337733e-01
8.779366830911641273e-01
9.094723580327093160e-01
8.155583434157211986e-01
1.857664305760293733e-01
8.401134522218257628e-01
8.202292068894175836e-01
9.160935803990214454e-01
7.940654020366471055e-01
-4.134160337439057309e-01
9.184309705918205502e-01
7.558165717374903947e-01
-6.398989632625445845e-02
7.038352485053043228e-01
-2.567637980971461120e-01
-5.057442832853131787e-01
-4.442637085214815040e-01
-3.443459315093876372e-01
8.598036303777215617e-01
-3.779386139831174551e-01
8.191442196330480652e-01
9.142922115285818663e-01
9.014551000358613786e-01
8.516032447718022702e-01
-1.346943536026731225e-01
-4.379357837644546336e-01
-4.297822510901749826e-01
-1.768988191987709291e-01
-2.501551213151072539e-01
9.028093443158943243e-01
6.785450217197727119e-01
5.141348765482146865e-03
8.289825723325263684e-01
-1.207216950675681424e-02
-8.067139881126628165e-02
8.293496203669142863e-01
1.905059588306181884e-01
6.557191990211119759e-01
-3.446190559220568828e-01
9.265204757558321846e-01
