1.903384526764259899e-01
6.923135019425348258e-01
-2.911615021686698168e-01
7.765183040278984539e-01
9.242273347562888208e-01
-3.415286582538181737e-01
8.993032956109565657e-01
-1.532296302767382351e-02
-3.420817597997372617e-01
6.876192701502755744e-01
-3.750195747253439738e-01
8.452303051463746497e-01
1.356082883016099527e-01
9.119019853206964399e-01
-3.515421632432165211e-01
8.048242813729796774e-01
2.883574071225719626e-01
-3.518019355792732505e-01
-2.915386146202227358e-01
8.614676134066451274e-01
-2.239165826216650834e-01
9.234547381418223289e-01
9.260157002520450487e-01
6.028978142492172898e-01
6.716921664536301684e-01
8.690370868718430009e-01
7.747097944789566037e-01
7.009867678797250257e-01
9.170812478514120958e-01
-3.367256293952516355e-01
9.198595568472635042e-01
8.474354078768023824e-01
-1.628562322387841765e-01
7.974973842646231326e-01
1.225250212020329577e-01
1.755079025940698978e-01
9.112887761487689087e-01
2.329236783726941484e-01
-3.363450256177107356e-01
-5.222531097834873792e-01
7.618844073681408924e-01
3.556432397452305993e-01
-2.624321122278212015e-01
9.186711174152278891e-01
-3.068008238784762920e-01
8.570206320332542926e-01
5.970430117513658708e-01
8.144035425231460623e-02
-1.602925778646538124e-01
-2.350953038150202790e-01
8.517766380790626757e-01
2.640638631910086423e-02
2.665238170525394690e-01
5.253142449450819151e-02
7.272749960178906958e-01
9.462940295213693176e-01
6.946981032499022213e-01
1.367344157240671099e-01
8.969031462897072426e-01
8.869424781738416419e-01
-3.293109334519436215e-01
7.649062738107503812e-01
8.731597912604758260e-01
9.749588255777910661e-02
9.281158269630298552e-01
9.228025630229800269e-01
7.620736784100852201e-01
6.877500780379086631e-01
8.436703113615777738e-01
6.014387685803673778e-01
-1.823165902143672468e-01
2.756323407945677206e-01
9.182980067623635057e-01
-3.854148008216931043e-01
7.211716987887482055e-01
-3.308906823577181799e-01
1.418035326106074079e-01
2.097255606396998262e-01
9.160259572550452090e-01
-1.451056608627362965e-01
-2.951529611648718299e-01
-7.394791452600763676e-03
9.316612145325066097e-01
-4.268482258113262540e-01
-3.674848291350679697e-01
3.281986666147445469e-02
-2.528541371779368108e-01
-1.140675087976902313e-01
8.829578511287193843e-01
9.351409171840910362e-02
9.103980044269952554e-01
8.398608914620823152e-01
3.452022507866770451e-01
7.406335907589377543e-01
2.639014247093923737e-01
8.205895458760124050e-01
-2.600582724447828564e-01
7.828069428273671804e-01
1.966176273289999554e-01
7.517918112305340683e-01
-3.269114339345602915e-01
9.205596039628288763e-01
1.397660032243053935e-02
-4.145508267388526291e-01
-3.620031802878778682e-01
7.296105729273588691e-01
-3.878885137773364078e-01
-8.642805524044172572e-02
8.991311470122279603e-01
-3.220451822465072445e-01
-2.935503679877606298e-01
-1.658637126098361225e-01
2.523767888174736629e-01
9.096267855654706080e-01
1.684161217714394976e-01
-3.560660265503072242e-01
9.200474305387121854e-01
7.291271438328191801e-01
-2.871980139110272834e-01
-1.146157278850297445e-01
7.437671505582434950e-01
7.092150956353829860e-01
1.148256487510012774e-01
-2.648981983922421568e-01
7.908866531794717103e-01
-3.350868954513260833e-01
8.492656745981056465e-01
9.331622640250996081e-01
-1.405823346191499221e-02
9.812447587064891674e-02
-2.286137328806825408e-01
-1.520238846803307342e-01
1.366883489797431350e-01
-2.800188848904394678e-01
-8.742254677121426287e-04
9.289759157825142610e-01
9.123871380197582370e-01
6.777063385140590368e-01
7.870705814401535161e-01
7.419564199000143745e-01
8.459315670245214358e-01
9.046063125117047576e-01
1.078405323101369051e-01
-2.559427822207414049e-01
7.714473821939056286e-01
-4.159044809894183459e-01
-3.268676083530269727e-01
5.164867519454672401e-02
7.057276108916059609e-01
-4.116215451320603402e-01
-2.951658423736092662e-01
-3.316976044396193757e-01
1.276738224787822840e-01
-3.314161255147625162e-01
-2.834089967298194512e-01
8.803689987012429663e-01
8.655687966268184041e-01
8.709806973060814084e-01
-3.409238670217504819e-01
-4.100318227362708123e-01
7.838587072481388862e-01
9.162888611630582991e-01
-1.002177256150351692e-01
-3.528226418422399369e-01
6.944096251764927397e-01
8.854426528284712328e-01
2.622543779582685586e-01
9.073336235729576593e-01
-3.191415170894097986e-01
9.095130325998526111e-01
-2.844339200789844369e-01
-3.046153552712467794e-01
-4.676661916400386976e-01
7.128157966957491265e-01
6.855066428064942041e-01
-4.181419826261578709e-01
9.097898433672467755e-01
8.831153350788977230e-01
9.072214897193312533e-01
6.735741812164492970e-01
-3.506878205046477515e-01
7.768082498434779604e-01
-1.162065027691357721e-01
9.180798680640971376e-01
8.131120904108403158e-01
-9.193420283590453268e-02
-1.600974934164536012e-01
8.359634790451736519e-01
9.190654801109033878e-01
2.051140864505138772e-01
-1.001511629865516895e-01
1.084931430468234759e-01
-4.454975820124940644e-01
-3.450644780531140210e-01
8.195576181489055978e-01
8.330543747487422213e-01
-1.462913457507930559e-01
8.783164863084150786e-01
1.365680338150398465e-01
9.041849229427254553e-01
-4.230686689574112980e-01
-3.479351560177065816e-01
8.911558892196488335e-01
7.416958893487796134e-01
-3.360986893688697186e-01
-3.381117695247475297e-01
9.596893210143235819e-01
8.796749946333110026e-01
-3.747227555161015133e-01
8.112328351079421962e-01
1.546616527465491941e-01
1.092100073826029749e-01
8.564808534438522747e-01
9.320596900239567217e-01
6.281376168738591614e-01
2.012792933589505617e-01
7.976314380294285966e-01
3.671892556263901541e-01
1.969880179569171580e-02
6.486788585920968409e-01
5.127385151714940470e-01
-1.547653765948307503e-01
1.896090606807074586e-01
8.879955975858179196e-01
9.359447146938463247e-01
9.184021071122434599e-01
1.601449466736351857e-01
-7.654489004312295397e-02
8.731244143034941341e-02
8.138816098119473486e-01
2.666039724248328024e-01
8.910617095371670127e-01
-3.963993460678753578e-01
7.425413908387352713e-01
-3.841230021621968582e-01
1.558489125554756993e-01
6.650496501449486286e-02
1.225560943614027731e-01
9.236808899218849067e-01
9.266181061547789088e-01
-3.197676833048109235e-01
-1.687730626315098736e-01
6.579713006309965140e-01
-5.570036778255674226e-02
5.287887331319265916e-02
9.113387295642190189e-01
-3.238262186765610839e-01
7.197909651630155503e-01
-2.076306903316464669e-01
-2.721867313985465997e-01
2.064626056788708142e-01
8.943855311123177776e-01
7.679902232870673418e-01
2.788023185686775984e-01
-4.107107150482516844e-02
9.352377614971540964e-01
9.144930652020406558e-01
-3.768915640567558345e-01
-3.304874941889014983e-01
8.240866332814390516e-01
7.518243248686471425e-01
-3.885764084686126330e-01
9.141206525174740971e-01
8.917888739224109074e-01
-4.573134491743593433e-01
7.037687077674015246e-01
-3.624528670287870402e-01
8.138224768419488608e-01
7.604224726844721616e-01
8.990653203173937236e-01
8.826925098697651073e-01
-9.863334195176226560e-02
-1.956266014228118938e-02
8.121671317127531209e-01
9.184052427938085295e-01
-3.940724115519972925e-01
8.882480818718903048e-01
7.731271188807529171e-01
9.136664484641237038e-01
7.686033879953896308e-01
2.347847313848352158e-01
6.265632452378709916e-01
1.404690308314657798e-01
6.514019987494215069e-01
7.367834993404985544e-02
8.836283300488667614e-01
-2.063671305406913903e-01
-7.962304276966376826e-02
-3.948085887245151304e-01
1.312729259556204287e-02
2.780277964721794559e-01
1.034778707995973601e-01
2.616842573261705107e-01
3.152522209397479180e-02
-3.247357582843232726e-01
9.143028846861039893e-01
-8.198818895987179667e-02
-1.623462999993486588e-01
9.250668963497339359e-01
2.318356692486321369e-01
