-8.161231819323699899e-02
9.073148372126705885e-01
8.285873901831750099e-02
1.688004473452072440e-01
8.425750428259134450e-01
8.981698255623776772e-01
7.793839280616711163e-01
-4.669410679668669628e-01
-3.855176668007492258e-01
-3.223946585008561905e-01
-3.165424665958354589e-01
-2.167908887522647099e-01
-2.462047879512485604e-01
-3.228823355030593922e-01
1.855667251564089015e-01
7.841151326602848748e-01
-1.838311018607095282e-01
2.770163598191593968e-02
1.867614338231810556e-01
2.297245241429318741e-01
-2.640369208476879281e-01
-2.504985893697809773e-01
1.516398339017573094e-03
9.240744790256961716e-01
7.067941908287784791e-01
-1.017892586562419988e-01
8.883158719122058455e-01
-1.233333152513848008e-01
7.561159954772069813e-01
2.904488054188993362e-01
9.174628082951902242e-01
7.330091748202340884e-01
-4.041165573013510981e-01
-2.452607003778661809e-01
-3.674754772688895166e-01
9.575378811475075691e-02
7.242143003103224119e-01
1.638416944491638549e-02
9.698058761755506962e-02
-4.696395790171785101e-01
-3.181059847861026357e-01
2.898842588794857122e-01
7.825234360293663594e-01
1.521324358845101421e-01
9.102872320259481898e-01
-3.794209914430463071e-01
-4.163830846865207991e-01
9.425383333949748366e-01
8.494847239284281093e-02
9.340129577624283197e-01
7.798598057463721478e-01
-3.021536340296884227e-01
5.940838406219370316e-02
-1.012803496232144163e-01
7.014291310574990446e-01
9.221243008173581890e-01
-3.797874968237624493e-01
6.591083619139848082e-01
-1.834085565689710651e-01
-4.357811769499428389e-01
8.775028201998668065e-01
8.731750728899098646e-02
-1.788297462449916775e-01
-1.204006491153714054e-01
-3.190380588645043147e-01
9.239973825427056919e-01
9.232043964263358937e-01
8.562063077037511682e-01
6.792991735965974165e-01
-3.729847145369271644e-01
9.458273153194213245e-02
8.287564126308361034e-01
8.427500341501011905e-01
1.787441530219635588e-01
-2.600222146814559210e-01
-1.694001631561447008e-01
1.756499988285689096e-01
4.463076874692693818e-02
-1.011035825563068313e-01
-8.675900988064547126e-03
-3.506428411092336606e-01
-3.211133196428607728e-01
-4.974899362317276585e-01
6.904637825718201727e-01
2.093951738750508482e-02
6.332696419290723133e-01
8.744383743544567045e-01
5.514728108890247782e-01
9.081111790954766727e-01
-2.442922484057557519e-01
-1.646975058292646232e-01
4.993814893547521977e-02
9.262501895253925088e-01
1.316338871033011400e-02
-2.187486048525167925e-01
-6.959940324008370705e-02
8.032244883552106529e-01
-3.212747397456114928e-01
2.833636891583477535e-01
-2.347042261971912791e-01
2.712891479276573481e-01
9.789691779218578915e-02
-2.925979836741621765e-01
8.001509569236414654e-01
3.059742921082322376e-01
-2.333791886016988448e-01
-4.149935517972382915e-01
9.352708459659573315e-01
8.213690008967781120e-01
8.462002814680915641e-01
-3.074856739817716789e-01
-2.144081576776027676e-01
-6.714451701581777843e-02
9.181661416293862565e-01
9.055314041798760982e-01
7.357479992408636482e-01
7.949293777612488343e-01
1.711413254695741057e-02
9.119316529682583994e-01
-2.900816686115548770e-01
-2.901656074979598876e-01
-4.009528072363925943e-01
8.808498063991574423e-01
-1.173803694931544045e-01
3.835135869280409393e-02
-3.732411825426505403e-01
-6.742309967224849321e-02
9.256357647745511175e-01
7.596904429035554740e-01
2.008704144526480551e-01
1.405329252469316725e-01
8.252877331392973748e-01
-4.046797397111246974e-01
-4.518951611712175853e-01
-3.834235811852547138e-01
9.449123117677624833e-03
-4.506993415705983219e-01
7.958744291179634667e-01
-3.092483619000774842e-01
-4.382382579659674926e-01
9.030005314602005395e-01
-2.316507900998681369e-01
9.163553190364227552e-01
-8.835049498062440276e-02
9.286522956176961330e-01
9.153513913617570275e-01
9.446134325896181627e-01
8.911211989835049474e-01
-5.085755198864751886e-02
9.391828901126222373e-01
8.672954866192891243e-01
6.853388375817347500e-01
9.329244380805703507e-01
-9.101343414807100407e-02
7.102809163432021178e-01
1.460164830995978047e-01
-3.719951418233160556e-01
-2.598410584754984667e-03
9.034969514422909187e-01
8.730552447711213970e-01
8.803529400030218888e-01
7.179353433697107656e-01
8.892707118774385577e-01
-1.284876463069647423e-01
9.043411806906740402e-01
-1.294760794582166252e-01
9.292149111085135083e-01
-1.784718063555236767e-01
7.983929296175362733e-01
-4.585599045715660349e-01
7.292856887761832718e-01
-4.026686811862081328e-01
9.135022785703148518e-01
-4.514619361697386202e-01
8.923733798531631178e-01
7.514811706447432904e-01
-3.642469468608606209e-01
7.390077973262038080e-01
-4.371695366725507625e-01
7.881585633975909388e-01
9.343449053002684801e-01
7.188322537094821163e-02
-3.091130517319607418e-01
-2.423541414693571316e-01
6.309003817965644911e-01
8.965271822996888629e-01
8.993630362525767419e-01
-1.136106662588704935e-01
-8.396411635749413682e-02
-2.557563539191854973e-01
-4.255481065580430933e-01
9.866478851453502896e-02
2.332314307457898986e-02
7.641259810593815649e-01
1.568849039770245091e-01
8.016129046183950724e-01
8.644708499564697848e-03
-4.199091244021163072e-01
5.798955033001058912e-02
9.064283498570434583e-01
9.226902198904577412e-01
-3.823610170379311279e-01
9.048772565404937795e-01
9.407768827849704030e-01
-4.397013222514097736e-02
9.057412646353807384e-01
-1.269833773535868904e-01
2.136022148812782295e-01
8.791762336321273796e-01
1.321310723495130179e-01
8.415525427771061162e-01
7.693327406085516129e-01
6.996825961454637977e-01
9.217352964623538591e-01
7.093282446561789412e-01
9.086562001465131599e-01
8.430324071913573025e-01
7.433426433710242920e-01
6.076047556059975541e-02
9.024069163534963467e-01
9.142572670461173168e-01
-3.389979145312113085e-01
8.243736592171759803e-01
8.704377903304670872e-01
6.136461292785202470e-01
7.436178069952709135e-01
9.079641331022156869e-01
-7.247148627924338005e-02
7.131405425415815458e-01
9.099490455124116250e-01
8.491246949696282798e-01
-3.901268499856166971e-01
7.662188970354117945e-01
2.381913443897279783e-02
9.199079622616453955e-01
-2.775299561592882158e-01
7.610937612271483355e-01
9.281753693903957991e-01
9.006541221996899882e-01
2.921082329003798703e-02
1.607045941326643024e-01
8.877118861750582512e-01
1.384403800751941305e-01
8.325021061742283734e-01
7.539420590460751415e-01
3.784842514980331363e-02
1.374021932273083724e-01
5.448762012885883382e-02
-2.227878865975543021e-01
7.932429993000726931e-01
8.670644586560122269e-01
-3.446030660235162579e-01
1.166160878938780482e-01
8.209191229253475219e-01
-3.105482706731361731e-01
-2.652298056876198351e-02
-2.862130345627966754e-01
8.114637584069556153e-01
2.190252377856852228e-01
-3.347972187962911517e-01
9.125008965604305411e-01
-3.341182535639597440e-01
-4.813232421063135674e-02
-3.395174462636580404e-01
7.128377029818329103e-01
8.516972204723733952e-01
7.960435396705694000e-01
8.955048206320239679e-01
9.034182308259341987e-01
9.273901941712464625e-01
-4.038087282091211705e-01
-3.431301680055268144e-01
-4.442268310613785576e-01
1.181445903219531246e-01
-2.021377120720981024e-02
-3.122180098229029865e-01
5.697176297125710470e-02
8.653240273748735722e-01
-5.943056442868055456e-02
9.288961383192811949e-01
3.877427913654030722e-01
-2.483036852620358892e-01
1.149558141426141461e-01
-3.559106717799193770e-02
-4.454678746651345445e-01
-3.939908357105226244e-01
-7.945259937798698768e-02
7.612358652892347033e-01
9.171493094810247992e-01
8.548680610379140177e-01
8.927168036261851070e-02
-1.432136234074706804e-01
8.715901847110409939e-01
7.940353399275752455e-01
-1.668332883015568036e-01
-2.870525828724638240e-01
-4.308108501744328245e-01
-3.158774453324165177e-01
7.701673582096491000e-01
6.304768363960971955e-01
