-2.207987824495083462e-01
-9.687331115986855257e-02
-3.718377060867841810e-01
7.293859458439454491e-01
-2.853663224048073044e-01
8.669497130271701379e-02
7.384948854547240815e-01
-4.426433767673248476e-01
-2.588100618632457536e-02
7.630754871212391821e-01
7.504665371383609784e-01
9.335936099444992475e-01
3.289185264047889690e-01
2.870467766744339566e-01
6.601694283643901873e-01
8.534384242394144060e-01
7.179730860074012844e-02
7.074650245392757331e-01
1.200899966648908135e-01
9.127417534251225373e-01
-5.911827470306289800e-02
-1.885867965099062293e-01
7.205722815943452764e-01
1.770016755428313049e-01
8.743081093506221979e-01
7.267215504764498180e-01
-2.199248265351328169e-01
9.352760109183204662e-01
5.078968599868914635e-02
7.798038326927142494e-01
-3.317136526865149260e-01
9.034492771465255645e-01
1.151597932284022935e-02
8.957918029561620088e-01
-4.403670704211175013e-01
9.178793336292810912e-01
-6.462565615215254411e-02
7.709544778486759897e-01
8.108357434214836790e-01
-3.677213811982261715e-01
-2.954441508854130927e-01
7.781775390166389972e-01
9.289006782267443807e-01
-3.762795629324910407e-01
8.851027061327432222e-01
-4.869690608211977856e-01
-4.070872243937065926e-01
9.116726296176000943e-01
-2.630516257057037843e-01
-1.643817006845950668e-01
9.082127023826485068e-01
8.140715899946111833e-02
9.062140319900880980e-01
-2.991522059371798936e-01
9.033942560836961677e-01
7.908416127398344431e-01
-8.828423527830808748e-03
9.333428265177146077e-01
-1.527260902610167448e-01
9.053290989688376200e-01
-2.791754208753557398e-01
9.097789503201422212e-01
-3.925113582422076752e-01
9.042365084045929091e-01
9.135326492026256684e-01
7.799423563802383441e-01
-2.914041209086519757e-01
8.926340306774848132e-01
6.711979950653874649e-01
-2.233847128482500666e-01
1.339836150953465088e-01
6.894184504476883468e-01
9.199499687195303865e-01
9.385158128850628056e-01
-2.764549296158809732e-01
7.504755457614645797e-01
1.269930559174717311e-01
6.791261952364633370e-01
3.547697821430868814e-02
9.254645996187609303e-01
2.085078657554268744e-01
-2.790338725152457511e-01
7.788508416303265847e-01
-1.659167828720260474e-01
8.112917873587337514e-01
8.522343612720453820e-02
4.764251695312457513e-04
1.653766457439290183e-01
-2.233105630746272385e-02
-1.180159183889562396e-01
6.555850641167773607e-02
9.029759525729563752e-01
5.793091322225904505e-02
7.084155448561751944e-01
-4.842099351657248585e-01
9.075365374277469810e-01
-3.946474546114311921e-01
2.080921632057402409e-02
8.855088206326525713e-01
-4.213792315418156131e-01
1.270298458240265715e-01
6.833542715151654789e-01
-3.458285971189352104e-01
-6.055495263062623396e-02
4.648358983844785158e-02
8.880338150461845048e-01
-4.239702814624034533e-01
-1.919499656996860038e-01
7.509288871043975355e-01
-2.751426696487116463e-01
-3.727379400254163810e-01
3.352574574901517335e-01
9.135554613983057903e-01
8.652744892734642868e-01
7.939340757910358093e-01
-4.120326604503900536e-01
9.151558366106662401e-01
-1.544771935065711033e-01
-3.021783755847852748e-01
-3.520803073422665297e-01
-3.446942322069857512e-01
-8.017318230887724578e-03
7.875262645346406964e-01
2.071978769108160923e-01
-3.243419363285032220e-01
-3.636773091204394126e-03
-4.471375897511466885e-02
9.011885582979469733e-01
-3.416619094294161552e-01
1.305944571252153907e-01
-1.592771068671059165e-01
7.833792175182399120e-01
7.952652889644725720e-01
8.036765759833841560e-01
-3.362594654241591319e-01
8.888104830203531481e-01
8.239113467648205846e-01
-2.084458448036393130e-01
-1.828503493735604002e-01
7.741319053541132478e-01
7.799834577351041354e-01
6.166178667269803793e-01
-3.269768810990770769e-01
8.767749277613735570e-01
-1.971040805305059873e-01
-3.703686062486427621e-01
7.693130626419935059e-01
7.883806806247292132e-01
1.954199600113857571e-01
-4.427786052498379754e-01
-1.463204096169212209e-01
6.658984040579508934e-02
9.355176754449825438e-01
9.195680188104807806e-01
-3.486844345075534313e-01
1.470698488328923692e-01
9.434386708361696128e-01
-3.211967855313279108e-01
7.611224467936426041e-01
-3.940603362317315339e-01
-3.854095140395600305e-01
7.757386465606472825e-01
-2.473079415917497914e-01
-3.489741959426742590e-01
8.502819272337356349e-01
2.114078439828663211e-02
8.483211923074956973e-01
5.007821422286523605e-02
2.417968324486810192e-02
9.141841494759429532e-01
-3.652107361653821882e-01
2.744306203629712781e-01
9.373572519325329422e-01
2.780915542300599896e-01
-2.253880626090521977e-01
-3.295247934114290400e-01
9.177607716479517785e-01
1.986482834747860526e-01
8.890904136674372404e-01
9.214669647288731280e-01
-1.881071118531305042e-01
8.843166641584001564e-01
-3.178250050861647358e-01
9.176181242783765235e-01
6.522178370746228859e-01
7.028215988407342518e-01
-2.843167343710414907e-01
6.484637921477534039e-01
-3.197577492958461054e-01
7.152612659565860120e-01
7.424474450464414454e-01
7.726769265294050615e-02
7.510713321151648580e-01
7.625698139720612501e-01
8.627654635222752333e-01
-3.164886051655442789e-01
1.781005170145086580e-01
2.355841667615233281e-01
-1.681317702630022171e-01
-1.917084400314479908e-01
9.302688764288190582e-01
7.233815518921008492e-01
-4.094220864846851993e-01
7.865058804129736458e-01
5.200985397466900001e-02
9.070421028365706073e-01
-3.865841049399541818e-02
-3.089628597181556802e-01
8.906956765833609069e-01
-2.731377404881394355e-01
8.521701322510448762e-01
2.187326948862205467e-01
9.138858519318436846e-01
2.189394013035612929e-01
-4.165313843113184200e-01
7.994457760713159500e-01
6.041741469742541865e-02
7.651212088637678876e-01
-4.474460970943640314e-02
-4.399591986110691910e-01
6.645551630352837247e-01
-2.180283896351343509e-01
9.138913165260179605e-01
-5.546347747092528896e-02
-3.092570186445443015e-01
7.337218252839325383e-02
9.145773707067665903e-01
7.316976902315647235e-01
-2.913742894851700793e-01
-1.729282542552519897e-01
7.175526129837517253e-01
-1.848156301103253407e-01
8.322141149867163801e-01
9.148367477597050268e-01
8.868326964323580697e-01
8.391713690930697744e-01
-2.795774299326205803e-01
-5.535658243595372591e-02
7.932558607065992584e-01
3.577180908404128390e-01
-4.222032463714371908e-01
-3.159602337480822420e-01
9.213411047591212322e-01
6.994999415723129887e-01
-2.021458728150783701e-01
7.462149559193064219e-01
-2.079338273528930359e-01
9.086305405017218728e-01
7.404646080843101386e-01
1.907383428858009378e-01
2.133595284052426100e-01
1.178002118297714895e-01
7.770912726132392923e-01
-8.815656658125697875e-02
2.106811003526138093e-01
8.077601611518305802e-01
-6.530908319122273598e-02
-6.522567298138579051e-02
-2.408331486886910663e-03
-3.670429703970023438e-01
-3.511432930012055031e-01
7.615858049970136712e-01
9.333939355458236165e-01
2.551351278317267046e-01
-2.601669304395699545e-01
9.228727339000870611e-01
-1.794675979277669531e-01
4.172386284218621011e-01
9.190722259550720974e-01
7.741036787162509647e-01
7.928075816112730712e-01
8.472564261812964848e-01
-9.086348739703230259e-02
9.166185826112848156e-01
2.749459763186265157e-02
7.290972611727264407e-01
7.721677815660596966e-01
-3.513172064490402424e-01
8.080074529213087109e-01
1.043384828346929638e-01
9.283706316877492482e-01
8.845384741603500300e-01
-2.673694608135751549e-01
9.354839780496599921e-01
-1.944637319273554987e-01
8.498776902201802264e-01
6.288545285777625837e-01
-1.835382793124964440e-01
7.036207970826209301e-01
6.401485485446736234e-01
-2.434725544770726668e-01
8.030989202668252780e-01
9.281719166216190198e-01
-3.856537470845902704e-01
-3.347249809388336828e-01
-1.096823172497909116e-01
-2.622101678357831034e-01
4.058370832496542568e-02
7.462511944139564868e-01
-2.583952589866870819e-01
