-4.010293361851797189e-01
2.006808315110790719e-01
-4.435312943877095515e-01
-4.629564861913230134e-01
-5.212438709920791391e-01
-3.124369952360129266e-01
7.270486903965909242e-01
-1.549333701815143460e-01
8.965675070739107522e-01
-3.889549993555498353e-01
7.541401954729364254e-01
-4.049017650620199138e-01
-4.674310493910059927e-01
8.962397034045531674e-01
-1.257548000134142696e-01
-2.983029357855846997e-01
-3.515445315917288815e-01
9.050659310556640191e-01
-6.973598027045924130e-02
9.148083693489801604e-02
2.659638894940414833e-01
7.090983571293324461e-01
-3.288755637224389794e-01
1.377097658495565480e-01
9.222845263321240994e-01
4.983200247359206164e-02
1.010291750145751732e-01
9.061104026200922368e-01
-1.709916405596245692e-01
-2.691241929223362472e-01
-5.023312081719867317e-01
2.782897302391032501e-01
8.147639390660631475e-01
-4.319005474982234860e-01
9.744908483701533730e-02
-3.900690725043477469e-01
-2.707198282788254584e-01
9.180503723259644255e-01
-2.975406467639718500e-02
2.899199474932389053e-01
9.043815260616853147e-01
9.278353804938818117e-01
1.203918214225395272e-01
6.855937720810271196e-01
8.993325535108830371e-01
3.326877242009695923e-01
-3.782953568185986049e-01
8.932072694600977636e-01
9.077807164957678587e-01
9.035028193826353249e-01
-1.824080029199360575e-01
8.051046552197407280e-01
7.703722732506887994e-01
-2.616836190020117026e-01
-4.228074875127281751e-01
7.954868471611327152e-01
7.884233879407184231e-01
-4.826259983959335642e-01
1.215376723151153325e-02
-3.559944852143621663e-01
-3.035842582099950726e-01
7.270393515889594926e-01
-3.475624469017974394e-01
7.679986549414532515e-01
-1.405875578788366720e-01
7.280508532756101436e-01
1.772150247642154952e-01
-1.028712576302008574e-01
-1.808328512676467548e-01
-1.770399106318040205e-01
-1.252119139589507879e-01
-3.781029103938367553e-01
-3.724048548044727180e-01
7.471609423568440489e-01
1.049931138037948491e-01
7.449328391348191136e-01
7.963828468654194914e-01
9.036633398077877910e-01
6.657625291640639764e-01
3.907760720476471938e-02
-2.674169171720685578e-01
8.683641406297225585e-01
-2.835782924717699105e-01
-3.043324241947851228e-01
-2.583029900002366541e-01
8.229868487726441639e-01
8.712746700985180004e-02
7.908863133277062030e-01
-4.720837599691180553e-01
-1.858886436624762606e-01
7.235478116720766018e-01
8.748992793422299963e-02
-3.686637815897687576e-01
-1.329415423482060432e-01
-3.021862578398685217e-01
-3.431268669108195057e-01
7.136170154388447040e-01
8.420404468367516104e-01
-1.769258509292618575e-01
2.312262709801657934e-01
1.641025772951217598e-01
9.235865282457629277e-01
9.224201429555103360e-01
-8.839625346550314400e-02
-8.322226857019020263e-02
-1.600023219634103544e-01
1.820650147074581726e-01
-2.481347919879560715e-01
8.988107181768379972e-01
8.084490101794400418e-01
-8.614347417166001025e-03
7.898250521057175177e-01
4.413330702307602937e-01
-4.892634453713175513e-01
1.367139293086482299e-01
9.172637344702225803e-01
-3.736211424533501524e-01
9.105908818811873084e-01
3.663288580672947603e-01
-3.299535775000221882e-01
-2.487732173295528759e-01
-3.475814127793703245e-01
-2.105911998793756346e-01
2.724379554946471660e-01
9.128595338599373443e-01
7.706778021948060831e-01
7.373001440030332310e-01
7.612865194019420301e-01
9.116664898043548293e-01
8.859294323982094266e-01
9.199503991359176958e-01
-2.227515424054835047e-01
7.613179303224661965e-01
8.235324656303899538e-01
7.593667761022743212e-01
9.029291547489295411e-01
4.213940670592394855e-01
3.070664526465853306e-01
-1.841020005731748843e-01
-3.431798247299610027e-01
9.187966741636743873e-01
9.092816022177320212e-01
9.274952471267324805e-01
1.852556876755283646e-02
-2.752940118234461497e-01
-4.419036504054450476e-01
-8.124467925183855022e-02
9.154943844050138502e-01
9.217341280813753368e-01
7.719410592879620836e-01
9.072175834982774134e-01
8.491836118775445419e-01
8.039248920855208702e-01
7.556970927817370232e-01
9.045996502771674885e-01
2.179428294312473202e-01
-6.776680718819967641e-02
3.014312490536398825e-01
-3.104850060487687191e-01
-2.747631576410938248e-01
-1.962117054398908600e-01
3.026772735108968493e-01
7.912448334973612996e-01
7.241840221091095930e-01
1.754805789127127369e-01
-3.247921502970972374e-01
-3.640160042938396789e-01
-3.590166065502899406e-01
-3.980909447534387580e-01
6.842204174785528892e-01
1.706917270046240942e-01
2.356357016979281627e-01
7.483642760488242729e-01
-2.181686423871281311e-01
-3.104686229703271794e-01
-4.561219807890206090e-01
-2.161948264790738289e-02
9.047824318708602709e-01
-2.200607620437842749e-01
7.522181213685827927e-01
6.459244376251307984e-02
7.563462275879762053e-01
-2.648154738190116042e-01
-4.364470384900843158e-01
-2.991049650749933453e-01
3.194414608435538483e-01
9.030906218327421353e-01
-7.954386351875127048e-03
-1.156115601653697617e-01
-4.017187019595762631e-01
-3.546834222190313191e-01
-3.925154467860881846e-01
-4.257232798173310462e-01
-2.663221565384907841e-01
7.617391402930020483e-01
2.077234168036481143e-01
7.671526551240147596e-01
-3.083172343457822942e-02
7.557968090678165995e-02
-4.692600058168993060e-01
-3.666569399595799306e-01
-4.826842754233532373e-01
7.157073614098793390e-01
-4.380286987810766419e-01
-8.669237484884941003e-02
1.867243200509379475e-01
-5.333516209047417522e-01
-3.718110544904609238e-01
-2.931681106456374142e-01
9.257463909315940542e-01
2.323904391048567109e-01
9.051284434918270838e-01
8.271050467712124377e-01
-4.381227262925611043e-01
9.073893696628859695e-01
1.792407270709762135e-01
8.404713326809194474e-01
-4.057516375512815743e-01
-2.948240043757355267e-01
-3.725664763219752595e-01
-3.718913889498500214e-01
-3.132528882730369335e-01
7.283463319711687145e-01
9.250260736618556301e-01
1.228289337179385224e-02
-4.457788543897416023e-02
7.578560713591903086e-01
8.153499141565936359e-01
-1.689229113893161993e-01
1.759207324600930433e-01
-3.663147507665254210e-01
1.090244951770320547e-01
1.513690082717967789e-01
-3.222808382945919203e-01
4.085401222511643449e-03
7.622051503885221013e-01
2.578321112055296238e-01
9.222327636974145815e-01
-1.096137556591468415e-01
7.553577187751103761e-01
8.924800582306890995e-01
-5.898707617189172248e-02
-4.702869424326822645e-01
6.675910238851177902e-02
7.253560521346599232e-01
-1.359708681193331770e-01
1.860694292582079357e-01
-2.717652776832752970e-01
3.894810380286869433e-01
-1.628188487241242211e-01
7.770701783155306019e-01
9.094108206776188030e-01
-4.559612544948145052e-01
7.827209938667955003e-01
-2.959860804937552992e-01
8.968623263154306136e-01
-2.501942046567108835e-01
-2.460045649298283621e-01
-1.516439378439759234e-01
-2.920289387591582519e-01
9.079460098084246589e-01
-4.799764970507063022e-02
-4.144262644840279730e-01
9.133967831458881248e-01
3.928861296867201536e-01
9.203817418903684766e-01
-3.159090004603447577e-01
-7.970065910138245113e-02
7.084901667705737482e-01
4.329134531867523394e-02
7.870281590685109796e-01
9.147350945086436536e-01
-1.723477580783067120e-01
-4.055488460519792171e-01
-3.998934024197638992e-01
-3.059272261928239200e-01
-4.589278836243642634e-01
7.616756486484443922e-01
-3.578994300446874388e-01
8.960653030213636683e-01
6.485400532198138945e-01
7.734504480142427585e-02
1.238502033710467409e-01
3.130998782139183395e-02
7.191441138806152766e-01
7.253168633522094622e-01
-3.598693214053527156e-01
-1.195002247541977064e-01
-4.050256850351222626e-01
7.378079848002817576e-01
7.917495426004590442e-01
-4.057267014510469449e-01
7.415113166317818250e-01
-3.216714994424064167e-01
-3.674566995176040130e-01
-4.500555134347971054e-01
-2.710627020210154559e-01
3.671486132448016915e-01
-2.819738344914348716e-01
7.628326268627392270e-01
