9.458242945287351211e-02
1.584859423753252894e-01
-4.012771905825492924e-01
1.803479801589670528e-02
-3.801780918321334690e-01
-1.463463153502214398e-01
1.373074980660647926e-01
1.462077997852458122e-01
8.063537696038107494e-02
-3.191355787735766780e-01
-4.531021518560184869e-01
1.308980124053272798e-01
-1.019423981601918494e-01
1.684760915428967221e-01
1.880930765391510551e-01
-4.643063739605334805e-01
-3.938473828294190848e-02
-4.144307570365727278e-01
1.550508163552656582e-01
1.080884368917894439e-01
1.624328972880706157e-01
-3.237847907078917897e-01
3.140199785036527219e-02
-3.593250928803488065e-01
-7.207297869234380316e-03
-4.467033251857536746e-01
4.536788637031631544e-02
3.625502751095947829e-02
7.671249611747765762e-02
-3.343461113191446565e-01
-3.730206279224699273e-01
-3.740892173811660726e-01
1.069431505020550510e-01
-2.936844931533816871e-01
-4.110841463076828628e-01
1.967366937514364866e-01
-4.674885368868460511e-01
-1.150957423701027271e-01
-5.139016162519236541e-01
-4.197667886835159123e-01
3.146051699579509031e-01
1.665877580868884156e-01
4.993850574298431405e-02
4.327375900026071004e-02
1.369295187047490231e-02
3.918796428132946541e-02
-1.487965130662299296e-01
8.794918086993605555e-02
3.741165436124260779e-02
6.926427027694627425e-02
-2.646592508594314830e-01
-3.798614428507616769e-01
-4.503443947864053110e-01
-3.963448559652372194e-01
2.877432131187241948e-01
8.541190236749529596e-02
-9.372522441575975582e-02
-3.967801240608808677e-01
2.832747916903212704e-01
-3.970301819678144217e-01
2.877865446407046335e-02
3.688142124321923676e-01
-3.225367664778567289e-01
4.494975275522405250e-02
-4.122365492854664915e-01
-2.792533018908076661e-02
2.066228458863778594e-01
6.220581391084981440e-04
1.065368466674683073e-01
1.338724069656914428e-01
2.938541333015531887e-01
1.072216011384812262e-01
-4.968827278670580050e-01
1.997594888512675415e-01
-4.044659018230556402e-01
2.417435064669871680e-01
-4.117899818338014994e-01
-4.243468860059531056e-01
2.181662046169321467e-01
2.040709274583578092e-01
-5.323725319494830854e-01
1.542325915477797960e-01
1.825519908121631951e-01
-4.470460144651211554e-01
4.713116432015529433e-02
5.709885866302877311e-02
-3.238788369953572999e-01
3.847090315055562426e-01
6.204963274489183611e-02
-4.008666490894565726e-01
-4.215142278524185437e-01
3.755414943207111694e-02
1.979467322415108532e-01
1.294125229257530596e-01
-2.165151084652494062e-01
-4.718018959768752740e-01
-5.085543121301198122e-01
-5.153681149261223338e-01
-4.105530822530359947e-01
-4.933432699503040864e-01
-4.071442012919550546e-01
9.003260270899836326e-02
9.535716103387816001e-02
-3.948235031717526322e-01
1.822276031868375890e-01
-1.501266944186597230e-01
-4.211392424405363544e-01
-4.211211739085455319e-01
-4.274119879041385905e-01
-2.373358225274428412e-01
2.096227998712635043e-01
4.156804206778816346e-02
-2.905482208809699318e-01
1.588291857295054677e-01
-4.345194484457643447e-01
-4.696291137501094615e-01
1.021228993773301841e-01
-1.930673234293401319e-01
4.936318494850040761e-02
4.669337986145020991e-02
4.448386920163924230e-02
-4.555378035415975635e-01
1.380076134303823421e-01
-4.011209671637739893e-01
1.211854393337236102e-02
1.924765258520308442e-01
-3.757601690638430469e-02
-1.717658262397182833e-01
1.198079864243253301e-01
-3.988392724889424090e-01
-3.816263547550967639e-01
1.984348070502522932e-01
-4.709157607807345491e-01
-3.946093943054757580e-01
-3.598214664132380336e-01
7.191173544261660056e-02
3.536068294159024072e-02
-3.288715921207553405e-01
1.432425398557207463e-01
-3.869550708250820148e-01
1.136872781798206611e-02
-3.505290456056798787e-01
-3.588349416270285031e-01
-4.140978903698102065e-01
1.442300171891309490e-01
-3.879399583902762849e-01
-3.953204686824757785e-01
2.054635935448991257e-01
1.744602210130205278e-01
9.941174799815663543e-02
-4.086073123147914155e-01
-4.034572084631252165e-01
6.379712658893098576e-01
2.203506450571125486e-01
-4.229882116275068271e-01
5.506285268442720482e-02
1.144362746969409123e-01
3.998680199221638087e-02
7.692619066712624853e-02
1.297989020428722551e-01
5.360313971864401339e-02
-3.814727870175522173e-01
-4.128761939300167327e-01
-7.827849738701350701e-02
8.816496511368485112e-02
1.102800948875245352e-01
-3.712043100015926522e-01
-3.667759432526473962e-01
-3.880735076663727190e-01
3.896371335746433989e-02
-3.040847591749255840e-02
1.093124394703907099e-01
1.836531892923767284e-01
-1.515319470893338460e-01
-4.236506461833418058e-01
-2.790395221318919816e-01
-4.958550658708048564e-01
-4.268133728697243723e-01
2.569478193183133419e-01
-3.637346809351807431e-01
-4.009866811590780955e-01
-4.372230556023521952e-01
-4.691510726581521462e-01
1.123826267325276351e-01
-3.930836545507203628e-01
-4.213687335808193879e-01
-3.676867595600722405e-01
-3.832089673381855466e-01
-3.589116300887331551e-02
9.484467275820462895e-02
-3.926398523363551774e-01
1.311437322929944749e-01
2.130964242121603097e-02
2.775895799077857662e-01
6.987415170907783357e-02
-4.128156495991897046e-01
-3.358630487120028429e-01
-4.162727590303451075e-01
5.666271057419009632e-02
-3.535784016352760961e-01
-4.075689892990844165e-01
1.008124039705327324e-01
-4.233858842405945344e-01
-3.542066980040455837e-01
-3.836133706729102366e-01
-3.553901287349983673e-01
-4.061693698632899974e-01
9.377274998913256998e-02
-4.171391718644155144e-01
-3.837289454476141004e-01
-2.873322049004321532e-01
1.518474880748691414e-01
9.944983568318166434e-02
-4.937163583868240946e-01
3.169726475981580333e-02
-4.998190132923371332e-01
8.355397078441875736e-02
-3.899945450090621102e-01
2.259285919966911860e-01
1.581931219275727885e-01
6.294685648686670909e-02
-3.333307152369134885e-01
-1.170706197343400340e-01
-4.420801305852278262e-01
-3.635551416186753038e-01
2.136665386939243794e-01
3.501210082844490035e-02
-3.976967042689079079e-01
-5.101874677154533133e-03
1.063697288302165034e-01
-4.315466680041962766e-01
1.636138161808380065e-01
-4.093794442413455914e-01
2.716421823338934782e-01
-5.032030401106023509e-01
-3.127931849762730643e-01
9.063325132022138908e-02
2.275167977681397946e-01
1.489518590514567475e-01
-3.484056942762730480e-01
-3.865583848570698366e-01
7.899135606644527852e-02
2.566399854999659724e-01
1.854339218668768219e-01
2.066641186360336502e-01
-4.020384420318806606e-01
-4.263073384475845051e-01
-4.954365272176665114e-01
1.959594924428902929e-01
-2.689384979490722083e-01
3.622635469732942703e-01
-3.283619186220604336e-01
2.737650874172409821e-01
-6.833177688120355142e-02
-4.070998614212680278e-01
1.616852559871727602e-01
-3.559812987825108355e-01
1.947121461314566815e-01
1.130926220745749194e-01
-4.369985770746617204e-01
-4.061387467171322374e-01
-4.311264180151677672e-01
-3.778263197772916970e-01
-3.973068653016020857e-01
-4.233257104706857898e-01
-4.168286168960477212e-01
3.008568994489919102e-01
-4.574593433371866857e-01
-4.301364399497968338e-01
1.845610899534560478e-01
-3.319018919401202083e-01
-3.146545834966432142e-01
2.048289539839121265e-01
6.639594278692451113e-02
-1.010094849190013855e-01
1.731633234587688919e-01
2.680600513879221464e-02
2.321590237508399102e-01
-4.230041331982676289e-01
5.864180309984957928e-03
-3.771960348638164207e-01
-1.534556226520980560e-01
-4.002407419896917840e-01
3.680995659834471190e-02
-4.469896014536421935e-01
-1.474608468748972445e-02
1.178986241258570544e-01
-3.703957404432927092e-01
-2.827171677548441231e-01
-3.763262848056099785e-01
-3.449815700699092602e-01
-6.023817473307506443e-02
1.708891671013499924e-01
-4.385693847943515356e-01
1.531676871032113495e-02
-3.700798606719421513e-01
-4.297855468189647477e-01
1.036812320794281983e-01
1.311517203636813622e-01
