7.961238238024826996e-01
-1.461679167578018301e-01
7.784361000660112717e-01
7.626788173343256316e-01
-1.199741353992118398e-01
8.175303615160879334e-01
-1.509796833535435590e-01
-2.589551094086106064e-01
8.196092478322877239e-01
-2.840299624900299302e-01
2.161291351724312082e-03
-1.716769020197363438e-01
-5.216080736363785109e-01
8.125198782456117819e-01
8.208800781037116634e-01
-3.038275877531419478e-01
-2.084801307931194170e-01
8.294450652655412926e-01
8.148244035981654365e-01
-2.694408719432797583e-01
-3.898163447907726509e-01
-2.523757539596419575e-01
-3.506031653175510909e-01
-3.292117353390076606e-01
8.147201543677523583e-01
-6.490257379405456328e-02
-2.977616112423210892e-01
7.799289757296987702e-01
8.203548973821415125e-01
7.974563720891805207e-01
-1.287066716091735119e-01
-2.121873733282893248e-01
7.609203941141846617e-01
7.697907292195912410e-01
-2.141258490065656439e-01
-3.051923235703692949e-01
-3.166939925266780143e-01
7.742434444317378706e-01
-3.492442099547083956e-01
7.650344747341797369e-01
-1.407960490037522550e-01
-4.448542842351703719e-01
7.528242924477668296e-01
8.301936486858499942e-01
-1.209699699835991155e-01
-2.184348665995108352e-01
-3.943119681256950781e-01
-2.207565695194551036e-01
-2.445886040558620522e-01
8.262673991797339079e-01
-7.591987409635517214e-02
-8.744686629088174734e-02
-2.103766856766509097e-01
7.338971992466297722e-01
-3.232910158438405124e-01
-1.783258770072447819e-01
8.294845184718032671e-01
-3.704280329057975663e-01
-4.711569140222965357e-01
7.982824187357666634e-01
-1.345644435089785595e-01
-2.829293517053161344e-01
-3.771943426037602798e-01
-2.802679355239592884e-01
7.650232860010521829e-01
-2.723247731089584178e-01
-3.614459168376602527e-01
7.965034649859640270e-01
7.615090071350066880e-01
-2.188111707493193558e-01
-1.481938118035998064e-01
8.229864763375056569e-01
-4.373797247099028285e-01
7.989914459717133433e-01
-4.862849736453393468e-01
-2.078752126583948701e-01
7.387251915009087622e-01
-2.504947075484151298e-01
-4.872039228657918386e-01
-2.626998015596836988e-01
-1.298943847092987602e-01
-2.261203752171290216e-01
8.003944428310297843e-01
-1.037132552687720505e-01
-2.148165766821653333e-01
-2.012978686647753368e-01
-2.830362249807354957e-01
-2.963989123007940707e-01
-3.321644226906570463e-01
8.180009879003214968e-01
8.158004728764387536e-01
-1.146569038509613336e-01
-5.758040292130556237e-01
-2.654687625306910159e-01
8.028684281569075099e-01
-3.120027233824840818e-01
-2.772572977330572952e-01
-1.972931008621871540e-01
7.460433317717292123e-01
8.193680853149740706e-01
8.387505014335646658e-01
-3.014466934607046289e-01
-3.906975544173041937e-01
-3.441445586678406610e-01
7.792305631642469921e-01
-2.387767049272424003e-01
-8.443151592841935393e-02
-4.034869010027672398e-02
-1.636712124877400809e-01
7.391018489934075841e-01
8.131256990778967797e-01
8.136686522234946040e-01
-3.661215711735386624e-01
7.953504042021493081e-01
-8.570427297942513623e-02
-3.630264710004367235e-01
-2.086761381370973445e-01
-1.225478266465174076e-01
8.258286265067467102e-01
7.748885720468527971e-01
-2.777573348983126134e-01
-2.497066255211624619e-01
-1.671850468700758485e-01
-2.511444681287991476e-01
-1.721217923528700899e-01
-3.874263503615860693e-01
8.300760539725055009e-01
8.184447101582894568e-01
8.055628941244916685e-01
8.275014728641730821e-01
8.259844375982354769e-01
-4.072299376880969546e-01
-1.939850145847689111e-01
7.390952100709818895e-01
8.219274050508356133e-01
-4.339255472121878454e-01
8.018724005148378797e-01
-2.686453958569767209e-01
-3.317503223904927911e-01
7.478597383910259300e-01
-1.747804123231613549e-01
-1.786910059965016728e-01
-2.824219931428449404e-01
-3.781329020455779233e-01
-2.359764750441312453e-01
-1.678374670256460033e-01
-3.709204400536060819e-01
8.064805940978059251e-01
7.235318958979064519e-01
-3.845511680003459998e-01
8.073414973705201891e-01
7.738163208181104702e-01
-4.875586657105568378e-01
8.220608053976954377e-01
7.673311108630503918e-01
-4.127138129180868975e-01
7.586905850062115597e-01
8.229862094988953380e-01
-4.541678092243685017e-01
8.273208884669099872e-01
8.273938805739154967e-01
-2.552100916979656575e-01
-3.003084618945639495e-01
-1.229516266370656308e-01
-3.944322003806313148e-01
-3.655515278364597220e-01
7.989626032719143733e-01
7.855676416374939297e-01
-1.350861453031445003e-01
-1.914469308449173179e-01
-2.495354416258507291e-01
-4.262252571518702626e-01
-3.622575139882936446e-01
-2.392943576214192902e-01
7.874842152697327791e-01
-4.011440317158206370e-01
-1.594781937311569309e-01
8.170284295373831940e-01
-2.609953653317410027e-01
8.066323965844939270e-01
8.130996227923110720e-01
-2.169643070266200069e-01
7.991038534976356855e-01
-4.936789320714328466e-02
8.312151218195331648e-01
-2.329295016706235122e-01
7.981316703513279265e-01
-1.991664737201299107e-01
7.886456058482704812e-01
-5.240267102931710219e-02
-2.320375996652374317e-01
-1.985980923669757869e-01
-1.604769945594005653e-01
7.609227845031218962e-01
-3.830364118608334256e-01
-1.658409928342616246e-02
-2.553418861227816916e-01
-2.113796412582851780e-01
-2.066634428477309438e-01
-3.930734289914027402e-01
-4.499978295829826225e-01
-1.159300801268811631e-01
7.584637624310166526e-01
8.074617099326415470e-01
-2.071918216497984355e-01
8.094789772894550595e-01
8.239936122860985757e-01
-2.608732205608315091e-01
-2.338345402201870982e-01
-5.288496430666947412e-02
7.887577845339763805e-01
7.673224721252484004e-01
-3.762480538119540863e-01
7.983504514857669987e-01
-1.591456167815432365e-01
-2.577032455801231969e-01
-1.389841436637305472e-01
-1.688365141493718691e-01
-2.527814148696788665e-01
-2.909050347608204690e-01
-1.138245328327514294e-01
-1.740889641215418449e-01
-2.552569747869712913e-01
8.126776888991165126e-01
8.047835844475823563e-01
8.300591656311996358e-01
8.117754307499069899e-01
8.064511847833646385e-01
-2.646632165466710207e-01
8.142119388535058455e-01
8.041525547423861164e-01
-3.745043194526739283e-01
-3.122568832563298868e-01
-2.483510658303703655e-01
-4.248394673629384277e-01
-2.377597820578273569e-01
8.231107836728484006e-01
-2.646097196842066013e-01
8.176380247209497076e-01
8.380174560106430359e-01
-3.346589736030322060e-01
-2.519186009930715620e-01
8.394255381406436900e-01
8.103364715885025271e-01
-4.476115019570281461e-02
7.994448394829379856e-01
-1.679895277560391198e-01
8.223137223334651136e-01
8.354001801588647469e-01
8.137946348850989553e-01
7.918696838114657188e-01
-3.120217228811072996e-01
7.687022840652308897e-01
-2.851901075235647731e-01
-4.782952586190304389e-01
-1.868705601011315665e-01
-3.932633865999669021e-01
8.208795406311678589e-01
8.158183845601013617e-01
8.426240162244476029e-01
8.177479433470357106e-01
8.104662198000434081e-01
-2.463301473194769442e-01
7.852323470033463204e-01
-1.893743025400184965e-01
8.289559245722264436e-01
-1.890665791274411811e-01
7.249375683162995188e-01
8.181571262086134722e-01
8.081566404449544994e-01
-2.597760625889615205e-01
-2.967835142894105771e-01
-2.384442279584899071e-01
-1.629593747345813026e-02
-4.383339021878264186e-01
-5.979796240186117107e-01
-9.629371263194709540e-02
-3.391972427955779468e-01
-2.469309468855583334e-01
-2.406558595585948090e-01
-4.342273143361401466e-01
-2.686195677575271556e-01
7.807449395011686333e-01
8.242856612300971664e-01
-4.348348376639534218e-01
-2.837669440682792921e-01
7.955794165107321625e-01
-2.769770634686001265e-01
-2.810641580389727223e-01
-3.682630024674620750e-01
-2.930285624803155575e-01
-3.614301279760119279e-01
-3.647738595384649174e-01
-7.996179734685518459e-02
8.311255447192686940e-01
7.522440036502934246e-01
7.831416868263560982e-01
8.069494738978122417e-01
-1.358980806441740241e-01
-4.200052866182074629e-02
