-1.041703719825402968e-01
1.610239635959110627e-01
1.517917904628216241e-01
9.849710102219877417e-02
-4.737480958295920974e-01
-4.312993407338301943e-01
-2.489730149511557578e-01
-3.099500809539136315e-01
-4.822644541112747207e-01
-4.680882847431912519e-01
-4.381992703317978410e-01
-2.160707750367069080e-02
-4.191698118138146856e-01
-4.544005187178936089e-01
-5.107724999240166319e-01
-1.453602472675214474e-01
5.936928553314824858e-02
-4.542275572620216306e-01
2.369592178839270147e-01
-4.386264016537296806e-01
-2.453417540356706561e-01
-4.187888710529974468e-01
-5.171179797257545729e-01
-4.644927372061392057e-01
-4.364020919157269307e-01
-3.751030317412661352e-01
-4.383306174117654330e-02
-1.680413888523130117e-01
-4.192808600650989037e-01
-4.327929432762962492e-01
-3.259549926834560685e-01
1.811381736872771930e-02
3.613771372510950208e-02
-4.790115273277100183e-01
-2.547053525638241500e-01
4.923076554554339790e-02
-4.946729501689209885e-01
-6.959464904273450492e-02
-4.939562970884306958e-01
1.057588871039764067e-01
-4.268411145501616599e-01
-5.105989680981268819e-01
5.436435691366607592e-02
-4.500379159150393327e-01
1.612332767415877721e-01
-4.988209546876483103e-01
-8.270836548421185708e-02
1.056961685912497645e-01
-4.494339527183718874e-01
4.721644558550269766e-02
1.570214268673010838e-01
1.247017904200676819e-01
-2.134613967963701620e-01
-3.850800083190051293e-01
-4.327348875733844080e-01
1.011822186197996465e-01
3.110558675027820241e-01
-1.637908627508321835e-01
-3.162032989494052981e-01
1.182536240520735693e-01
-4.525782696823674733e-01
-2.365648627725412678e-02
-4.378852211896734348e-01
2.199301168151277242e-01
3.756334496476845114e-02
-4.074900284026157227e-01
-4.299709982275994324e-01
-4.225483426911638141e-01
-2.542819545990065988e-01
-4.436296838489826588e-01
-7.113458582897340399e-02
-4.860190994619701943e-01
-5.243037718063732477e-02
-8.712519068754638607e-02
-1.763857984776127097e-01
-5.141660048073252165e-01
-3.739149793299282876e-01
8.934329425376195954e-02
-4.237637757348705625e-01
1.335899043301587152e-01
3.776882029014867748e-02
-5.198992124294552486e-01
1.863246546039003804e-01
-1.651732654491929186e-01
-1.307646203178274569e-01
-1.814917775107650205e-02
-4.570483321633338480e-01
1.064445085491798892e-01
-4.183506956553628697e-01
3.390803325901699250e-02
2.740363582522031272e-01
-4.007831726398285999e-01
-4.266125137917744503e-01
-3.998271609779587288e-01
-4.555252810108105233e-01
-4.255268212454703103e-01
-4.274498786088265501e-01
-4.644293890004740355e-01
2.125881226467014329e-01
-5.171260584380257264e-01
-2.970336992499392759e-01
1.125932685453509413e-01
2.641864173344823374e-01
-4.507842079398985957e-01
2.124989115793020356e-02
-5.072912187287077490e-01
-3.019956668128561117e-01
-3.573465027892931412e-01
1.093817417071676901e-01
-3.924309428991387683e-01
-3.141989130343642023e-01
-4.391094845825777027e-01
-2.765083127805310625e-01
-3.220926303579100813e-01
-5.092566202444148704e-01
2.402000567394459163e-03
8.870157396858677212e-02
-3.715087202170072045e-01
-5.143095608104792937e-01
-4.958105288043102021e-01
6.806855409421336267e-02
-4.583982123837583300e-01
1.270236060118480059e-01
-4.125447383801895684e-01
1.721731312987161977e-01
-4.225272729656381898e-01
-4.072717821053707388e-01
3.454649913046507481e-01
-1.127846725726556754e-01
-4.766620367705220462e-01
1.344456737332224150e-01
-4.285188755370182290e-01
2.312053672720572606e-01
1.342814816767367858e-01
1.235911036399526819e-01
-4.254703710150068430e-01
-3.010674810272686436e-02
-4.759458139946751709e-01
-4.422915175819300826e-01
-4.134228150770701271e-01
2.571065154690664878e-01
-4.012134400084850228e-01
3.013666520614026734e-01
-4.309563808623515513e-01
2.408974399404827660e-01
1.179207088231480349e-01
-4.910258709734032223e-01
-4.281823157673433355e-01
2.435543791381404866e-01
3.088041446993339822e-01
-4.560509381801193807e-01
5.814686990566152180e-02
9.991822061661845278e-02
-3.851179255361864007e-01
-3.683987846110712283e-01
3.320457735373211899e-02
-3.945661973811712131e-02
-3.955989638532757952e-02
-4.344917608467927517e-01
-6.000173334857559354e-02
-2.097263974784049911e-01
-3.918472119277476851e-01
-4.651094778140535402e-01
-4.379835680076291093e-01
-4.855694323048788674e-01
-3.742581676792594569e-01
-3.480026455835198013e-02
-4.653022811502003364e-01
-1.151806252432611422e-01
-1.775585428361310947e-01
2.004826178402510650e-02
-3.773091444473475331e-01
-3.989366774450261999e-01
6.247891180572594932e-02
9.941294582901780141e-02
-5.187595526906448873e-01
-4.506770471223008889e-01
-4.040206160232154842e-01
-3.884775288056887543e-01
-2.289804893856421386e-01
-6.179375359056044764e-02
-4.334366241909079487e-01
1.471044143364427237e-01
1.715696257576232731e-01
-4.784827008000573922e-01
1.141294603819825171e-01
-4.076425963784919282e-01
1.288757002892536585e-01
1.349634311144465582e-01
8.889068405995952105e-02
3.079251871499795457e-02
-4.318156801241070375e-01
-3.344448870810813879e-01
1.740858057901557843e-02
1.235053533932939096e-01
1.258741305615865280e-01
-4.199749555871898354e-01
-4.631612161217343870e-01
1.660683138619256372e-01
7.708023531709926046e-02
4.985515612583214795e-02
-4.370939720178887988e-01
-3.173187908872042162e-01
-4.809291735753236652e-01
-4.671810197952992461e-01
-4.352463470778741295e-01
-4.453779530282924726e-01
-4.887849459966093768e-01
8.917787315388586711e-02
-1.365529166725169274e-01
-4.535709187982675528e-01
-3.512900835444901504e-01
-1.551065159827750839e-01
2.175274659595724525e-01
-3.378119978163324766e-01
-4.212034279774278800e-01
1.310070407999185949e-01
-4.883595015279225682e-01
1.471991456285323685e-02
-4.890146454361654627e-01
-3.896217449719036607e-01
1.744992901551907227e-01
-4.559781952860275100e-01
1.213676073919316561e-01
1.335897374864242204e-01
-5.348706514015564295e-01
-6.050911154516926127e-02
-3.560179394841077039e-01
-4.747354857578621745e-01
-3.193721109275711734e-01
-4.711685485619711011e-01
-4.470888548551774644e-01
-3.605609935447511710e-02
1.391452049623746190e-01
-1.058500301233073482e-01
-2.802293026831606526e-01
-3.510024761835146556e-01
-4.961639060411779933e-01
-4.682765596544879450e-01
-4.818950579223962305e-01
-4.392383633356171102e-01
-5.429942026113643294e-01
2.491239197767683433e-02
-4.355674929457374334e-01
-3.718030772690383845e-01
-4.139728245088982739e-01
1.475146021924515494e-01
-3.764752323417522306e-01
-4.390128545252581227e-01
3.000925864305879487e-01
-4.737905656150755429e-01
-3.353736761126484556e-01
-4.462721042540319094e-01
1.596144487999835715e-01
-3.331822099274653337e-01
-1.288002292002971005e-01
4.140902254180262032e-03
-4.379777457704985832e-01
2.372984774359492288e-01
-8.649196076893396479e-02
2.958664557860215399e-02
-4.521579225236107558e-01
-1.514436409341687606e-01
6.082340255651846883e-02
1.188626445220273692e-01
-4.386885646917241255e-01
1.186593074622949162e-01
1.449075930608190177e-01
8.050951228733239928e-02
7.524917289704727286e-02
-4.241979989607007062e-01
-3.934707243954577854e-02
3.792357821547715641e-02
8.154374795378875607e-02
-4.291634406780658884e-01
1.247496900250453788e-01
2.244494507122968552e-01
1.533881672348940683e-01
3.349204015017615693e-02
8.958453870997315494e-02
1.071481891810688314e-01
4.888836207787904120e-02
-3.480664188716054985e-01
7.950028790343671714e-02
1.950767922102125962e-01
-2.399063678273943845e-01
-5.361594527103156205e-01
-5.209976139525026584e-01
-4.614685266695938703e-01
-4.629012534097232123e-01
-4.546590924937112810e-01
-3.341264576177922080e-02
8.550280481718075531e-02
-4.250249585649881201e-01
-3.996781073228445891e-01
-1.126684586478366168e-01
2.979236833332236239e-02
-6.182084788416550986e-02
-8.225148913639740433e-02
-3.605115547759675243e-01
