9.630729382045766229e-01
6.473560669497506748e-01
8.373777718709676243e-01
9.451014771664585368e-01
9.284100514059987486e-01
9.365139230589579755e-01
8.436301758949744656e-01
7.858330840860137112e-01
8.295337733027425831e-01
8.527905175035698226e-01
8.979419115907476545e-01
7.008370537079213758e-01
6.813923964608031847e-01
9.709964545597243868e-01
9.265737510005329636e-01
9.758909929211881940e-01
8.478075762397501158e-01
9.418512303673223229e-01
9.600246307010040780e-01
8.718838115150455703e-01
7.527293771717078474e-01
9.595509576929945883e-01
9.490439087645016203e-01
7.474358702140213584e-01
8.125031830983271419e-01
9.601769272021851709e-01
7.555355728975070573e-01
8.407371217409760344e-01
8.323983162471692010e-01
9.505621207009632423e-01
9.085531669667703536e-01
8.912334231158591802e-01
8.285045499116232559e-01
9.082265494625100244e-01
8.916394790493433753e-01
9.084813048763324961e-01
8.414085402131523672e-01
9.704676960157765375e-01
9.134351748865084941e-01
7.878870623162521625e-01
9.404480798283730847e-01
6.952288453248665068e-01
8.606561837253622338e-01
8.831144563815289672e-01
9.671284535664632642e-01
8.925534944413328065e-01
9.315134893944435612e-01
9.143029476947878154e-01
9.066336380678825524e-01
9.365386758111164944e-01
8.341289900232531362e-01
8.281469743050889898e-01
8.283866176810802395e-01
9.096520159505445680e-01
8.721377308623259328e-01
8.145373912035520636e-01
8.398384308516018137e-01
9.372478811250010144e-01
8.379487105861087581e-01
9.392825590924661627e-01
9.347464885773500987e-01
9.712504716690366635e-01
8.613670283967895802e-01
8.691489516662647130e-01
8.364852703023105684e-01
9.660285006344059289e-01
9.327172284384036560e-01
8.071178767291605771e-01
8.781744187163779136e-01
7.676444360700910297e-01
9.231194862906069165e-01
8.866315370038221344e-01
9.361227347855178849e-01
8.631752803366526949e-01
7.556315930511569023e-01
7.830156002496021506e-01
7.946624360725860203e-01
8.652679736676986977e-01
8.302450341335493311e-01
9.508272989863719715e-01
9.559855023162058263e-01
9.242596862970832161e-01
9.544764329922585944e-01
9.598852448644962232e-01
9.234771721454770876e-01
9.573694171857840551e-01
8.448099103100736862e-01
9.424930641464951409e-01
9.305825649989771797e-01
8.721702029027446068e-01
9.125829581344808705e-01
8.489735329963585819e-01
8.193328383854571184e-01
8.257356003493858676e-01
9.463473205596903970e-01
9.513275776858168831e-01
9.637289716788306482e-01
7.588587511115445494e-01
8.129181104774452216e-01
8.457216981202793082e-01
9.396671851336069192e-01
9.407001976842046531e-01
8.746219135918610332e-01
8.517577829471798534e-01
9.085959733752291267e-01
9.077826988609434267e-01
9.581693668825563837e-01
9.470696661849452580e-01
9.452194226269436950e-01
9.436681260232171464e-01
9.440412713462976724e-01
9.232440531837622366e-01
9.637389367411774987e-01
9.740351089264920326e-01
9.747468074370724267e-01
7.103820890736337601e-01
9.629697660777809531e-01
9.065642041015651298e-01
9.167598160824901310e-01
8.230615724443574033e-01
8.869621974365369255e-01
8.584207882607264306e-01
7.826339600818017495e-01
8.425913197155692203e-01
8.045369126830799189e-01
9.523912705641586207e-01
8.787031470598575256e-01
9.102126075122156657e-01
9.106074588529321501e-01
8.869285704843303808e-01
7.476139670974739637e-01
9.143137683120592385e-01
8.344365996854694600e-01
8.683776242578333804e-01
9.738905322222585204e-01
9.010148688152357366e-01
8.102433021136636881e-01
9.470449539936109939e-01
7.501832492173799993e-01
9.302982136981851058e-01
9.678176415103079133e-01
7.602399507083259511e-01
9.738234792008519936e-01
9.219377340696055523e-01
8.660214840129984992e-01
7.746558232689743084e-01
8.647534122745931251e-01
9.332909484619746898e-01
8.327283052736521585e-01
9.525852753458132760e-01
8.259043370902658943e-01
8.911215689381833949e-01
8.762820557439330305e-01
9.532978640292333328e-01
9.291446856305189961e-01
9.672135991542599731e-01
9.497908848785381331e-01
7.842141823911492615e-01
9.492877581658035746e-01
9.280291221320067230e-01
9.186211766438743265e-01
8.146929165688021612e-01
8.366591704701371590e-01
8.987631026506410770e-01
7.985600180157402805e-01
7.879484042103777064e-01
9.024441553050073228e-01
8.832765417798069674e-01
9.502653155596771928e-01
8.088367334232082762e-01
8.982344206107475415e-01
9.650969315933572990e-01
7.895798936393043643e-01
9.434289734213823220e-01
9.261616780700512308e-01
9.087959020465421478e-01
9.054473415265194003e-01
9.125357921686818585e-01
8.251729200797111030e-01
9.447256372370931299e-01
8.555116252186998338e-01
9.143159898942578856e-01
8.075045392955715329e-01
8.291035874110209702e-01
7.051648545950290892e-01
8.097521087022689912e-01
7.543454277592620549e-01
9.108550589282966570e-01
8.498377523211950724e-01
8.463043020239647829e-01
8.789899045078173323e-01
7.987095745729116958e-01
9.242117546169994480e-01
8.392116228193995386e-01
9.152816867490864983e-01
9.628423589415826545e-01
9.259351708323115826e-01
7.925642596347458602e-01
7.695146233513644463e-01
9.703827006938181565e-01
9.595820664223901897e-01
9.420710660047100227e-01
8.076167353711511954e-01
8.310148462828166327e-01
8.808173679621356111e-01
9.581009952426106091e-01
8.043366952838360007e-01
8.325186940507264266e-01
9.373037552407131878e-01
8.788682827288207822e-01
9.594635285415649140e-01
7.548652628971904699e-01
8.590603976887041249e-01
8.022354761702442660e-01
7.832179941864807482e-01
9.687690003055002830e-01
7.984940892155198977e-01
9.320215215627529748e-01
9.188778976157241374e-01
8.738369426523255878e-01
7.884512485809318516e-01
9.505107191699850855e-01
8.035544943708889942e-01
9.477952345606907025e-01
9.712640598251799373e-01
9.281750156227909221e-01
8.566874178475570867e-01
9.684727237392228849e-01
9.696223077028012227e-01
7.931223645492905261e-01
9.190165171099189401e-01
9.716350079598248257e-01
9.499671699323337659e-01
8.415988837761452235e-01
9.562226151943904462e-01
7.969097660506989644e-01
8.780241135515379769e-01
9.309277353689524581e-01
7.062011715341554030e-01
9.507972003262996630e-01
7.940738187157317940e-01
9.513278531300766172e-01
9.286381110769703628e-01
8.702057767016611045e-01
8.635373956159746456e-01
7.695668281756049556e-01
9.366650430216358902e-01
9.318910613294051348e-01
7.344719664953280880e-01
9.715589210009155652e-01
7.860270137376985655e-01
8.536306569435285763e-01
9.266742291686098643e-01
9.023549893587121673e-01
8.861628097779592483e-01
8.521701763135238750e-01
7.547022730052379558e-01
9.101345016219899442e-01
9.705726634398099684e-01
8.574535347713718725e-01
8.141059471248897061e-01
9.476020432841126828e-01
6.440121476565510150e-01
7.244582637540446513e-01
8.828904899532109551e-01
8.482718589973061718e-01
9.357985831964552581e-01
8.490882327506313887e-01
9.596069884332865119e-01
8.707522808462244690e-01
8.750181589979912911e-01
9.190508649773210248e-01
8.287607718977912930e-01
7.598831573151209051e-01
8.918835357607072245e-01
9.597969499999519094e-01
7.467213300613979587e-01
8.755704198493530210e-01
8.886905126821207368e-01
8.419449242484599027e-01
7.936218834533050881e-01
9.106822903489641963e-01
7.774465015731668593e-01
9.526638922407159038e-01
9.498128920362574057e-01
8.899534667982018643e-01
9.181955789440721105e-01
8.600341740726820117e-01
8.692287073839757294e-01
8.919218418884740096e-01
8.603943031100699246e-01
9.019417281576278533e-01
9.614725977313935967e-01
8.374246059551307964e-01
9.611984002268261218e-01
9.250053203918275901e-01
9.499739634395119037e-01
9.545850717722611511e-01
8.344608961538677594e-01
