-4.524942847439122340e-01
-1.996775696782190912e-02
-1.974023015816995241e-01
-7.360479568603760236e-02
-3.947014402167288438e-02
-5.905808778789498614e-01
-1.593694348157594781e-02
-4.517499969351826961e-01
-4.610335255507595487e-01
-5.489740705639515328e-01
1.372723064812277072e-02
-4.380219018465260628e-01
-2.109422465741003089e-02
-4.512091654814628927e-01
-2.331225970579929307e-01
1.029732533131312300e-01
-4.322538992143900027e-01
-4.390308372527519376e-01
-2.430125601759272058e-01
-1.333502137337468363e-01
-3.247293789371260564e-01
-4.794833394676439875e-01
-5.067304254950687481e-01
6.863833535951741061e-02
-1.323629448456289104e-01
-3.714950820807513265e-01
-4.811601245608958521e-01
-4.401968452869670090e-01
-3.886193696076762905e-01
-3.195630007075745405e-01
-3.784241866467706883e-01
-1.053000567617912026e-01
-3.764674632338416149e-01
-6.200612751979427129e-02
-4.184221850897678063e-01
-4.264622734378686331e-01
4.776254120855379093e-02
-4.779847676040885895e-01
-2.700183628634747479e-01
4.614035872658824033e-02
-5.178665662720697282e-01
-5.266621572650402872e-01
-4.580152234340927886e-01
-5.109636450030583532e-01
-4.931796227890624662e-01
2.839216750242577747e-02
-4.559157143512129751e-01
-3.686624682752750459e-01
-4.914688142752856037e-01
-5.604985312060557501e-01
-3.057032773934880709e-01
-5.022803874861918594e-01
6.655705125700413227e-03
-3.710720214426975749e-01
-3.176864925137641849e-01
-2.502989802901302296e-02
-5.519846297782187161e-01
-2.564481412166974006e-01
-5.349778001437562880e-01
-5.278979954531676233e-01
1.239805594836374814e-01
-5.841295329120138602e-02
-1.400463950875631969e-01
7.691229099432253524e-02
-4.091130288946142057e-01
-4.698005755184335719e-01
-4.486160777421228651e-01
5.518799181765820377e-02
-4.602314763002302578e-01
5.347801212870519766e-02
4.477928750745629322e-02
-4.674204520088042769e-01
-4.230084395071035952e-01
-3.481234732240329199e-01
-4.399827533732963980e-01
-4.940689887141973546e-01
-1.263721114618746588e-01
1.160158605794178732e-02
-4.732494808878783266e-01
-5.087330455010858898e-01
-4.285833690980269672e-01
-4.886600664394785687e-02
-4.565369218250162064e-01
-4.138879695892028199e-01
-6.935158130419144529e-02
-9.876230565106638992e-02
-2.298320605717030507e-01
-4.501953384677958581e-01
-4.440717455039040473e-01
-3.304980986654540431e-01
-1.820987191947947836e-01
-4.451026524144612861e-01
-4.979456504502572378e-01
-2.147331350031734393e-02
-4.461615539159871080e-01
-4.801895708435676702e-01
-4.424567470883743470e-01
-5.595609951252675796e-01
-1.402068311142009027e-01
-1.410421929081850378e-01
6.613336799923819065e-07
-3.416432050179326607e-01
1.914318834470280783e-01
-4.176423555447811298e-03
-4.000266691314304235e-01
-4.641582002344735169e-01
-3.978386535000591473e-01
-4.784911550483710307e-01
-4.496960553166249319e-01
-2.293312933654844676e-01
-4.854991461319704826e-01
-3.199395243882066642e-02
-5.267805446945041936e-01
-1.715913737512998055e-02
6.552512817508196474e-04
-4.040205092038138268e-01
-3.789628481789544812e-01
-2.677799644745711416e-01
-1.807501946539510629e-01
-4.635723212950038086e-01
-4.009228092429073520e-01
-5.237288223078303551e-01
9.510128601121353720e-04
6.725220380180266244e-03
-4.569042121267768292e-02
-4.564208721637574850e-01
-2.258047726622870455e-01
-4.355099879895614479e-02
-4.217334800005955175e-01
-4.699164643800831098e-01
-4.127029737292356448e-01
-3.987183646308625207e-01
-2.761036595257465587e-01
-4.617282371286590692e-02
-4.658204960076257062e-01
-4.687257835740172296e-01
-5.201118004095665048e-01
-3.754854353767628217e-01
-5.124093589236811130e-01
8.427256779631475681e-02
-4.805317159572121688e-01
-5.550862495267661761e-02
-1.199028288262980468e-01
-4.654045862809471079e-01
-4.157893396070959646e-01
-5.031349342987572193e-01
-4.407388769995958522e-01
-3.565109557692526243e-01
-5.272698973244180909e-01
-5.050280082340482535e-01
-4.905816927400694638e-01
-3.743714620869360576e-01
-5.084423068031451720e-01
-5.485218193523803132e-01
2.259623194181006184e-02
-4.491875314768610794e-01
-4.667548392913386524e-01
4.229628117218636740e-03
-2.019906539137923673e-02
-1.150774270190532689e-01
-4.276917476680648367e-01
-4.254686883296366351e-01
-5.908002494495229184e-01
-4.247154932744873213e-01
-4.178896028618535041e-01
-3.601488876649622251e-02
-1.594954474407997425e-02
-4.799401726712580474e-01
-4.596856088943990226e-01
-4.803981924116937363e-01
-3.745652368802309673e-01
-1.599201461738668506e-01
-4.358983861348800226e-01
-4.296916390327331636e-01
-8.899463533839027662e-02
-4.725865975222743320e-01
-2.664472297819390351e-02
-2.785055995682194085e-01
-8.228575102339340253e-02
-1.814196606670948064e-02
-4.890696609675111439e-01
-3.366220765118130287e-01
-4.631390922450018821e-01
-4.566616118691971815e-01
-4.956206340834268254e-01
-7.926967062880213577e-02
-5.444064194569572107e-02
2.774689665782925641e-03
-5.525059488987382750e-02
-3.930386951210806945e-01
-4.848363271810474107e-01
-5.375773429370790391e-01
-5.628168471871201894e-02
2.487606234662466664e-01
-3.871878571450604323e-03
-4.424981072034693819e-01
3.971325956903332122e-03
-2.567798104927741520e-01
-4.764916043305555959e-01
-1.977509099267144577e-01
-4.448335291854391138e-01
-4.109055486926302403e-01
1.851829067766373460e-01
-5.494520903099481268e-01
-1.173987698420134868e-01
-5.524132717577465712e-01
-3.930333481876615576e-01
-1.404734307851316089e-01
-4.844797720452878043e-01
-3.784762374164776788e-01
-4.345613054636431327e-01
-2.696004302398619656e-01
-2.934014058911744161e-01
-5.126741918546231513e-01
-3.825259868886400350e-01
-3.299062652469813006e-01
-4.570336263935741439e-01
-1.817143271046940400e-01
6.704053435375532943e-02
-1.677972572793517414e-01
-3.877509871649974516e-01
-2.464947474923754323e-01
-9.679368437018837090e-02
-2.461261668656298807e-01
-4.066513700163901790e-01
-5.045421954074169602e-02
-5.260632274013417042e-01
-5.291192677400897715e-01
1.217914030154437777e-01
-4.609147070222164855e-01
8.237821269844597394e-03
-2.446791438468400304e-01
-4.158344542534245791e-01
-5.029109761670336187e-01
-2.697475479226357081e-02
-4.343397916938225856e-01
-1.773086553441061836e-02
-5.640677493339212034e-02
1.266578253538710314e-02
-3.976016963800711457e-01
-5.738150180998969480e-02
-4.318642793129774948e-01
-4.059995150912622530e-01
-4.838945881180541919e-01
-7.592558423013762159e-02
-4.942987876293902794e-01
-4.878247178060515776e-01
-5.013359962715202567e-02
-5.963952929830776406e-02
-4.851169603691627974e-01
-4.437028901486299026e-01
-4.472963408427825804e-01
-3.665899618379250824e-01
-4.281830619638105073e-01
2.133734835264114449e-02
-4.311025064415655583e-01
-4.308627305218338810e-01
-4.831863497442167033e-01
-8.104712714644274341e-02
-3.855622582315917923e-01
-3.960877024005053648e-02
-4.255686418866818643e-01
-1.310402263025777225e-01
-3.877667539698493870e-01
-8.430529305869061130e-02
-4.826842792848580199e-01
-1.403175169447311021e-01
-3.076555377080145148e-02
-1.559477729688216879e-02
-3.708283124648511508e-01
-4.185867758090743851e-01
-3.480396134330341340e-01
-1.498399619872055055e-01
-6.500154132904661930e-02
7.385847965126993153e-02
-1.270569409365721048e-02
-3.753809560832163106e-01
1.689102866320295326e-02
-5.256894466038173341e-01
-2.172680017924081414e-02
-2.514786974575325407e-01
-1.432572398444733608e-01
-3.663474352080975383e-03
-1.608608324117188210e-02
-2.241667101901395620e-01
-5.277503981329469823e-02
2.717432320564674292e-02
-4.351939499272924894e-01
-3.959816660337897587e-02
-1.064450528962066905e-01
-3.771580888662477982e-01
-4.433061674358114712e-01
1.772675324112348016e-02
-4.310985531963150430e-02
-4.457649718642037184e-01
-4.613166324453664424e-02
-9.233739961387731066e-03
-3.504866583939564295e-02
2.435913859836361106e-02
-3.833246353276122120e-02
