7.497043463638060068e-01
4.731422812968862773e-02
-6.988383180984118759e-02
-3.746818323625294989e-02
8.774034822653659083e-01
3.912456770529086914e-01
7.220777289596216342e-01
2.271013895174371355e-01
1.546989113891801271e-01
9.119505939810914619e-01
8.071278683650917607e-01
7.035589008996477878e-01
8.749591610515694562e-01
-6.130215113355031581e-02
1.872197455090287566e-01
7.636022342954010833e-01
2.144255862888586051e-01
6.633271312177613233e-01
6.656350940674427008e-01
1.630250517451944936e-01
5.368830713007205491e-01
5.540755633384824019e-01
9.404120701206947208e-01
7.653850455315357459e-01
5.666763086558763707e-01
9.648747989001082992e-01
-1.857801791022615778e-01
8.521342519152770301e-01
6.926022271851106638e-01
8.191678847422376730e-01
-2.140178508707005905e-02
4.324132985436156956e-02
7.453240182322188323e-01
8.149429654282573932e-01
7.367206170409117405e-01
9.043767255774186609e-01
7.523841101962780442e-01
8.219444355565410643e-01
2.441913039806090369e-01
8.733353835069241899e-01
-7.519075028770436098e-02
6.282684542837158048e-01
6.659575877206758143e-01
5.705579037413983645e-01
8.905344945902451403e-01
1.902267221111298978e-01
7.232257398263075565e-01
-3.979683083781603292e-01
6.573873486834918012e-01
2.155243110759853808e-01
8.602768005198189183e-01
-3.480413765122778447e-01
5.387488616452564827e-01
3.154920488827682445e-02
7.059173816047752403e-01
-7.349163153875749865e-02
8.699080038465596409e-01
7.927998281611354781e-01
9.642708159628077258e-01
1.960667122430191367e-01
8.003964192561028312e-01
9.232443972039627855e-01
7.383784703898816915e-01
8.900293080200954998e-01
-7.857815634521399251e-02
8.791313546792458578e-01
6.244682646957284283e-03
7.418831416821479730e-01
-2.318276796830102265e-02
1.852363741384388529e-01
7.682541962489859433e-01
7.803251846656058532e-01
2.033554425067207738e-01
-4.387892770512809015e-01
7.732644874525211875e-01
7.697305071077021887e-01
8.867546691865004771e-01
4.140004373747497857e-01
6.046269391729985898e-01
9.255111394605588515e-01
6.237175240442112134e-01
6.420859037459127894e-01
7.225209316204592724e-01
7.718666516333003713e-01
8.082210162481527904e-01
9.465734053175041129e-01
9.303575549225190366e-01
7.279478969134456356e-01
7.931612488400723304e-01
1.605884193197861798e-01
-1.333973507843825845e-01
7.996720130924199754e-01
-1.858925084079037227e-01
-1.493870761593305563e-01
-4.227451556109939057e-01
-9.670634990266432224e-03
1.806545447834825846e-01
6.673071436260182843e-01
-3.160174024675761473e-01
-8.898906671048908978e-02
8.272945518826225753e-01
-1.691178156308922875e-01
3.625741609031722656e-02
5.186688978588345211e-01
-1.090590100143084828e-01
9.117552365955134963e-01
6.666448648814322642e-01
1.265300861654198861e-01
7.314467826554845731e-01
7.643401351714758096e-01
7.297539117041690337e-01
3.421560881550173017e-01
-3.361344900845776584e-02
8.725268953765710211e-01
5.366643206570247404e-01
2.033947587974484772e-01
6.644861149076696227e-01
-3.686087532962793734e-02
2.412948884944269567e-01
-8.008900071551781907e-02
-4.033313486946348003e-03
1.696715365456164804e-01
6.482375794782853085e-01
2.066232017998055059e-01
8.608704117149148516e-01
6.413870983600465647e-02
8.621323141641035193e-01
9.059745274233310663e-01
9.283883002079540425e-01
7.079953570060987245e-02
8.199631072121320585e-01
-4.221757192879337373e-01
8.314887243176284359e-01
1.791277111657004761e-01
8.659728179764504263e-01
-5.461786887702149013e-02
8.849845174356549826e-01
7.838143696865705889e-01
9.411040126241463355e-01
8.247185674808290567e-01
-1.194993725027235776e-01
-2.860921245497791698e-01
7.827307007305224218e-01
-1.704924669457524855e-01
7.351200815157639123e-01
1.872967651140412526e-01
-5.870624857878076891e-02
-3.679236602226969022e-01
8.069070825027337968e-01
5.124256039583710010e-01
-1.701657103745181643e-01
6.924600214725646907e-01
6.762827026527460372e-01
-2.195696773706286020e-01
-3.602286043906140212e-02
-3.076224717452667456e-01
7.807575529424698457e-01
-3.553828045780476064e-01
-1.507699551360518198e-02
2.405592607850285114e-01
-3.203390051569882657e-01
-1.891772447771541965e-01
7.635660770077530302e-01
7.991001198107088310e-01
9.486964166427254153e-01
9.420387608962199621e-01
5.867879772605024691e-01
8.450901432696225068e-01
7.934485004126505814e-01
2.953564193886034153e-02
6.778703116171242993e-01
6.986093461382535397e-01
-3.565960712589556769e-02
2.785448038976074958e-01
9.393156863571560100e-01
2.369233718552248569e-01
2.321603172491629175e-01
1.858823610735830245e-01
7.048240924409514552e-01
2.419259287943274495e-01
7.644029946648809304e-01
-1.444093472533829470e-01
2.072122951986705153e-01
7.231493098142216525e-01
8.035136849961035388e-01
7.220618839947934298e-01
6.602354330365105550e-01
7.821817415852132527e-01
5.928922077812950331e-01
7.911008543439528307e-01
-7.176150205880812982e-02
8.875308123687615236e-01
7.383913930821934812e-01
-2.618866760314574882e-01
8.137135441248759538e-01
7.387666176629111708e-03
8.732866946957511534e-01
2.535128913725502864e-01
7.749777055902311584e-01
7.742604890326305611e-01
9.369754883596563833e-01
7.764276174769716432e-01
-2.990550272267610277e-01
2.228225603564539803e-01
6.432943621887832197e-01
8.411593225172798727e-01
7.292892332103937392e-01
-1.518754166076579648e-01
8.017620494003512288e-01
-1.963897471619822088e-01
8.950206949982664195e-01
-3.003560544562793866e-01
-1.692617934885426445e-01
7.702391222588327313e-01
8.474517027118906309e-01
7.454229179526706828e-01
7.375699337160270819e-01
-1.675665942924832730e-01
7.403119341941352682e-02
7.483854141707473318e-01
8.942938843667811444e-01
7.855709901316783039e-01
1.484549814315449801e-01
-1.088553733126167988e-01
7.941676603985727834e-01
6.860981652462444513e-01
8.097847202855905646e-01
-1.454160869490009333e-01
6.626959941124010989e-01
2.018419826491106850e-01
2.330555040408286149e-01
3.267644914752467766e-01
-4.069689451976086225e-01
7.550345722698228457e-01
2.057589965962870193e-01
9.104049583888622621e-01
8.980742952179235905e-01
7.805154557927422854e-01
-8.114065046717010288e-02
7.709309946345339615e-01
7.584469564774106720e-01
6.341956817500736809e-01
7.353141566779954896e-01
-2.551372564962212097e-01
-3.248360802817408244e-01
2.046839713798828675e-02
2.319658878330359553e-01
-2.812832755341338614e-02
-1.170251315370443718e-01
7.722277021822550047e-01
-3.146083368350022225e-01
2.487137347497447859e-01
7.699965072458714310e-01
7.062784904359780125e-01
7.273607290150467808e-01
2.335448062475685427e-01
8.726635974602333645e-01
8.420240577985284025e-01
-1.216849645508795985e-01
8.626615885137278728e-01
2.689699516164996140e-01
6.721920355140191816e-01
-3.729927776736134404e-01
7.497129849545970393e-01
2.504981169248672312e-01
7.580339994614795351e-01
7.821218485870463644e-01
-2.059579495515479752e-01
9.461309421847950984e-01
7.142392045340815177e-01
6.576242998743845325e-01
7.532619741218102849e-01
7.864414924968748943e-01
-3.793822980598221539e-02
-2.500899889266386955e-01
5.117688030699879542e-01
1.462011136916831489e-01
7.232987230928773492e-01
7.352514060411312613e-01
3.721320549039782710e-01
-4.117352573735939825e-02
8.852853978125099221e-01
8.660179018167040166e-01
7.520073773187412325e-01
-8.695643945861046553e-02
8.643619353778029257e-01
6.613251456468798306e-01
-2.405869712536053140e-02
-2.351749499923819209e-01
7.069507050402383808e-01
2.559702539171970770e-01
7.593332120241043093e-01
6.804783714683975138e-01
6.635863746037838906e-01
2.126115111523754764e-01
8.587671045636189326e-01
-3.696420262174596877e-02
7.014065619830056608e-01
7.132060425148021299e-01
