6.767326326730671582e-01
7.427956267674311608e-01
8.568487878967955274e-01
1.776432071136234692e-01
5.967862927881057988e-01
6.590480247712644513e-01
7.516083065324210555e-01
7.481450646107237201e-01
8.611981451012509226e-01
7.755595750769005425e-01
6.269363825758846875e-01
7.994194888080454753e-01
-4.442355532522632849e-02
5.993359633640145123e-01
8.861706678744074583e-01
5.637168618750192373e-01
8.985575684807169949e-01
6.939817989808925169e-01
8.823928916715124693e-01
8.703823561815833276e-01
8.939281880698544125e-01
7.818020978190658443e-01
1.374837628256354582e-01
9.078968173729986546e-01
7.161844172108565720e-01
5.991150100056530370e-01
8.268196517741286389e-01
6.443507817217550837e-01
8.989512234742971231e-01
8.031723821079352899e-01
6.160294652090354539e-01
5.658630616437556604e-01
5.860599832983692803e-01
6.409796056991544644e-01
7.547007427710330507e-01
9.500339537227695530e-01
8.448909602260290530e-01
7.373808087450079984e-01
9.166879215484449173e-01
1.039879195069180473e-01
8.970934206272043188e-01
8.276265773392328384e-01
6.217997570707255450e-01
8.880103074456719980e-01
7.249052921566063734e-01
7.539723093330483739e-01
6.413382815510685342e-01
8.691932115238786283e-01
8.852508123199973600e-01
-4.779786480240652558e-02
1.454247821886685624e-02
8.831246595179476078e-03
7.665443830516009971e-01
7.901125486272317922e-01
8.531511521771962814e-01
8.419368796582342718e-01
4.137904990857167731e-02
7.754254815350869467e-01
6.477003383018582472e-01
8.664630346913331227e-01
8.904853563603543076e-01
8.250232572852567170e-01
7.606696541609470064e-01
-5.723949566319201654e-02
3.927936197249675132e-01
7.655148127750575071e-01
2.114392064556295525e-01
8.061529371835040036e-01
9.051244708427153007e-01
6.012899632986870024e-01
2.636601171893133977e-02
6.889880147650231379e-01
9.038477246601119841e-01
6.492722156231660602e-01
8.453169715292552233e-01
2.249934102394415825e-01
6.068480329495256065e-01
4.263991127656782676e-02
7.988132450537382967e-01
7.996757787581887378e-01
6.028397856241485275e-01
8.850955569923186772e-01
6.070445736584083318e-02
8.762472151090887618e-01
8.753840477207843751e-01
7.386748580149831156e-01
5.521609530377784569e-01
7.682113951234050830e-01
8.815008145980325338e-01
2.531583378493201253e-01
8.451433077164975938e-01
6.496647223347965516e-01
7.781078003547782229e-01
2.039561046865850380e-01
6.066012111582459454e-01
8.382719884995473159e-01
-1.034974134591376549e-02
5.725610900550154314e-01
9.134625361615928973e-01
9.130915529214949089e-01
8.727268016803680917e-01
8.210029246832470928e-01
6.588275239871197453e-01
8.292026075044003353e-01
7.698782461796950249e-01
9.152551144213676437e-01
9.532562149245720207e-01
8.034829272418366752e-01
2.600680654250308588e-01
9.119556658918827052e-01
8.979234281943764273e-01
6.439157667590336143e-01
6.322843065343972668e-01
5.502517027220752421e-01
8.235095600418477213e-01
8.770202516723790698e-01
8.690051514683418965e-01
9.162232228351091523e-01
5.890546450838736181e-01
-2.524160479775231641e-02
8.572046613537892545e-01
7.921251330115558487e-01
1.690605392379504468e-02
7.460794688589165169e-01
9.183237573202400750e-01
2.704474944378541801e-02
-2.309461161938675816e-02
-6.192325111213153183e-02
5.555903983260270795e-01
7.484481457611573685e-01
2.033545580079239024e-01
1.160153850009579407e-01
8.263453847731232482e-01
1.872393122991574954e-01
5.609598751469249134e-01
1.957628529159626679e-02
5.583099472866568380e-01
4.904774326065469703e-02
-1.537287773602617758e-02
8.886908976607450494e-01
7.555362211443128473e-01
6.554555813993894198e-01
7.387439108707352098e-01
6.111526731468855944e-01
8.013453277610013137e-01
6.794120250346673551e-01
6.724429356657364298e-01
2.501778394881037371e-01
7.698657053666899674e-01
6.431028996456096269e-01
8.150157726111783019e-01
8.786702066851928006e-01
8.260426007489276579e-01
7.683822190093492210e-01
6.903187330955433687e-01
8.750905703302418459e-01
7.055903741464079060e-01
6.767466854066821469e-01
8.853993679628957558e-01
6.007868309794974770e-01
6.469478240028680993e-01
9.103313091921729772e-01
5.864261326117516937e-01
5.467352730405800054e-01
5.744965289736888581e-01
5.850554183700550359e-01
7.452760822281970787e-01
1.617096782383692088e-01
6.897177987879468120e-01
8.578806686514467428e-01
7.654654178873352421e-01
7.250142585414072194e-01
8.348956593625008749e-01
8.724159293671674975e-01
7.232949175167544542e-01
8.734754273578551054e-01
7.983025307452380481e-01
5.374396425119547516e-01
6.276115376805476709e-01
7.696676160230285779e-01
6.098892343646842296e-01
9.226028002205288736e-01
7.280227089528612527e-01
8.190479888599089264e-01
8.431485392606703488e-01
7.862691788514510893e-01
6.410660094314351021e-01
7.880505887101922902e-01
7.687524645544380197e-01
7.694477940531956328e-01
7.971691698460778852e-01
8.693920371112863199e-01
-3.151739197022832006e-02
8.681760755196608059e-01
2.056508007059631715e-01
6.217804650522917864e-01
8.906269083089113359e-01
8.360969403010221068e-01
7.253051659709237597e-01
6.629474360681018030e-01
7.289808264796824311e-01
5.206647587104574759e-01
4.989710384870254395e-02
7.602966437198308558e-01
-1.314136042669469123e-02
2.031165522197521667e-01
1.819606603200693007e-01
8.419355075455501325e-01
5.375043591691455180e-01
7.451926478140740162e-01
7.448531360478216623e-01
8.862241600579707779e-01
2.574226120100144843e-01
8.390184989171258767e-01
9.128278869262752560e-01
-2.291386109757063971e-02
6.085657056039419643e-01
1.375109266502528294e-01
8.916324532638668643e-01
8.702041404667884006e-01
7.181201455904067110e-01
6.767812110085436039e-02
1.457861726038238437e-01
7.525693799220660729e-01
7.378710761142980301e-01
7.122382657964041464e-01
8.204519309908597791e-01
7.745631031410916967e-02
9.323070629223071393e-01
-1.463302316751445287e-01
8.932238243134034139e-01
7.043611563621611227e-01
1.586868088720265815e-02
7.535712222657444670e-01
6.513432861953953878e-01
8.347279840854725519e-01
5.789612112087272333e-01
8.377417238276863021e-01
6.994796305497452682e-01
8.546798128850834342e-01
6.118598357786795283e-01
8.364349422412022950e-01
8.654665735031470408e-01
8.078076713012457555e-01
8.641818098549718385e-01
8.465596429184010230e-01
1.887953008805380029e-01
6.077664643467910466e-01
7.535932201757442606e-01
2.524152574338908162e-01
9.170149794885121830e-01
8.333919913412429770e-01
5.480212911665882647e-02
8.443984321290050055e-01
8.897994012329759617e-01
4.101263871646542158e-01
5.121735810733663019e-01
1.662909587467550354e-01
5.418733411828412505e-01
1.671984006786204624e-01
7.352899669230825719e-01
6.688414644177815838e-01
5.780649981946579530e-01
8.955592150346013136e-02
7.640227742844092340e-01
9.048916635544772546e-01
5.262382459570714710e-01
8.995762363672938910e-01
8.138447570901278239e-01
5.040702024927956604e-01
7.488030762049320277e-01
9.222222468193790323e-01
8.358496816741305402e-01
-1.605090060679026029e-02
7.138604657310443358e-01
8.034332674072351965e-01
8.084822920177218153e-01
5.875394880581288337e-01
6.742216964996174955e-01
7.942611435605779757e-01
6.492066343230139536e-01
7.602556915234309765e-01
9.012005424396503095e-01
8.132954694107492610e-01
8.561605824786061580e-01
9.918923864725273654e-03
8.935423129637121153e-01
8.878697011475811252e-01
8.265443982572555637e-01
9.083180991864638898e-01
9.059285168435375901e-01
6.610010157001815490e-01
8.988226351088679511e-01
7.114632016915946044e-01
5.255111000906850238e-01
6.625549167773352455e-01
2.734994986114143156e-01
1.418112109391461151e-01
8.766003831706352667e-01
8.236536762649239174e-01
