8.239707040427797224e-01
8.904329442433560615e-01
8.704789472964508112e-01
8.529632123591686099e-01
7.689757858718604400e-01
8.064159986091468113e-01
8.786962691169442063e-01
9.261565102613277256e-01
8.695461223213777346e-01
8.944849942559978118e-01
7.326339915607755771e-01
9.258222310991133241e-01
8.142227390665903730e-01
8.272911893364263136e-01
7.878151808598840011e-01
8.319029763141246869e-01
8.539595250759577372e-01
6.589211053922705563e-01
8.351542822985036363e-01
8.198265247842110304e-01
9.516765998388235781e-01
9.090828588383712550e-01
8.780175970570001098e-01
7.593601409940320401e-01
9.173380686591323663e-01
8.987871735003380991e-01
9.359837406990645370e-01
9.218653568154375755e-01
8.806727667571661033e-01
7.461300460887030361e-01
7.738587736225150948e-01
8.336780361579265719e-01
7.616459222518721095e-01
9.138478176614237558e-01
9.428383600652265883e-01
8.733862353378039067e-01
9.301194875182428046e-01
8.541348280840868057e-01
8.708311783436589737e-01
7.276809005302229405e-01
9.176183791579446414e-01
8.256641682367342749e-01
9.520915560697502666e-01
9.099984282398061453e-01
9.382804130162030187e-01
8.721904636478866601e-01
7.664239689284686463e-01
5.893070535024205192e-01
5.928945064543312826e-01
9.273784836199088222e-01
7.603820680795242426e-01
7.876905343894934353e-01
9.413539198649903961e-01
7.870490250686117406e-01
8.212204625509212930e-01
6.357458722361561954e-01
8.587240491290226707e-01
8.435737871254640474e-01
9.326520511362419441e-01
7.854911231573192820e-01
6.983049433490702285e-01
6.556088008378322396e-01
7.506073946710065670e-01
8.128699765544319389e-01
7.071686252076736512e-01
8.352621928354460046e-01
7.844299085202993682e-01
8.925408325530375109e-01
8.670204540741753840e-01
9.397185892562518461e-01
7.482687478047957974e-01
9.206724768639994450e-01
8.674334630795570433e-01
8.323119125498594784e-01
9.001001335868521469e-01
9.166611062722469505e-01
9.450375628239049419e-01
8.781139584687966959e-01
8.169177885886889090e-01
6.839151384221706653e-01
9.332990700003596096e-01
7.772276018784249896e-01
7.996436847143038040e-01
9.150572459339116893e-01
9.099683031947120027e-01
9.410801254222240786e-01
8.311576175058631444e-01
8.127033296956803765e-01
9.210885495480223284e-01
9.395582590165525438e-01
7.371201713191583016e-01
7.453300958366919637e-01
7.554643337104451906e-01
7.318594531774466061e-01
9.022767385568244425e-01
9.263172111729512936e-01
8.231820715794688770e-01
7.825309184460378376e-01
8.847936506452097616e-01
8.821533630875469933e-01
8.662994935542522867e-01
9.158039556412742588e-01
8.700356631921424277e-01
9.265494269506145963e-01
6.528219660835383742e-01
8.346334802851003154e-01
9.116553843475864172e-01
6.793352199379822931e-01
7.160318779435602687e-01
7.823228582528971575e-01
9.415577174911697877e-01
9.089052773607886326e-01
8.644392012975496975e-01
8.181992567646886316e-01
8.299802435508838450e-01
9.101545565710040808e-01
9.280982028725167643e-01
8.986347991831140636e-01
8.193711753699037814e-01
7.572980066052972248e-01
8.438491939072015890e-01
8.617392881201308974e-01
8.274453328451788492e-01
9.055044449801881168e-01
8.389254074214864687e-01
6.309763505882184376e-01
9.364586692329182060e-01
6.871165963176311120e-01
9.369649246003481924e-01
8.132338007953436865e-01
9.170742790530268529e-01
9.317923336483002750e-01
6.142390240769109999e-01
8.993934467375885866e-01
8.066913806331759140e-01
7.110801724253767997e-01
8.483020749667110616e-01
7.300244237011868087e-01
9.251010103055261613e-01
9.284846175579782868e-01
8.865484685103821594e-01
6.530337587608024963e-01
9.250810563023825761e-01
9.333608013077141496e-01
8.829432455068728647e-01
8.936688078862431439e-01
8.530989166108386978e-01
7.000821134391350675e-01
8.342568270401289343e-01
7.791280029103875293e-01
8.085956622731694798e-01
7.758349514742277631e-01
9.132052406313118098e-01
9.187087157617417343e-01
8.450196956420805705e-01
7.959227265915117533e-01
9.158551154229692681e-01
8.191206887593482922e-01
8.406767546889186704e-01
9.064186439309848131e-01
6.615438158139830271e-01
8.684486865325381499e-01
8.133701368603738491e-01
9.370745578687356137e-01
9.323458644044011479e-01
8.284237857766012514e-01
6.791760689707788679e-01
9.069757125550876875e-01
8.886899798612359902e-01
8.710509939838562143e-01
7.921906576988474447e-01
9.351368113008031724e-01
9.199075152029478897e-01
8.209590417008347796e-01
7.074809303161708751e-01
7.623712593179448049e-01
9.093838766771964455e-01
7.320208237828206288e-01
7.839133578787677026e-01
8.186220330563948044e-01
9.129189772545724946e-01
8.175811707740107126e-01
8.148046668094158784e-01
7.503519077763800560e-01
6.066587486581311861e-01
8.366760122629045560e-01
8.622827620951898364e-01
8.808547913899048565e-01
7.396517878397199652e-01
9.312433977528193907e-01
8.902408736480096341e-01
9.129678095465971754e-01
9.123135042283976315e-01
9.141150753983955379e-01
8.868254109495963267e-01
7.872385471899588927e-01
8.253455935628855045e-01
9.401971780804553314e-01
8.124700010721928045e-01
8.866646894916145882e-01
9.322646787953745573e-01
8.903693610788875334e-01
7.669688142464046177e-01
7.687411816057665437e-01
6.892107899013479866e-01
9.304512621249225734e-01
7.622797419531580632e-01
9.282553038677621160e-01
8.278178766842163583e-01
8.506893998055546913e-01
8.726191893007290146e-01
7.503230799111193505e-01
9.342892718050831435e-01
7.177230349699577072e-01
9.325686754410640322e-01
5.713938392354743767e-01
7.048999680857207517e-01
8.501923322989235476e-01
6.241394922662163447e-01
9.431320456354778115e-01
7.727849941008942958e-01
9.326968693888573192e-01
8.178955106723924118e-01
8.126819418603619116e-01
9.257679011312700545e-01
8.041432027442565467e-01
8.986377643107301694e-01
9.435417610637875097e-01
8.808412546459203352e-01
6.868235416788901482e-01
7.332760862137145397e-01
8.562840287539686956e-01
9.283650993594050327e-01
8.222479577034347287e-01
7.481259120848562372e-01
8.895669609819412127e-01
9.112807144371442014e-01
9.191362825214361987e-01
8.892184020344227058e-01
8.358563497039390722e-01
9.219602267690008013e-01
8.299001888904181667e-01
8.739743285148455776e-01
8.089357355855054665e-01
8.175144239719114303e-01
9.032100352123761944e-01
6.323653947474310311e-01
7.665826271328104458e-01
9.039646645051266916e-01
8.687585798349963806e-01
9.218226312224369057e-01
8.626771374486912336e-01
9.477859561176745773e-01
9.397646753319640611e-01
8.354460911627876740e-01
8.520882604133150906e-01
8.495646481271921235e-01
8.590628031183833446e-01
9.048776512314192777e-01
7.972690177551271518e-01
8.931838324187606482e-01
9.297431396158539751e-01
7.521577192892543451e-01
7.831316692526280043e-01
7.519624232408743669e-01
7.717786669354727014e-01
6.954036344889864552e-01
8.195844351975486441e-01
7.175460717123947063e-01
8.841138306441358452e-01
8.665788516402894714e-01
7.166628350356533117e-01
8.634745626617184033e-01
8.420517115575327782e-01
8.082233444005060274e-01
8.967396081466280089e-01
8.815019774461371194e-01
9.324945165803049107e-01
8.659656018093755403e-01
6.694259880273292218e-01
9.143738274924777532e-01
7.314456468960106594e-01
9.069470252873461646e-01
7.868773962429074231e-01
8.318110566856546928e-01
7.281180420476380810e-01
6.734337720873824207e-01
8.793899718071721550e-01
8.367490164387091367e-01
9.116212345192501454e-01
9.248431097759302055e-01
8.430977414952034454e-01
6.477544010517921613e-01
6.408213726045313141e-01
8.986294036438198241e-01
9.115630488106545304e-01
7.967256409577460063e-01
8.234433996639780595e-01
8.452493236976434954e-01
7.564091917040136615e-01
