-4.705260215081641939e-01
7.811338906702569584e-01
8.528405024702483406e-01
7.314315431097486719e-01
1.206289627195226283e-02
7.222891034879641570e-01
-5.445307289912989512e-01
-5.033028904750608962e-02
-2.431304926335113303e-01
5.794912764250750303e-01
-3.176329526240405099e-01
-3.302833503286262129e-01
6.378421568714129908e-01
8.284537848493931378e-01
9.456377662082604552e-01
9.524843256102110134e-01
9.517627632710429220e-01
4.519270374916254523e-02
-3.955411559382816522e-01
5.079040893214660235e-01
-2.386886948797503072e-01
4.677862607681045337e-01
6.270621011111557896e-01
9.254560333966662666e-01
-4.883897213279020932e-01
6.395533342755146400e-01
-2.714554813139247735e-01
5.043384133776125378e-01
-4.306119177294001066e-01
8.581063886294687526e-01
3.224269150927071281e-02
8.996543797361026273e-01
8.897536270141621628e-01
8.469367967062801927e-01
-5.318758680363340208e-01
-2.136925617107219844e-01
-3.212432595421502723e-01
7.864463063261810660e-01
8.798739635746108956e-01
-2.291257709371009310e-01
8.842771197849838005e-01
-4.506424613123581890e-01
1.228676575832495649e-02
8.839100113765421263e-01
6.095872559320005823e-01
-4.022068997252005174e-01
-3.416471256633000220e-01
-4.444974983247807487e-01
9.031853967749442491e-01
9.496350170330452034e-01
-4.014011146282019382e-01
-1.577986405097233091e-01
-4.655100837830504212e-01
8.058850936724082370e-01
1.465686433439665759e-01
-3.078080235619147786e-01
-2.610820582914719079e-01
6.262172068057794139e-01
5.430722780454479981e-01
5.519057998999933601e-02
9.524004094314817426e-01
6.522248613733927503e-01
-4.247238929427429865e-01
5.301216049195008884e-01
8.258303656797115755e-01
7.794128358742006268e-01
7.869699624836574703e-01
-1.889631066588030872e-01
8.547619732454340147e-01
-7.117660337608494592e-02
9.240053566517655304e-01
9.245458079289038400e-01
-3.258727705070162128e-02
-3.920138061533715024e-01
-8.570599912066312331e-02
5.415249991070855140e-01
-3.157300447106243246e-01
7.135677270330112454e-03
-4.583125081634149556e-01
5.071784381829980148e-01
-2.903387004441584374e-01
9.744729197858295056e-01
-4.727698169342612333e-01
5.324641109051158061e-01
9.468051311069027864e-01
6.802328316115552331e-01
6.201343715248394117e-01
9.453834178770981200e-01
9.410587247288229040e-01
8.892390479097126432e-01
8.444632474857625137e-01
-2.155402647896111357e-01
-4.479965788250608316e-01
7.582066398145250741e-01
-4.386194467983423051e-01
7.303416317177446881e-01
9.353430536336687640e-01
-5.507297372386608103e-01
-4.740431348407874168e-01
2.210183605861284484e-01
-2.273684806493620758e-01
-4.536592916132338171e-01
6.526601818869188776e-01
5.306032892136055557e-01
-4.342814168060910029e-01
6.244056401869084727e-01
-4.629725222454381117e-01
7.614915806288096167e-01
8.727638838967775037e-01
5.615284932544728491e-01
9.290134439375672404e-01
1.298965503985128472e-02
7.968197424706007226e-01
8.459453417194799929e-01
-5.799105105968087592e-01
6.060339189266379656e-02
9.249361154525999051e-01
9.480357725171332239e-01
9.246124125142149985e-01
8.528712018428724617e-01
8.542809655017704618e-01
6.110803479877017219e-01
-3.482895413779822369e-01
9.002128014510830667e-01
-2.946314232614183903e-01
9.342071671053747695e-01
-1.829863887208710016e-01
5.041636040785621997e-01
6.592008521616287142e-01
7.642707777706454486e-01
6.006031299357381670e-01
-3.043985973639830589e-01
4.594347139200457009e-01
8.526480456870479951e-01
-3.691367453167830326e-01
8.716770332616650130e-01
-3.301352903600464073e-01
9.426455389187309297e-01
5.615088167594377566e-01
9.345912404581644406e-01
7.663502661443299946e-01
-3.644782473554678548e-01
8.516586279983036079e-01
-3.454679752748167632e-01
-3.469992802814664823e-01
-9.587739605421769645e-03
7.852227569910470439e-01
-2.399598889300318949e-01
6.473111685975585505e-01
-4.441060851836859391e-01
4.573795469873374042e-01
-1.580026547330989073e-01
6.527688322236812057e-01
-3.255564329578102822e-01
9.011453853072464160e-01
-2.639104931066184045e-01
9.224904730309182455e-01
-3.007688431202870660e-01
7.895873339797838675e-01
-2.683596295841367829e-01
9.866436452150928460e-01
-4.776502662868963300e-01
8.309883920295839665e-01
8.904964038034972607e-01
5.947506080966700193e-01
6.623137733129470517e-01
-5.444232903567689519e-01
4.796534367460064674e-01
9.693124254056424416e-01
-4.103797783252571829e-02
-4.505890067935488519e-01
-3.162489778228158022e-01
7.480967941535185961e-01
9.238382773359881117e-01
7.240223702259276362e-01
-3.984074294479163919e-03
8.848946361525049653e-01
9.248772600076802242e-01
5.462234855267742439e-01
9.673624106368053921e-01
9.528862250518175259e-01
-4.583753127752676071e-01
8.635338597659407700e-01
9.316375844602166056e-01
4.775166239315714045e-01
1.021275301514818629e-02
9.661401762497723311e-01
9.693111335488380220e-01
-4.097031875671809931e-01
-8.919202327855593748e-02
8.547970476885060620e-01
-3.028760662520915692e-01
5.895584879646147414e-01
8.927635805377658329e-01
8.717839313328441531e-01
7.242250213646295176e-02
1.686258840619525023e-01
8.967675836357387187e-01
9.532919160256776436e-01
5.253539399240167995e-01
6.065318553068821394e-01
5.525507082555938254e-01
-5.448453485334058266e-01
8.806374637301666031e-01
7.435371207391601178e-01
-3.207006631162492849e-01
-1.042842458594132188e-02
-3.166314847961526624e-01
9.164351710744336188e-01
9.524925380264970265e-01
4.871625514892663489e-01
7.422113859598007402e-01
-4.392112944806289554e-01
9.453227920506128701e-01
-1.041975417215740413e-01
5.848460179399074255e-01
8.761549889589500539e-01
8.990675277982678182e-01
5.523417929471605703e-01
-1.108445025929646610e-01
5.672712840975480120e-01
5.941660086443714128e-01
8.707261197182276646e-01
8.929462810022239516e-01
-3.899884931091278650e-01
8.379651397424814352e-01
-1.730425938882986792e-01
-1.667084391326228432e-01
-5.022615569407451463e-01
-1.943726373515676509e-02
-5.814236979401167515e-02
-1.199152407167770190e-02
-5.568537308940451069e-01
8.074928115613096979e-01
8.442890129977435043e-01
5.869651843489329668e-01
4.821035323024664421e-01
9.237729102544504078e-01
-3.570196266194058943e-01
5.359632174878504740e-01
-2.865801844342156235e-01
-2.659213525848641013e-01
-4.205859201460155905e-01
-3.010506142702892296e-01
-5.438608372970088478e-01
7.009142602355323826e-01
6.662753886259038527e-01
-2.696196720107341127e-01
7.613237952478466575e-01
-3.647183213286612213e-01
5.545026510130102171e-01
6.697128455168168681e-01
9.183452088881445263e-01
9.560227415526416639e-01
-2.722860493858939024e-01
-1.072360445484656088e-02
5.637027386935189455e-01
7.362975665196953567e-01
7.775746927007070042e-01
5.179094917705282519e-01
9.165444705217751231e-01
-5.321748796701334383e-01
-3.880212829465811697e-01
9.586088975476529939e-01
9.482732223480692113e-01
9.333819425096583355e-01
-4.579495360663128345e-01
-3.386077375293292668e-01
6.201337572906918671e-01
5.768114860719404380e-01
-5.139951049225848223e-01
5.558919232150796308e-01
8.704830328265826811e-01
8.569194096721503007e-01
-2.463504238053617901e-01
8.973114761796505690e-01
8.865587962711778403e-01
9.263710697659786053e-01
-3.713248944974902876e-01
7.814692432357106533e-01
8.307202469466760109e-01
9.561220908607677149e-01
7.078123798212585527e-01
-2.940724248240527139e-01
8.096456051001613696e-01
4.815502841296188108e-01
-3.726645358411901920e-01
8.757771504385682970e-01
-4.727867274238337081e-01
9.343028776909123589e-02
9.073268284229558667e-01
9.477463390259389664e-01
-3.635116474440600043e-01
-4.255209387250344921e-01
9.443210620015285439e-01
7.601544576231518136e-01
7.677312634619806175e-01
-1.623755356201003752e-01
-4.479275597995848734e-01
