9.819551428033392870e-01
6.304080993525644772e-01
4.513204423390509978e-03
6.902910474436128041e-01
8.808345235328840506e-01
5.381137079774653831e-01
-5.306021556693328867e-01
9.112511355285728420e-01
-4.637844884601302065e-01
5.602752891377060784e-01
4.442402390675837670e-02
-5.696181362073573506e-01
9.441718692336067420e-01
6.322087729868682837e-01
1.613415890317208487e-02
9.782882064871892824e-01
9.081757417640534680e-01
-5.321978222081726884e-01
9.175174020993539514e-01
9.665845328708295714e-01
9.077358209020178759e-01
5.496233770652101391e-01
6.627702170871010434e-01
5.961519702508562002e-01
-4.706211558785620142e-01
6.458304582557006235e-01
9.332047854770739170e-02
8.697002548524974674e-01
9.849137335575575136e-01
9.565666375967585289e-01
6.121307228739765183e-01
9.801728699797529476e-01
8.779922818312455579e-01
9.542074554988713153e-01
-5.530497089546935197e-01
9.819551428033392870e-01
-2.933956765022862623e-01
-5.394290978181235374e-01
6.890695428801416611e-01
9.221375241332585571e-01
-1.934526441656334306e-01
-4.262822923351208826e-01
9.523075175566955153e-01
5.565883449023999452e-01
8.950931584686496745e-01
-4.952761248947120665e-01
9.686329984036048391e-01
-1.436714747903626577e-01
6.166385233903046714e-01
5.589894252277449738e-01
9.103580165671707469e-01
-9.642430552613026618e-02
6.496053191347900269e-02
4.356048580477508980e-01
-4.902158074402866994e-01
3.234635308565813605e-01
8.763499499533407011e-01
-5.890075117592334930e-01
5.947965599707289996e-01
9.126186315396436211e-01
9.788871856313818842e-01
-1.829286338286887081e-01
-6.038265902112618377e-01
-2.699489011040647757e-01
-1.140985188492120717e-01
6.915263191907070062e-02
6.939755637145739176e-01
-4.864256321443850561e-01
-2.559945673172118741e-01
9.715465829990892477e-01
7.409482950481979247e-01
9.515001517887728966e-01
9.412504356369351122e-01
4.860302530261697423e-02
8.847145347665778814e-02
6.318408555360430778e-01
9.381760897301028024e-01
9.674263383679366779e-01
-5.037520864082531968e-01
6.048737717515408896e-01
-2.805612507374335429e-01
9.179123310781194256e-01
9.521055657429171593e-01
8.897505800340094195e-01
9.283357257445004063e-01
5.185279134305396109e-01
6.032879890096636277e-01
6.450619751698850601e-01
2.796471967588466390e-01
-2.547277261250856517e-01
-9.452080662780189269e-02
7.494205203083335043e-01
1.579992885147020742e-01
7.637211653651581056e-01
-3.615879539764305789e-02
4.890238421848979167e-01
9.195697736400203492e-01
9.035250609539363653e-01
-8.529408836953082662e-02
9.310869750768360209e-01
6.370115932547362192e-01
1.211469643890199094e-01
6.860175565033692635e-01
3.737218341936830723e-02
9.275060332762059545e-01
5.453350663128058162e-01
8.960653714096042943e-01
6.520020744403829394e-01
5.576250798130999442e-01
-5.011494175434498544e-02
4.315638922298763447e-01
-3.740458474406342937e-01
8.944136990353798167e-01
9.200573991610658808e-01
-4.723701329212849354e-01
9.497196685739528466e-01
6.103461782368876376e-01
5.811203787148058186e-01
8.925825783307231864e-01
-1.965744036156077401e-01
-1.272579576319994576e-03
8.441122657959760911e-01
-6.187893344708811361e-01
9.126977673581984085e-01
8.898302027049419249e-02
9.299466947916162907e-01
8.918964769399295722e-01
6.646097210941195321e-01
5.258629254649795914e-01
6.615394831802758890e-01
6.113388607660850127e-01
5.472135484552783646e-01
6.905639480932801444e-01
9.479162875053335213e-01
8.980741970411111330e-01
1.097694747130704973e-02
8.801301388960172112e-01
-5.731415277708461486e-01
6.516678701981315491e-01
6.910937326659378765e-01
-1.140445034434676985e-01
4.167359767566164996e-01
6.903669912278653786e-01
6.110586958319175199e-04
-5.559185843948765138e-01
8.753740509138161485e-01
7.225718480162157675e-01
-2.047436899865952287e-02
8.604844868498854327e-01
-5.092669626450918585e-01
9.452377898353226948e-01
-5.867049984596883760e-01
2.497833892199961547e-01
1.656452357763252281e-01
-1.363288463928208349e-01
2.727902924323148404e-01
8.775388985597802893e-01
-2.315651229091932051e-02
6.603874520185620822e-01
9.232014016374088250e-01
9.066412732138688924e-01
7.287079714776890649e-01
5.847669149257606058e-01
6.037601978314844908e-01
5.994889990847562800e-01
5.832422908404865103e-01
-2.436772397465395701e-01
9.096530352083120885e-01
5.503038843469714170e-01
-4.789928860557495227e-01
-3.958878522608522132e-01
-4.721501926474134248e-01
9.716779744917674044e-01
9.799230702566784634e-01
5.310123821998549154e-01
9.648040616840755090e-01
9.400124631317525736e-01
-2.161892235194869949e-01
9.394528515239166655e-01
8.889804701368553275e-01
8.885732117831096621e-01
3.987867865737471651e-01
8.673294257096920701e-01
5.942757577044444073e-01
9.148599148153545579e-01
9.130587392129585478e-01
-6.500751920866425226e-02
5.734895736104665964e-01
-3.958915025307877533e-01
-6.194505200435709291e-01
4.673181958207013598e-02
7.817287911942962797e-01
5.999448309308301752e-01
2.657018646564781594e-01
-4.024722450335684737e-02
-4.343479442737707696e-02
-4.719705597960286436e-01
-3.138420850393504047e-01
-1.497466040414004718e-01
8.839808473992606386e-01
5.446139958625377808e-01
8.399183017531823836e-01
-5.397315754321314885e-02
-2.321477792271356977e-01
6.496011572033536519e-01
8.842940764557649658e-01
9.404482999193088943e-01
7.222694022699932548e-02
5.096628778471332666e-01
-6.525141638574030734e-02
7.308761699981626281e-01
7.453555324639105084e-01
-5.381844123797409063e-01
4.611179771343055234e-01
8.916921467152110203e-01
5.711941473363160160e-01
-1.732462425148621477e-01
1.787230424420137576e-01
5.739501770496395761e-01
-5.587911340513920244e-01
8.805145500552691296e-01
6.495072601004852064e-01
-1.873876068741245071e-01
4.830367235398813630e-02
2.384483956811584426e-01
-1.389235550678327991e-01
8.432302671472637901e-01
1.640691299096121436e-01
-3.663479709201000745e-01
9.310299503455476966e-01
-4.652001223626103243e-01
9.177401992673273057e-01
-1.957976073723550689e-02
9.829845914414936381e-01
6.312330160217951569e-01
6.637074741712973847e-01
9.282934172809808038e-01
6.037097203924889355e-01
-6.059391555219444392e-01
9.301017883568797329e-01
-4.845553069722853268e-01
9.461848269999451055e-01
9.088093168265256594e-01
1.067964113492306244e-01
-4.079779971897432023e-02
7.030973430132005930e-01
-2.444332337264575050e-01
-3.577994358443760403e-02
7.150126972726243979e-01
9.842092321881850125e-01
9.316652103571435584e-01
-4.297028785305231913e-02
-4.988570689919499257e-01
5.206950991872784096e-01
9.773660203637432042e-01
9.236943086799977998e-01
8.925944428416886511e-01
8.722787078362027602e-01
6.857492274845105040e-01
9.079897550620342761e-01
-3.579998816673004014e-01
-4.894907818741739414e-01
2.047983957730790117e-01
7.744945050916958174e-01
-1.920704334207913033e-01
9.603307488184551488e-01
8.600029489949019279e-01
6.129879019543926777e-02
6.578327641126382463e-01
9.690811807133592470e-01
9.793335604912559722e-01
9.036688885239955171e-01
1.962350427726633484e-03
-2.004040516796036786e-01
4.666233568389913794e-03
1.011989387653009081e-01
8.927299106372477144e-01
5.424483662591339517e-01
9.197213341559286048e-01
-2.816383313602111582e-01
6.196659366700683069e-01
9.831136383221098507e-01
-4.467971393683997094e-01
-6.127166820537965908e-01
6.622141254827380585e-01
9.300310895713852499e-01
-5.170300178988904705e-01
-3.558199771547904122e-02
1.135780283872852292e-01
9.574094781916075991e-01
9.030248239817249001e-01
6.190268837973231797e-01
9.462878358580585347e-01
-4.248998726832638462e-01
9.825444064025234958e-01
7.385574019006482249e-01
7.248826268549977137e-01
9.519850412792316696e-01
-5.016167450881172662e-01
