8.924864158401124570e-01
9.276432430774372850e-01
9.391104194133204075e-01
5.710179657143935605e-01
8.949200306821973872e-01
7.199261050712761900e-01
9.250723236821630779e-01
8.946730520464178937e-01
9.317857673470959501e-01
9.183837087553465839e-01
8.231645269099276963e-01
9.360906337640984010e-01
9.447702789933190015e-01
8.925917170441939330e-01
9.544051478834562063e-01
9.588730415692454656e-01
6.679099076525053524e-01
8.948972838431517030e-01
9.304241039793812451e-01
9.404267571117881364e-01
9.284357566693783870e-01
8.931561042409585927e-01
8.615624015791196744e-01
9.494176399516613962e-01
9.244308551273976438e-01
9.615844182972139720e-01
9.071433813091335230e-01
8.856362832251176709e-01
9.145960176073322234e-01
5.028205299314228993e-01
8.062850701387132002e-01
9.049851735524581109e-01
7.793720064068274667e-01
2.030662079513422258e-01
4.655951927099883925e-01
9.297300057324779932e-01
9.144419707709177114e-01
9.357779722903258879e-01
6.572511155944860128e-01
7.513310368288119712e-01
9.110401181470140219e-01
6.088140750068360418e-01
9.262667331816007987e-01
9.319628561576461800e-01
8.477200325367639788e-01
9.330709982093556842e-01
8.949138525171180802e-01
8.873769631051316997e-01
8.999644707197296256e-01
9.310176996738198651e-01
8.688075304583589009e-01
7.849344162255378343e-01
3.859556280225303615e-01
8.467251688858175029e-01
9.330830763859507826e-01
9.223487673197612313e-01
9.438162862775315576e-01
9.104407751707248586e-01
9.498800672880661766e-01
9.302357068141923202e-01
9.180288427948006813e-01
9.256776020269179561e-01
9.405868100630880857e-01
9.003062924979721160e-01
9.464864141588766877e-01
8.303063914743502583e-01
7.715463180279868993e-01
9.605544035858145646e-01
9.370557394084819691e-01
8.780722347604853484e-01
9.048720590646088802e-01
8.898278363341178832e-01
9.518604223330531244e-01
6.463891446430165555e-01
8.991054349939749946e-01
9.248319891018886851e-01
9.041589013227487870e-01
9.311705874886746503e-01
9.347294377748827099e-01
9.151625855591509762e-01
9.126402334746132050e-01
9.040048496750023865e-01
9.227792427688312760e-01
9.454440463768996050e-01
9.094891835698180049e-01
6.313471788017026576e-01
9.289223549142426872e-01
9.334600858978947535e-01
9.458071502049085755e-01
9.097457573040934609e-01
1.674103765742570027e-01
4.921847331772156720e-01
5.529926713235792102e-01
8.820192805524771362e-01
8.281573670640178797e-01
8.248826192786758993e-01
8.906180415881792545e-01
7.302338711130575977e-01
9.269009837286082965e-01
8.045324553852208904e-01
9.059614392276582606e-01
9.187516376474056390e-01
7.497388372883145857e-01
9.584206798921641735e-01
9.323998386039770159e-01
9.056103165040857439e-01
8.698937686963486016e-01
9.372624434274733352e-01
8.943123122463803032e-01
6.193761526731003109e-01
8.450754056959709493e-01
7.313211843801025180e-01
4.637285137729990070e-01
9.449402276947631574e-01
9.225356417305929924e-01
8.647426157062566565e-01
9.071455394067189371e-01
8.867082599574948043e-01
9.019553836569185190e-01
9.090715919905094644e-01
4.238250577247140161e-01
9.272474880662756602e-01
9.272344382344887004e-01
9.383557288111269434e-01
5.582939013875982681e-01
8.387048484276177218e-01
7.876199469480797966e-01
6.663066775923076612e-01
8.937634124067508345e-01
3.334202766800087314e-01
8.944322500361054917e-01
4.579022420970518259e-01
3.328137793657596766e-01
8.930770623696049348e-01
8.936895255202890187e-01
9.437050502977133437e-01
9.532562394325720945e-01
9.372422600361618450e-01
9.256782199151055712e-01
6.503228886655413321e-01
9.109951574369595795e-01
8.577749720570194691e-01
9.184821214787688426e-01
8.924481412651851242e-01
9.552281779471553103e-01
9.162207217747282417e-01
8.623119160790042592e-01
9.235607055718612068e-01
7.774794350477918226e-01
9.145362741407540019e-01
9.630199737696579776e-01
8.073627562919506451e-01
4.650252295183595064e-01
9.277595450483728801e-01
9.341125996492720684e-01
9.282421438427810312e-01
9.639964106396075039e-01
8.613128055836956065e-01
8.547982312510926661e-01
9.265452291129410156e-01
8.492773569462233052e-01
8.718382200027576800e-01
9.060050503885177520e-01
9.135619719208611933e-01
7.605993351433089078e-01
9.459234761143267001e-01
4.411995480646029311e-01
7.878149164568022389e-01
9.264282817688396232e-01
9.137782855433835838e-01
8.713323210611636505e-01
9.170999435227835672e-01
9.341689327431772494e-01
9.356419968260538678e-01
7.583279338116009072e-01
8.856762948359356846e-01
8.665853565818191218e-01
9.472111386604959993e-01
8.310903284586541595e-01
8.645147595566807786e-01
8.215543053788902927e-01
3.938053940139544240e-01
6.671989744314295034e-01
9.495426575889586163e-01
9.090207924401196848e-01
9.446222351704524067e-01
3.498628844789462011e-01
3.760701832755780072e-01
9.410361980493691103e-01
9.349284919554312623e-01
9.126555022774474057e-01
8.921879702957344893e-01
6.038531438410931207e-01
8.905029313707393257e-01
8.943393102039272069e-01
9.229235756413191050e-01
9.251634284833462063e-01
9.019219890763288117e-01
9.499729948311566030e-01
9.319855555344209730e-01
9.116218548670887989e-01
9.579704381334837038e-01
9.084586528995368671e-01
9.166038852161644268e-01
8.811320949695654603e-01
9.202839598151614231e-01
9.439831600821171342e-01
7.412560994789429980e-01
9.391653283743452985e-01
8.952542660392326379e-01
9.118866334589961209e-01
9.339360584811144950e-01
8.659455012300775190e-01
9.214678916977442347e-01
8.815096610181238912e-01
9.205265507909023981e-01
9.198263049429595828e-01
8.675772904344438707e-01
4.156732553142548081e-01
4.687520652678534572e-01
9.161762159359583269e-01
9.472214966366129252e-01
9.358086505925542475e-01
9.205941009485789639e-01
8.986622793316230151e-01
8.936965499781555078e-01
7.099757024354448331e-01
9.364800201161519455e-01
8.856742353700353121e-01
9.119244232627679025e-01
9.496882900798426785e-01
9.143580065422547420e-01
1.983371592714562870e-01
9.195579136436858869e-01
9.206919442695513656e-01
9.349836004171858672e-01
9.132227848903873291e-01
9.264636967260466704e-01
9.323465836473452395e-01
9.395298235993359004e-01
4.304458475750261304e-01
8.698294853573503849e-01
8.858635491485435942e-01
9.271767171304654553e-01
9.482572704328147140e-01
9.351771075478255701e-01
9.397844335284539774e-01
9.342732510509745847e-01
9.009003648280806686e-01
8.749061272961076163e-01
6.244718338017312131e-01
8.949669574990715137e-01
8.997212668685961034e-01
8.878103175016354154e-01
8.852143382124805226e-01
9.143161057642027467e-01
7.212060286821484478e-01
8.830186149564948073e-01
8.570921757811882369e-01
6.456463058846857450e-01
8.987443655832688671e-01
8.579173416976106914e-01
9.164175264431596579e-01
9.309764720319758657e-01
9.426245131737516214e-01
9.207434151947213596e-01
9.287866096548402783e-01
8.108196384226551423e-01
9.292960671973116149e-01
8.004732789586171959e-01
9.357701899421394520e-01
3.832997252157240853e-01
8.936522252758705154e-01
9.228108694623167185e-01
8.644478434884964591e-01
9.267760698170921518e-01
9.258032381651881693e-01
9.474069548375984029e-01
8.040387390373489040e-01
7.367919249726000430e-01
6.180016583069665170e-01
9.425437929148476890e-01
9.192204533941183975e-01
9.225368642031583910e-01
9.294108661075370925e-01
8.649440334083517978e-01
9.529553295274031388e-01
9.407655552083542538e-01
9.058363605867263413e-01
8.096088137754057223e-01
6.648245252645853531e-01
9.373499590461917830e-01
8.724515830253793958e-01
9.146769911018448607e-01
9.425527745001194280e-01
9.013292172407190161e-01
9.385025938084325947e-01
6.071312459325572952e-01
8.995987577832358362e-01
8.854024144339116553e-01
