1.637986307091743865e-01
8.355849792741643078e-01
6.234323757090558527e-01
8.689216110185330466e-01
6.148152223286411644e-01
6.790295382241451350e-01
8.025770623865549069e-01
7.828523768724116039e-01
4.463186887489039023e-01
8.738310530047607716e-02
9.269034551241929210e-01
1.181324808680006694e-01
-1.487599891763782822e-01
5.737339577874236429e-01
8.826872330820116908e-01
-5.129753409649602247e-01
1.413854814001779259e-01
5.861907086066063810e-01
4.879158078175882540e-01
1.450947129971927596e-01
-1.942614798608427173e-01
8.704886250173025086e-01
3.094252381513963590e-02
1.315935605329038027e-01
-4.104343862144189670e-01
3.817400672986687726e-01
-1.590350930008668229e-01
4.404231558744574615e-01
-1.873363090938958142e-01
8.866234877515861701e-01
5.052920471178499184e-01
8.875443449502201654e-01
-2.006102836634576503e-01
8.804343274744227399e-01
9.242514905880591103e-01
8.179964172510015841e-01
9.218199261301629477e-01
-3.787974377060295827e-01
-2.280508966590865660e-01
8.709355551926301064e-01
6.747990679742024156e-01
6.808259010502448749e-01
-4.242646183046234754e-01
8.681929984621437058e-01
6.846054973194871940e-02
4.429150961610875958e-01
8.083951348054663200e-01
1.278872763376892596e-01
-5.312787238285230362e-01
-1.074991152634415664e-01
5.913599588697273646e-01
5.957693149482627959e-01
-4.611842020389083086e-01
5.723676623073247205e-01
-4.001732734966098048e-01
-1.543308620870813275e-01
8.561254369765256556e-01
4.583997449100772892e-01
-1.929921978102786331e-02
9.088613183766850456e-01
-5.088364759413086524e-01
8.217898191397439156e-01
4.292231322041574204e-01
-2.220322070207152443e-01
8.029816689000057739e-01
-2.030557117278659063e-01
-9.504169907628258473e-02
7.728056681535191430e-01
4.711056025281479959e-03
-3.389993616561113310e-01
8.992642744948499134e-01
-2.154651980084632268e-01
6.770037453926618376e-01
1.755270242426776317e-02
8.700313064615380343e-01
-2.191553178159838522e-02
-3.098033535372120006e-01
8.817058138731874717e-01
3.171787044988343129e-02
5.816562512783594041e-01
9.302085392213819137e-01
-2.180578679672213749e-01
7.848089519642080791e-01
-3.572892803241956017e-02
-2.280395879065426346e-02
-8.083810144285352717e-02
4.534170338326958261e-01
8.981553665423929189e-01
8.453071269314251790e-01
7.592960510899648963e-01
6.129230869424049377e-01
8.931178728523435639e-01
5.041208238022341082e-01
-5.115207925159755975e-01
8.404943988296780244e-01
-1.863148812477676552e-01
8.100976062029821012e-01
-2.273457817134584558e-01
-2.533149251728480378e-01
6.043572728183850551e-02
1.091420741102485520e-01
6.547654671753972977e-01
8.245018991547903298e-02
9.462114506720155083e-01
8.386648975220529767e-01
-1.474193034688578152e-01
2.002707090813671820e-01
9.370700160203611073e-01
1.170111130819671136e-01
5.589604761118635023e-01
1.386533746945766976e-01
4.167803398047674468e-02
-1.664572174157903650e-01
-1.347728832012214939e-01
-3.849326939263750247e-03
-1.258035964822483421e-02
-1.586594601663410542e-01
6.415667350724896245e-01
-2.638062803269169421e-01
4.876371780982696191e-01
-3.061449875443216229e-01
-3.526249517607357165e-01
3.045157735783338496e-03
6.361436911725326659e-01
4.763042190209699767e-01
8.182235354289199014e-01
-1.393130174377401331e-01
-1.591901546760624009e-01
-5.163393555900125387e-01
1.106955611513462112e-01
5.909437434707349723e-01
6.316961434672490050e-01
8.915983747520164204e-01
-1.749092040581404911e-02
8.313316101164447414e-01
7.898857917916326521e-01
9.035766103710922703e-01
4.559305970092172311e-01
8.930390531041534352e-01
7.723346274963176494e-01
6.057909955189810791e-01
-7.356893755391102907e-02
-2.666396174155677978e-01
1.748117320295103361e-03
-4.083389826232548536e-01
-1.653349517486800146e-01
1.047866613930609203e-01
-2.058551172567822662e-01
7.015868342990623230e-01
7.997774144993974321e-01
-2.363235589746865151e-01
8.550887756129359474e-01
-1.706459580950437926e-01
8.579015449251210512e-01
8.832588138449163351e-01
9.041377946516644393e-01
-3.309335122434937937e-02
8.797860956213121586e-01
8.593497632755894289e-01
4.922800942217738784e-01
4.160021274116236789e-01
8.092527654261278958e-01
7.972192732684533212e-01
-2.501301811702346667e-01
4.897374025018220722e-01
-2.403733434188657370e-01
5.908495239152163903e-01
6.097087335396601526e-01
9.000739100400279025e-01
-1.225046165536219367e-01
4.225990043320195233e-01
9.965147334618558450e-02
-1.689542092370204529e-01
6.167042842294051530e-03
6.303733475207640158e-01
-4.112291425838856540e-01
9.330103853075558118e-02
7.180335966776865142e-01
-5.995274927870346271e-02
-3.073064957139854531e-02
7.895023524202329224e-01
4.079255571909058409e-01
4.626141774211676161e-01
-1.712604338177953767e-01
7.930304988832239665e-01
6.014497685261135373e-01
8.848018313753494013e-01
1.581839426826625594e-02
9.276384348288906345e-01
1.333421874229343274e-01
8.725749097150667377e-02
-1.404684399861995114e-01
8.635113827876148562e-01
7.263004227803445678e-01
6.615081755503163241e-02
8.556655095361356267e-01
8.542365464409411580e-01
1.115123470521138527e-01
-2.028529432505973285e-01
-1.318007148968968756e-01
-2.866976910417102231e-01
6.119197760062326796e-02
4.347430407977316280e-01
6.095804049252420143e-01
8.479472532623117953e-01
-2.198225634818241903e-01
6.668816888192743431e-01
-3.064433472258218383e-01
6.187374051362578564e-01
8.226943246979866453e-01
6.394349312970459831e-01
8.779253343613080407e-01
8.816923825534548342e-01
-7.806049930906416856e-02
-1.185956832864017152e-01
-3.601340036974682440e-02
8.689578036557892293e-01
7.706591270689342466e-01
9.172947083958852277e-01
5.045691472929372812e-02
5.837625580419161242e-01
6.991375870241993695e-01
1.948920400203722481e-01
8.351806476975597027e-02
6.524361699353402599e-01
4.653395994820239689e-01
-1.968154434807511954e-02
5.690441519968061357e-01
8.036125707697650000e-01
-2.361286336913833162e-01
9.851998761035113406e-02
6.343972730001534721e-01
5.472036179066688266e-01
1.273196799303811522e-01
1.256003254851411621e-01
6.460063277683326943e-02
8.693924831013135623e-01
8.019231195911250554e-01
-8.328782241375870532e-02
-5.563196335790693281e-02
-7.953357149898535039e-02
4.856382333646015459e-01
8.107048223535301412e-02
7.979693169946322495e-01
-1.198670833931790025e-01
1.737915577839900250e-01
8.619705481605248742e-01
-2.573325412921530497e-01
-2.166649510444758342e-01
8.075892417009356006e-01
1.515178553634039527e-01
1.782073471881759907e-01
4.525039790369110859e-01
8.528196731998698432e-01
5.712492526792570802e-01
3.000381313881430589e-01
6.304719768786153089e-02
-8.563107132593178461e-02
-2.851483952489154983e-01
-3.642479487709967406e-02
4.994019784746774326e-01
7.976752839625167457e-01
7.845103465590379521e-01
-1.379355687568249444e-01
9.572525396802383790e-02
-7.178095369370671858e-03
9.558154628616177817e-01
8.943106725216514175e-01
9.126029927895338290e-01
-1.725010614675072107e-01
6.972383769334440373e-01
8.470740774043694632e-01
8.836561397303082099e-01
2.038213808828672272e-02
1.355421212950121412e-01
-4.487327363918258705e-01
8.742181698340590890e-01
4.772658204682300176e-01
7.738678602459936329e-02
6.476612702363926388e-01
1.586264423184350347e-01
1.805260586299712450e-02
-2.066929268012077936e-01
8.403827052265273601e-01
7.900580783989558098e-01
9.053117258533383005e-01
2.041230644110397785e-02
7.843965042472548221e-01
-1.920110354603301595e-01
4.754079850844466493e-01
-1.793996448336303007e-01
5.837834242077704072e-01
-5.073187272096726930e-02
7.031927993455748815e-01
8.352815109791378312e-01
4.426769414639332156e-01
-1.199184588992219941e-02
8.490371380311046989e-01
8.958220045098089779e-01
8.489740732164394732e-01
