9.533555827756015066e-01
5.685077394031466946e-01
5.881506983097111174e-01
4.320058371897911864e-01
8.301535566774100872e-01
4.532520589265902067e-01
4.639330604507164724e-01
2.169161690442528156e-02
4.842009260728878939e-01
9.122840908071734312e-01
1.238802194727079142e-01
9.141101820580386228e-01
9.206400840507751315e-01
4.407529529135554291e-01
6.228556971069754145e-01
9.532852259753517021e-01
9.174847948355262517e-01
8.667509747416607402e-01
8.457180808747959411e-01
-5.170570906535706945e-03
5.457404448052713963e-01
6.392318287229872276e-01
9.568744429949636032e-01
9.402759582269990535e-01
5.349710954413058328e-01
4.696414264202003475e-03
9.191713676097796881e-01
9.164013104735115878e-01
9.505892145174648089e-01
5.350994426403483661e-01
9.537322038151195835e-01
8.786841814619241742e-01
5.079217943248546252e-01
6.562133992565701845e-01
2.038883773867875004e-01
2.391599768167112505e-01
2.755477105709531749e-01
1.724863306954956266e-01
4.834813414788550201e-01
5.931013966778968527e-01
5.568164527381791462e-01
9.085534917586841619e-01
1.942650671346974334e-01
8.970620513896607751e-01
9.737275557820415095e-01
1.019213254482045916e-02
4.308617132615225054e-01
4.991062843482599876e-01
9.132335755792503340e-01
5.110878529726715636e-01
5.688160746333250639e-01
5.008384621248734847e-01
5.359198747222015946e-01
4.519703671492855124e-01
2.931230268621577983e-01
8.921850966617557166e-01
5.218104573625157450e-01
4.922352843046600146e-01
6.954080851188377821e-01
6.212447859807168626e-01
2.509520061153471815e-01
9.105979231823388975e-01
5.588449908043714442e-01
9.529920301493386425e-01
9.677581741675038707e-01
9.336988727480846073e-01
5.408620463201010420e-01
2.136839659555634097e-01
9.214222323563356909e-01
1.895156955397075960e-01
4.667591013955298407e-01
5.327592721662799402e-01
5.276490390711325862e-01
5.152954915009753112e-01
3.005422428002118562e-01
6.318484911358245304e-01
2.324985153444595887e-01
6.480884760667091626e-01
9.837088510392240082e-01
8.966526122754504557e-01
7.671427262218808441e-01
6.152055370920483934e-01
1.788023277656493604e-01
1.677476567997101542e-01
9.167067986363419685e-01
4.928765930750814706e-01
9.661166184228473508e-01
5.096480599487671626e-01
6.834267687428494664e-01
-2.376742087402071435e-02
5.504323602879632737e-01
2.849300352215720089e-01
9.506833697238697978e-01
5.312674108411187257e-01
4.693118791531747935e-01
9.442110026971045622e-01
5.585414070265311004e-01
1.243636805708096815e-01
4.527149329346639717e-01
6.634584056843693123e-01
9.248177294822266248e-01
8.044702035527893091e-01
1.563684262449396289e-01
2.064944230242181378e-01
5.459304140906342528e-01
5.032583319038002045e-01
3.959895171086155186e-01
6.180581204590696043e-01
9.155567671416205977e-01
5.857520810780911802e-01
4.981996545846488211e-01
9.269098962685258236e-01
4.094073701519109765e-01
5.901273444005320501e-01
8.477132849865522957e-01
9.261654950128265229e-01
9.041694877579107281e-01
5.505389624142601468e-01
-8.464786019396679240e-02
1.749283123157978626e-01
3.410496720610410870e-01
5.397088181961068321e-01
6.288852258651209670e-01
7.152645265248043227e-01
4.045699853470337004e-01
8.171563536988785126e-01
3.491042317320149913e-01
5.463079243372617189e-01
8.888501774535753075e-01
5.412499450384132826e-01
9.615187299497576223e-01
5.766584051921326282e-01
2.522750158960002098e-01
8.791044752283885266e-01
1.740128789671596954e-01
2.872996966666360175e-01
9.193121724875890077e-01
8.187390810336736546e-01
9.750887350879244853e-01
1.337708866842879374e-01
2.192970667880064783e-01
9.137250309281617078e-01
6.307383148272940332e-01
5.801634852884222093e-01
1.730167960246695447e-01
5.532639697517285349e-01
9.194450563429134027e-01
7.307417217389744479e-01
8.817738356693993751e-01
4.379469665100885201e-01
7.866342791344809182e-01
-1.704753818013675370e-02
2.322636798491905519e-01
5.089501605886084246e-01
5.052744717790677020e-01
8.995707349855790458e-01
5.934042996315711527e-01
9.408772550270299018e-01
6.226011190703236720e-01
6.130220231049481328e-01
8.485244955776274356e-01
9.328360203233325709e-01
2.447926976102462737e-01
9.193648662216766798e-01
9.524422597002939472e-01
5.395353296929519260e-01
-6.620562019622869276e-03
8.538661415789911002e-01
5.225518971568826609e-01
3.325044081724619627e-01
8.141450441712729802e-01
9.194871536523925304e-01
6.054099473826214384e-01
5.547050617393045613e-01
4.870149167389118405e-01
9.615355032290069381e-01
9.330782638419607977e-01
4.834140855228551970e-01
5.357218896013584697e-01
5.002778342259540656e-01
2.433685873765550622e-01
5.587190556624944682e-01
9.342903077906052900e-01
2.565626610213495584e-01
1.003814797168173512e-01
5.462854643800506560e-01
3.183866036467309368e-01
7.731956283468013336e-01
3.492325286361908088e-01
4.715534385238386861e-01
8.938659927527776716e-01
9.188140897470090662e-01
3.282295751993117294e-01
4.617861684937507039e-01
8.513431968310593012e-01
5.588320175420293801e-01
9.572770350794632677e-01
6.045180245747696635e-01
5.671425606881290715e-01
9.664464607620519843e-01
8.356285131979246383e-01
6.150890967341231530e-01
9.357410420066482049e-01
6.250643738861493270e-01
6.153859527462819390e-01
9.330931788448778574e-01
6.167804094457525199e-01
6.018631631462455500e-01
4.524365241318792363e-01
2.334005245402282491e-01
5.407792920245911850e-01
6.069666157856301592e-01
4.968243361643476241e-01
2.726248052858395998e-02
9.425165655311016355e-01
2.076213749396737251e-01
7.549058980127345553e-01
9.498538575037909215e-01
3.481306363857598618e-01
5.146461539201119262e-01
3.217255645887932003e-01
5.123733408184287796e-01
9.106517707217391955e-01
9.495199259925870550e-01
9.554902198935314450e-01
9.784108067482106819e-01
8.219539658335877075e-01
4.833961564246520570e-01
9.361561233284370065e-01
7.055753746338669918e-01
4.381030815933532885e-02
5.985137056014371293e-01
2.258296233729326363e-01
8.789873569004883480e-01
9.713111322063123776e-01
9.216655619475788708e-01
5.038172533022993171e-01
5.366594270060551786e-01
5.969574657915324156e-01
5.113133801449057936e-01
-2.545445560425971254e-02
-3.295849425803085153e-02
8.658887389494013265e-01
2.837256937693958259e-01
5.332318300880859452e-01
9.412580392004487040e-01
1.739790234327288077e-01
5.784889728272621934e-01
9.336182983418008785e-01
1.734743803481930968e-01
5.284415806630387014e-01
9.503758552048464647e-01
9.134624053254492004e-01
4.358589347666473324e-01
5.162540074832799863e-01
9.276653789750366474e-01
5.424856702564703204e-01
5.361348013451807670e-01
6.865523434691227223e-02
9.639158489677780439e-01
8.668616961112773911e-01
4.823806645507095481e-01
9.202168121703269144e-01
6.476406190194317070e-01
5.524931816204462498e-01
5.737902756216438638e-01
9.656181835773780531e-01
3.299887319148298026e-01
6.012493091808461809e-01
4.531547093793282244e-01
8.138533121190352215e-01
5.234988548660857166e-01
5.025202732180288345e-01
4.933406082122234193e-01
8.538082306594733106e-01
9.085507961889121020e-01
5.567038267145956176e-01
9.418688490894612242e-01
9.624673046278541255e-01
4.859093890599901489e-01
9.464232569518873373e-01
9.474170996355353314e-01
2.258655904601387376e-01
5.468025782284162695e-01
-7.553238527021395587e-03
9.206104126827978629e-01
9.028504449084459038e-01
1.660121976331138116e-01
5.200348866371365952e-01
9.249380033943206403e-01
5.305475527252687673e-01
1.880808790822666443e-01
5.126159506615793893e-01
4.802597759498034025e-01
7.232346321503377862e-01
5.837231091425612028e-01
5.427397646928158181e-01
9.253421743711816028e-01
6.413938906052920608e-01
9.678891435995234938e-01
