8.909831481898524697e-01
-4.195013359880566117e-01
6.878510975216416412e-01
-5.142603297655522487e-01
8.433424791965191680e-01
-3.399855456558299460e-01
7.079038104180696012e-01
1.170168456444086874e-01
8.976812032152603482e-01
8.404884065572320040e-01
5.042301057694631439e-01
-5.418616734376292543e-01
1.424605506852827386e-01
-4.018641063509600930e-01
8.351668754407099993e-01
8.402909085762764185e-01
9.267729860097653205e-01
8.078511799356435930e-01
8.215679650067317930e-01
8.690240692360776675e-01
8.799163191689030050e-01
8.617846278881919897e-01
9.113371706611057554e-01
-5.121603793833270357e-01
8.740419858137631337e-01
5.196151402697446464e-01
2.116240660237050653e-01
8.426979827668464873e-01
1.521203930138276261e-01
8.776338217751620263e-01
-3.289208379379320313e-01
6.277748696332242639e-01
6.902691272494254626e-02
7.262024228338419540e-01
5.176060374939333020e-01
4.827537537767913611e-01
4.978251748172818347e-01
8.469105162035146517e-01
8.704450216311327981e-01
-3.986835416715889258e-01
-3.131715474540534561e-01
-4.697345708595340730e-01
9.011148018284943495e-01
9.018998307120640323e-01
-1.301869367736492589e-01
8.014545306196858565e-01
7.648764384157753504e-01
7.237420885713652385e-01
8.955884951920609627e-01
8.924512419267106589e-01
-2.025483744520349405e-01
7.707018242396658225e-01
8.273957154208855247e-01
-4.121902346628838476e-01
8.513085133058576615e-01
1.302452347954871914e-01
8.259537529678055989e-01
8.114328988097001538e-01
8.485448283034995320e-01
8.362378784022306277e-01
9.159057235291072629e-01
5.073964988513447738e-02
7.145799151168218399e-01
1.465281271782863659e-01
8.721663244587676833e-02
8.863123746339790499e-01
8.344124123892802114e-01
8.797632942249397070e-01
1.887079872414488824e-01
9.157869054288212407e-01
8.089212812643380435e-01
-4.361766752096414845e-01
6.810127870622633139e-01
7.072799849202973110e-01
-4.496980944482914522e-01
-2.136467733389837975e-01
-1.524382382047576867e-01
8.354504889194348527e-01
-5.093804368087916368e-01
6.495581991464833838e-01
8.346387558947119256e-01
8.791002397006855151e-01
5.000745601460945267e-01
-3.563494028224562515e-01
-1.973830497131517092e-01
8.574751759531668016e-02
8.204673021266446487e-01
7.934880997130524527e-01
7.905526904920436859e-01
-5.212512744762285433e-01
-3.722112749113242192e-01
4.795116268094082868e-01
7.822079060602237233e-01
8.364510040120805012e-01
8.471173830308100783e-01
-4.968946958439677264e-01
8.147141090880180014e-01
8.069560295083894053e-02
8.174862827259861131e-01
9.040525458195408648e-01
9.259310380549139463e-01
5.822776138197462981e-01
6.489613735116669391e-01
5.091533705527400144e-01
-4.849126941911393596e-01
1.757055688748340450e-01
-2.961413390796787670e-01
8.180435799933820640e-01
8.743726289922841843e-01
6.178373258157412451e-01
-6.590220815182379344e-02
-3.739798489531491743e-01
8.437131360390792700e-01
8.517793454980134848e-01
-5.118288362819000126e-01
-1.854301748162675567e-01
6.465786155134781721e-01
7.966669918551657625e-01
-1.605767368180386900e-01
-3.349701933722153968e-01
-7.338498669140063047e-02
4.284310263816577813e-02
-1.353681947278619624e-01
-6.183129224413514979e-01
7.909984600629643703e-01
8.874525184021748725e-01
6.199521677149679721e-01
7.642721044663027818e-01
8.480437001736957914e-01
6.307532205992369967e-01
7.165257415277225261e-01
-4.874075800047149576e-01
6.810920507940424473e-01
-1.192033655814353915e-01
5.676716365900887906e-01
8.391631620771751177e-01
6.684255203271390888e-01
8.686340376806185315e-01
-5.705305499818047466e-01
6.652752845522911240e-01
-5.028042687455154258e-01
2.091943065953883463e-01
8.940751783726238466e-01
-1.926153168315687947e-01
8.854508267253646814e-01
8.843723442886192165e-01
8.320743135317241190e-01
8.902996964685726544e-01
8.717812619118294748e-01
8.814679624119741153e-01
-4.072229296671543430e-01
-4.428407176811345325e-01
1.642839208031986464e-01
8.432173737550558990e-01
8.990894385905384700e-01
-4.455799124666864897e-01
8.079775139119160787e-01
6.339273371388156608e-01
-4.811491962764390951e-01
8.866095905637723096e-01
8.253603166181353590e-01
1.152281491898842491e-01
9.026240446349305113e-01
2.407431055851504131e-02
-1.195309597871385826e-01
6.289362837428200681e-01
-3.134863906537649347e-01
8.651137543110485328e-01
6.276729575087257595e-01
-4.887506819559463977e-01
-1.516169668697828765e-01
9.100143473539497041e-01
9.675214292229206148e-02
1.903546499688612004e-01
-3.831665654117812903e-01
8.128792809441456324e-01
-6.153576700048409842e-01
8.307204387494726561e-01
4.445444109964411528e-01
8.331809424346108273e-01
5.711384943090307420e-01
8.866701191031765017e-01
7.984652110526815338e-01
2.050665066743077303e-01
8.445721352798722936e-01
7.571681984997060688e-01
4.718338935223633235e-01
5.540940302197625567e-01
-4.640511318809965174e-02
-6.216007600760036222e-01
5.352942185104325734e-01
2.005628931019519667e-01
6.412965775231382892e-01
-9.845424520763090825e-02
-4.377739960145731191e-01
-4.308006604429816533e-01
1.172920493609383996e-01
-6.070748354532181645e-01
8.403670213767295838e-01
1.747349310023607605e-01
2.059830677317121828e-01
-3.967019159860135646e-01
8.413913575958289481e-01
-3.106150940553561446e-01
-5.269057880203555921e-01
1.046421675818755281e-01
8.420794177219125265e-01
1.741965958479722854e-01
-1.438027708276231609e-01
2.459866903672280058e-01
-2.267008856582865550e-01
8.857615510036450646e-01
-5.269593729174373298e-01
-1.952030338866611037e-01
1.508716619632181621e-01
5.313689873383332651e-01
-5.528072732532374189e-01
-5.073119045249856462e-01
5.196679704625868368e-01
-1.152937915653165502e-01
5.302330850615747382e-01
6.301770099861703223e-01
8.852203921790408048e-01
4.539175079770059462e-02
7.258409006659167773e-01
7.734801417340708696e-01
-1.210908260160119543e-01
-4.156913734038165664e-01
-4.582654719274250055e-01
8.684755172169915660e-01
1.438491363710493187e-01
-4.096988952526295913e-01
5.367582646279140945e-01
9.284769327049295917e-01
9.219243311824001363e-01
-5.544400561700031371e-01
8.571255775488502149e-01
9.377671379599701318e-01
8.182627800886892455e-01
-2.098177846008885128e-01
-1.695305953473492111e-01
6.084305427820133616e-01
-6.141673420545563644e-01
9.000784046742256184e-01
-1.232606968013045118e-01
8.534051928391896968e-01
4.046955973740107293e-02
6.821310779112026434e-01
1.942015972201764362e-01
8.832790529540253122e-01
-6.116751558730937344e-01
8.560643970300620964e-01
8.445200206590520731e-01
6.353490921930708968e-01
-5.032319325811557276e-01
2.033325401053273085e-01
-9.981063879300439146e-02
8.510293313368095802e-01
-1.416295295537384202e-01
-1.189608175068762597e-01
7.703722984076906144e-01
8.441987375957831219e-01
-4.152901445878268705e-01
8.305568891209029747e-01
8.694316134937906115e-01
-1.721642368497868503e-01
1.685423868007191184e-01
5.502105628882805188e-01
5.018040771490271945e-01
8.313223131997085069e-01
1.123937899897683446e-01
-3.153979343904237953e-01
8.509363971719106079e-01
-1.890893113825442007e-01
8.678475552677258342e-01
8.300449324079552937e-01
8.088203103125100046e-01
6.515123186513152032e-01
-4.988459941576075529e-01
9.554980500225523921e-01
9.390213339636723777e-01
5.128810318413320468e-01
4.925087042125148029e-01
4.803919850007364323e-01
8.406085298591439159e-01
5.433985922102552157e-01
-5.570809332797206359e-01
9.294912032999314011e-01
8.450497215987503585e-01
8.062699418962904208e-01
8.439740441942553684e-01
6.164331585733776597e-01
8.551500781281513586e-01
7.645590542302767023e-01
8.637362940230728370e-01
8.606929197298974765e-01
8.713596306331221619e-01
-5.862613583183660104e-01
8.399676687908139705e-01
5.798049614122289253e-01
