8.699064993943459445e-01
8.214250347043137168e-01
2.787046893897681121e-01
7.875517284276432051e-01
-1.266375968033689459e-01
7.631868866567796950e-01
7.979982364609357059e-01
-5.624827307248699004e-02
8.758370465704512497e-02
8.011449089081180697e-01
6.183000471634376716e-01
9.426168608622269574e-01
7.732166780920054494e-01
7.957028099633913776e-01
7.324151570675323519e-01
8.551001889638449871e-01
8.873169074260915945e-01
6.338605628254015412e-02
-1.004021400462834085e-01
8.733768078074902741e-01
7.905988254331643983e-01
1.072657534520746886e-01
8.724109150377035160e-01
9.497336356098480259e-01
1.129515728874800201e-01
7.986838531078928050e-01
8.390807266128028630e-01
-1.332368598075917565e-01
7.523361560951582483e-01
1.259791014512828267e-01
-8.883743900326392107e-02
8.979426187087413691e-01
5.428183293917732133e-02
8.132137508109751334e-01
-8.168610200983615621e-02
-8.670020675524807430e-02
-2.282077264034498287e-01
8.385886774834183655e-01
7.856071647935529700e-01
8.080387932407354645e-01
7.803221535704625289e-01
9.491117545951526235e-01
8.163982532082274535e-01
8.863067016763490624e-01
9.414803722120426155e-01
4.971099838151412098e-01
8.299501554649378887e-01
7.128130494288984487e-01
4.054709791410421871e-01
7.771410866343815282e-01
-5.828056771600131913e-02
8.044723981291490578e-01
8.596366705480017467e-01
8.154919679238987751e-01
-9.885987209079612203e-02
3.289049850983376266e-02
5.725232587430377773e-01
1.423763977254648427e-01
9.118790022486149283e-02
5.057064034367791949e-01
-1.040919777946558433e-01
7.647524930576941049e-01
2.285436919873908845e-01
2.048355792609826698e-02
8.551624467263909679e-01
9.224194163059178386e-01
8.080664866639752919e-01
8.071677411246029887e-01
7.498912561847960179e-01
8.016771090592795801e-01
5.109353195721442198e-01
9.705778166045464506e-01
2.967590634144992023e-01
8.004388985126966727e-01
8.162576681825551850e-01
8.302527512728097303e-01
7.988273553958823436e-01
7.866071702699695134e-01
9.402605666655252659e-01
2.731526640420905983e-01
8.407024240116132141e-01
8.654686425096345115e-01
8.098472399576794878e-01
8.163359305128692345e-01
8.896206570422523496e-01
-2.908396312994411537e-02
4.517035402542282085e-01
5.252352029936737665e-01
1.283633777664066611e-01
7.893284521010137667e-01
7.815177554873680155e-01
-9.711327428158969544e-02
1.837395365842807160e-01
8.205343675153284888e-01
4.335911095548309335e-01
9.283691998722691796e-01
5.787436670947403439e-01
-5.654782568284449917e-02
4.460492270729072839e-01
1.204186012775666642e-01
8.033942212745608380e-01
3.221468064288161015e-01
2.657126969235258929e-01
8.381389748496292924e-01
8.057168029359429440e-01
-1.108961712130716870e-02
8.506620003210503267e-01
4.620428719209971336e-01
9.062749367084064200e-01
3.184250860032635799e-01
7.793261767774474214e-01
9.653534856244092577e-01
7.922635007802532048e-01
7.934016990733406827e-01
-1.414696421799790937e-01
8.917629186679945086e-01
7.887606343941399034e-01
1.346930746811138002e-01
-2.070395522413249201e-01
8.126929546222700917e-01
8.952289425655519661e-01
9.276315910481648663e-02
7.931057551070488376e-01
7.736507629009458098e-01
6.619898987053591810e-01
5.135013578755814878e-02
-6.435188663185023583e-02
6.078767884939292321e-01
6.057739834469910711e-01
3.239843219581298728e-01
2.894232365028858167e-01
9.309529245275233178e-01
8.575551760015134306e-01
9.295304831157125136e-01
8.346302154143839802e-01
8.277200947703946543e-01
1.284587094509513638e-01
7.386629428001278974e-03
7.729853061869095265e-01
8.073183905772129965e-01
-1.856416369213391426e-01
8.112555693668852541e-01
7.688221427141724851e-01
7.849805297744110177e-01
7.534970628352564148e-01
7.861270355461263959e-01
8.655441528212733937e-01
7.736122246441534678e-01
8.327846674394761006e-01
9.577878915622076161e-04
7.726342987891385850e-01
7.810101490801171220e-01
5.309489742109232968e-02
1.278876756028450856e-01
9.100452039324227749e-02
9.520566589777732514e-01
6.081931265513728091e-01
7.363363766105098795e-01
8.296175352398587055e-01
3.628263625782313095e-01
-1.149406491657653517e-01
8.432599579733246475e-01
7.939694150710560061e-01
-2.243998531866986043e-02
3.314543641329923407e-01
7.973540830982610572e-01
7.941074101140168651e-01
-1.175450986632667755e-01
8.991414190091723269e-01
2.303545326763529189e-01
2.194461928607790435e-01
8.897150448358024377e-01
-3.329611465420419247e-02
7.603685373609295750e-01
8.087660290280773712e-01
7.913173535252941981e-01
9.368033535280999580e-01
5.006813551865657574e-01
7.418990440830763866e-01
5.623849259844397874e-01
8.714843692478444481e-01
-1.134496569094682883e-01
-9.672582749983528461e-02
7.374617795578815027e-01
7.933413739620629457e-01
1.682037225995356988e-01
-1.853174746942470308e-01
-2.696397593441954288e-01
7.843599235663444302e-01
-5.171357685783151137e-02
6.026964649071787222e-02
7.250620184414320324e-01
6.336116554881292551e-01
3.003263790820891455e-01
8.890013659643851707e-01
7.778529313950053314e-01
7.802035229241036651e-01
4.966510645941537017e-01
7.672952901807085224e-01
8.250318136437901906e-01
-1.266924826563443213e-02
3.293721680444436917e-01
-9.445101640216652106e-02
8.040303956728824808e-01
7.794052879794018951e-01
7.706531643661269637e-01
5.169050949099101011e-01
5.344832594814429710e-02
3.411733560379572872e-01
1.320130459095856246e-01
2.644314375434450026e-01
9.303912940684097577e-02
7.803258980802563194e-01
7.974818268787714493e-01
6.715191425751148024e-01
-2.095377773354438755e-01
8.127261584006347794e-01
9.262800356420457515e-01
-1.639767739078018816e-01
5.659788887376991928e-01
-2.924002834789448182e-02
2.382648988557481695e-01
8.258148481894973525e-01
8.460862275633651564e-01
2.810167680002970680e-01
8.143614008598827336e-01
-9.018094316533314947e-02
7.987950483505460442e-01
9.774800314735756501e-01
8.108531150659044062e-01
7.116381897307488824e-02
1.133250361942606393e-01
-2.709463715519358148e-02
9.129792449655940167e-01
8.426931743734369373e-01
9.476963019447273151e-01
2.698416497962647931e-01
7.850939294131371593e-01
9.133043123022743792e-01
3.902770233190843152e-01
8.738671454102018288e-01
2.698984215696234590e-01
9.073484527087529727e-01
8.210259609656298530e-01
8.339499092905409139e-01
9.123353328338983381e-01
-1.819662972343329133e-02
2.921991723149934828e-01
7.710777993373758576e-01
8.025496563921983295e-01
9.207079284993430202e-01
9.137659052078203059e-01
-6.253196661334892159e-03
8.410287994171857795e-01
7.955523312855373730e-01
7.517854149517134710e-01
8.043269684405245368e-01
7.750740137831162446e-01
8.005423974457890335e-01
7.976671315225130066e-01
-7.695842585346777953e-02
5.151502048599000405e-01
7.907063262915003943e-01
7.910305960346677434e-01
8.837422886478902839e-01
7.719163623394587059e-01
7.776981862919307709e-01
-2.121614857657817821e-01
8.401365559637163916e-02
7.914371160197513078e-01
5.834183416660860405e-02
7.905928287623353867e-01
8.266042304402523855e-02
6.037301146332492152e-01
8.746760117856469119e-01
9.663954451638961940e-01
5.101035953340903317e-01
3.626842998009615071e-01
8.876422106548094160e-01
6.880024086010370077e-01
7.972202220012984952e-01
7.579560662898554568e-01
-9.378754292241378576e-02
9.060278201162927925e-01
7.995538213020879637e-01
8.876177534512591505e-01
9.509833395148321600e-01
8.567134501818872705e-01
2.039443569773013443e-01
-4.931310688817915761e-02
7.885852752696876911e-01
8.213165501056748363e-01
7.676567249658242109e-02
7.062267388793077583e-01
1.585346359924960091e-01
8.070520484939935901e-01
1.409337705274885943e-01
7.706840320896557461e-01
1.067410483955439915e-01
6.399798913940610845e-01
