-5.221979588401873817e-01
-5.584115839024106354e-01
7.136955001367004670e-01
-8.267296645916816233e-02
-1.246620962507237751e-01
7.883527906328761103e-01
8.912567145919509937e-01
9.171798323145663456e-01
8.489964210773383035e-01
9.182014593718959006e-01
8.788838390615711926e-01
9.439864524168206650e-01
8.424436183758554630e-01
8.433519731577114875e-01
9.293265499020249010e-01
9.274350978886021224e-01
-1.247789275763907246e-01
8.390758283555577179e-01
9.612712098464102350e-01
8.786692588235244239e-01
-5.087410159256747916e-02
9.205855955477709740e-01
-8.318242793228672327e-02
-1.290921034915905041e-01
2.655629371218046764e-01
2.595911408183181890e-01
9.168916663284663038e-01
7.670184765693183193e-01
7.656891877426421633e-01
8.757275428329591715e-01
-1.075046307807121793e-01
8.291961832557048773e-01
-1.252422937685664928e-01
-7.376604889030724532e-02
2.595100593011104295e-01
3.817112766199772800e-01
2.313189156630044707e-01
-5.878231177811513719e-01
7.818749832576794567e-01
7.861930366459243258e-01
2.544101618386503949e-01
4.472094510950429536e-01
9.922500120266812829e-01
9.744175903578233822e-01
8.989284496449949646e-01
2.756903886535791992e-01
9.964432519725485715e-01
9.079737483134900922e-01
-1.439539016454383924e-01
9.316034258867387230e-01
-7.307562225681718537e-02
4.829884023279981675e-01
9.367561661643060145e-01
-1.214144519786781312e-01
8.225299226392275287e-01
-1.146392557029827508e-01
8.749060964395292128e-01
-3.292792120018335766e-01
4.561743005955533059e-01
2.880928394606481202e-01
3.024881762632384286e-01
8.310644842454473213e-01
-3.089167508824138819e-01
2.593641990969681316e-02
-1.430527036387496120e-01
3.235867280262475498e-01
-1.444881437673443958e-01
8.658943082113399470e-01
2.493226288793997381e-01
7.296497177700864700e-01
2.501737554654032691e-01
8.955225204216106238e-01
8.059944361172719507e-01
-8.548016483610074157e-03
8.197329013399100583e-01
2.831614854098604694e-01
8.982386565876164797e-01
-7.221778352649831090e-02
-1.116987266331626594e-01
2.832987260570875021e-01
3.073203042997509349e-01
8.119712283174229661e-01
9.358917206800838606e-01
-4.576137131454804940e-01
7.396722007385554409e-01
8.636891056269364597e-01
-1.113428924181816548e-01
4.165172151771359688e-01
9.019888038068594183e-01
8.790814805403757148e-01
2.883541012668422443e-01
4.690216220814472647e-01
7.003090971878711546e-01
8.090413269973411037e-01
9.365297644869485794e-01
2.931294361990326447e-01
-7.496694080603862054e-02
8.938038126687923857e-01
6.400749579899167596e-03
-4.385356969206546385e-01
8.047557085105806474e-01
8.699447736776715345e-01
8.648124908750264295e-01
-1.737085032094307369e-01
9.324972968627343040e-01
-1.997125988238571681e-01
-9.282642782931238568e-02
-1.574814072190349190e-01
9.390417503241663688e-01
8.632917886019075837e-01
-3.683182002725035598e-01
8.674127032105225510e-01
-4.009774404627109989e-01
8.432758394312108718e-01
-3.543838267843407719e-01
4.822163781693225015e-01
-9.038663387920554959e-02
8.567004593266362988e-01
-2.737076859198186302e-02
2.447198969792085121e-01
-3.972053323430463911e-01
9.182818136804300480e-01
8.715644678828307068e-01
3.898385174392957619e-01
9.780771514915942433e-01
2.727601535855896375e-01
7.269479513889856026e-01
7.491644459209250151e-01
3.091928949206406152e-01
-4.804655934754349378e-01
3.191711530423375631e-01
8.138374297391531842e-01
8.149673162268018523e-01
8.674988462058050853e-01
8.813425426153901343e-01
9.280824138673066104e-01
3.134022642130462888e-01
8.324367790157775060e-01
4.211028488194250574e-01
9.207824626177339988e-01
1.082840433595313664e-02
-4.482176082083753899e-02
7.409657676505709833e-01
9.000664746015326623e-01
8.865286275755817069e-01
7.946384400154005156e-01
2.108124167333107479e-01
-1.928301956216052493e-02
-3.006360425898237931e-01
-9.310265161123171263e-02
-4.489838562980030812e-01
9.576753017437836801e-01
-3.744497443001912895e-01
1.505641533736276350e-01
9.164912557827178397e-01
7.889674022524153507e-01
-1.135965699268253470e-01
4.919794816873340193e-01
4.284971770508242406e-01
-6.577761020201133846e-02
7.905661397311849470e-01
-3.728056458497746029e-01
9.023743789085348910e-01
7.982681339688015854e-01
2.765736811594208255e-01
8.784071153018280231e-01
-1.200268433099858922e-01
7.943269343416482497e-01
-4.711274608875885839e-02
2.151799561344209799e-01
1.940357062412281230e-01
9.231487291869728828e-01
7.738245898687030611e-01
2.327900596202408245e-01
8.857965690194611330e-01
-3.174395526479871221e-01
-2.930109042607196845e-01
-9.418732047303793320e-02
2.956943849565778493e-01
2.957686057206118657e-01
-1.008742198853368188e-01
1.135388024288258579e-02
2.872903875178426381e-01
-5.552480836881350523e-01
8.189541860554494512e-01
1.910852708154346102e-01
-5.269535953915898130e-01
8.671395840560046642e-01
2.877461200073850867e-01
7.816193422333495011e-01
8.255974052229952953e-01
-1.181863849640050201e-01
-4.358411297889014380e-01
-5.339822658532382693e-01
-6.909120691201495190e-02
9.158584977870192212e-01
8.026657192021440235e-01
2.312559487466624986e-01
-2.255434572420859651e-01
8.594397687942298969e-01
8.807942561544777060e-01
7.856464491670569483e-01
2.786031223555967551e-01
-2.809974520978843204e-03
4.535373887227899248e-01
-1.118333900915101098e-01
8.920216772621081258e-01
7.981803757208366656e-01
-4.323346646224481005e-02
-5.707248271071267975e-01
-1.718316219751659935e-01
8.200058150071699581e-01
7.042320592527218093e-01
-6.077874237747230013e-02
8.254327771871912134e-01
7.990443768736976704e-01
-5.447529405166056105e-01
-5.830818163645410529e-02
2.907863616129094941e-01
-4.533000411392305168e-02
-1.137005673387723459e-01
9.138884434062058970e-01
8.583108610622588452e-01
8.118154242405584142e-01
-8.874958603673310797e-02
9.581448763012770931e-01
8.888548042835798801e-01
-1.005154026805498285e-01
4.373073022806578392e-01
4.359347718949710959e-01
7.892201667161435896e-01
8.674953973716776900e-01
8.243142812738595282e-01
8.098251913646001832e-01
-8.274745029090557757e-02
7.740427969035342803e-01
-9.081230880263566063e-02
9.199879667078985079e-01
4.290867969255489078e-01
2.455433395817003817e-01
4.450861450803673680e-01
9.483598794861747283e-01
8.343405069611545821e-01
8.192286889081380474e-01
8.553829353846296168e-01
3.248577109829406950e-01
-4.956035371370446918e-01
8.105683110076851161e-01
8.976812578738478932e-01
9.183859509685011746e-01
8.301929141045215621e-01
-8.767576837790760913e-02
-1.338328181071907486e-01
5.400470399486491102e-01
9.347826584469554057e-01
8.089372256573373887e-01
-1.063033133513988648e-01
-5.263569720661880336e-01
8.510713711008245363e-01
8.188812908743803298e-01
1.529380010460927586e-01
-3.050842933254503397e-01
2.566275024012937278e-01
8.135625869952132216e-01
8.282864076337659309e-01
-5.089613521704168531e-02
-1.025293077939330166e-01
2.497516638912967435e-01
4.621756410358185407e-02
9.361277794614299985e-01
8.255904239807406730e-01
9.063580398976253116e-01
4.872800564044086347e-01
-1.001806645425057651e-01
3.054311097832728139e-01
2.614986729863881254e-01
-5.883071339347903383e-02
-3.567310785726269390e-03
2.062928033593307287e-01
-1.187382761397893366e-01
8.747099770494244364e-01
-4.349604807214704771e-02
8.875901523735323373e-01
-3.107412739986857575e-02
-3.593827649485128450e-01
9.589435513058939264e-01
-4.188848097723139596e-01
3.153267886350459293e-01
-3.587687023551735521e-01
8.422000369161254385e-01
8.121592287626154816e-01
-6.186411380760643564e-01
-2.868781379582601709e-01
8.092621888485320714e-01
4.571136523580169864e-01
7.900549075381667619e-01
8.787565850296976677e-01
8.239610863687107933e-01
9.283544972893476022e-01
7.808002896809305149e-01
