-3.208557367826949669e-01
-3.915733185559998608e-01
-2.141224350636202201e-01
-2.239149939743012019e-01
-3.709928892697367253e-01
-3.134716291986670011e-01
-2.545768039472485755e-01
-2.185264793860236532e-01
-2.898793204656955336e-01
-2.795035971950158293e-01
-2.192828441034591347e-01
-2.868849423032730495e-01
-3.742507949104457166e-01
-3.088743735668232349e-01
-3.402219296389816794e-01
-2.333881821256403033e-01
-3.395854798001628483e-01
-2.985642740601942569e-01
-3.128580954329851505e-01
-3.628090027212526048e-01
-1.901941706871616566e-01
-2.555525088689551971e-01
-3.538496697509430078e-01
-3.139954781535048145e-01
-2.983902227796931816e-01
-3.270071349823340245e-01
-2.566615757151932131e-01
-2.383079784093295739e-01
-2.934066672200554282e-01
-2.809192680808479947e-01
-3.174986129658356471e-01
-3.096619994173477886e-01
-2.995229383307154158e-01
-3.474980024989077210e-01
-2.737939198438243960e-01
-3.601873500416422069e-01
-2.667035923880162196e-01
-3.746852019983962778e-01
-3.168424166190270119e-01
-3.368995052249894595e-01
-2.852961078234278469e-01
-3.034257525292091140e-01
-3.294008729675392821e-01
-1.950234363490315759e-01
-3.248990813618486406e-01
-2.758982335848245149e-01
-3.521018187599547211e-01
-3.267716845376410495e-01
-1.812721343560099729e-01
-2.813869448335508672e-01
-3.586041024930165522e-01
-3.077408494688820273e-01
-3.666758430158555404e-01
-3.477553901965617089e-01
-2.688309329506546330e-01
-2.273896461119670476e-01
-2.798461508266320008e-01
-3.419242465894355987e-01
-2.631195170087690105e-01
-3.799809633676034526e-01
-3.229765839165337216e-01
-3.082656685692475307e-01
-1.611202711842893986e-01
-1.652557796947594915e-01
-3.365324095562122197e-01
-2.872507214495035877e-01
-2.691612060773916903e-01
-2.991212774176524869e-01
-2.963230918780512813e-01
-3.685703765695536593e-01
-3.917516924972459513e-01
-3.319530936701073909e-01
-2.720462846035344162e-01
-3.587350964548962629e-01
-3.493279941393845900e-01
-3.499174557873520053e-01
-3.805073257793863961e-01
-2.060820925689314242e-01
-2.983697974186003687e-01
-1.686036604582172305e-01
-2.871366476140450041e-01
-3.143873406673056148e-01
-2.378894116762484412e-01
-1.550436858982457977e-01
-3.648438736813070515e-01
-3.112498153876345763e-01
-3.057044817179808138e-01
-3.169403871563937214e-01
-2.602522964684447215e-01
-3.354405393387273060e-01
-3.191890028165134119e-01
-3.111013648494301842e-01
-3.261629689456352343e-01
-3.589384752050912564e-01
-3.325822280892706262e-01
-2.404905803121856478e-01
-2.535899841216500139e-01
-1.837916842787654104e-01
-2.432443303460983530e-01
-2.105788767024456831e-01
-3.257247277554279341e-01
-2.209977781047205714e-01
-3.458453401781790282e-01
-3.116686903004113329e-01
-2.855905005561238941e-01
-3.121053550284643152e-01
-2.333986394937193343e-01
-3.910084172491555821e-01
-1.912360758221524626e-01
-2.925844623711995052e-01
-2.490989749425265576e-01
-1.986373630925562517e-01
-2.563139501202987836e-01
-2.630086162400947503e-01
-3.320130134401406696e-01
-2.408537838498793493e-01
-3.609732593046415250e-01
-3.246047581007018845e-01
-3.032525103591031668e-01
-3.097295128608470449e-01
-3.788036664244212592e-01
-2.668991204872852574e-01
-3.196298841291058679e-01
-3.485119126646908372e-01
-3.445869720022137761e-01
-3.193007612899039782e-01
-3.514845909270263857e-01
-3.260761399757624579e-01
-3.206079214943187150e-01
-3.160809716167158889e-01
-3.285541773355752371e-01
-2.756674216241321584e-01
-3.461418714115100936e-01
-2.331510932785479384e-01
1.200349412948950589e-02
-2.986618573393787779e-01
-3.193785164228006845e-01
-3.078201464593706138e-01
-3.047050746003729937e-01
-3.493230481517053398e-01
-3.334420550145443807e-01
-3.427868948583904229e-01
-3.459232546225360361e-01
-1.154166739044654028e-01
-3.581944694833095744e-01
-2.992450307471668514e-01
-3.082521355201203184e-01
-3.837797421820825505e-01
-3.246176977089186844e-01
-2.423408066292969121e-01
-3.582296381639557548e-01
-3.105105171679832798e-01
-2.582318860037956521e-01
-2.642760466659083152e-01
-2.603692538792203859e-01
-3.557019902713143278e-01
-3.042866168166279417e-01
-2.509928191781733986e-01
-3.627768596694548320e-01
-3.160332926117745966e-01
-1.931410446856868246e-01
-3.224130552588531096e-01
-2.761702906652216960e-01
-3.393676283219468903e-01
-3.697402535196341322e-01
-2.316415387021641126e-01
-3.706466968066001177e-01
-2.448467234640007151e-01
-3.471633856498634874e-01
-3.476350310448750314e-01
-2.977475220747254347e-01
-2.160128474159943579e-01
-3.110064743491293138e-01
-3.515598789026375681e-01
-3.231487051739843075e-01
-4.062590191694730457e-01
-3.273965354072726486e-01
-1.910067027345961344e-01
-2.641324252992793831e-01
-3.790273335711541458e-01
-3.096608554629118881e-01
-3.440231493397357676e-01
-3.113195600908427174e-01
-3.351081763795420443e-01
-3.447224127174894348e-01
-1.563581723632363751e-01
-2.600171099915280504e-01
-3.504859988289259487e-01
-3.015902997133894647e-01
-3.359562912828099046e-01
-3.189197196228485409e-01
-3.279828996514441708e-01
-1.466458970731892575e-01
-3.241139348766957085e-01
-2.997188689327551225e-01
-3.786160442109377522e-01
-1.267740979867331141e-01
-2.990830121477361381e-01
-3.445894857959326263e-01
-1.070269934549857443e-01
-3.540284370707744710e-01
-3.156840157024222160e-01
-2.677174443562585493e-01
-3.808381439455563733e-01
-3.457357342938173206e-01
-2.464669323484391106e-01
-3.145622340986183874e-01
-3.387018311311153496e-01
-3.841346470956998882e-01
-3.169101019700843458e-01
-2.206127265913426228e-01
-3.133718266526515084e-01
-2.097921105114873008e-01
-2.802413689954717513e-01
-2.754433203579492728e-01
-2.882505693755048615e-01
-3.007668716509885876e-01
-3.109238839860485881e-01
-3.285892952575312220e-01
-3.029825530042588033e-01
-3.534147589853588456e-01
-2.367872006761876369e-01
-3.094604922789911949e-01
-2.472814782770568764e-01
-3.532515266644011831e-01
-3.682741622173334450e-01
-2.392714611497142596e-01
-3.938863822600457976e-01
-4.113631601803452442e-01
-2.568936494469285514e-01
-3.669481382575572326e-01
-2.433706418680522954e-01
-3.216581144724327546e-01
-1.763740860831896073e-01
-3.513971811148039470e-01
-1.205012130846063595e-01
-2.047605632446580781e-01
-2.381851882951135924e-01
-1.763937383744368648e-01
-3.367527043462134606e-01
-3.004758787927937491e-01
-3.269773750568661930e-01
-3.256964382545913805e-01
-3.082927147011535474e-01
-3.533555322240895524e-01
-3.675172216662036528e-01
-3.079417564699076237e-01
-3.492318983028651069e-01
-2.095052557319377340e-01
-2.863092229579402015e-01
-2.068641801727459928e-01
-2.769018105579943434e-01
-3.239969339248891522e-01
-3.415904473023018695e-01
-3.560455778716695163e-01
-3.735386149620968377e-01
-3.462112208098921950e-01
-2.631825484683638638e-01
-3.685788000194958336e-01
-2.694464498427191490e-01
-4.087454437254615103e-01
-2.853354440771164180e-01
-3.241984524958672065e-01
-3.464077821255420186e-01
-2.748380539806863920e-01
-3.375330819139819027e-01
-2.535481197027351641e-01
-3.098447677885524110e-01
-2.171395765884150675e-01
-3.714067096220112774e-01
-3.151250354816149679e-01
-2.371565192802073396e-01
-3.519714970553758371e-01
-2.925060144233495585e-01
-3.133235803850648038e-01
-1.902123379937346037e-01
-3.097210500212075890e-01
-3.997926781161421639e-01
-3.112946790293981136e-01
-2.482460417942992659e-01
-3.127211523960338191e-01
-3.316091923181648804e-01
-3.517605554787426314e-01
-3.347562593322611635e-01
-3.146199865657514638e-01
-3.252006602531044566e-01
-4.047512320520409990e-01
-8.035710216340623269e-02
-3.443836728565248251e-01
-3.628516550652932660e-01
-3.766928002715368429e-01
-3.700244199806568268e-01
6.203067965168615472e-02
-1.989161663426954885e-01
-2.694866573553587052e-01
-1.272881213087887764e-01
-3.476029358083239651e-01
-2.458293988292657994e-01
-3.255508426233040264e-01
-2.916911485741593979e-01
