7.357234680221703682e-01
7.773067510484694687e-01
1.491188256184158845e-01
9.069347926128920045e-01
9.853135158758931089e-01
9.679823038683098568e-01
9.480069713085047534e-01
2.444046110636698688e-01
9.106454961475737298e-01
8.466577627625604396e-01
9.712135855612995528e-01
9.367994625518025753e-01
8.830055284372089197e-01
6.540234804120387269e-01
9.525679456675704149e-01
7.886889894822619596e-01
7.897753447095212653e-01
9.395386042593113496e-01
9.680308548700274907e-01
2.400615093470818140e-01
6.646580287214902683e-01
9.351867749632108984e-01
8.237572799737225004e-01
8.683377294366779742e-01
5.516728403913060408e-01
8.659715562177551229e-01
8.659587019858880907e-01
8.071012441181194541e-01
8.081848238167814724e-01
4.210659521467061128e-02
8.737790276503516473e-01
8.478135175806327251e-01
9.379553044287070040e-01
8.344999962102422897e-01
7.664200417671013232e-01
9.131840895419385262e-01
8.205845648882050813e-01
2.911605592289796540e-01
8.800321655667168175e-01
7.494020450386601473e-01
8.583842098656260244e-01
8.139827469480949151e-01
9.585672166636948210e-01
9.754195074453184677e-01
9.505946274497995008e-01
8.442227689741756969e-01
7.893385552389317050e-01
8.252098962412075522e-01
6.739622082358713850e-01
9.632693582591311809e-01
8.927199841281270309e-01
8.831075384228013192e-01
9.618289283999073014e-01
2.692737044210141151e-01
6.574697642138818132e-01
8.456316587916417049e-01
6.957305146011183439e-01
7.644267864754170638e-01
9.369385230113220775e-01
7.048145960745153538e-01
9.155941812505050681e-01
8.766447515501747390e-01
8.423950612514865544e-01
7.975624628624516932e-01
9.524915280208255952e-01
9.373466115638824370e-01
9.655678964331708691e-01
9.551882592292020302e-01
8.903833978074752187e-01
8.370690780245150231e-01
7.780014286469523199e-01
8.343121086287561550e-01
9.063411876390559119e-01
7.815403615085507738e-01
1.615979770254398207e-01
8.944610621673596551e-01
2.874777035312152673e-01
8.253889232514570740e-01
8.068077116850209674e-01
8.358616990553855430e-01
8.119614771623782090e-01
7.807670294629738272e-01
8.455373694436836285e-01
8.204627858044436506e-01
9.336260051329164922e-01
9.508636140442089379e-01
9.550624931578781673e-01
8.256603080305985332e-01
1.488669452064368681e-01
3.173000789480465156e-01
7.898029518781594094e-01
9.017279345623627762e-01
9.588396939089287585e-01
6.482592853838976543e-01
3.065693766533862386e-01
8.641046901910798272e-01
9.277239414521247785e-01
9.402538913630520412e-01
8.843088553600251256e-01
7.833314715412389440e-01
2.546021513872942510e-01
8.054703681782934277e-01
7.475907899317448813e-01
9.272981023979378623e-01
8.908220384595466612e-01
9.149366660008091401e-01
7.066117224834675969e-01
9.527692982190298920e-01
6.679854652072684251e-01
1.988406239043359891e-01
9.690675927460050687e-01
9.062136825426387876e-01
7.285778502483639674e-01
9.306269458661017291e-01
9.573779931449525327e-01
9.553919139121206383e-01
1.653486607989000934e-01
9.565980392384705322e-01
9.556351951563406555e-01
8.483277456671689531e-01
9.614203053759586837e-01
8.632158341320907979e-01
9.483570560828242790e-01
7.098920317646291167e-01
8.058680565434006571e-01
9.317031228158713096e-01
9.703035368790551285e-01
6.986359803017461179e-01
8.361434463507477766e-01
1.665896186626138475e-01
7.880165931881806252e-01
9.697812455413823418e-01
8.867765543788317384e-01
9.214333189452990069e-01
8.405556502208608727e-01
8.855900373076317500e-01
7.867751709329124932e-01
8.482365643319202952e-01
8.509686731103734969e-01
8.315969351221593753e-01
7.935876637838845671e-01
9.074717052675824736e-01
9.662918359815408920e-01
9.113857390033887063e-01
7.041526760389346107e-01
8.578128879902464643e-01
9.140538557802344588e-01
9.549682169180065960e-01
7.451228033688606089e-01
7.726427538666192918e-01
7.462585348102075411e-01
9.662397491457884735e-01
8.107963898481578280e-01
8.315162066256883699e-01
8.290704487746630713e-01
7.250055164610373915e-01
9.582046685867099400e-01
7.977630058354717724e-01
9.825579971359768017e-01
9.712252889384509480e-01
8.681652692584368447e-01
7.894410792495969442e-01
6.875539225451632319e-01
7.664453957827661590e-01
9.677378439690013101e-01
9.126864532808016683e-01
8.955761972544163951e-01
9.572152711402970304e-01
7.960666471894946028e-01
7.026751014770786785e-01
8.972973338965051227e-01
9.618715153534592721e-01
8.915208223493475970e-01
9.714439910388952271e-01
8.809751497525908359e-01
8.038876548477137396e-01
8.093642849001108086e-01
9.693439875104805648e-01
9.532468692102062935e-01
7.835432851644517083e-01
8.976645223607220281e-01
8.960540002527896952e-01
7.817450110847123934e-01
1.280631301492716756e-01
9.709747005743194492e-01
8.863992396044527711e-01
9.595357499961796321e-01
4.256856998864333441e-01
7.992294019479347922e-01
8.382820981362804069e-01
9.438051256003525680e-01
9.345508037777295884e-01
2.916672762848090406e-01
8.084214335030516230e-01
7.858291202656320085e-01
9.502532662324321144e-01
8.716185385992378798e-01
9.475466657322242359e-01
8.143547388695931977e-01
6.575539952137479105e-01
9.599040990746465773e-01
8.850920197118394839e-01
8.625899982191126414e-01
9.666725202048052079e-01
9.392446432401564405e-01
7.662042397158970175e-01
9.183828193976101284e-01
9.093312953312904234e-01
8.733077242775935112e-01
3.893550639172071448e-01
7.096861148959670018e-01
9.268664611573503853e-01
6.946659626434963375e-01
8.990687201439988563e-01
9.437965677632218497e-01
9.149343116545667343e-01
2.802175134622737485e-01
3.819283301084270832e-01
7.240934713931981292e-01
8.932483908507651282e-01
9.355279379239191950e-01
9.341816662286739348e-01
1.627898276687204937e-01
7.039140575512723430e-01
7.916929779922461385e-01
8.937998000463347470e-01
8.357286350076236214e-01
8.866635999815020153e-01
7.508528980188946544e-01
8.404346581298940411e-01
9.347569008573461957e-01
9.325958519224968324e-01
9.696338894019197463e-01
9.174316509102922179e-01
7.870195151756658181e-01
6.404165668667270994e-01
9.407558029818997580e-01
9.686740971750511520e-01
9.723563333698730382e-01
8.355297858087802343e-01
5.971875952236269658e-01
9.078600564029402076e-01
9.454269511769595180e-01
6.240960906324959367e-01
6.599245226330876513e-01
7.975895216491062367e-01
9.185001285818242822e-01
8.280955584320088825e-01
2.197349863555275729e-01
8.348932388022803908e-01
8.601700948121681067e-01
9.033707465719174046e-01
7.771607615014988202e-01
9.136850832098862840e-01
8.951366208553244164e-01
7.155805258661784851e-01
9.586442595752474594e-01
9.644356493654316909e-01
8.351972644624037212e-01
8.709970871810339688e-01
7.058832697866216366e-01
9.084941895410902912e-01
9.267941114500906075e-01
8.412111357830820424e-01
8.872704464273148961e-01
2.901882235897712548e-01
9.056797426046520050e-01
9.116928156283818918e-01
8.366281206997294717e-01
9.359069326674658296e-01
6.342367755759782399e-01
9.421804960261209727e-01
7.578322014660370254e-01
9.116563694977869448e-01
8.618611668678674009e-01
8.537971335474129342e-01
8.728481002303227765e-01
8.251924618213373197e-01
8.555503519354156206e-01
9.245140734018004736e-01
8.288535987692854379e-01
8.209770120253800929e-01
9.455709014554997127e-01
9.567031924566181678e-01
8.324526991054409519e-01
2.035226460510227431e-01
8.897961749059291048e-01
8.321773729298969080e-01
7.955516014457972851e-01
9.533506944108742776e-01
9.232210182688214140e-01
9.013499168904749448e-01
7.905425421412941578e-01
9.480519600054002627e-01
6.310781540508592080e-01
9.397764213816948153e-01
2.885694396180522592e-01
7.564312224624215597e-01
9.383320493698077414e-01
9.607779268174168052e-01
