9.088312003675840245e-01
9.443673877604779054e-01
-4.833038482023466198e-02
-3.096236626997882560e-02
9.358240442665417547e-01
9.355407201155303554e-01
-4.700741139172964211e-01
3.854923028841880650e-02
1.256060912491022141e-02
-1.104556169432871771e-01
8.772614505470779367e-01
-3.721270948160819436e-02
-4.644517215441619218e-01
-2.825172739038427916e-01
7.773855215159142240e-01
9.855341324086418497e-01
7.699712822870629081e-01
1.400673208718604679e-01
-4.507178351450713549e-01
-4.479146953418003951e-01
-4.546645114656025499e-02
-2.566109290853525043e-02
8.412364289311812238e-01
7.186806435848843710e-01
6.538329023853408639e-01
-3.272237401723805950e-01
9.458366447204750171e-01
2.282911152220679363e-01
-5.114529920788591921e-01
-4.507491736343884059e-03
6.979616651387215986e-01
7.691077659277296696e-01
-4.674883849548303605e-01
-6.244288466165443668e-02
7.660537937139104692e-01
-1.999508171881932972e-01
-3.409399888238461296e-01
9.297758577668614466e-01
-5.044020879989352668e-01
-5.548351580319526022e-01
-4.139690731609223240e-02
-5.006346047946412803e-01
-4.065180948592476279e-02
7.568089102210522334e-01
-4.590985614177507390e-01
-3.970878919098342896e-01
-3.378541649063626640e-02
-1.512484028879954590e-01
7.913981599930850486e-01
8.860430401200108941e-01
9.919547776152481955e-01
-4.801016502122160690e-01
-4.487330658045936560e-01
9.221584610015625127e-01
-3.215507761152547883e-01
7.626283069388666291e-01
-1.402250340740702345e-02
7.631211412455087828e-01
-2.872485609374472726e-01
-2.856538452611664392e-01
8.179534992352099909e-01
7.123671344552804374e-01
1.088295988886325838e-01
8.567121021842245554e-01
7.614086768792129867e-01
-5.411836621426432403e-01
8.578120195512275448e-01
2.267596353088283945e-01
-1.402250340740702345e-02
1.944227596310868500e-01
-4.508078345717524971e-01
9.208717935565995383e-01
-2.754920742793428579e-01
8.029005943178169069e-01
-6.908143203357110240e-02
-2.698737535722195990e-01
1.287325273266507267e-02
-3.405992764625389579e-01
8.363306786288420280e-01
7.973005401672088599e-01
7.122770684573977995e-01
-3.929523737101568437e-01
8.420103268065113333e-01
9.321832404030920838e-01
8.227183778879113563e-01
7.416374923769046834e-01
-3.367514184675045597e-01
-1.064981384107751700e-01
3.902537412437642739e-02
3.739752870243803762e-02
8.203005633341768910e-01
2.210343032246530059e-01
-4.274711683925156436e-01
6.404634138579722302e-01
-6.149892882375619652e-02
4.710142062127400248e-02
-1.255607980030979953e-01
7.698245708623449035e-01
8.306236839135262562e-01
8.195729050666598070e-01
6.286094750754706029e-02
7.917642504752573362e-01
9.374210857372791139e-01
8.284060353748293748e-01
9.337003466723845513e-01
-6.184886880602608744e-02
-3.501775517888473521e-01
9.569093969115635145e-01
-3.764487980854364091e-01
-1.088785786006906675e-01
-5.031324902000443577e-01
-2.907927734491362326e-01
9.297898837928204596e-01
-2.662716135269564965e-01
8.997644122522964194e-01
-5.518241284104352662e-01
9.398954887763100174e-01
-3.220796735657158183e-01
3.920352318245096668e-01
-4.460368515068698358e-01
7.829722810145733902e-01
9.852659569091519742e-01
-8.491858222193340855e-02
-5.130692566125230059e-01
8.564261219872707498e-01
8.186890243363869057e-01
-3.867940228184975071e-01
-7.854282645910826144e-02
-2.359760304198386949e-01
-3.875736715360243029e-02
8.270440554860231108e-01
-8.901088382265975874e-02
-3.635851994317811781e-02
3.786333347420736684e-02
7.327628794751527286e-01
8.520001750597336887e-01
8.271406095445590356e-01
8.061057274201799405e-01
-4.289866330422164031e-01
9.036981799223945400e-01
8.072371570909036009e-01
8.206539566708275224e-01
7.508286918845705760e-01
9.305896812327674184e-01
-4.061404168625963595e-02
2.463647553478020280e-01
-3.720757954671995993e-01
2.408206515050415886e-01
9.290868503765989939e-01
-1.696314790711075937e-02
9.120194323416930260e-01
-1.402250340740728712e-02
8.279186917902920939e-01
-1.733893897054812616e-01
-4.198640075395133620e-01
3.004199211611127129e-01
-9.691937625972352199e-02
-5.477197935913359350e-01
-4.969184159626762742e-01
-2.365424079471258323e-01
-4.230663460314392221e-01
6.115267717552269611e-01
-1.452542776556370319e-02
-2.310799020739925658e-01
8.207960845464349342e-01
8.561052438685190502e-01
9.116951074778798514e-01
-4.984784518288178923e-01
8.821743160790349592e-01
-3.950792952407535807e-01
-4.831017546893722203e-01
-4.210452644845562031e-01
-5.068027850281291435e-01
-4.482057882536821802e-01
-7.818129460731651492e-02
-3.932744882082670479e-01
9.634325934436549499e-01
9.686693088016351538e-01
8.338974354364290242e-01
8.414467319551884872e-01
-8.184851994618291826e-02
5.615039589398167497e-01
1.896024040395738464e-02
8.719715438138559982e-01
9.108066994725330101e-01
7.891916015939792750e-01
8.277582589257277412e-01
-4.785956609305528353e-01
8.254740597862797458e-01
-2.532438516286019126e-01
-1.425187645592992935e-01
-1.458671574705176083e-02
7.476038156805440149e-01
8.514487962992134396e-01
9.311159394847547954e-01
-3.484368844163355239e-01
-1.273800664366303848e-01
-4.017046631806652224e-01
9.125106571194647742e-01
-1.678011508264346252e-01
-4.814481859459402435e-01
2.405867158774580711e-02
-5.024065291262737043e-01
8.116450319055862339e-01
-4.562814050738943639e-01
9.245967952611018337e-01
-5.138550492478608511e-01
3.482189577589906576e-02
7.944992652726388105e-01
9.199509344319891646e-01
-1.402250340740717957e-02
1.319080418366719853e-01
8.943256787533431229e-01
8.279757221512848986e-01
-4.856276579180540676e-01
8.317849375170026649e-01
9.087973819777264151e-01
8.446885977177076565e-01
-5.173950453105248259e-01
-4.513034942952135475e-01
7.615561207150913781e-01
9.018825499849273397e-01
7.478136025602097892e-01
6.623539624634335876e-01
-3.989584286555404313e-01
1.083812767104937180e-02
3.133764149258142645e-02
9.354161975251256145e-01
-5.317864373914861220e-01
7.548874979626294390e-01
-1.439321228156989485e-02
-2.537986052525139646e-01
-5.123497590912395871e-01
-3.958961234864801781e-01
7.480526707178567491e-01
7.506983704601091212e-01
-3.069490987038267504e-01
-3.291374766873210178e-01
-4.458975980027821695e-01
-4.923228820768272285e-01
-4.900913751725622935e-01
9.835478727860910153e-01
9.593306468716022994e-02
7.481699791087925711e-01
-1.669450693779352402e-01
8.143268008780436551e-01
9.080453037343441114e-01
-3.412337177007158939e-02
-1.675747650881010131e-01
8.777878949468238545e-01
7.705132914201080485e-01
8.891067120720519412e-01
9.511110720356860115e-01
-5.357913555128410721e-01
-1.447286129075181504e-02
-4.291051018521023497e-02
8.281134390881768059e-01
8.902114862524275196e-01
-4.061485744299268563e-01
-4.961468188898638942e-01
-5.033983612020508369e-01
8.256179101428460232e-01
-2.861162321470593906e-01
1.013263525376106866e-01
-3.751283884165222959e-01
8.550525497683172382e-01
7.483140580417757537e-01
8.399675216719788562e-01
-8.051502078660238704e-02
-5.703466799787453301e-01
-2.071568467213098508e-01
1.367352624086362045e-01
-3.191736272472031066e-01
8.307526073109257059e-01
-1.285628134496198949e-01
-4.985535987215618525e-01
6.457361281992934909e-01
-2.205509157574191484e-02
-5.004002613680975653e-01
-4.704005165330703286e-02
-1.506142114217704497e-01
8.124214836658456562e-01
3.429511067247964506e-02
8.169679986453817211e-01
9.240157540714062367e-01
-2.473931431338711670e-03
7.734733276357563803e-01
-3.341657727757662011e-01
9.380016031924673925e-01
-2.436365776045045506e-01
-3.379054160985801025e-01
9.031506880890851630e-01
-4.403396888441163393e-01
-4.284780119880838845e-01
7.735480168237693910e-01
1.795669520147656906e-01
3.265936337542890699e-02
-2.633467368940533015e-01
-1.402250340740717957e-02
-3.257500829261100739e-01
