-3.933041058725738059e-01
-3.256039432595093652e-01
7.855904125784023417e-01
8.567224213213234796e-01
8.640966697715140032e-01
6.804501643729345961e-01
1.009523598641193232e-01
7.866854029831260586e-01
8.706157808106872453e-01
2.174995304499613424e-01
1.374666627545366171e-01
6.745732782817743800e-01
9.124756867066403654e-01
9.431149526592048637e-01
6.440600066777347754e-01
6.371740319490801774e-01
8.897708039240939115e-01
5.614981982902860214e-01
7.229222175368427150e-02
1.056990091734113651e-01
8.893964385180126442e-01
1.726444778330633312e-01
3.263082076103289153e-01
3.643172418746586372e-01
8.842208719930076954e-01
6.895296293500223772e-01
6.327360985554455475e-01
5.837918141893161383e-01
6.729782791786069751e-01
7.132800253667199719e-01
4.369968864559884425e-01
6.709447809978585919e-01
4.350350653153199909e-01
8.711935716236960392e-01
1.749364859236114400e-01
8.752570945361679566e-01
6.794488147714119464e-01
-3.702403198838812859e-01
6.238970096542647559e-01
5.302819755185721462e-01
1.657074074605333625e-01
9.528471232959021542e-01
-1.734581314394032514e-01
-1.335270772338064960e-01
1.284447375785116585e-01
-2.186690288595866116e-01
7.976606978032025896e-01
8.881256387119998985e-01
8.751239834470985191e-01
6.219851411867762803e-01
3.721219012282886429e-01
8.492898300751625662e-01
5.985529207461386392e-01
3.234581575088736338e-01
9.405038732011831160e-01
2.388300055517984799e-01
2.228557518519603542e-01
1.171426122984311896e-01
1.229636412141557750e-01
6.457608726271459876e-01
2.376193361653467506e-01
9.528189985916302174e-01
6.139343539687339840e-02
6.592776900340959756e-01
7.539592748043707493e-01
1.468046062793265383e-01
3.560962054982348968e-01
1.281835892711550295e-01
2.128752270236543009e-01
6.477507754649991512e-01
6.388951961955889880e-01
5.790681063325998634e-01
9.573453523281932886e-01
3.824912106868039174e-01
7.935408326351000019e-01
6.387310631885136925e-01
7.283151698905770965e-01
3.153617339219442206e-01
9.019998201054288955e-01
2.348681794732319916e-01
6.343377101353337988e-01
9.750674690618889029e-01
5.953170337172795090e-01
1.261624659244797719e-01
8.114146985491019759e-01
5.677335813942603338e-01
8.518999404168583478e-01
3.701041523337619266e-01
6.643966373329270869e-01
6.814235984046363992e-01
1.980327997789866901e-01
6.981409299809588909e-01
8.620331492472905754e-01
7.516853434467539730e-01
6.001685516075392357e-01
6.694400207005810621e-01
7.874630936642490475e-02
1.510530403015098999e-01
9.088111257526604314e-01
1.077750193236934884e-01
7.464024218950187084e-01
8.324677623868275145e-01
-1.513549351670913368e-02
8.947554181732271239e-01
5.799497027518181191e-01
8.853326817897477774e-01
6.780370232255747975e-01
-3.867395127491493056e-01
-3.892626103277790905e-01
7.663088220685443375e-01
-4.059735650495879256e-01
1.176921382399067489e-01
7.881956031197201451e-02
1.087488639228730292e-01
9.761986298478417257e-02
8.642761033107371205e-01
3.553719175338119207e-01
8.430288392412690901e-02
8.463982017374782618e-01
6.299102692521318936e-01
-3.790106633429542460e-01
5.634975063688414387e-01
3.603593429163717832e-02
7.989288752844285746e-01
-5.166643955500591079e-02
2.003657949757196577e-01
8.820611713645619412e-02
6.649274805530741572e-01
4.946574076763319283e-01
-3.335689837143432923e-01
2.168462111197302922e-01
9.041720457473073624e-01
5.555356613272963706e-01
5.915776092221869398e-01
6.131424720003328943e-01
6.969107033499783999e-01
2.467264406369734098e-01
6.987730100477080875e-01
7.453397434310993219e-01
6.090481088657633268e-01
9.060741576774563599e-01
8.108434085056204221e-01
7.374363471865951203e-01
5.200168556797302166e-01
2.192115308620164182e-02
6.814027270026741245e-01
8.786189578037277847e-01
8.817382295243101353e-01
8.411156839543651453e-02
8.397055895707448148e-01
-3.270052205785083377e-01
2.356376858673146779e-01
1.079306396831263698e-01
6.686007579844421844e-01
3.219184529216322921e-01
6.585635917126815286e-01
8.701895971934417995e-01
6.065912503060353345e-01
2.276025791759401784e-01
9.122023757377056841e-01
8.920805201986874433e-01
7.997697213609483713e-02
3.040849410310957901e-01
9.551511628247186803e-01
2.388306730107908060e-01
6.008034821202564713e-01
3.377110057331573767e-01
6.993586295405720410e-01
9.145405876701260262e-01
5.438766759308049092e-01
5.846085127877580501e-01
1.714676905910444416e-01
9.344194750918923820e-01
4.515065462338431201e-01
1.169570633823212025e-01
7.200261481363721128e-01
1.057498265584721903e-01
6.164990479333807283e-01
2.697184848795964873e-01
1.639344238788363606e-01
8.834910360052947720e-01
8.838876975313455508e-01
2.156149713275113955e-01
-3.289822799475853876e-01
9.384280887443628982e-01
2.322330455502226165e-01
-3.675891108660859219e-01
5.065643468422288687e-02
2.556040445915669368e-01
6.773337351403265760e-01
9.436231963054590999e-01
8.567568372448592928e-01
-2.788151247445507797e-01
-3.218541594366148839e-01
8.419790773125082062e-01
1.254853456250555055e-01
9.389064360487338057e-01
7.050924028741566429e-01
8.334520889537777588e-02
8.569581900789413620e-01
6.393239599727968958e-01
-1.706591809120646397e-01
2.668594196535287733e-01
8.664938706780849209e-01
7.025908600829329220e-01
6.234096018372350390e-01
6.163602032407836662e-01
1.308934416511146892e-01
3.866062739201594489e-01
-3.175164742320035760e-01
8.882002590308482048e-01
5.249433708326306514e-01
9.592384994879414872e-01
8.682115777527379397e-01
6.789314706223015250e-01
2.076626345692811071e-01
-4.061457503113079515e-01
8.806833743637941803e-01
2.160348707727957618e-01
9.051375498306690748e-01
1.130896245748529982e-01
5.794903111600800960e-01
7.738363344045207093e-01
6.578560076511087429e-01
9.029738319258664436e-01
-2.326893536479909264e-01
7.331561569100137898e-01
4.198387342992507265e-01
5.861158669578263591e-01
9.441450327298095413e-01
6.483325862834043996e-01
1.326491634604956560e-01
6.758340365278412420e-01
6.343177213342492404e-01
9.018965803948244542e-01
7.521460694338519826e-01
8.815280886611658318e-01
1.101697770838040713e-01
5.816292137944863994e-01
5.956944529125302035e-01
8.910067869715456723e-01
5.154786438657703584e-01
6.288048268741506241e-01
6.584036174150547094e-01
9.215940949585743613e-01
2.412905332738212727e-01
-4.259286856284374423e-01
6.096280986068156604e-01
7.984183233417699865e-01
6.089754809739691410e-01
7.673242782473181922e-01
4.307284361593198829e-01
4.351765505550901914e-01
2.209253288897179424e-01
1.403361524079509148e-01
9.561502108458981297e-01
8.742025975014531269e-01
-1.557709707107997055e-01
6.594501283138300973e-01
5.751807383230322923e-01
6.299216917049086373e-01
1.116319423038776987e-01
6.680008099840901714e-01
5.206969855620613430e-01
6.330853454744913567e-01
8.838748339271660370e-01
9.149770309799807322e-01
2.369710110452770691e-01
7.099666004268709307e-02
7.362161117715919356e-02
8.664092264457116110e-01
9.634026415702201529e-01
1.085431095306429866e-01
4.066062089069392704e-01
5.951290615776717585e-01
5.692296351264529708e-01
3.597003296346270584e-01
8.286198848061998579e-01
5.152271461288727705e-01
8.838727596806947862e-01
3.592148539393307666e-02
8.683089181097842779e-01
7.259808491768363625e-01
8.885193209700938954e-01
2.539146248384435353e-02
7.506406739613533663e-01
-2.267951969857389671e-01
6.571618482473409184e-01
1.071692306873435196e-01
9.335950189135329147e-01
9.311311753644961886e-01
-2.676402060512596548e-01
1.117842084260828456e-01
9.435798015232907954e-01
7.207120467576351164e-01
6.510901317902427765e-01
7.675460060949117480e-01
6.019151638429375284e-01
-1.280869162063061339e-01
9.515882621827549404e-01
