6.292658049483313976e-01
9.418038424591739233e-01
5.648677484087801792e-01
7.850484460671109943e-01
9.349621436592989721e-01
9.389698393773058260e-01
2.326534698175638238e-01
-2.797858495790577216e-01
1.120598702710323136e-01
9.278765120834866487e-01
8.850577291408877612e-01
9.258505394724165782e-01
-1.454384933766410815e-01
4.659740886261708459e-01
9.197509941704264946e-01
9.423668657075987554e-01
7.081300201804687777e-01
2.328761867443682188e-01
-2.338783547518905881e-01
9.465883456310344446e-01
9.470729566575584180e-01
9.354082775761529689e-01
1.492719933498043716e-01
7.891019606048281787e-01
-1.468011470334715518e-01
7.918307907961077419e-01
3.944611577866028451e-01
9.532211730518520554e-01
1.832606927282791620e-01
4.285086321068303783e-01
8.293832764809514480e-01
-2.342327154800819544e-01
9.402818628340221530e-01
-1.459222269034260444e-01
9.255745917044735371e-01
5.259727098954879443e-01
2.939147465370092194e-01
2.191987129900040687e-01
3.622800160626827859e-01
2.053433219435775448e-02
-3.100021529907323048e-01
9.294730607359384944e-01
9.412631582627231097e-01
9.409864011852888677e-01
4.076861109486207835e-01
1.895722991465165763e-01
9.401235065040967065e-01
-3.631635486581145100e-01
8.164148072807720924e-01
2.834926766977986512e-01
7.742381446526310773e-01
2.541189232646388074e-01
2.026880307467963105e-01
9.666893671357138507e-01
2.959278494659267622e-01
2.361728068190816487e-01
3.958833683256717251e-01
9.486229364751186388e-01
-4.288834312702505258e-01
4.144315366054973082e-01
9.599466457074319337e-01
9.712943065173207380e-01
5.848629840305994421e-01
3.947707719211098754e-01
5.080138111721115290e-01
9.785223963824016824e-01
9.581032527422366218e-01
3.630747819592624603e-01
-3.531126004671230056e-01
9.768009769455117119e-01
2.795758235412036385e-01
9.644838593412057293e-01
-2.145163751063328683e-01
-2.015196545938913453e-01
8.936944436613036835e-01
4.879156455192485975e-01
8.693895045762181084e-01
9.383898691880211418e-01
1.576966713825477262e-01
-1.392598818069563094e-01
5.881442577057134358e-01
1.877867356442424751e-01
-1.831162401411860485e-01
3.494051897742327939e-01
5.069847176184070214e-01
9.607870379176390863e-01
-8.595313980791581543e-02
8.026953389022442042e-01
-1.402064593445675467e-01
1.049856638548461174e-01
9.489874270845144455e-01
-3.102577454718013494e-01
4.840740895626675644e-01
9.250244891662919855e-01
6.925595155990789120e-01
5.645901883901189855e-01
-1.785550278292417081e-01
4.660821167860236258e-01
9.323890950600051131e-01
5.496296313431141556e-01
9.285525818153134159e-01
9.598875489363977165e-01
-2.406142715229851459e-01
5.398717803782249192e-01
9.018409300525369598e-01
2.431035916243410033e-01
3.794456407292706723e-01
3.422252524406446672e-01
5.195992239593462125e-01
4.017422483913173359e-01
3.110632992961424592e-01
4.389221689413320693e-01
5.517741438963118528e-01
4.300954386511742777e-01
7.864429363754910085e-01
8.165130530413676757e-01
4.198978807259311496e-01
-2.193984910203911898e-01
4.204411382051814750e-01
3.237736213416880782e-01
4.232035731077938290e-01
1.363724587522655018e-01
9.237134591595812516e-01
9.573771108089079718e-01
-3.003274402106717034e-01
5.277793591195663048e-01
-1.528105996694010815e-01
3.818060076040143414e-01
9.556770487839206796e-01
-8.814379576214542711e-02
1.409900672715625469e-01
9.212073197726531326e-01
9.403134823240791862e-01
6.064434645521443734e-02
4.584735321418988985e-01
6.096159754575678491e-01
4.746283454888066133e-01
6.377869691130645391e-01
6.982297653440499019e-01
6.640033598624281996e-01
9.240878986560501218e-01
8.296146204706578153e-01
-5.289295541496984859e-02
4.135278908231267425e-01
-8.854485462867688061e-02
4.199900039651646710e-01
2.236653211027186394e-01
9.767988977849821897e-01
5.037662206738804382e-01
3.831976369232472646e-01
-2.483017388610385123e-01
7.992276614090434439e-01
-1.090956689992132883e-01
4.235063042314473059e-01
3.447744868815014740e-01
-6.764458663737331345e-02
9.637805246414310467e-01
-4.239442735329193579e-02
5.239672760266296248e-01
3.899660690804921392e-01
9.431787744063206969e-01
2.989708966562490966e-01
9.501730547827094142e-01
2.484159955609775983e-01
3.042346513717593681e-01
6.806161554866181351e-01
4.306703163951340896e-01
-6.066888878239598548e-02
9.512838336208464529e-01
3.158340159144935599e-01
9.600946815062836315e-01
7.956610545354899644e-01
9.429695781183609071e-01
4.148680293983710299e-01
9.303628771314190748e-01
4.604642974251060838e-01
5.078062150722771895e-01
9.413329198844815338e-01
9.781461964620428162e-01
2.576226157524923455e-01
9.087932686415960415e-01
7.428513131827894078e-01
3.381856937648646255e-01
3.951638780379678195e-01
2.879541304623078890e-01
3.148355722304532200e-01
9.642407751730492915e-01
7.100757726657398461e-01
9.405292550839707832e-01
9.710976615633603037e-01
8.995719210809001165e-01
4.184089614528643253e-01
9.366621669975310205e-01
9.464460327652839400e-01
3.773387972725706918e-01
9.256825573795250950e-01
1.336679491455518842e-01
-3.661406431396012073e-01
8.951744887027024422e-01
7.697622229454881282e-01
5.076800103768747130e-01
4.337302143398077958e-02
9.508149271560926152e-01
-1.822123879076286979e-01
9.384683874323382913e-01
3.783646821490515011e-01
-3.990518275352182287e-01
-1.179808991802259177e-01
2.879918633273196305e-01
2.995011134116224438e-01
2.139124432667061093e-01
4.932433050346035075e-01
1.564551563255426048e-01
9.423068816509239110e-01
5.194860942155629102e-01
-3.609871055410258656e-01
6.517894642677481976e-01
6.848592953512426806e-01
7.416331037123511383e-01
-2.697306944649463523e-02
9.195550924240321056e-01
9.456410396347343372e-01
9.517709012776975896e-01
9.492707337400891898e-01
3.476479681472671723e-01
8.955452635899163738e-01
9.634307037008564834e-01
9.148845523344226738e-01
9.742924659288287881e-01
9.575025927202523990e-01
9.168357153278889893e-01
-4.589872613398207624e-01
9.898459077163374031e-01
8.850330595704691827e-01
6.989213720274303210e-01
3.817188969600838755e-01
-1.956631282350103362e-01
3.800914582195424329e-01
5.191289294327592341e-01
9.441909279061594384e-01
3.147760733569983649e-01
9.265076194525110331e-01
-2.104558433371007606e-02
2.003087129236787167e-01
-4.487779324081853094e-01
6.248342752113958953e-01
5.724690970155613678e-01
5.923328117317513408e-01
-1.358851375769615233e-01
8.769986102438789288e-01
9.334156704017150252e-01
-2.981803179617001365e-01
9.293811257582611507e-01
4.195242480529385865e-01
9.550536196785370802e-01
5.301317016601980736e-01
5.724832449769641229e-01
4.054262728451334952e-01
9.521184112068494798e-01
2.775609199012291639e-01
-1.255541092808634962e-01
8.024452019118391011e-01
7.609735233718080138e-01
3.352366357156113530e-01
1.270540910580657545e-01
3.825344324857756217e-01
4.417508595556195183e-02
1.446290327703637635e-01
3.942977209482770862e-01
1.241726954166807451e-01
2.887950928205488266e-01
1.733706853591005237e-01
4.391489811123411302e-01
3.486823308128226273e-01
-1.091183566807557848e-01
5.792587868228089576e-01
4.103720799310391909e-01
9.543120044151780501e-01
4.120487466333002669e-01
2.798504675621441562e-01
4.474191843215337139e-01
3.286184870040099182e-01
5.671772333527719256e-01
2.706850900385698311e-01
3.690553188540960372e-01
-2.671996545074992735e-01
4.642691388749179554e-02
-4.367533829121768019e-01
4.582521263598689498e-01
5.369010229800941919e-02
3.804769540946659756e-01
3.075216679712505785e-01
-1.761710366726323279e-02
6.606130211107641426e-01
9.288969478116280154e-01
9.136530902358126482e-01
9.520594758666309776e-01
6.559679793807198234e-01
3.630773774647844121e-01
4.594176939024032791e-01
