-1.685386615326045501e-01
7.713426306610644823e-02
9.148270127021236320e-01
7.285059285244299687e-01
8.560554943266636130e-01
8.366306543719790323e-01
9.663578008047857271e-01
-8.785336424853640303e-02
5.366053084132944156e-02
9.028796350135035453e-01
7.205543577962967294e-01
9.155880291007020277e-01
4.585884435134978537e-02
9.003608711526425168e-01
6.376700457928280441e-01
9.102508797523162221e-01
6.944873597867549098e-01
7.729162342971700461e-01
1.326936359867088022e-01
1.220895368268210823e-01
2.908470581703168634e-01
8.381476335507800357e-01
5.894212086765792113e-01
1.415632503697356048e-01
8.996432620999612606e-01
8.909211572401465329e-01
-1.594572879027118806e-01
9.064304388424568870e-01
7.395193661314708455e-01
-5.517476617195039568e-01
7.191882237689757318e-01
1.694413762128454404e-01
9.202706580677295634e-01
1.332930043519569840e-01
6.584078743820523938e-01
-5.788469942972547244e-01
9.054163330557829514e-01
6.712004547461747350e-01
2.693717527557211167e-01
8.575444516500243530e-01
7.201318568196960479e-01
8.316063435231449974e-01
8.994401521799073596e-01
7.028358784195138931e-01
9.294794885366004511e-01
9.065077174702780294e-01
8.915520874845388466e-01
8.458191036838258459e-01
6.954950620426468832e-01
9.277911478656150068e-01
9.551747550438915990e-01
8.626438855382434490e-01
9.105959215124208583e-01
8.626521890067728737e-02
9.175553152929050160e-01
9.219552537582520468e-01
2.594212281937827713e-01
7.045059226574927891e-01
9.293122329644086799e-01
7.027224069094614167e-01
-9.619607492529724801e-02
9.676494297694007152e-01
7.291700164185563882e-01
-1.376088885163652131e-01
7.777886809880074637e-01
2.002838440438937662e-01
8.629300961199850573e-01
-7.434399001075675528e-02
8.709263266896240252e-02
8.417979208069208408e-01
9.544769854754377170e-02
9.370042393164981220e-01
6.202606707064154401e-01
6.393967422310062321e-02
8.460509722594155013e-01
1.061612467332698484e-01
3.307520679670266084e-01
8.552863378863234667e-01
8.804022419346495543e-01
1.348576115006836496e-01
-5.236984321153239641e-01
-1.853619089046791291e-01
-2.254707671570422844e-01
1.062591134608356497e-01
9.112127821132387506e-01
1.841712634959580819e-01
1.307513218475981065e-01
8.412613784085513080e-01
1.166487314995580671e-01
1.831351877432385589e-04
2.335795354615445574e-01
9.415570943460487008e-02
-1.749354576941332118e-01
8.761635009377783945e-01
1.448978529512969238e-01
7.280307579720939060e-02
5.000464091411323947e-02
6.920488958895354425e-01
2.408178453820072340e-01
9.209840823160023726e-01
9.145792226855413709e-01
-5.072384498050035856e-02
1.062934453071192886e-01
-3.383282438441647111e-01
8.409986773591795473e-01
2.642155886421247990e-01
2.740090932088863340e-01
-1.628874883181617161e-01
-5.695726104635009390e-01
-7.822797048361471162e-02
-1.275679154685020467e-01
9.768154134365773789e-02
-9.762467219573096877e-02
-1.051939147661592466e-01
6.998775126790903744e-01
-1.091743777744004912e-01
3.190666367677896242e-01
9.135913198407865643e-01
-7.227126504246042527e-02
-6.775267574530362269e-02
5.825654781538117666e-01
9.292759303303943508e-01
9.081204049789716182e-01
2.384002888047907220e-01
7.365153509404705201e-02
-5.719546679985800797e-01
9.728461545491740026e-02
-1.429344366863207205e-01
2.706288087341489068e-01
8.314555808844319440e-01
9.132436625914838180e-01
8.423111317667040243e-01
8.445417033968789511e-01
9.170905427599168602e-02
-8.898878555308045724e-02
7.175653401636468143e-01
-7.075330498271804880e-02
8.933500558111833190e-01
7.442550420498852404e-01
7.122390773484824633e-01
8.367358005283409561e-01
-7.684162005874554946e-02
3.971418061616421163e-02
2.146627531109767117e-01
7.572796565868755714e-02
7.019002114793243541e-01
8.902586832867396271e-01
2.322256077843155575e-01
-3.323840724619906983e-01
-3.708701805060299339e-01
-3.714311524127147240e-02
8.267770041181670138e-01
8.408449813590340716e-01
-9.537419272985162011e-02
6.500408630150444900e-01
8.589016997068914527e-01
8.470029127229465882e-01
8.635178481360992198e-01
-6.056554970346879063e-01
7.482757590649535828e-01
7.957166573833793777e-01
-6.349004610282464600e-02
8.926039467113022763e-01
6.960466369452458224e-01
8.651637399988176824e-01
6.719279226229409874e-01
9.548451996975111655e-02
-9.528097082372527504e-02
8.334134247739493073e-01
9.138553851796930028e-01
9.145738589473689784e-01
7.237590704173260114e-01
9.021397021760220181e-01
-7.684293345988167656e-02
9.097551025323262763e-01
9.050554189760727786e-01
9.121460091366695444e-01
1.820086176434123904e-01
8.984671793297470677e-01
6.741597338771573300e-01
9.183932108137489170e-01
6.919259019680592537e-01
2.058717601889189786e-01
2.439973658012941360e-01
9.112768849194151644e-01
2.701731947200798345e-01
3.118148126291718225e-01
7.022470324560392552e-01
8.356252200921683304e-01
2.654536595091214757e-01
9.533667556758287365e-01
7.464382341677064936e-01
8.229035084765512487e-01
9.098954334765086971e-01
3.383723529502439265e-01
1.264627970943267288e-01
9.464182109470421767e-02
1.253247399094044034e-01
-7.719707049225713047e-02
1.418691062489537691e-01
-3.351399119647880953e-01
8.658155915278227255e-01
9.053285621444935316e-01
2.661170265435450211e-01
8.830101290278948856e-01
2.478698293576504785e-01
7.203372437084075708e-01
8.983943317992223454e-01
2.953580734368066452e-01
-9.010915418787837639e-02
9.337619801065435432e-01
8.466055444625057991e-01
8.700522547977530552e-01
8.935790960235406866e-01
1.226938902554663841e-01
2.999376482230636243e-01
1.644959858858363599e-01
9.036115437354250712e-01
7.112729210542587666e-01
8.245927033964643715e-02
1.066470202894850422e-01
2.770756954216250234e-01
5.322887152338777461e-02
3.384808656303568003e-02
-8.417698310098289949e-02
9.408217915625961547e-01
1.608811280542620514e-01
8.316180911886782434e-01
2.083763923885713631e-01
7.784132436203728966e-01
8.291274356355564645e-01
5.380462453467342587e-02
1.706490625727531962e-01
1.163044060922706624e-01
9.699755792738976590e-01
2.550991182597913687e-01
6.810954142926677335e-01
-1.285266461611269118e-01
2.183445660420028633e-01
2.129391345129845181e-01
-1.036683472155634500e-01
9.003335808745114299e-01
-2.874135203265472741e-02
3.864206398964309397e-01
8.718624392054874495e-01
-4.220688596044980256e-01
-3.666874459348451465e-02
-5.282359891525307410e-02
1.397969065190688420e-01
2.454168253215389117e-01
2.389052521721705125e-01
7.558497229745091417e-01
8.988958049256220439e-01
9.493840779056881285e-01
6.999745543596809227e-01
8.567614499160265407e-01
-5.431678364884983123e-01
1.134939642319835740e-01
9.715356465648158357e-01
9.425901054229655074e-01
9.493073037917185153e-02
6.542130811909383503e-01
7.591344320479223029e-01
2.612202675977507438e-01
9.055129217157877886e-01
9.406153147737148501e-01
5.083821503076622894e-02
8.737887737869125537e-01
7.364623637667744305e-01
7.391253103378733202e-01
2.873249592565843002e-01
8.673507386295660204e-01
3.426347263567510737e-01
2.935046453484967399e-01
9.004155727521221397e-01
5.612464923055950072e-02
-4.724558380884329445e-01
2.937820577462411098e-01
1.323703892136607885e-01
9.303763487401027765e-01
9.654900836944796394e-01
1.185696519900307777e-01
-2.820715946310777267e-01
-2.212019197729525044e-01
-8.062281130803361506e-02
9.394843056412963134e-02
-6.230180861531217640e-02
2.552764390916605342e-01
7.181932997331081925e-01
2.529998376890950640e-01
2.984231012467221111e-01
6.980817228498126248e-01
1.351698322387208384e-01
-1.228510679792114979e-01
8.087297068597543159e-01
9.291283915166574925e-01
1.252362626623086672e-01
5.517761143698068915e-01
-1.385994978752678741e-01
-9.269041248879461570e-02
