4.864904561725490462e-01
-4.886391983597819511e-02
-1.914958451746199275e-01
7.518671385689095210e-01
9.517045050525267946e-01
9.513853867627717342e-01
-1.928705375938485900e-01
5.946348485770563963e-01
-1.246172888856487450e-02
7.605983382787417924e-01
2.094021050152894414e-01
-1.789776967114546369e-01
5.858208841029588498e-01
5.670699777900173322e-01
2.057589128566700842e-01
-1.395160129850258057e-01
6.833503274677457107e-01
8.783700878763901487e-01
6.069771820660812001e-01
7.244510002033104357e-01
8.347117947171852625e-01
9.856135492719142466e-01
-8.591321176183520925e-02
-3.924167847518725272e-02
-1.826825544093421683e-01
-1.262385422842081661e-01
5.760104055157928560e-01
-1.731276540809264242e-01
7.405778857570892715e-01
5.114702675866382720e-01
1.233301402359464477e-01
-5.130654224014589981e-02
-9.014500728081915881e-02
2.963215607533465357e-01
1.987116630300471698e-01
5.286690550143822165e-01
-1.313942932145600317e-01
6.811014577676822723e-01
8.500560836784305518e-01
-1.516721131699874658e-01
7.605234213261646836e-03
9.886740581096216118e-01
8.009389361553840292e-01
6.398127389000705101e-01
-1.835840599873587720e-01
-5.649231843119968677e-02
6.818351492166369043e-02
9.426433764144801497e-01
8.472317149553841853e-01
2.438206288453870219e-01
-1.185016822190143732e-01
9.933230712987661803e-01
2.330877032847107344e-01
-1.716842501074996447e-02
2.183979306521796615e-01
-3.314419298997340890e-01
8.865589182433637472e-01
2.433170026448918666e-01
1.362555822876578282e-01
2.820017479173690944e-01
6.424059507893142840e-01
9.023170112744395288e-01
2.594098194405977109e-01
7.683008084906848278e-01
6.800459949724098063e-01
8.433515289327877529e-01
5.359616289884405749e-01
7.352004795721823749e-01
-5.271236586105174093e-02
9.659733398588137288e-01
-3.560379576692686981e-02
-2.842522630455557864e-01
8.703639654097048428e-01
8.516966327483925792e-01
9.838691545735173127e-01
-6.013641919577078498e-02
-2.268254541383879497e-01
9.587710992479145933e-01
-1.377272029025162492e-01
-5.995551127256816548e-02
1.405705286522597464e-01
8.812378285759567831e-01
9.534140214012385428e-01
-1.840387736687589329e-02
-9.867342387826585903e-02
8.315589890924215410e-01
6.147119642555795016e-01
9.063214636159289128e-01
-6.762695557472336860e-02
6.297179158684915734e-01
8.329892792343498442e-01
5.213840860592977577e-01
8.938717279788475079e-01
-8.186529924354027377e-02
6.390235146741722883e-01
-1.802508303421531538e-02
6.671689492412398170e-01
3.027853688538679755e-01
8.090678948016060135e-01
-2.239944884422652716e-01
-1.007343423921887166e-01
-1.912246878921668863e-02
6.490839890713570037e-01
8.752996120902506449e-01
9.616261475558268712e-01
8.458203038215976743e-01
7.529330112666203778e-01
9.362433534085221609e-01
2.063624085194314395e-01
5.632095572275880313e-01
8.789610829424852056e-01
1.485232695748701093e-01
8.257345955230851464e-01
8.276677511819058308e-01
-2.320517119431902975e-01
8.892049939276447379e-01
9.263437972894328354e-01
5.940282484343983871e-02
7.797736512311997936e-01
9.365577221435053001e-01
1.908637669853872620e-01
9.392906530958812228e-01
-1.478836646679328459e-01
8.284223935753929347e-01
6.353263999511681304e-01
-2.641952686044681253e-01
7.927644602794495787e-01
8.818084432524224692e-01
8.642200585467350038e-01
-1.453327308287688246e-01
-3.148583556306051856e-02
-9.493464517180028039e-03
9.639391395130736395e-01
6.882492650608968976e-01
6.372246211607007771e-01
7.091964966036606866e-01
5.984731513588046337e-01
-4.359966782347565739e-02
6.525743961059419229e-01
6.883962662723037695e-01
9.447469277040121405e-01
5.235332871226577867e-01
6.567248261519955665e-01
8.086615966156727175e-01
5.896300609519607994e-01
2.441228490699212106e-01
2.495993123760844035e-01
8.411160387819850426e-01
5.444755223475694628e-01
4.742822072958459145e-01
9.057440989406327914e-01
9.364787650973330768e-01
8.858429120949751212e-01
5.491045265397658248e-01
2.963023007270814135e-01
9.627924717267187793e-01
9.358913209997778981e-01
-1.300606631096456467e-01
5.771041054048076102e-01
-1.712439144842406724e-01
-7.423440648404613929e-02
9.029726196908286484e-01
-1.294025414458819245e-01
2.635583330469282726e-01
2.207879269611467410e-01
7.687826139925223456e-01
4.376336754687657621e-03
9.217383319956189425e-01
-2.586329661057866214e-01
-1.552688774134547423e-01
-7.895259215918447315e-02
6.906250291961425480e-01
-1.888853948794994020e-01
5.942507235715333014e-01
2.041260135854958691e-01
1.691073070711634485e-01
2.158154353976004247e-01
8.449285311098726492e-01
1.535344286453700913e-01
1.822877315369968998e-01
3.344305028659122492e-04
6.937973829105305024e-01
9.155318200121087546e-01
9.263728392800625322e-01
2.076884572179868715e-01
9.392944654961310480e-01
5.241461134561002655e-02
7.040654063000137963e-01
9.866043624598361816e-01
8.192996342765102025e-01
-2.008254748538611245e-02
2.078581364287501176e-01
9.605620949023948585e-01
-4.628913130910757012e-02
7.748949352038765337e-01
7.991762774804833658e-01
-2.923767038098602777e-02
6.579913400715027283e-01
9.080033023766708178e-01
1.787117217233377686e-01
-3.308312332312213222e-03
-1.270428001676452701e-01
-1.025262001438329157e-01
2.392096627363839156e-01
9.519345345540022318e-01
9.202296669654700390e-01
6.768225502392640758e-01
-9.134037715135316648e-02
6.607094161403661570e-01
8.801368031878943343e-01
-1.686674768939206981e-01
-2.784234532345626900e-01
-3.428095841486449719e-02
-4.194386451921625070e-02
6.227621410915331612e-01
2.876744464727752637e-02
-3.373924932873915983e-02
8.937932240571244691e-01
7.596812703457587190e-01
6.037505205165145661e-01
-3.181808041179860075e-02
8.475454050161026487e-01
-4.009460057006248440e-02
-1.665664133912388850e-02
6.461469681387983499e-01
-1.493557225668572068e-02
6.575582868754845656e-01
4.807387413450017188e-01
8.411160387819851536e-01
8.118859728543150744e-01
3.064081525669294648e-02
8.842601190425389834e-01
8.564793499009435429e-01
-4.536380051424575288e-02
-8.483552210257008785e-02
7.303745681032809411e-01
2.543646633534303869e-01
9.098138266894806314e-01
4.755084240548926311e-01
8.525626380012941707e-01
5.641135894831452724e-01
2.545346762263047125e-01
8.986291645132808981e-01
5.045246808642426251e-01
2.554221049300976487e-01
5.448444792648534651e-01
6.245558686411393223e-01
5.157378615135453925e-01
-2.303988781423916277e-01
8.504869362249618536e-01
8.553661923509046083e-01
7.539791159986679592e-01
-5.228081562497968043e-02
2.162865303999850219e-01
2.465603533698231542e-01
4.666064692141395076e-01
6.423123933530554552e-01
6.792270453337825309e-01
1.104816791497646999e-01
1.976903458683467729e-01
2.510960620148738887e-01
2.160049714794848308e-01
2.842785045608189343e-01
8.847146585193730317e-01
-1.308498039773617616e-01
-2.823499283758921230e-01
5.396141045964906180e-01
2.303956729275863924e-01
5.857496086089571952e-01
-5.959127950336878116e-02
6.369984129752845892e-01
-5.692245736736004785e-02
9.194555020640367005e-01
9.098645993923366593e-01
1.137736674158550121e-02
5.051358731895928544e-01
6.370542232991951437e-01
8.360795706661643401e-01
5.961000259138022894e-01
2.695301849799673910e-01
9.002879753378878469e-01
1.947364451090588533e-03
5.210683239536523237e-01
4.798143508199267937e-01
8.706157417680361332e-01
7.277095555465897814e-01
5.351267405652566644e-01
8.986663510775312336e-01
-1.881262944579661367e-01
8.728146825486851057e-01
8.901451721376238968e-01
2.199176743274630919e-01
-5.712219482856363550e-02
9.146582774724104636e-01
9.459941025037670315e-01
1.874620262181959374e-01
-1.324342976861687948e-01
2.518142084066862796e-01
-7.627017260000411303e-02
9.219227854434954850e-01
