6.706118557455189588e-01
3.540041859515966061e-02
4.846156141857858035e-01
3.231488602143738065e-02
1.124333001233790014e-01
1.225830068902883652e-01
4.546160599156658932e-01
9.419295770931559453e-01
2.290115829416720095e-01
-5.898357951973973723e-01
9.408171145116055456e-01
8.437633837403786252e-01
7.662303166412975930e-01
7.397985847955934613e-02
-4.962542145502298052e-02
-5.657041078251970889e-01
-1.151986785231916798e-02
3.072453312351788313e-01
7.422201026115707867e-01
2.311746155217931087e-01
9.598956695091822588e-01
1.466121351783512827e-01
8.629860311823758234e-01
2.556654255604292603e-01
8.911542622829656812e-01
5.291504706090883747e-01
5.394189005673675208e-01
-4.440465650042028090e-01
1.658977991724279802e-02
6.383159845202948102e-01
9.315298478409981264e-01
3.234620875209808788e-01
-4.081015218510776199e-01
8.255003770199018653e-01
9.378697476027268998e-01
4.841574028114333794e-01
-4.411246397014125242e-01
5.639461704642283468e-01
3.271355294371195432e-01
8.509821229413865318e-01
1.998302929919162224e-02
1.840138897910933435e-01
-5.911438731601731389e-01
9.223244626241483557e-02
5.263606856960498792e-01
8.697026954299671431e-01
-4.794189851074017739e-01
9.187909622070077331e-01
-2.132103702647968752e-02
5.038400061672572150e-01
4.676299683675372854e-01
5.688271691775361738e-01
5.278684139785260188e-01
1.146550145649772035e-01
5.887549407720308325e-01
5.555573082210851776e-01
3.547048168146953451e-01
9.309783836381085864e-01
6.087247213016860892e-01
9.163068714620759003e-01
4.372266150081268177e-01
5.630374655559822195e-01
2.625088807380955291e-01
9.097791643132107087e-01
1.121278135190098037e-02
9.393901166236031663e-01
8.999182389026136875e-01
3.379672613440540263e-01
2.623785849996943531e-01
8.970686859311956252e-02
4.123148570123271184e-01
4.846743092953750276e-01
2.630957204838091368e-02
7.019463182908416421e-01
1.176527843797229023e-01
2.078272236190734368e-01
2.650064075335846203e-01
1.360099071063732012e-02
8.671585548377640507e-01
2.237323362507610269e-01
5.499386565408739269e-01
9.117438161814062081e-01
9.355958212895938431e-01
2.487814546404132354e-01
5.580626191363312616e-01
9.369983670313569712e-01
7.713786970734715087e-01
3.663101183526031868e-01
2.271268669801562723e-01
-4.271224707147027733e-01
9.097873988101227161e-01
7.549755335513016474e-01
9.207144014396684284e-01
-4.077393025817596106e-01
7.251706811951396103e-01
9.729142224040409070e-01
7.361684838789182006e-01
9.524927757334025191e-01
9.706039302309719119e-01
4.123220876858323392e-01
-3.222872702769132292e-01
5.201959020019202296e-01
8.522585744931968632e-01
5.165247132485843995e-01
8.322095882069960315e-02
2.906059853467983789e-01
3.069253524996791715e-01
9.141991013259735954e-01
5.560747644780354992e-01
4.417643574754739344e-01
9.471899400585890305e-01
8.339516421895876164e-01
5.318784495267532275e-01
6.306094873689602753e-01
-9.899314203578604698e-03
8.685398745336934123e-01
3.082332549959041490e-01
5.966154910807193179e-01
3.363089451782756978e-01
9.304481821706992450e-01
7.254703158344647518e-01
6.310902653320974443e-01
-3.692910431411635663e-01
8.678980659782176144e-01
8.164214914988392469e-01
5.239292014307659340e-01
7.645173047471685024e-01
8.904345050481974333e-01
9.508866524562038514e-01
8.939028236335488931e-01
8.565748500573449054e-01
8.745142983368803247e-02
1.410267455722996055e-01
7.590463687643902446e-01
3.440283072819060872e-01
1.470926879544606769e-02
3.754862088698697198e-01
-4.023284373000365344e-01
-1.180096472242551410e-02
-4.512514148180267470e-02
-5.905954932533667989e-01
1.348694663248619363e-01
8.213844729183334969e-01
9.419864660521803934e-01
7.262911176914249589e-01
9.263163296995440277e-01
5.871943672733952457e-01
9.278200162652233685e-01
5.642326841926346148e-01
5.791347616296607104e-01
9.318242727632431999e-01
1.260622732790679934e-01
8.211638517419729277e-01
4.403662339020187888e-01
9.812007296893543451e-01
8.547793826652290150e-01
1.007974932579203398e-01
8.713963942066775825e-01
9.723407326355263391e-01
8.535479943311592432e-01
3.515728251222999257e-02
9.546298093662530793e-01
-3.551006508733054456e-01
9.279650199377343922e-01
6.158550730742839985e-01
1.688118034851744664e-02
6.832654482536836271e-01
9.541792595770184349e-01
1.404002856413972544e-01
-3.721648690318807295e-01
-5.094740727474548203e-01
-3.153975752098386875e-03
-5.037905731326018932e-01
4.475435268896761354e-01
5.994485238714696296e-01
4.967745966231493782e-01
5.073174194066334408e-01
9.603438094907239542e-01
5.527026350845198888e-01
3.898460801511130502e-01
-5.128116257528453348e-01
-1.701927833671467438e-01
4.008894133224657486e-01
3.368711333439516897e-01
3.589989733907048564e-01
3.373007358592945981e-01
3.156534683571542432e-01
1.454597255513124243e-01
1.315216190997190726e-01
9.555164751742014628e-01
4.751509612522000769e-01
4.047892700027941326e-01
7.550345537446226385e-02
-3.851511544484776950e-01
3.768074109825151341e-01
9.544916886467530448e-01
4.770918229568440472e-01
7.818093157959951078e-01
9.307801870954877099e-01
1.326931089311565032e-02
5.857136048772522141e-01
8.403959702191974301e-01
-3.884053272218089825e-01
3.183166373643850910e-01
9.488669742087936232e-01
3.759805050337672316e-01
5.473253985670478716e-02
8.651855168152300379e-01
3.578822888912016609e-01
9.178032876739473656e-01
5.292535060183672924e-01
6.159601616944430091e-01
8.652335953395531298e-01
-4.258306400288566218e-01
6.411427166793713939e-01
3.819251987767190992e-01
2.044989630491285681e-01
5.184110185356631817e-01
6.442484438290380089e-02
7.984310678631711955e-01
2.175951957048207763e-01
9.590907827017520759e-01
2.362129735861066837e-01
-5.083814242457298516e-01
5.271284738214270238e-01
5.269917123182273899e-01
9.628059881673503018e-01
2.139091242986367047e-02
9.679219028509804534e-01
9.536051729392475140e-01
-5.323920931762567976e-01
2.058704599572216964e-01
9.756369487373666161e-01
4.988161872028834543e-01
4.918700680362881328e-01
1.337161209095493464e-01
9.543129015652744851e-01
8.886237348191730057e-01
3.010709918719953748e-01
9.431867516512038030e-01
5.482993363715189528e-01
5.924853824704455763e-01
9.069206693193281321e-01
8.397862581346876576e-01
4.743799426186662282e-01
5.068443824294472932e-01
4.670275598699938913e-01
7.015205761683391827e-01
9.460886002926940375e-01
9.361330309955973039e-01
8.540847188940895451e-01
2.768984075079649054e-01
-3.408374915535911653e-01
3.499883588143190005e-01
9.864214787318232869e-01
5.359616663279043181e-01
5.553204029207228221e-01
3.754514600300132843e-01
5.490506142053565020e-01
6.342506141674933984e-01
2.396027350347151308e-01
7.180956727561742248e-03
8.811001444179145103e-01
3.598143729433536109e-01
8.903669472228531445e-01
4.641980550811942718e-01
7.848388423951428994e-01
8.728582907182185213e-01
9.459096418565728914e-01
8.907223746061008196e-01
9.088989175957109534e-01
8.534294846355036102e-01
4.488065384650771206e-01
4.049895273395615614e-01
8.663738131578990753e-01
7.000652309613930591e-01
5.285133120652238947e-01
9.566998297542244067e-01
2.780902555854047886e-02
5.767153763918546616e-01
2.092296871285766469e-01
2.209237536304319849e-01
4.654081381682992347e-01
6.019819817346221402e-01
9.579412919270764437e-01
7.626279317633460897e-01
8.655415091174442077e-01
4.231941267780616744e-01
8.191898485034521116e-01
8.936946738403286350e-01
3.812417508027238777e-01
9.161009764210827910e-01
8.598823805998074832e-01
9.143963946186193237e-01
1.770349209743689312e-01
4.317323354284048897e-01
6.851483909307132247e-01
2.948137040560958738e-02
9.149913085555361203e-01
6.445895996916894966e-01
