6.890428476318085638e-01
7.856012298389665194e-01
6.973646604016636719e-01
7.673337028301019380e-01
7.804855704938051808e-01
6.915169546299893000e-01
7.595586376425753627e-01
7.415243925845902417e-01
8.594615145491989461e-01
7.282890384203657419e-01
7.430468272471317803e-01
8.007763309802081730e-01
8.335839784554688325e-01
6.691913556175241862e-01
7.265553804113646930e-01
7.535567341423368148e-01
7.954531514206195641e-01
7.416341374959609656e-01
7.838637402706890578e-01
8.072036725958419145e-01
8.012125335229529632e-01
7.992667936399096007e-01
7.941475099829414797e-01
7.297746527699982000e-01
7.367096764617410143e-01
7.933309211858964316e-01
7.785403588117554285e-01
7.501839716082518983e-01
7.157014899448159717e-01
8.009767830418028645e-01
7.480012127067833250e-01
6.328545228958447622e-01
7.271993605427600205e-01
7.896881355298706051e-01
7.539849285134667678e-01
7.123169336051780043e-01
8.297438400851639972e-01
7.672993245583842326e-01
8.366019706983648385e-01
8.108813077270302649e-01
7.602015580054222177e-01
8.055777632875671390e-01
7.955810730551751142e-01
7.851819809204785283e-01
7.573420319346477747e-01
7.674808964159969271e-01
7.156476261830686525e-01
7.522578614223617288e-01
7.764454838335530518e-01
7.577635820783001908e-01
7.468842050240735997e-01
8.346228878485324465e-01
7.852859940098515512e-01
7.353648791256887085e-01
6.792143794827616432e-01
8.214760496922101085e-01
7.982498738292059803e-01
7.856755916671944728e-01
7.995372729248073629e-01
7.680556777485709752e-01
7.694515402982232688e-01
7.647969047838902856e-01
8.071713433929186277e-01
7.638085965780211373e-01
7.696518384834328819e-01
7.842501737103987347e-01
7.298559718722162915e-01
8.142522966154633890e-01
7.831773237445874836e-01
7.594901417988639825e-01
8.314223568085370442e-01
7.032637492019707670e-01
7.990277636491106561e-01
8.093015599612112254e-01
7.339345333698819029e-01
7.431399352057441732e-01
6.506053703283145584e-01
7.189436634076920019e-01
7.808517418371305752e-01
7.991392358552320552e-01
6.896581938180659233e-01
7.227860635376642806e-01
7.734388914727117204e-01
7.635196697870187954e-01
7.207147858123530426e-01
7.557800452615756059e-01
6.984308656225897138e-01
7.492373664825476842e-01
7.835620568160512889e-01
7.701938512416426352e-01
7.723219317513136950e-01
8.146232517681645247e-01
7.365804715957471327e-01
7.626755359393693201e-01
8.552492745401246710e-01
7.544431478248330158e-01
8.252627500033441477e-01
6.975494503450192507e-01
7.720568636877397362e-01
7.830969098284135121e-01
7.948369238086859800e-01
8.088129308087573799e-01
8.452145626142559820e-01
8.027087957467894386e-01
8.109756864063871751e-01
7.880682208524520949e-01
8.161229691406255427e-01
7.402305604822286833e-01
7.068924236383727910e-01
7.428710473971000816e-01
8.037497155258974679e-01
7.612928941624161894e-01
7.371276068433869622e-01
7.850115009750385786e-01
7.954840087341186194e-01
7.716045566591416272e-01
7.320903564474282588e-01
7.338829022949550085e-01
7.532280694581063862e-01
7.538809008023754643e-01
8.033503169922924236e-01
6.982286178253589437e-01
8.478692073331008938e-01
7.779092818753456928e-01
8.008744098668938438e-01
7.743860993557705186e-01
7.926285973773927740e-01
7.281428574706905188e-01
6.517602190512447047e-01
7.364151907841181011e-01
7.361001757251719457e-01
7.580537742193576012e-01
6.689534855098371313e-01
7.734221726500996041e-01
8.360779844870038779e-01
7.463222010912217153e-01
8.230357258957130551e-01
6.369558465348987841e-01
7.862375454079435499e-01
7.715788903511028307e-01
7.412370107420870324e-01
6.972212978580987208e-01
8.280534540086008644e-01
6.124084666038593916e-01
7.371630108807547543e-01
7.605337279893646940e-01
6.675233773031885587e-01
7.749987013215109410e-01
8.425114271904023955e-01
6.707635963579222649e-01
7.966061179634882361e-01
8.240009507044856463e-01
7.617482194657685390e-01
7.958603495602574185e-01
7.463393564328882901e-01
7.461866032018433792e-01
8.351433056533111854e-01
7.127012222665934926e-01
7.204893486984593753e-01
7.210118212694993645e-01
7.137338422789997194e-01
7.644820232037277119e-01
6.770291760290980676e-01
6.946956517704613310e-01
7.533086286322117076e-01
7.220119769990216430e-01
7.429595687995942388e-01
8.035544529697808969e-01
8.143245653957348340e-01
7.780543023852214413e-01
8.197649626786258636e-01
7.665314792076037831e-01
7.551235314062536563e-01
7.623948952319004047e-01
7.516477414990261341e-01
8.017507236683092398e-01
8.287073021971831377e-01
8.012226571983767087e-01
7.231983515794020434e-01
8.108841971293412332e-01
7.593480070801068571e-01
7.843483116621543516e-01
7.794365885791100235e-01
7.777311265275226315e-01
7.291864069801057280e-01
8.043474989285837040e-01
7.457405079647234647e-01
7.462721325015473361e-01
7.550381738954514699e-01
7.816407680485832898e-01
7.271853716359075737e-01
6.725358900706119858e-01
7.617552077388967113e-01
7.434318601367706503e-01
7.057837447904149464e-01
7.764024157954125815e-01
7.740812493117238402e-01
7.441578627916061173e-01
7.602354421291082076e-01
7.357575673495164725e-01
7.497798382146262375e-01
8.062302866662338641e-01
7.698215830434190776e-01
7.665959400124646717e-01
7.521184474619779792e-01
7.746253206055759843e-01
7.329703794572525188e-01
7.724697819776269458e-01
7.619097240136949445e-01
7.586436387910175938e-01
7.191367848472989266e-01
7.735467000565712237e-01
7.347223194008793978e-01
7.879027164192140553e-01
7.042973522434704536e-01
7.767708380959648107e-01
7.996497754734941399e-01
7.665487933781953700e-01
7.734910684275466686e-01
7.450887641458405763e-01
6.759803439866773900e-01
6.962691482557678002e-01
7.683037357049508076e-01
7.679790060705916632e-01
8.149790804674397204e-01
7.341436833613517177e-01
6.924355395501706756e-01
7.339582322964383065e-01
8.016907164369334593e-01
6.700938683442676513e-01
7.624888079034087829e-01
7.211291321784170094e-01
6.995244670744914517e-01
7.499218397537321668e-01
7.898061980061308329e-01
8.251601879930243744e-01
7.114347050763617508e-01
7.721879640278402901e-01
7.820310918681863122e-01
7.727857842682773759e-01
7.918593308001703468e-01
7.695329137423573274e-01
7.520493331986917163e-01
8.222394604897516057e-01
7.747214747168470472e-01
7.617832721672064267e-01
7.194070091192583671e-01
7.538573246593012200e-01
7.879969265592237093e-01
7.909024096672467863e-01
8.377943778772137806e-01
7.378045161539641406e-01
7.540884818946845813e-01
7.168592286168042893e-01
7.543278362530996262e-01
7.680664511236032777e-01
8.220762445543770003e-01
8.298420710395706390e-01
7.289916282027071315e-01
7.172559318859648148e-01
7.895529209368650214e-01
7.323794136443391167e-01
7.167310138684486187e-01
7.883860014142531902e-01
7.383656853583859814e-01
7.523340879169257978e-01
7.838485791651095269e-01
6.453736076841967151e-01
7.257917002629613590e-01
7.270515717898669017e-01
8.075129374799372428e-01
7.603451106193948039e-01
7.907287827995865825e-01
7.915490640619540219e-01
7.268314429189970394e-01
7.992176870834526436e-01
7.227384109165808646e-01
7.273419273591392731e-01
7.084737279382407049e-01
8.117597545146926219e-01
7.561684149148931722e-01
8.227282612106974202e-01
7.490002454522464159e-01
6.733330690481513781e-01
7.736692305420561633e-01
7.260440815660367253e-01
7.726215786324375223e-01
7.212969345131872156e-01
7.992846614578317244e-01
7.111988114227014712e-01
7.494416177981861882e-01
7.920708124325843702e-01
8.379719995266103894e-01
7.726661109294654661e-01
6.355882280880337243e-01
7.459049568452927881e-01
8.616046086749353794e-01
6.988342540935168490e-01
7.498793238751149115e-01
8.137956918284983132e-01
