-3.239418521663728900e-01
-2.513544973178132858e-01
7.978556208970259966e-01
-3.750963284463606356e-02
7.122906007012341778e-01
-2.581896536096138783e-01
9.243749912752260434e-01
2.322239864792297326e-01
1.284534006003605067e-01
-3.111254475305593736e-01
-2.376338610315084920e-01
9.270500981474404378e-01
7.631277000645927400e-01
-4.141131086356227287e-01
-3.281266786386156653e-01
9.211429308268193061e-01
-2.851338042452419286e-01
1.610860067218215230e-01
-5.309880442476569429e-02
1.115715192720213855e-01
9.087397962868066781e-01
8.867775069377188402e-01
9.352577640290261618e-01
9.127818093055353188e-01
9.142521652150098488e-01
1.671602921757990023e-01
7.453285627499404153e-01
-6.818870830512710479e-02
7.307177052837433573e-01
8.664614636017120564e-01
7.228215719929782512e-01
4.847397173402831494e-02
8.530298550996808782e-01
9.178861116151746380e-01
1.048527926011712935e-02
9.254906228474437668e-01
8.270130266597653934e-01
9.144207074697242588e-01
9.146204759376127535e-01
9.250325185115858551e-01
8.859384289387046696e-01
9.331839461828432825e-01
-1.896465476318121707e-02
-1.953826202826670078e-01
8.187727639703152871e-01
4.429350236812876207e-02
-3.626613815151799591e-01
8.858624311952428831e-01
9.084948507039468657e-01
7.454118651021763853e-01
8.566623092244050053e-01
8.369450983761148599e-01
1.365248417307015072e-01
7.401934258344219364e-01
-3.511002436045674302e-01
-4.372124705871198169e-01
-4.653398298508880648e-01
-2.937255504996144628e-01
8.432650850639199502e-01
-4.386978682006458241e-01
-3.098098933217505180e-01
6.928096813537701903e-01
8.108468296044801793e-01
-2.991162104088166962e-01
-2.186800741422046113e-01
-4.093138998220450242e-01
-2.466526772077885232e-01
9.122153007496706101e-01
-4.032181895817694151e-01
-3.979573834090676110e-01
8.790595961410920811e-01
-3.762524215411303663e-01
-3.992572743825982817e-01
7.586720303429350665e-01
-1.888377951984170078e-01
8.883109804264630593e-01
3.500070653719840330e-02
6.852841453237995539e-01
-3.399454776544980628e-01
-5.767690205462940034e-02
-3.908040093449355323e-01
1.443657734767752887e-01
6.879698408160987988e-01
-1.006738221386310472e-01
1.554453962854011884e-01
9.160748392892928971e-01
8.948067232248331226e-01
7.073655189246204067e-01
-2.744543938227055335e-01
-4.361131229607868032e-01
-2.729066269049158500e-01
2.070428513168404983e-01
7.503460556817489469e-01
7.113223386909590662e-01
-3.596612910203759172e-01
6.909872466927200474e-01
9.298865414320700573e-01
-3.016627177008481819e-01
7.286730940191579187e-01
-3.145871112039237416e-01
8.770901106275315051e-01
8.689698320769809747e-01
8.799156561123344655e-01
-2.111855642598689242e-01
-1.010158393905923324e-01
2.451772524402996423e-01
1.567152374093896960e-01
-2.184348489473494082e-01
8.942939929242333941e-01
7.037108122102917473e-01
-2.868747605198640471e-01
6.698593252743607618e-01
-2.838587695811361500e-01
-4.204358654089228042e-01
7.696040106771383504e-01
-7.551102894024287748e-02
9.263817010467895185e-01
9.233104096495290403e-01
-4.389075160060518233e-01
1.672195932140695465e-02
8.332713379824089328e-01
-3.752059203271856935e-01
6.914413367790903653e-01
-5.391668490323712343e-02
-2.665275973505936147e-01
7.171030122896785430e-01
8.563158383882146785e-01
6.678712880394458429e-01
-2.636377468755489728e-01
6.359700571146396919e-02
9.316344374831408981e-01
8.041738455159092025e-01
9.167577232886074956e-01
7.963790435486698405e-01
7.611693222410446102e-01
-3.287840967440591733e-01
8.003372371550326880e-01
-1.570316766924320928e-01
-3.057935165419222723e-01
-4.099198278489398217e-01
9.018748481351304136e-01
9.265195561752683773e-01
-1.880472707075061256e-01
8.602856250803786464e-01
1.454913643744309426e-01
7.952431064484017931e-01
8.745220787147872654e-01
-2.098346698368597218e-01
7.564902255075620641e-01
-2.447512907651422098e-01
2.073008533796552588e-01
-2.828197049834711985e-01
7.227787678617834111e-01
7.743242658730502548e-01
8.709424780201714400e-01
1.356798784654597023e-01
-1.885640646788531161e-01
9.183320300264122826e-01
-3.977515065488692048e-01
-8.865289157346148419e-02
-2.185072686555973032e-01
-3.559687754869102494e-01
6.965645591055855679e-01
-1.202896207170995740e-01
-4.273435430950425218e-01
7.727470898717023751e-01
9.167794448311419320e-01
-3.401887071279366959e-01
-2.091645551777641665e-01
-1.834199620081527482e-01
9.165190318000896452e-01
-1.672552777398883528e-01
-6.211650369795572446e-02
-2.832392062147375267e-01
9.021746864059140281e-01
1.690346020544256089e-01
-1.340636678836706619e-01
-1.584812070084929136e-01
-3.738216701237015993e-01
7.089360105893079966e-01
9.068995770878259810e-01
-2.976979133960204749e-01
-2.197591396231798333e-01
-1.322147537492729952e-01
8.942783703746652879e-01
8.651630329643095196e-01
8.750217126787077637e-01
8.521272912116049092e-01
-3.406738281225748510e-01
7.452135822981938995e-01
-3.423482247984869220e-01
8.508255882707137507e-01
9.058186679009051501e-01
7.039313120914980626e-01
7.146553939233601938e-01
-8.911806315633548359e-02
-3.528243598082562160e-01
1.545265412163063512e-01
-7.800772968028731047e-03
8.587905941862561399e-01
-4.225827336804917067e-01
-3.792639273957486568e-01
6.877669997569917371e-01
7.824505513168386051e-01
1.504399508824599829e-01
5.679222452543068039e-02
-1.749132367024467949e-01
-3.499208543185215459e-01
-2.736326285394249380e-01
-2.346232628261246678e-01
-1.758158508667089781e-01
-3.856305674743324419e-01
-3.893584764365084494e-01
8.978867940603981745e-01
-3.364272996442198016e-01
2.222591984611090865e-01
7.770123688556949126e-01
-4.092419442221754133e-01
8.913349248801478719e-01
-4.057309587440898202e-01
9.196985497555691946e-01
8.279700064497059753e-01
9.708471738952237362e-02
9.106119521562154873e-01
7.512220214483269487e-01
-2.496331378283395686e-01
-2.498113205400638581e-01
8.953170749844107101e-01
8.917889607346809466e-01
1.189621036504403401e-01
7.424399216446453398e-01
1.264595081831835222e-01
-3.795816350880770740e-01
6.602961738049326623e-01
8.991713905099599780e-01
-4.426049945922715390e-01
8.271309485958775465e-01
9.090184379473111864e-01
7.609350160789438711e-01
9.025024384758706386e-01
9.081158633788728451e-01
-2.130115107681209152e-01
8.089537120618609523e-01
7.284921621658020374e-01
-3.916861274162790063e-01
-3.500953823173312829e-01
8.804087842346459691e-01
-1.322311470554673463e-01
7.536922148416446143e-01
7.022804976555543366e-01
-3.062543713273259693e-01
9.184730031366982184e-01
7.221729833179127978e-01
2.313249804659003872e-01
-3.379745981047780345e-01
9.347961243213813720e-01
-8.991544032384254925e-02
1.935375580100815729e-01
-2.412391657748281515e-01
7.209049677434145043e-01
4.394199163318013301e-02
-2.225868348210004177e-01
9.211123465012202027e-01
1.195910145622995635e-01
5.592448418953963052e-02
9.312383746012200536e-01
7.043091356330626329e-01
-3.899017616138960030e-01
8.719854311957130344e-01
-2.570551938596045138e-01
7.515502127874579275e-01
1.793209332512626653e-01
9.259316669295498681e-01
7.805580340227109559e-01
8.627259189707368048e-01
7.409062546696316698e-01
7.364037505172937870e-01
-7.878138734119587150e-02
9.272987748844433442e-01
1.091320141804480726e-01
-4.472915572524257394e-02
8.585445026251358192e-01
3.256524437193416416e-02
-2.926205246515310443e-01
-3.740347379936758143e-01
-4.224366026291881404e-01
7.935948885539866327e-01
4.336255181826643990e-02
-7.777711544911752872e-02
8.393679021983005972e-01
1.983298622946262912e-01
-2.774547672295661349e-01
9.022903190267841378e-01
-3.545810070756681420e-01
9.241277689953445451e-01
8.193255269526680262e-01
7.467161434365895412e-01
7.847997862677718039e-01
-1.216464556550653636e-01
-4.023736013936804468e-01
