3.039858415456041935e-02
7.918784530684028766e-01
4.262251459020836020e-01
1.485069098650750041e-01
2.004891045904845792e-01
-4.130931223177581324e-01
9.057996101388259280e-01
-3.019064986607098433e-01
-3.452035715989666964e-01
-3.628913662884006297e-01
-3.142285325674479823e-01
7.856214649751639412e-01
8.788410786680600495e-01
7.355916839589337064e-01
7.510640026969515048e-01
8.676172619561818289e-01
1.289292489912391149e-01
8.272230666395664622e-01
6.990663007425894637e-01
-4.539666521615526307e-01
-4.192001112011297104e-01
1.282631989299719555e-01
-3.769176142772048821e-01
2.307274635151519981e-01
8.111763625740554540e-01
9.101925875024667878e-01
-2.872044645221665249e-01
-3.936261936670730766e-01
-2.437592544775259717e-01
6.344700839821595939e-02
9.242314741523978139e-01
8.662490071496478095e-01
8.752119507604565474e-01
-2.510273699391960545e-01
3.384524986205494912e-02
9.117533072759522739e-01
1.693781144162796737e-01
8.971573216972958953e-01
1.956715961411854832e-01
1.333010184118784414e-01
2.583785682555140850e-01
2.241974617886426935e-01
7.184247493557864850e-01
7.230333688564780648e-01
-8.204673815871782461e-02
-3.767440936406666330e-01
-6.495120052438208003e-02
-1.368021858131605595e-01
9.358271323108561246e-01
-1.010692509334473743e-02
7.644832073471611311e-01
-8.757010618497108878e-02
7.501607912301822001e-01
7.892481411213001508e-01
7.958017832887925858e-01
8.112626649967807912e-01
-2.215420126085940189e-01
-4.079487300642488101e-01
-2.616270050153255422e-01
7.768097699379220566e-01
7.354396608188662476e-01
7.941342762637255692e-01
2.383790240030168595e-01
-9.196044779506018507e-02
7.590555081341728849e-01
-1.713492849790385075e-01
7.516744204884598934e-01
-3.958443911047599961e-01
9.009104720805124478e-01
7.173670622749680481e-01
-1.697633163310446336e-01
-3.976815014878188337e-01
-1.829298990266262637e-01
6.986976826756281511e-01
8.903677945083710021e-01
7.290878671550005130e-01
-1.144265001917718072e-01
-1.173825726288814930e-01
9.192457020451060279e-01
9.260413465021606338e-01
-4.127460965860886288e-01
-3.944948198177237741e-01
-3.556284351820758194e-01
-2.004400139970260175e-01
9.311652216596303377e-01
-2.748606554847572991e-01
-5.173533497162122186e-02
-3.232694207704694955e-01
-2.213425410046993558e-01
-1.562947694756496864e-01
-3.776055402661652738e-01
-3.980909081355796797e-01
-3.690308013686010025e-01
2.252206925171902629e-01
2.685680721869468934e-01
-3.382366010127579314e-01
7.280651066964591855e-01
-3.776385618713671288e-01
8.826884200112620205e-01
7.636970943210912299e-01
-4.311578385207392450e-01
-3.652483619473996523e-02
-6.429482186444772374e-02
7.312117962044709651e-01
9.029513374163785633e-01
7.195937314612992353e-01
-1.745223036839310682e-01
-3.230051879739780918e-01
8.979980470929345149e-01
7.736300469928391044e-01
9.329387919609581914e-01
-4.085359827878817796e-01
9.179366901307057791e-01
8.696803195927713670e-01
9.488580648823262409e-03
7.148078514955498175e-01
5.234574207425927994e-02
-3.338280035157218939e-01
9.146395755751756118e-01
7.342014248182071601e-01
-3.607181262961282608e-01
8.984093494698066618e-01
8.935267302401596057e-01
-2.543579646487345580e-01
-3.550678033533892497e-02
9.115456367558292250e-01
-3.544507124554474031e-01
-2.721777686606161040e-01
8.313170340167249650e-01
9.084206891308657106e-01
8.172876216565866381e-01
2.648902519195498462e-01
5.438675825227577698e-02
-4.398129319244177271e-01
-4.474890774628366152e-01
-3.667232234140127556e-01
-4.582193176265891288e-01
9.235690467304755735e-01
8.912613012629589937e-01
7.276617677491479252e-01
2.383034771105691230e-01
5.917254853055451541e-02
8.291336701898189832e-01
7.251964329704496670e-01
9.150770756336562561e-01
8.589788492239253115e-01
9.181835334507038038e-01
-2.525878527130995255e-01
7.497419000883819296e-01
-4.455808864052399759e-02
9.058970536238277749e-01
9.257661492122074565e-01
-2.416446034607489246e-01
-1.067637429052559900e-02
8.262587653101309826e-01
-2.726271646628476431e-01
2.864228542686710899e-01
-2.820602816608683283e-01
6.961925196898521850e-01
9.214821419306469252e-01
-3.466296640760774816e-01
-4.669003684469932164e-02
1.426096070864072696e-01
2.035604086418744962e-01
-1.794023914659954588e-01
-9.365603099565318612e-02
-3.228968043957071155e-01
-8.286498792140860326e-02
9.209627096079907593e-01
7.606257715131264918e-01
9.250771093336972450e-01
7.539499465011256785e-01
-4.440573348612853466e-01
-3.680588106065458276e-01
-2.567048205518775994e-01
-2.795332565431506988e-01
1.882500652963546572e-01
7.521835999196945233e-01
2.018901743142130778e-01
-1.804293508854910855e-01
9.078762888219382710e-01
-3.163208029580161229e-01
-2.564036880414211628e-01
9.348340923014474280e-01
9.059046878377874368e-01
9.254549671185434701e-01
-2.650119542722583765e-01
5.856741719194753781e-02
-2.274775219280423810e-01
7.413689678588023524e-01
9.022865174573627689e-01
9.111010112325137467e-01
-3.465437126320817796e-01
8.415925130774234431e-01
-3.593594265924053843e-01
-9.324367212285231132e-03
7.050693209403366968e-01
8.592125174912348395e-01
-4.085282648697315944e-01
9.101646465927929475e-01
-1.260926615991946331e-01
1.229509927055528612e-01
9.091795806078750708e-01
-3.519506191408681706e-01
8.240066760912174715e-01
-3.493613494202760239e-01
-2.045004988991472594e-01
-1.482185913070004774e-02
2.144762567788192908e-01
-2.475611433361865066e-01
-1.050205721961259761e-02
-3.557827725846580691e-01
1.334377829185590114e-01
-2.765519733886931952e-01
9.123160111995261001e-01
7.110504418143606120e-01
7.252504509054199522e-01
8.494560565443871614e-01
8.292838300768703430e-01
9.154488701195581113e-01
9.029632759115783225e-01
9.212791755176605868e-01
-2.531034647038714613e-01
7.878425664273808193e-02
-7.211119124499279498e-02
-2.879068422318583065e-01
9.136257038135580100e-01
-2.870141793915594874e-01
1.832090144799697340e-01
-3.479518346069253587e-01
9.284051072846964958e-01
7.880921221670721399e-01
9.211292396333601307e-01
-3.906089518432113161e-01
7.433027692451696922e-01
-2.114701263401715381e-01
-3.996569798050406686e-01
-2.959391040321248667e-01
7.565212223154403892e-01
-1.695284429134414905e-01
9.047302810979883647e-01
-3.721357004438574645e-01
9.179466876827695465e-01
-3.770024437263339578e-01
8.803031614503339375e-01
8.034549054003321533e-01
-7.856197277325675798e-02
1.038744753018693706e-01
-3.078200861711101188e-01
9.491951702098440358e-02
8.935190201813081323e-01
7.341832050747020277e-01
7.801641807658578065e-01
6.527094285016117325e-01
-1.377639701365059866e-01
9.187406895950819274e-01
3.225990853603157293e-01
5.082225263079709343e-02
-2.054602779942120427e-01
-2.118951902314742397e-01
9.021528367580473606e-01
-2.272222641024264633e-01
-2.875988746541728314e-01
-1.358320828173248396e-01
8.989358179376144564e-01
2.342995567299959725e-01
-2.855543374772757104e-01
-3.810946097752553885e-01
8.343051686910603060e-01
-3.773479481132021585e-01
9.220240522208567047e-01
1.146692008721780509e-01
8.650082558338396677e-01
7.204699374481762231e-01
7.249670295404464504e-01
-7.773243379009936449e-02
7.971107634520974150e-01
9.063891840220211771e-01
-4.039097099482109599e-01
8.531617287798562432e-02
1.990022147494763249e-01
7.874083242852147890e-01
-7.242815998316258497e-02
-1.352692733251410484e-01
-1.463135805001915535e-01
9.118272857128841835e-01
7.076785304182247049e-01
-3.833963573078792431e-01
9.072132418630068917e-01
8.210548252852168938e-01
-1.732139383911745351e-02
7.396437474715231719e-01
7.806853966859732541e-01
8.276542203271566311e-01
9.103864321796401038e-01
-8.189320264739836930e-02
-2.093894348265900596e-01
9.190104837217886180e-01
9.188867823250270739e-01
-3.692552156871388158e-01
