7.902339018255004621e-01
3.755507141632025842e-02
1.936604343074022905e-01
3.025951294416169834e-01
-4.339583916020365861e-01
-3.840172159943154306e-01
9.168803672150035444e-01
-6.510519566483034815e-02
-1.066611461751254819e-01
-1.574415591742951703e-01
-2.590596142266425872e-01
8.253795243043132723e-01
-3.968897623530557306e-01
8.114772112350444599e-01
3.008299798555865712e-01
-2.268205188683192763e-01
9.290530007328450246e-01
7.733742300320299856e-01
-2.906787339476020748e-01
7.862947096010309833e-01
-3.312882596570931870e-01
-1.258643594796358400e-01
7.441483577071733579e-01
-4.274624760775152521e-01
7.740352824453090586e-01
7.123424694256824674e-01
9.071940568708947161e-01
-2.357312416808280409e-01
-3.881302519959525243e-01
-4.310407851880095897e-01
9.095536575389726597e-01
-3.642794639999936690e-01
-3.622335822587650078e-01
9.105516726857288967e-01
-8.771335667508468881e-02
7.293442504914684488e-01
-8.310675956523733143e-02
-3.549345277911067909e-01
7.964650030468516384e-01
-3.341922716941354565e-01
8.796937079931892167e-02
-2.978307573803490316e-01
8.034679516321689974e-01
-3.606725655426963884e-01
8.997229236900268212e-01
-2.335313603676258953e-01
-3.420432804237223956e-01
2.279911782794642183e-01
8.923702727773075161e-01
2.077270383252849406e-01
9.088578443200870938e-01
5.752814878824027284e-02
1.199084900552416372e-01
9.082205448049477381e-01
9.371790851573921222e-01
2.344429949137593477e-03
7.392666797706917148e-01
9.053290091862957745e-01
2.201308530548756748e-02
-1.233259629528770107e-01
-3.037127352528161128e-01
9.397349961060228463e-01
-4.061611996593884055e-01
-4.059063447841882444e-01
-2.018753717780282786e-01
-3.843175195812746914e-01
9.145856734406551114e-01
2.594165878814033155e-01
1.012397235766152731e-02
2.068662975132934956e-01
-4.091009411248971994e-02
1.665307109028104915e-01
2.511885958100705807e-01
2.601329716652809113e-02
1.604711874356584689e-01
1.590325168806476230e-01
-4.351441009333073540e-01
-4.277898865134221462e-01
8.015387418399894104e-01
9.144156820758166937e-01
7.582090401073515729e-02
7.315036308548772404e-01
8.490513957850597260e-01
-2.310571245253817754e-02
5.531650971873744438e-02
9.171847104494441627e-01
7.403317878670967467e-01
-3.977185036870706791e-01
9.248057470120290002e-01
-3.425597278869516593e-01
9.210010661034807589e-01
-3.248135786742833986e-01
9.155501026831101008e-01
7.793875342577164522e-01
-2.808380763426430171e-01
9.110214538024027364e-01
-2.474304936856056569e-01
8.176941502421603003e-01
6.971193441582471673e-01
-2.450545663322025239e-02
7.877658449131322849e-01
7.342820368530917907e-01
9.076943995027847434e-01
-2.123860145192563165e-02
3.078000193836155640e-01
9.136799682891773022e-01
7.733160399934415619e-01
9.107242952609581055e-01
8.977258564742885971e-01
-3.423745380166423047e-01
8.903889356235041852e-01
-3.294808832013590427e-01
-4.137400029309939997e-01
-4.140180613274703769e-01
2.003833764114503202e-01
-1.126976217330039887e-01
8.523586118632909825e-01
7.296138072750827375e-01
6.743806849135917103e-01
2.363962638836453467e-01
7.134057856900535288e-01
1.854884272452356764e-01
-4.687385530922898447e-01
-4.023020432844335859e-01
-3.051416992969145370e-01
-1.750832048760781468e-01
7.803651828133920110e-02
9.111314297276560392e-01
1.336213058293503897e-01
-3.350711956469973329e-01
8.976487165222090114e-01
-1.631273309385989842e-02
-4.433163866941522424e-01
1.440837322747358928e-01
-3.027816583787273363e-01
1.665151632995345854e-01
2.545957420175952168e-01
-3.231000812814641687e-01
9.072224776979334049e-01
-3.996396946309571652e-01
-2.366460959690769306e-01
7.298288990072152593e-01
7.487476865158361194e-01
2.951714377049778903e-01
-2.247942240223368970e-01
-2.742429107248292586e-01
7.308439898149522440e-01
1.508736754550818737e-01
8.594923008813131204e-01
8.325940973488121788e-01
7.140082740242804649e-01
7.724667893345532610e-01
9.057695105279947034e-01
8.296600354391880927e-01
7.692154681100915603e-01
8.882970274289913037e-01
9.096139871944893818e-01
9.048973393880931360e-01
9.131064946709599450e-01
8.356195478276372546e-01
7.688422086148589685e-01
9.158585586806372580e-01
5.637946423097350834e-02
7.793377115881179318e-01
-3.979545491581810701e-01
-4.043498526871187604e-01
8.515444414846514709e-01
8.126476750039145491e-01
1.855672549436044802e-02
-7.840316268294296453e-02
8.915732496005167595e-01
-2.562537892504856973e-01
7.871292093332182827e-01
9.188690903551492983e-01
2.634058860701802285e-01
8.685781804044142573e-01
7.357797117154766253e-01
8.956774266366094306e-01
-1.646980178119341054e-01
-4.520524511354296893e-01
9.167517092381423094e-01
-4.189961738733148922e-01
7.988129602966468346e-01
9.019891597034350728e-01
-2.949686203468468437e-01
-3.642252349723026916e-01
9.265326190628412339e-01
-2.649035592598444899e-01
8.143371307133679959e-01
-3.306199898162570094e-01
-4.883843298197978466e-01
-3.976046263808933889e-01
9.193493152151640535e-01
7.007820422094780399e-01
7.577294300504953117e-01
-3.368332761074477322e-01
1.128258417055190282e-01
7.637829072596283853e-01
7.415653809108979644e-01
6.881141076458191508e-01
1.109065730301143637e-01
9.094125344937755706e-01
-7.254247597441473849e-02
-4.242273480007074382e-01
8.261844781722370579e-01
1.782513128900479749e-01
7.274512107514415904e-01
-4.073730737196313845e-01
-2.650986304631394730e-01
-4.101837841935837559e-01
-3.096006454642225569e-01
-1.966110573275446360e-01
8.537491335726972164e-01
3.214091736652748832e-01
8.394881512898432208e-01
2.544899283811303259e-01
7.247281192549024365e-01
-1.048736067411357442e-01
-3.891667921322327639e-01
-9.162028759883800166e-02
5.777698733389718955e-02
-3.960822460488651608e-01
-8.897764328634950870e-02
8.977070810813071455e-01
3.000091045158088665e-01
8.618602042122349705e-01
9.136543705787129044e-01
7.401145095438943500e-01
-1.685656591111760749e-01
-3.523058050062782137e-02
7.295203977589165278e-01
9.233432515512801642e-01
1.987802045173074350e-01
-4.164268414741033597e-01
-2.906614967883406897e-01
8.267114059773589263e-01
-2.614435594324556744e-01
9.291931393678410922e-01
-3.624626582573617917e-01
9.047562408741850470e-01
9.220633290820929862e-01
-3.213510562018125905e-01
-3.311753920102080695e-01
-3.161873267672372090e-01
9.065169015583326440e-01
9.210816054695036836e-01
-1.965534519436407668e-01
9.170398977089724291e-01
9.009603054566714953e-01
1.286253455721814154e-01
8.767773984803572951e-01
-3.962119895248643608e-01
9.911327561868960023e-02
-3.060177109655004557e-01
-1.937888522097156452e-01
-3.344831280312139388e-01
-3.607740737635829475e-01
2.152284233231533395e-01
7.565541077740430831e-01
9.174744720206796655e-01
8.867971269231827991e-01
9.992704960979650886e-02
-1.372749642420780791e-01
9.027675370635249719e-01
7.391583520572106991e-01
9.124302482193056285e-01
2.607754323145665687e-01
8.907514693166654896e-01
9.183621783275789374e-01
9.003586501505254081e-01
9.199923108574333819e-01
8.330060535682375436e-03
-4.114250855870471568e-01
4.854933436734962249e-02
8.120927303006643116e-01
-1.907655833119739075e-01
-2.912145759485358920e-01
-4.298190654852687698e-01
2.382497591270732740e-01
-3.297428898555332388e-01
-4.395581266175500046e-01
1.746939982363090449e-01
-1.519074724542564259e-01
9.194677168320215532e-01
8.157749885027395509e-01
8.014691578370909397e-01
-3.095086015881047259e-01
-2.772192938953884633e-01
2.171329408915121661e-01
-3.734683338557304166e-01
7.799020242374710143e-01
-3.619692774672534363e-01
8.963629033910091026e-01
-2.476538901734230413e-01
-3.499490705031008120e-01
-3.986407039832205457e-01
2.744207229002732507e-01
2.043093305550423844e-01
-7.742480246367214325e-02
1.566356232942990243e-02
