2.372219381130472593e-01
-3.341957105862543576e-01
8.178004022098400716e-01
-2.005770904987079217e-01
-2.186048979848452811e-01
2.345551827161203862e-01
-2.734715110731670840e-01
9.047131941403188105e-01
-4.119971844797076233e-01
-1.696769264928240512e-02
2.095271681417663345e-01
-4.440358451126201200e-01
-1.325439256182470160e-01
-3.053181065353028356e-01
-3.840146297776539375e-01
-2.121216722032241431e-01
8.968784687595541261e-01
-3.973190120866079700e-01
7.825952524020737266e-01
-3.008162890765899156e-01
7.847795956253070804e-01
4.337942403455126439e-02
-2.669542816053617762e-01
7.864148919787274927e-01
-4.256983403660972165e-01
7.402845038070505757e-01
-2.495362806341382411e-01
7.266935311680513543e-01
-3.344839525635308064e-01
-3.914305250824529625e-01
7.599835465026715253e-01
6.725727406288324328e-01
7.320698080682099818e-01
2.160222857037367994e-01
9.166024549948716960e-01
-3.953436848538463000e-01
9.084623804776943423e-01
9.048857982432995106e-01
7.219795604156655777e-01
-2.114346463873794657e-01
-2.831792226526242962e-01
-1.115387564293282285e-01
7.129517578584114723e-01
-3.409557877780783897e-01
-2.574252555270059029e-01
1.568178628992610846e-01
7.356043815408133124e-01
8.889586500472508312e-01
2.770094478179211950e-01
1.034425134172073796e-01
7.457564163591154927e-01
-2.405311304043927512e-01
-4.398726156898611350e-01
-3.150542299005835711e-01
7.243061186953883013e-01
9.232549588688634401e-01
-4.096442228060145352e-01
2.378793752781039883e-01
-1.226912424272981195e-01
7.893772519565693813e-01
-1.215015845014444928e-01
-3.172301190327689868e-01
-4.203975322220658284e-01
-4.346482518822806229e-01
9.088729420556193039e-01
7.854451404418455462e-01
1.231858169297330580e-01
8.751065381770002372e-01
-2.793277694348625939e-01
2.215703695700560472e-01
-3.048904279360223901e-01
2.455079844757866378e-02
-1.662985575872575339e-01
-2.314312007820596706e-01
-2.510461357138873972e-01
9.191870709479424972e-01
-1.874670976190978000e-01
7.807258198498459034e-01
-2.912219021368223082e-01
-3.351387967087146591e-01
-4.836088735507770853e-01
9.328491131109125645e-01
8.709794562514555638e-01
-3.544314085212158516e-01
8.938065904489849167e-01
-1.263067285128619543e-01
-3.432154690468551261e-01
-2.111266221954663236e-01
-2.262705423914506686e-01
7.807268954995800758e-01
7.446900723428417912e-01
7.232967393622091734e-01
9.119468247317688014e-01
-4.067449738876687260e-01
9.231153217257365151e-01
8.653757725863868711e-01
-4.093454622299400603e-01
9.151268513511005009e-01
1.874433850738076723e-01
-2.971787742437886348e-01
7.248720244675252999e-01
-4.594886714742497241e-03
6.977566360508985488e-01
6.606658121905878422e-02
9.153953930547181761e-01
7.858679642480286276e-01
-4.016901711774153449e-01
6.867628703337123053e-01
9.159429307430440037e-01
7.352547615029078609e-02
9.003598297132010542e-01
9.175936961326303098e-01
-2.906853288693050930e-01
-6.077377411205280022e-02
7.899017720083061356e-01
1.909481160012498346e-01
1.469376360393065406e-01
2.352372651537713577e-01
-4.921491845180513414e-01
9.069135977369123802e-01
-2.359849625140389429e-01
9.149069955213893213e-01
7.283913126271042149e-01
7.851286804229219429e-01
-3.289679744753057355e-01
6.002548860375341716e-02
8.985978081418146690e-01
9.075973978769324990e-01
9.141907649222250631e-01
-4.427451286821776355e-01
7.228609305603432844e-01
-4.461836954571192781e-01
-1.795386994981636730e-01
-4.912498044385454204e-02
-7.432408911641134874e-02
9.116306301914274268e-01
-4.594669284499615647e-01
-4.157832218930112567e-01
-1.016834496932273180e-01
9.230639886391341919e-01
8.455677456030217254e-01
8.049446805542888050e-01
9.188215863180412279e-01
7.635870565856754943e-01
-4.694401614491805486e-02
-2.785488963196595114e-01
8.377289050641788248e-02
-2.571583748289629767e-01
7.664120549067316990e-01
7.754450387288659707e-02
-3.134283787623128870e-01
9.216142029132253777e-01
-1.720108185744842755e-01
8.854619469193852899e-01
-2.652711788848224339e-01
-4.012957818874253735e-01
9.020304494176487609e-01
8.113155911311844548e-01
-3.047250217966719354e-01
7.248124626931068404e-01
-4.276053402015766447e-01
-4.489792880534554387e-01
-1.754916277982627171e-01
-4.188196281193520831e-01
7.301382250114595296e-01
8.772210790325368768e-01
8.699699976523488365e-01
-1.433375036305886696e-01
2.307730042332919729e-01
9.105127258990184380e-01
-3.130676452763224704e-01
-1.257496832506618256e-01
-4.049750364131339264e-01
-2.240030891959198522e-01
-4.655255200356789858e-01
-4.842763400277419472e-01
2.186971963608764502e-01
-3.290365606078768934e-01
9.222479271671045753e-01
-2.488975158024748502e-01
-8.631823550569704684e-03
7.610516136693943334e-01
7.154380852533680502e-01
7.882902629310400977e-01
7.370889807486767920e-01
-7.543834880897257178e-02
2.257181439500627607e-01
9.241365281131814768e-01
8.130644698568314510e-01
-3.553610561799537826e-01
-4.358867357894402050e-01
8.400157742525189430e-01
-2.295799539042417958e-01
8.823883181750762361e-01
1.553621386031997509e-01
-2.891949300854758098e-01
9.016187963676729478e-01
7.816586460786127954e-01
-1.425721049809273444e-01
9.191182735730092368e-01
7.659047232927855831e-01
8.692618465210976142e-01
7.701371718457094007e-01
-7.948732002529559915e-02
9.147371370338466257e-01
-2.108785412848130369e-01
8.969088956086942455e-01
-3.957379045642618887e-01
1.113867910819038853e-01
8.501244889561299090e-01
8.772366953767897213e-01
-2.831750584663322301e-01
-3.740196770448360741e-01
7.395135005989320609e-01
-4.944865036244712186e-01
8.951938000505914594e-01
-2.854341523663677105e-01
-2.840686501246932893e-01
8.996342160978396674e-01
9.174986114705019347e-01
-1.117422562083088405e-01
3.212032844316635161e-01
-4.491020189167143073e-01
9.116179579868129990e-01
7.973150174001247814e-01
-3.301128396389634845e-01
2.694735160428405468e-02
7.250112377781301465e-01
9.106078361321239267e-01
-4.577505875917039502e-01
-1.780074589273976382e-01
-1.769550106065538864e-01
8.804794528499240158e-01
7.801803583980305712e-01
-3.245040230724386965e-01
-3.898988900486428100e-01
-2.202158229573200343e-01
8.631125947558202505e-01
7.651613984628652387e-01
-4.047631663410999892e-01
7.092322975084254244e-01
1.177282272871350011e-01
2.221207101003714324e-01
-2.710877827044775312e-01
9.009593718139500274e-01
-4.353226255099365005e-01
-3.332152754559041807e-01
1.657166541178784203e-01
-4.664165184472087167e-01
9.054386177386745116e-01
9.183568355936130301e-01
8.548985781876841106e-01
9.066493512279825140e-01
-2.787658278049766625e-01
-4.364619506578037433e-01
-3.830075965096550461e-01
9.105254038138330674e-01
7.562288314223910568e-01
9.403920559114055389e-02
-4.347863536436583076e-01
7.544897403393819868e-01
-2.098747805531383515e-01
-2.807161115937176210e-01
-1.771504165290714861e-01
6.876295058478812949e-01
7.541269677296851270e-01
9.013497831718295661e-01
8.670102568474041815e-01
-4.105326285731514258e-01
8.382939743561451662e-01
-2.626788088889321915e-01
8.821453063259467875e-01
1.500108943535134465e-01
-3.755998860889525059e-01
-4.151129411486679799e-01
2.761461602426771439e-02
-1.888358426501489107e-01
-2.987725797914492776e-01
7.782865897562856183e-01
8.440519226494429539e-01
-3.851752819900449709e-01
7.687886610737842963e-01
-1.623495175838735316e-01
-3.008705991033630567e-01
2.058086693720856397e-01
-1.328654836854764043e-01
-3.641565060330743120e-01
-4.680055226209112740e-01
-2.627217391306527761e-01
-3.925196514544142534e-01
-1.438103222701881956e-01
7.439066733805190790e-01
6.310218504496041547e-03
-2.451736418372812698e-01
-3.047807042135795008e-01
8.996437870764470990e-01
7.756444414467006387e-01
-3.335479698263346116e-01
7.982731776509941479e-01
-4.731609268417212855e-01
