-4.118971996688082227e-01
7.392980697309510241e-01
7.477791680022249921e-01
-6.369523741776320080e-02
7.886716546435649233e-01
9.101446240670878485e-01
9.224169365162619982e-01
7.419914231421257389e-01
-2.046765209828765031e-01
-4.392170166077277726e-01
-4.681819551276345526e-01
-3.885015221537292951e-01
-2.737649582029547668e-01
-2.325933657906087138e-01
-3.511844379937862914e-01
9.229111180347003840e-01
8.998033216461851502e-01
-1.516408825463428645e-01
9.109641826068310966e-01
-1.173242743592225606e-01
-2.331554593986287505e-02
9.370110149475436856e-01
8.892093264639449046e-01
-8.333580956770894610e-02
-3.478561426607590379e-01
9.057391054490160354e-01
4.268173583231339718e-02
7.210263111246639767e-01
2.147417946955057222e-01
2.986656961138123845e-01
-4.360025759595980155e-01
-4.219428474479555158e-01
-4.086303704846861451e-01
-3.802141496012927391e-01
8.958131321713140860e-01
-2.190056493407114557e-01
-1.348698318673147156e-01
-2.668037576511400055e-01
-5.180263773347950490e-02
8.686905249776443183e-01
-3.497799758152565497e-01
-3.078717256150056425e-01
-3.225464714368579955e-01
-1.180857715436573474e-01
9.099530538926740020e-01
9.189781420168678938e-01
-3.493356845184669157e-01
-3.571035937046908582e-01
1.322611112700157743e-01
-1.163102589377142115e-01
2.375226738090200074e-01
3.086038686793708408e-01
2.648552912806162452e-01
-4.671059510842437423e-02
3.124630959140335951e-01
9.102457542019627423e-01
7.934935309281109239e-01
-1.971882258943863930e-01
-2.745769284276398658e-01
7.686100895381958731e-02
8.467254668500769910e-01
7.312919495496761346e-01
2.775457051417738394e-02
-2.974364009801709896e-01
9.160767189843213032e-01
-4.037413626932529476e-01
9.121803047189788183e-01
2.332607724053049059e-01
-1.542797085129643531e-01
-4.154612317707983560e-01
-3.608095996244145010e-01
7.778747143579876067e-01
-3.897606212106046186e-01
8.985019700351554173e-01
-2.319422610428326925e-01
7.545201252363914479e-01
-9.431722631259874257e-02
7.698893296538145137e-01
-2.764177879219460454e-01
8.232468950116780260e-01
-1.003781018111016277e-01
-3.704601668307068718e-01
9.112075062385740498e-01
-2.062024241012412606e-01
-1.933155305895928322e-01
8.775116157320381749e-01
-2.949703569858244112e-01
-3.424456375754493243e-01
-3.684955433552482007e-01
7.706838836022087413e-01
9.126649553266321657e-01
-1.197328993212410930e-01
1.452906415916343508e-01
-4.126143030560111002e-01
7.958270306971000352e-01
2.386706439564709181e-01
8.850973636807236700e-01
-3.947330836781012264e-01
8.824322106108871688e-01
7.415190851913260328e-01
7.818502185938428495e-01
8.600294822305329934e-01
9.119104546964567071e-01
-2.882260730096169454e-01
9.021102392160893491e-01
9.374825930298561483e-01
8.352465840047249568e-01
-3.771021294745127705e-01
-2.782305584987897484e-01
9.127331341483455596e-01
1.716814715085405452e-01
7.670956253388551138e-01
-3.170327197209964476e-01
8.985144293237095070e-01
-1.825367748407396018e-01
-2.260919172232651320e-01
9.311116191990386204e-01
-3.945411634136735124e-01
-4.561777547778229080e-01
7.975977949667059086e-01
-1.738761926210282416e-01
8.604050108004639430e-01
1.653150314386963859e-01
-3.052984701600966466e-01
7.738246492068563409e-01
9.141222805300777132e-01
-2.460935313232232302e-01
8.731936942860905049e-01
8.905103891652900172e-01
-3.872824406184723345e-01
7.634730988312047328e-01
8.724401571143765022e-01
-3.580606152336601733e-01
-3.327943717377249144e-01
8.651245020326800983e-01
1.713445608306069512e-01
2.691637282161326028e-01
2.867475511910391184e-01
8.893494760167937052e-01
9.136669168659624640e-01
7.698788080366802955e-01
-1.078757988253848249e-01
-3.710209991213502256e-01
-2.485932724203003263e-01
7.688735364639147640e-01
-4.378914810898633658e-01
8.509839891710470061e-01
1.634091880898259075e-01
-1.300528265597374611e-01
1.193819467170856019e-01
-2.633235148960945127e-01
-2.000912200620670045e-01
-2.100416112003802849e-01
-2.632856119345576840e-01
7.714964439961263798e-02
9.548945114378193377e-02
-7.276991870141938379e-02
8.990288156809486120e-01
9.093292654764402183e-01
9.203646468658901458e-01
9.337781191922107649e-01
1.366348978812937376e-01
9.069270061246799131e-01
-2.116864437113208930e-01
2.716110623105450483e-01
9.122602552337786275e-01
-1.370300171149469448e-01
7.701007085953021081e-01
6.045064058569059318e-02
8.854542163661739407e-01
-3.197489175008436102e-02
8.036977350488115901e-01
1.687454573452769613e-01
-1.799782461521619026e-01
-4.177357464399726605e-02
-2.278070054095794328e-01
4.183696941277640496e-02
8.593048685926758801e-02
-1.750478436526585746e-01
-4.026192311719019590e-01
-3.515385125362668339e-01
2.081473502898732036e-02
-1.285255108269115210e-01
-3.892104923765143942e-01
7.248487805074814716e-01
-3.105642452403151732e-01
7.364980982070644666e-01
7.308883802438059796e-01
7.779688182643826888e-01
-2.053439124103306757e-01
7.137272376860933631e-01
9.432765943812143616e-01
7.697376293280635551e-01
7.519924636673886997e-01
8.583396755209274920e-01
-2.389776995134216264e-01
7.295887071307182170e-01
7.701685191085803073e-01
-1.390296416963159865e-01
-3.744604749448435799e-01
9.123677799340992323e-01
-1.869417232470806933e-01
-3.296193833650434279e-01
8.977348011323776911e-01
3.040353226945959886e-01
6.517831461444569818e-01
1.775073402526083644e-01
6.860534493797855182e-01
9.217388887081759963e-01
9.308456551115987798e-01
8.585552550123713988e-01
8.422564770467606543e-01
2.685142456940164957e-01
8.522936424091246410e-01
-4.481044621355791402e-01
6.361522289549090964e-03
6.702097751826181504e-01
-3.626445480576071523e-01
7.704891996021383527e-01
-3.558624803765066125e-02
9.101046820449246733e-01
-4.614704570016636698e-02
1.742543677993840523e-01
9.926099054936501909e-02
9.159761804267227969e-01
-1.211696642328445317e-01
8.828307756849643750e-01
3.538177453544349982e-02
7.309713676648198488e-01
7.583435018896730329e-01
-2.808974677260174246e-01
9.277582503562463723e-01
-2.659220750563103808e-01
2.087300377273557384e-01
7.628284863390890624e-01
-3.560071116765163857e-01
2.023278607461591605e-01
-3.263913237219913110e-01
9.262369630444078350e-01
-2.036441639577382112e-01
2.466784784442321299e-01
-3.756644782968185936e-01
6.645704008999681056e-02
9.026395948384992041e-01
-1.975646088969304770e-01
-1.774873720295592205e-01
9.073641969246349914e-01
-2.264021751140957717e-01
7.647654670133344768e-01
-1.952014525579648940e-01
6.755966434979866486e-01
7.553729527803841881e-01
9.195353645825740108e-01
-3.973512062477169149e-02
8.986950290634947436e-01
-3.664876185987080981e-01
9.247781072777989664e-01
7.788927893042968398e-01
1.702198863078930591e-01
-3.120056608381580610e-01
-4.154803868006548551e-01
9.231993891947124498e-01
7.801207588058597375e-01
7.877699417474748333e-01
9.230240050944255037e-01
-3.337632093139042411e-01
-3.096914753185692204e-02
1.220993145062208712e-01
9.214054825548599892e-01
-2.250113341033476572e-02
5.495973420429062228e-02
2.170955857248184073e-01
7.429260084212190307e-01
-4.028994583386641404e-01
-2.605832223275110215e-01
8.975678769583603778e-01
7.846339176387873149e-01
6.534239360369853422e-02
7.926035070642959424e-01
-2.830408973144631357e-01
-3.003936162901627571e-01
7.419168563799127813e-01
-3.372878846344246617e-01
-4.538192625577824879e-02
-3.457284477404664047e-01
8.743447083929422048e-01
7.371776637532763132e-01
5.229329956416783887e-02
9.254696848959663713e-01
8.038033658537072079e-02
9.250652466665545415e-01
9.090078365851301800e-01
7.527351304886221728e-01
1.272917619046263771e-01
1.976551679696858799e-01
-1.005834047417449029e-01
9.347306148289160621e-01
9.215244201892707210e-01
9.153009596729645425e-01
-1.408818458867192036e-01
