9.012261086303081647e-01
9.102184244286495307e-01
3.900045168708334842e-01
8.966529646981580282e-01
4.891079672911860521e-01
9.008933655103150695e-01
5.606597408777638236e-01
6.559941971581453313e-01
8.045043853337701112e-01
6.148401843917401521e-01
6.090785070193247552e-01
9.474065795736019702e-01
4.902119543149170422e-01
9.676430217780183085e-01
8.158908344560992232e-01
9.428052218659245254e-01
8.321907884820074486e-01
6.908142684758029617e-01
7.631410975665502416e-01
6.619710940975301883e-01
6.233434435446916222e-01
8.503768745146678132e-01
7.243432648837817567e-01
9.523568219876383800e-01
3.685850695634369512e-01
5.312576345981968595e-01
1.488919007805865335e-01
9.466176619212718357e-01
6.640526751089137480e-01
8.271776239452848234e-01
6.634301880678326047e-01
6.498787534106226227e-01
6.452528691956964657e-01
6.501355233975416592e-01
7.256070232186262459e-01
9.003801810139969719e-01
6.409568174031536891e-01
8.763893534152724651e-01
8.119514445422755244e-01
8.264847345929813294e-01
9.793512072524190870e-01
6.563521761251381870e-01
8.891680021648310506e-01
5.793658428829830953e-01
6.636838032277669885e-01
6.983438617550337124e-01
8.847967421384457243e-01
5.336721755444355786e-01
4.734813340770800683e-02
6.514240326201632403e-01
8.422688943669578432e-01
6.154449212311805528e-01
6.330500039547766189e-01
9.463734834505853621e-01
6.138082278350247556e-01
8.382957293921673436e-01
6.122835488862106157e-01
7.107088382311842478e-01
6.888793532268863151e-01
7.665006732028851744e-01
4.930881202206567337e-01
6.580540081820351883e-01
7.354625742197324900e-01
8.160404195806658656e-01
5.868897615850834359e-01
9.523926204045563004e-01
6.360665027222169865e-01
4.961526305498253353e-01
5.657549042725342758e-01
9.785365147900486615e-01
9.785784705988069820e-01
8.790940213409161874e-01
4.414206407647706665e-01
9.566242720162048130e-01
7.869226912593559886e-01
7.132551580471967467e-01
5.101588296984191917e-01
-2.418401314046061262e-02
7.786032909853504158e-01
7.218976611665900434e-01
9.162384327772918891e-01
9.849511396059922319e-01
7.598949036705300308e-01
9.333072020906317823e-01
5.401402228447259590e-01
6.905763084837119870e-01
8.589387598217941289e-01
4.996176545938874614e-01
5.406098698353625220e-01
4.966677053930552699e-01
6.626074475893208859e-01
7.515912818719685529e-01
5.016583413500846911e-01
9.652123078672500966e-01
8.713992147408426980e-01
9.525543039468598039e-01
5.415339705702862938e-01
7.879321830708629903e-01
5.039138174506049284e-01
5.538982000380063830e-01
-4.651579440245721953e-02
8.803256914298955849e-01
4.308215332760338967e-01
6.079710276574536998e-01
8.708323622754789994e-01
7.708752897411550453e-01
7.793921928315421521e-01
9.764498132583862011e-01
7.846197185928134310e-01
5.685131954517472774e-01
8.997397025854310115e-01
7.475978716964291060e-01
6.790858603211766820e-01
3.711442295983318207e-01
7.915670930543503570e-01
9.780221148140283427e-01
9.625282852246584975e-01
7.433027365232887096e-01
6.794403073359327472e-01
6.039764161362074502e-01
7.282616586583865459e-01
6.578691865861034938e-01
5.137989068688901817e-01
9.645834913227966378e-01
9.190545370190987828e-01
7.145504283079253671e-01
5.994001794063409383e-01
6.979765891295166558e-01
9.741472537289292966e-01
9.582725361415791454e-01
7.963364399233339164e-01
5.221532536330248941e-01
9.542141738870140166e-01
8.806460437600618363e-01
6.239826818440679101e-01
7.643974628447622877e-01
8.791085606191959556e-01
5.531950460939998315e-01
7.096913247690364024e-01
4.663461504264010404e-01
7.379860009995137249e-01
9.478996777824606479e-01
5.242166949238660223e-01
4.662751838379389779e-01
9.797068711517344930e-01
7.085933385952936092e-01
5.690315667057078697e-01
7.059753683338578778e-01
7.352264819947278429e-01
9.107376443926475940e-01
5.427882139645983095e-01
6.715312951233760597e-01
-6.404124895012970609e-03
-5.790608086056984322e-02
6.390995874331635296e-01
5.343521472329745281e-01
9.014566021206847912e-01
9.628811509393615520e-01
9.172828211097606710e-01
9.276308083498234769e-01
5.338688500961281669e-01
6.915146356595682775e-01
6.990434083303821433e-01
5.894591411117133806e-01
9.715161499115323451e-01
9.767638757319775378e-01
9.809071110038238839e-01
8.786744047426385817e-01
4.834700603468154445e-01
6.376188511013356486e-01
5.285269380080606094e-01
8.994759356132311368e-01
5.541446174362039123e-01
9.307557064014744252e-01
-7.633952639442916077e-02
6.643757096906469650e-01
7.159161347310223356e-01
9.302127621318350137e-01
6.801494602405155909e-01
6.688608771713273615e-01
7.002147386229866655e-01
5.884343381867154221e-01
9.108698720641005275e-01
7.399626618993130345e-01
4.101851971093454230e-01
5.369757346822794375e-01
3.005773718367935055e-01
8.635300706221691325e-01
9.125611665615340762e-01
6.620137533230310289e-01
7.950995638468798532e-01
9.316054615277178375e-01
8.712914444632425814e-01
9.870982507707657394e-01
6.878066093885737420e-01
1.059325372978509733e-01
9.185701728708162150e-01
8.789458201781705782e-01
4.392959887101255401e-01
5.552651728128419339e-01
7.524748399074721039e-01
9.642466148411419358e-01
5.578442842640156663e-01
5.084848755839903589e-01
5.416859890899825558e-01
9.455482181046440671e-01
7.798621682829212087e-01
7.083178270152311606e-01
9.560122801987775976e-01
6.682030339546828346e-01
7.132696590658127445e-01
9.438207941655992750e-01
9.516580839101913547e-01
-2.306511724748194422e-02
7.543415706700387080e-01
5.089001793724863276e-01
-5.890316151516381687e-02
9.491749140242269345e-01
9.104973886652978354e-01
7.180117611550916878e-01
8.252238857346252399e-01
9.682220010615825156e-01
9.360450454250581753e-01
6.936797729602838247e-01
9.172955798231126057e-01
9.401872375935302895e-01
4.885386091780209439e-01
7.095546549472296904e-01
8.470112526143270815e-01
6.769918336340656762e-01
6.425353077337576657e-01
9.475845792823109903e-01
6.858297602630843981e-01
9.338973301664081905e-01
5.223376729299127330e-01
5.110557308941510168e-01
7.662182056718014334e-01
6.352883747985056395e-01
5.392425392193402889e-01
5.239497867394740105e-01
5.172415289584290088e-01
5.353934968236625513e-01
8.430821899554810095e-01
8.269686507805038556e-01
7.084963121720253554e-01
8.157953639117092592e-01
9.470999438652429880e-01
6.229456897884277922e-01
9.339707666657617313e-01
9.667892755055915721e-01
-5.935529553907449574e-02
8.708323622754789994e-01
7.065788588550716565e-01
8.052532609677527375e-01
2.875877985315224983e-01
9.297959553604311367e-01
8.688435063810200365e-01
6.813150198527565538e-01
5.959889435742212749e-01
-5.545545884301020245e-03
8.985354426564649000e-01
7.952913828584351474e-01
7.302630338246894892e-01
6.775689445588726212e-01
-4.091546153309597728e-02
9.173906796690028953e-01
7.038527991243441750e-01
4.160879637448703372e-01
9.356876084421020812e-01
7.201744594636432240e-01
7.965982148585459832e-01
7.494660605783336482e-01
9.675119222774722916e-01
7.369107736823017341e-01
3.781542314282293482e-01
8.090457195351605790e-01
6.893694935734220319e-01
8.599229351794854814e-01
9.064693162091876921e-01
5.438623056531081135e-01
7.344516443539628181e-01
3.784015525336942853e-01
6.415660981168966881e-01
6.192894282088179381e-01
6.070203706855343828e-01
8.615974288704302264e-01
7.992120148190404727e-01
8.036553195635880442e-01
9.282156350033303749e-01
7.617257387463434171e-01
9.524281984469791240e-01
5.139680869938164642e-01
5.157395976193985820e-01
4.263794506083849467e-01
8.454144399620854289e-01
8.060488381375500166e-01
7.219633505072579061e-01
9.354936358075895964e-01
6.147926888866113160e-01
-8.907323107904004111e-02
