9.553819684565281189e-01
9.553819705415131924e-01
9.553819734662185592e-01
9.553819689998841458e-01
9.553819692764757843e-01
9.553819691850382601e-01
9.553819683336393087e-01
9.553819694979681643e-01
9.553819641900040960e-01
9.553819680940854875e-01
9.553819570730799349e-01
9.553819723354681770e-01
9.553819655171404968e-01
9.553819705402224471e-01
9.553819657746380756e-01
9.553819658499405065e-01
9.553819697957992574e-01
9.553819643677128326e-01
9.553819575198487790e-01
9.553819702188390828e-01
9.553819671064929242e-01
9.553819783880348471e-01
9.553819660536106984e-01
9.553819658088876787e-01
9.553819679472438375e-01
9.553819694377960747e-01
9.553819716633669135e-01
9.553819619384106288e-01
9.553819642871153039e-01
9.553819673015957470e-01
9.553819706119494048e-01
9.553819622570689507e-01
9.553819700038646001e-01
9.553819636468745546e-01
9.553819594883482536e-01
9.553819737645636856e-01
9.553819603837432339e-01
9.553819679190341807e-01
9.553819695124392553e-01
9.553819649858928953e-01
9.553819697408567624e-01
9.553819716602232059e-01
9.553819676259578397e-01
9.553819652333023216e-01
9.553819646782993891e-01
9.553819699031061985e-01
9.553819623604618005e-01
9.553819700023815642e-01
9.553819716887241853e-01
9.553819730136168253e-01
9.553819725047791867e-01
9.553819712355047233e-01
9.553819554960160110e-01
9.553819688221433237e-01
9.553819645693322204e-01
9.553819667382325020e-01
9.553819635064597637e-01
9.553819722775482859e-01
9.553819685969288100e-01
9.553819637891847183e-01
9.553819714557881815e-01
9.553819657625279849e-01
9.553819627883550769e-01
9.553819635607403438e-01
9.553819635861221515e-01
9.553819679847919133e-01
9.553819668002381249e-01
9.553819691988868490e-01
9.553819718820814044e-01
9.553819668445264757e-01
9.553819612435203723e-01
9.553819687752120871e-01
9.553819677113285502e-01
9.553819681301382039e-01
9.553819648450616597e-01
9.553819641056577883e-01
9.553819656511454150e-01
9.553819652325252765e-01
9.553819714278031228e-01
9.553819673637186094e-01
9.553819708755930673e-01
9.553819611131899592e-01
9.553819645629140211e-01
9.553819692208660452e-01
9.553819731747121846e-01
9.553819685506449444e-01
9.553819680570729833e-01
9.553819624873781668e-01
9.553819587570269167e-01
9.553819672901195936e-01
9.553819597362529503e-01
9.553819695220235886e-01
9.553819664319123106e-01
9.553819638714413642e-01
9.553819690965472677e-01
9.553819676021251261e-01
9.553819611073162132e-01
9.553819642655924094e-01
9.553819671081682507e-01
9.553819623150592300e-01
9.553819690911853346e-01
9.553819682836768301e-01
9.553819695701080139e-01
9.553819651825152803e-01
9.553819641261007689e-01
9.553819731176323993e-01
9.553819637359028949e-01
9.553819646941874577e-01
9.553819657159091649e-01
9.553819602442119585e-01
9.553819600363506748e-01
9.553819651597242890e-01
9.553819737805817613e-01
9.553819666345564343e-01
9.553819694787993866e-01
9.553819613348080164e-01
9.553819605125275505e-01
9.553819606689872845e-01
9.553819692008356235e-01
9.553819622221353391e-01
9.553819704454391548e-01
9.553819671945470438e-01
9.553819645585057696e-01
9.553819594212749067e-01
9.553819725640748661e-01
9.553819675443534498e-01
9.553819631314794947e-01
9.553819714925149142e-01
9.553819684178344041e-01
9.553819708017827761e-01
9.553819684240466570e-01
9.553819626421817812e-01
9.553819679210453497e-01
9.553819720280805061e-01
9.553819742087660272e-01
9.553819658032918216e-01
9.553819612970089192e-01
9.553819645970690333e-01
9.553819719250524756e-01
9.553819737731443773e-01
9.553819679785664487e-01
9.553819746667029378e-01
9.553819619999330826e-01
9.553819680300819073e-01
9.553819591443091230e-01
9.553819749457619359e-01
9.553819695230002518e-01
9.553819637300152712e-01
9.553819668954255384e-01
9.553819742970806050e-01
9.553819634109136372e-01
9.553819713055664575e-01
9.553819663742826318e-01
9.553819662155155212e-01
9.553819744125390256e-01
9.553819557773928217e-01
9.553819667769329893e-01
9.553819622126351607e-01
9.553819681316693124e-01
9.553819754274863740e-01
9.553819649577321993e-01
9.553819659117575025e-01
9.553819583464682186e-01
9.553819731899679812e-01
9.553819635771159113e-01
9.553819688378507591e-01
9.553819680469177733e-01
9.553819737595810047e-01
9.553819693476179875e-01
9.553819574908115619e-01
9.553819661540616792e-01
9.553819653100229514e-01
9.553819613989680271e-01
9.553819674841603771e-01
9.553819664936069600e-01
9.553819657147049060e-01
9.553819719322739212e-01
9.553819742257423364e-01
9.553819679692051592e-01
9.553819741453322134e-01
9.553819673926337019e-01
9.553819687932053606e-01
9.553819589221774766e-01
9.553819625746958755e-01
9.553819729159794827e-01
9.553819702000427849e-01
9.553819825550020628e-01
9.553819766035878125e-01
9.553819653132935574e-01
9.553819652234665227e-01
9.553819643243732784e-01
9.553819648043853086e-01
9.553819636071543275e-01
9.553819652379340610e-01
9.553819740268649774e-01
9.553819747782201777e-01
9.553819643954650775e-01
9.553819635194688020e-01
9.553819770978513315e-01
9.553819600910686827e-01
9.553819695653198441e-01
9.553819576661348734e-01
9.553819687399931482e-01
9.553819640571388216e-01
9.553819694166398868e-01
9.553819641935894502e-01
9.553819702262960067e-01
9.553819707179409537e-01
9.553819737692248459e-01
9.553819614547738315e-01
9.553819554773907985e-01
9.553819652746010638e-01
9.553819736180786393e-01
9.553819652859687483e-01
9.553819597629358285e-01
9.553819740526714455e-01
9.553819753979319040e-01
9.553819649792882895e-01
9.553819599631135917e-01
9.553819579589011290e-01
9.553819686492028840e-01
9.553819717904201703e-01
9.553819684853457339e-01
9.553819685914904936e-01
9.553819704378843092e-01
9.553819710514260821e-01
9.553819647478251076e-01
9.553819645020922291e-01
9.553819751731232879e-01
9.553819527577751547e-01
9.553819636801088588e-01
9.553819675572625680e-01
9.553819687719744547e-01
9.553819708998567695e-01
9.553819622150256929e-01
9.553819683381493677e-01
9.553819687919613557e-01
9.553819624409418676e-01
9.553819695964504977e-01
9.553819614548825223e-01
9.553819695916068166e-01
9.553819665729887944e-01
9.553819636663232195e-01
9.553819727675609830e-01
9.553819701165964240e-01
9.553819727231901426e-01
9.553819682125009871e-01
9.553819592993726406e-01
9.553819723600771585e-01
9.553819667485751177e-01
9.553819605421656203e-01
9.553819654984341270e-01
9.553819613115456244e-01
9.553819628742349357e-01
9.553819769163316433e-01
9.553819639713470036e-01
9.553819644438245051e-01
9.553819664512215315e-01
9.553819730483983363e-01
9.553819757717232353e-01
9.553819720605416510e-01
9.553819674698219577e-01
9.553819646270773625e-01
9.553819701347179283e-01
9.553819728715287063e-01
9.553819710414900301e-01
9.553819554708564699e-01
9.553819661721472123e-01
9.553819673295539383e-01
9.553819678810460125e-01
9.553819703067623070e-01
9.553819658370352741e-01
9.553819740998259480e-01
9.553819639586068613e-01
9.553819577378670491e-01
9.553819645064692834e-01
9.553819666609999484e-01
9.553819699333274684e-01
9.553819790664623834e-01
9.553819699058390125e-01
9.553819692252856211e-01
9.553819609480043162e-01
9.553819682547328718e-01
9.553819638075908838e-01
9.553819644340402206e-01
9.553819682859736595e-01
9.553819730069867955e-01
9.553819666369907093e-01
9.553819635853100234e-01
9.553819657813640287e-01
9.553819654341736411e-01
9.553819689395370851e-01
9.553819680509818557e-01
9.553819655648769782e-01
9.553819675504960918e-01
9.553819744818963233e-01
9.553819671488157361e-01
9.553819622937593792e-01
9.553819669664406211e-01
9.553819597495770699e-01
