7.393640696502223886e-01
3.799552324400055081e-01
9.760966141534686003e-01
3.704553987291448469e-01
3.772766877388262774e-01
7.110530276597479826e-01
4.281313935643950574e-01
8.368480900754342588e-01
8.663029559047714656e-01
9.427844735676454979e-01
2.169396026310811687e-01
3.955759747760150824e-01
4.139804084370883874e-01
3.706175327742492476e-01
8.080445024189608638e-01
3.183956111863956995e-01
7.372686347574703980e-01
-3.758656962977096061e-01
8.296759176959402904e-01
-5.372318559713222808e-01
8.380357826487427886e-01
2.699656512222178284e-01
-5.219703030212925476e-01
3.928930500922935831e-01
2.774641348995460222e-01
3.951323938555991733e-01
2.199187741308119559e-01
3.906723795051075809e-01
8.488672261597722812e-01
1.668914910408910990e-01
-5.714371368554139741e-01
-4.598280871383355617e-01
1.967789630652921340e-01
-4.786827226692030868e-01
1.305732303068620204e-01
7.114815216309571255e-01
8.620560257739016130e-01
7.087762829796835362e-01
-4.321266939216732994e-01
2.416054844240425326e-01
2.489491755362149561e-01
-5.272436138561522601e-01
7.641016105267506298e-01
4.005650845484030609e-01
7.810061087238429067e-01
-6.057792905155796603e-01
7.145640200488145855e-01
4.222121350191325173e-01
2.040427143265058640e-01
3.033885413530778008e-01
-2.281770255843618839e-02
-4.324109910518350031e-01
8.650300095834952963e-01
2.972648237779054736e-01
3.594392172171851363e-01
1.298170853140659942e-01
-5.501464238985676047e-03
-1.787427203731009051e-01
8.254281349327734496e-01
1.778605024511552557e-01
4.608819255352210043e-01
8.694993276590680109e-01
8.701476248363398946e-01
1.763338877659150483e-01
3.205329874034377191e-01
-8.980103793104582399e-02
-5.915002856096386319e-01
9.478547664808849582e-01
4.128360363621370599e-01
9.560830639907687001e-01
9.115578632639879109e-01
7.074599077617882426e-01
8.851997323856862776e-01
8.717574225696061996e-01
2.310472842420977502e-01
2.361571276683184784e-01
4.099244467634517997e-01
2.361571276683187004e-01
-5.269051672210129517e-02
2.336136708623572367e-01
7.986081186782341135e-01
6.747441528190256665e-01
8.429024966231242200e-01
3.569602264114443146e-01
4.335081257716068004e-01
-5.177724809912318538e-01
7.230668350735361960e-01
-1.183494361212500401e-01
4.338286848552461716e-01
4.189349737516359085e-01
8.078175380712899756e-01
-5.077857448797946649e-01
9.207909183510292195e-01
3.896695071038291935e-01
6.696577879537688460e-01
9.394302789441058010e-01
4.072956892875725377e-01
1.517831190011277309e-01
4.136954085622381871e-01
4.431532201162030615e-01
2.470768760653473395e-01
7.047665983331776740e-01
9.116698052677179032e-01
2.444743319393280490e-01
6.829391116091164671e-01
2.240742437794784880e-01
8.473559144654388975e-01
9.341599474975861295e-01
1.514104121629678279e-01
3.992519421645446820e-01
2.873882510328854556e-01
8.207148454515178493e-01
-6.065527466356215314e-01
-2.513811527392434408e-02
1.758621726604229774e-01
7.617491010747124980e-01
3.725336998772017516e-01
8.065803855049054061e-01
-4.518616690361461075e-01
-4.332345819422827038e-01
-5.036889906419187435e-01
8.457187081261761108e-01
1.886076501922765714e-01
3.894991209554430345e-01
3.337583811032024395e-01
-6.254607853557092589e-01
7.674628537793395378e-01
-6.168068603583325427e-01
9.255132580319014313e-01
3.205268322957941507e-01
1.474337499001379947e-01
4.434665275037692478e-01
9.209449539346996616e-01
7.049523362761279666e-01
-6.153780206408077103e-01
8.086575767742461007e-01
6.819300927345515184e-01
9.571329393856060630e-01
-1.387740562439367387e-01
8.883211096568301990e-01
8.055969955652770853e-01
2.430656142093722549e-01
4.069390738967039178e-01
9.209424438333597696e-01
8.187249977314410287e-01
-5.301390593833331666e-01
3.131611811647332377e-01
2.566949629738282113e-01
2.063328213631318575e-01
3.116641526297057041e-01
4.172853141651337028e-01
-4.645855278186687420e-01
2.361571276683186449e-01
2.693040375697568489e-01
2.362894746095648424e-01
3.496042748753565022e-01
7.222983637960078696e-01
3.493607418439224066e-01
6.803592396730542280e-01
3.283235345315188569e-01
4.253678961286259108e-01
-5.911870673242594076e-01
2.437293976266030060e-01
9.550173680620269723e-01
8.711682087658251250e-01
9.099196601512180571e-01
7.339197003095607741e-01
7.480317929248435638e-01
8.762444158548643447e-01
-2.384743692530034986e-02
3.730198906755426980e-01
7.428066680040710246e-01
3.842917405860845070e-01
2.579591939920753418e-01
1.892348906428254762e-01
8.389568849749735602e-01
1.570072343977304830e-01
3.843573601524974959e-01
1.914423099695796715e-01
8.400157062988748979e-01
8.364859628731806662e-01
1.789207556956869394e-01
6.594479639003945071e-01
2.429613219487954390e-01
9.325804340135485093e-01
9.316258543714344142e-01
2.441155811783567442e-01
1.664699572831304097e-01
6.852747682078039748e-01
8.591996773949349686e-01
8.455366153982717403e-01
2.865468975268414820e-01
7.304214496197083406e-01
9.437166943888701809e-01
-6.729532301299720465e-02
2.418431272302266899e-01
5.812655744603109076e-01
6.759205902801348476e-01
9.524844862402828127e-01
3.547784903832349457e-01
-5.760844902191688544e-01
9.353564253287433017e-01
3.800058267406993817e-01
4.237685288268673856e-01
3.943683815649848823e-01
3.436492992905310073e-01
-1.717936700326166966e-01
8.484984376331593525e-01
3.286041568863239393e-01
2.197265421634005400e-01
8.352494582398060086e-01
9.565653475374082948e-01
3.230155212101644135e-01
2.409900265602647751e-01
-5.487716555191226586e-01
3.572259724687004701e-01
2.834185398981802217e-01
2.960206979078235934e-01
7.618622002883372879e-01
8.181772622763455738e-01
1.115084100946853868e-01
3.089479273668860326e-01
7.758141726001892557e-01
2.361571276683184784e-01
7.568672394734488051e-01
3.886216791400685100e-01
9.494328212062171923e-01
8.157190136571661476e-01
1.191778695095941504e-01
8.476625669698414356e-01
2.772870920909221715e-01
9.306447582714736377e-01
-6.089415430893133641e-01
3.886216791400685100e-01
3.457282240675560447e-01
9.144520015060872975e-01
6.728895524157033070e-02
-1.299434631574140908e-01
4.158377281882351117e-01
2.617129618603706298e-01
4.147237054841210746e-01
4.129309821679735260e-01
-4.118526093761751272e-02
8.468672834291648410e-01
8.367786856383778726e-01
-1.449236268841075370e-01
2.948380118613994627e-01
2.126561213312194720e-02
3.715797635018300293e-01
9.794077132393870233e-01
2.241682248045263059e-01
7.051869624441819973e-01
8.434669305214066437e-01
8.507057919592144746e-01
2.478254599995492746e-01
-1.747570869728459209e-01
7.489005618879980286e-01
2.339507183971548665e-01
-4.250497157496976874e-01
2.189603095888402462e-01
7.381032993851297519e-01
8.769861198597928009e-01
2.638755079216097421e-01
-8.247675468300294521e-02
3.323895151727530584e-01
7.588629073686861126e-01
2.140555184130477073e-01
9.144702263046599056e-01
3.827932570703631576e-01
-4.995904911256521252e-01
-5.462658859383866528e-01
8.488672261597722812e-01
9.591500254220702848e-01
1.697254318330773670e-01
9.554571964640394821e-01
2.434307910282515128e-02
-6.103228463130374593e-01
2.361571276683186449e-01
6.805301130530663212e-01
2.584479369609924415e-01
9.617249445270337205e-02
9.152500694190045527e-01
-5.190483731052497607e-01
-4.403644153313105436e-01
-1.418255123529716388e-01
1.808113736913602165e-01
1.849897977377458202e-01
2.234598892808239978e-02
3.962198405938103796e-01
8.489246998099952979e-01
3.848495150847263679e-01
4.337174272425461385e-01
3.818960282521132732e-01
9.267013980637057724e-01
-5.161511090689385739e-01
8.323604424580124395e-01
8.423567537515901371e-01
3.484912901325896706e-01
-3.707215867854204427e-01
3.010515818558181511e-01
