6.143557860072372812e-01
-7.381582703546392399e-02
8.918690085388869537e-02
-1.442150606824073866e-01
5.077794682143790261e-01
6.321951555399152323e-01
5.447941560257238969e-01
8.948247106073141666e-01
5.790608560889329848e-01
1.002025755510082133e-01
3.212107475010488877e-01
-9.755184228344940256e-02
4.652729997302289533e-01
2.399482788242854325e-02
7.800095140784790715e-01
1.684762154316701496e-02
7.248665010317880686e-01
-4.510781976880975375e-01
7.091705813276479864e-01
-5.617316672018796142e-01
7.551112788306570955e-01
3.109359313046267670e-01
8.237373756309716022e-01
4.579735230113685107e-02
2.815923739581233098e-01
4.951408206271937229e-01
2.543282991721133035e-01
-2.356536949889436947e-02
7.468433802200221683e-01
1.979665040062335013e-01
-5.627806200580489637e-01
-4.255305208270798722e-01
3.319008620133807042e-01
-5.833788343388790487e-01
9.497980680506259432e-01
7.037743044457022146e-01
7.765769405864165753e-01
7.191632772022765741e-01
-5.087930709317849409e-01
1.482285315518372948e-01
7.460629301964633031e-02
-5.846431985624578331e-01
6.183797033570472834e-01
5.007259989714887283e-01
8.929527441903248874e-01
-4.238529596999469629e-01
7.099526477509900957e-01
5.510142159375284177e-01
2.097041187700768028e-01
4.627811043692850457e-01
9.225892595020048770e-01
-4.838861261550250203e-01
7.781040015702280765e-01
-3.399099113733218547e-02
4.395506806446908832e-01
8.888842599536308509e-01
8.509751253869690668e-01
9.240238508746905222e-01
7.831661928700328623e-01
9.356145692538090364e-01
4.108866739750816066e-01
9.258751924543270340e-01
7.342193514529756770e-01
9.267429067219430383e-01
4.115204167550050030e-01
9.093524729382522764e-01
-3.958552580507520013e-01
1.187986028855073650e-01
4.151296460085594497e-01
9.418765030575637631e-01
8.683639480618705608e-01
5.858656611236614520e-01
8.376755788643300282e-02
8.855843283882320893e-01
8.529825433373541266e-01
3.267494614424515942e-01
5.261284151079210769e-01
2.109015866783493509e-01
9.229769888208843032e-01
8.968496795823557299e-01
9.326955365244864460e-01
8.847434475806470466e-01
7.226063655443187850e-01
1.166789316022699696e-02
5.208949766915560442e-01
-1.223243600750671956e-01
7.099386397857059272e-01
9.318742391240357748e-01
5.429103695438427524e-01
5.116825737632590965e-01
7.396171494896205401e-01
-5.567977170848023016e-01
1.298330407515385365e-01
-3.130109767141135008e-02
6.139706344190625220e-01
9.201933204278411882e-01
4.850038079629765408e-01
9.455277544106428511e-01
3.286595978011878083e-01
5.037460022927185976e-01
2.543717086379553294e-01
6.374789029844214472e-01
1.387606453973575515e-01
9.237358508403594737e-01
5.385629315598647882e-01
9.270966129970169556e-01
7.420364511477661740e-01
8.636697235701040753e-01
9.099145308710733238e-01
4.958221602806843209e-01
3.263958523258273514e-01
7.385583203321567369e-01
-5.102026345942651808e-01
9.437863384457705340e-01
9.220868908977448708e-01
9.098005680213727686e-01
-9.457701018993858177e-02
7.482386752181027223e-01
-4.800774981064688252e-01
-5.308355468154967172e-01
-2.718661405588836955e-01
7.504294615458003692e-01
8.792944150530589420e-01
-4.102229577909031338e-02
-7.257697833425418021e-02
-5.074438698521400726e-01
9.009290134051310961e-01
-4.863900891157494910e-01
9.173711146237946146e-01
-7.419567376514629720e-02
8.864167915858390812e-01
4.160214174393940256e-01
9.140447092106865901e-01
2.444183055392331327e-01
-4.668967791713440896e-01
7.608837478621934824e-01
5.950182025473134129e-01
1.285394220102216711e-01
8.821446193367620259e-01
1.214929883590471771e-01
7.700023477382680337e-01
8.948472144992283273e-01
4.837664317533322822e-01
9.843199958484155632e-02
8.038722093758261522e-01
-4.889504210158706621e-01
4.396991287708455487e-01
3.183651157960762923e-01
3.475888964965982986e-01
-8.319324206797814453e-03
3.523518323631450455e-01
-5.263329406148459233e-01
3.172467334117280435e-01
2.892400526787985982e-01
2.916814474967538429e-01
9.272967920914522155e-01
6.378127306586023337e-01
-7.159061143413505968e-02
5.659211758694816519e-01
-1.660568001239194971e-02
5.244441619272811606e-01
3.982223960707721722e-02
3.391449355214418149e-01
5.778692158001533241e-02
8.658458705184546300e-01
9.272211297433730071e-01
9.055537856963491450e-01
6.096634006636121317e-01
9.081345243225491526e-02
8.467714181848700061e-01
3.628512765010516450e-01
7.630049284111448671e-01
4.880542034973800458e-01
4.071615453493834802e-01
2.365931470791520774e-01
7.525560984385585295e-01
3.234494862348475941e-01
-9.040665138645243015e-02
9.236290867533770710e-01
9.488866232745134521e-01
6.993911202435231234e-01
3.124548708402564712e-01
7.400739372838043284e-01
9.358439466104930826e-01
1.353676216283692946e-01
1.196210902396500630e-01
2.617590052493764530e-01
9.231811019468822987e-01
7.015819257875880455e-01
8.109186420923115701e-01
7.428292926953419251e-01
2.819888369932476574e-02
7.052783648830833751e-01
8.751199043184663129e-01
9.351027600666967921e-01
3.396131764819890209e-01
8.991346241758614299e-01
6.702413079317888212e-01
4.688198110176230449e-01
4.796389897581926354e-01
-3.282029924632948181e-01
8.597063016808541569e-01
5.383132490034820972e-01
5.231945366461401292e-01
5.401702084957626937e-01
-2.551280716631450923e-02
8.923288568833702694e-01
7.899690670592975916e-01
-6.998796024716805175e-02
9.014916331854498921e-01
7.652664059764948679e-01
8.989097769785543424e-01
-5.784872063853749996e-02
9.061148922933357497e-01
-3.638608099517302019e-01
3.869061735296609461e-01
2.601775718588912323e-01
-4.141496680710983480e-02
5.661245084482990908e-01
7.170669632256325698e-01
9.294844994704363206e-01
2.903692810588821005e-01
6.266548077708253839e-01
3.629081648502276991e-01
6.291180658281219085e-01
2.199943829222765490e-02
1.134643133471118503e-01
7.424924613469715551e-01
9.333013324910306441e-01
7.767389572425061894e-01
1.614928105073204501e-01
8.791390568483321566e-01
-2.721263564650133748e-01
2.241900684923399389e-02
8.953824408602405471e-01
1.202184114365435902e-01
8.755704117187086410e-01
9.348868855330509930e-01
4.857307341510204712e-01
2.716178470758559005e-01
4.989621072536936652e-01
5.525617736554564452e-01
9.369754509464738312e-01
7.980538711270130925e-01
7.449171236721169320e-01
9.100175213100361038e-01
9.550144457471019394e-03
9.274770737100025420e-01
9.020720051985349208e-01
8.581554816295419164e-01
2.592800194032998107e-01
5.705978382462788545e-01
7.641702748431707937e-01
7.961307299649517111e-01
2.937357381866230188e-01
9.033467860551265272e-01
6.424311983977384344e-01
2.786709516720469182e-01
-5.609064209991847516e-01
3.555566020448415743e-01
5.283158314348810336e-01
7.958536973929246638e-01
2.781720949390774633e-01
9.479626507112743905e-01
3.755665438967212832e-01
9.125936931373890282e-01
2.767116030511530544e-01
3.558323403212214353e-02
-4.099984711245900637e-02
-5.227872198642286028e-01
-4.893915865652928021e-01
7.836542183028235575e-01
8.732821397210834835e-01
9.076706832501245659e-01
5.379983551380448925e-02
7.911229054402881822e-01
-4.905198124818455074e-01
2.586809416266493411e-01
6.208243935755830556e-01
9.085532261429447587e-01
9.261770618483985418e-01
1.869946381300560678e-02
-3.778084438347515395e-01
-5.464649971354107461e-01
9.269064024600512930e-01
2.688659664996762011e-01
9.222047606030655542e-01
9.009215623440971488e-01
-5.713408110733667056e-02
7.913779275960952653e-01
-1.030949579053119652e-01
5.677268878999358614e-01
4.938577713084809639e-01
6.149352251167415628e-02
-4.678579933916507949e-01
8.186131508564096215e-01
7.328226278252556458e-01
-6.487853264939369424e-02
8.567229899067313470e-01
3.003591340188920822e-01
