-2.734495021975914125e-02
4.297758279131822512e-01
-4.615823833985610580e-02
4.531095251266694657e-01
7.746049580358173037e-01
1.813839054577313370e-01
8.529397859662353198e-01
9.188319366455506287e-01
8.985822580150988337e-01
7.751123833057285695e-02
8.964367283754037796e-01
2.822643283206991427e-01
7.942621245313442602e-01
3.344155876151722051e-01
9.078752394366589318e-01
-8.811771331057331735e-02
1.310237457004707062e-01
3.394108138186007206e-01
8.481830112140322786e-01
3.005735233360053993e-01
9.439883721078499157e-01
3.729319473548973196e-01
2.397150451139270777e-01
1.713697948911250407e-02
1.526140604622621549e-03
8.836899922371781457e-01
9.585072156752529049e-02
4.296600794342581020e-01
9.257346053931463370e-01
3.735054079971927843e-01
4.179040025952938109e-01
2.781544505400531664e-01
9.507261657969681146e-01
3.367779481446365741e-01
3.515447430396964612e-01
-1.323655863342030059e-01
8.905197446150929785e-01
-2.417598085076665820e-02
-8.380168796531170528e-02
1.423818044940738936e-01
5.792940698499776664e-01
3.293711868448662150e-01
1.681472575992222773e-01
8.765969746445025912e-01
2.221985465200160270e-01
4.055644718460277298e-01
1.871938982197216550e-01
7.605067728021397411e-01
-1.830213998270903419e-02
8.330490651914785882e-01
3.363506646648858345e-01
4.103983650232813640e-01
9.527560578977558592e-01
1.789372302505449000e-02
6.611749448246448946e-01
4.248424879733945225e-01
9.036411960390283715e-01
3.254367843657277604e-01
9.199782876801552156e-01
5.323145184891256987e-01
6.762506181909955227e-01
9.152770930832799801e-01
9.653406313763648328e-01
2.442055313971368824e-01
8.715000900999078093e-01
2.875945134870816489e-01
3.416650006448928578e-01
1.846859097102387937e-01
8.819224256411668517e-01
6.502163596487973152e-01
6.406101676080877549e-01
-2.554210425064245005e-01
1.448621933859485233e-01
6.524469276854305555e-01
4.076591752168273741e-01
4.797954378254638552e-01
8.897266039704547769e-01
-8.690348763662919529e-02
4.433028179391878543e-01
4.659232328352445052e-01
3.032404455674233557e-01
5.766340984551215909e-01
9.162894242642680709e-01
5.836200115978400493e-01
7.698843397982086945e-01
2.178449544169416552e-01
-1.157619443665302006e-01
8.820398860417564268e-01
5.358951641350797601e-01
2.633693622741531404e-01
9.514523051691686772e-01
2.637343056492011950e-01
1.505660662416365980e-01
5.045420971111666542e-02
-1.349089188332432132e-01
5.706965384151589937e-01
6.613340650398910059e-01
4.626400313118370633e-01
8.047914206465505149e-01
8.105351083280605273e-01
4.444185040605287684e-02
-1.205421214801760676e-02
4.105264088552221247e-02
9.049879306954393687e-01
1.627962664565767714e-01
5.368276371793184731e-01
9.778452798836384519e-01
5.953442451628009335e-01
3.747688886086372184e-01
8.671126319216051481e-01
-4.077481398582716299e-03
8.979159017794541287e-01
4.454555040554746270e-01
1.630834867370430930e-01
5.669860697803743577e-01
6.193165168940015786e-01
3.290585701820609721e-01
8.924100060156202607e-01
3.614201164312240699e-01
4.848259767631401540e-01
1.681882987136995022e-01
9.195529389104259987e-01
7.816455365746042272e-01
2.698128868538898217e-01
2.571666121732877897e-01
8.493242224094371684e-01
6.250007044133121248e-02
2.555942020428030315e-01
6.357447046445993122e-01
2.485720528843679555e-01
9.467467485472239597e-01
8.459462842107836611e-01
5.849204800401979210e-01
9.869215354132716833e-03
3.050098210651754904e-01
9.222308053614587386e-01
1.201961565968235057e-01
1.948745607703842031e-01
3.061124318444158332e-01
-1.086274525236971822e-01
9.384531053139812951e-01
1.336342295782301237e-01
6.978418183038239686e-01
4.269863947586104158e-02
5.265339791506187250e-01
-9.111055853201069366e-02
8.832243254291884949e-01
9.314615991961159303e-01
9.042301612934964261e-01
9.733294270817548222e-02
-8.004686627506144014e-02
4.022477495686731519e-01
3.469602606264235445e-01
1.046137467837323365e-01
1.705132014460832290e-01
8.932103991392486009e-01
1.559388741426679104e-01
1.762561132990068113e-01
-1.203254555642337548e-01
3.537773708768640057e-01
9.274830763536811018e-01
2.418870402302237821e-01
9.215597532761321542e-01
4.613982028990050444e-02
6.888281154709966492e-01
6.735974987806374603e-01
5.128318322101437232e-01
-1.340674971912369784e-01
2.686292010571253441e-02
5.968317341980442503e-01
8.683843940005573359e-01
1.094883976020351452e-01
1.114427601228150377e-02
1.767129081852573946e-01
-1.065002070605007289e-01
9.666868804054653541e-01
8.646156692915423214e-01
2.632170897225568074e-01
9.470322314168324596e-01
8.951485022667792224e-01
9.531470028705002484e-01
9.337340443788384459e-01
-1.858420941838472701e-02
5.005951947924898171e-01
8.035199554041427827e-02
6.722497079938729581e-01
1.511953660016180367e-01
3.733622091153319666e-01
-5.456516490811032238e-03
9.665348438917545915e-01
9.735616322337981021e-01
1.268440193206550326e-01
3.668184564106007350e-01
6.083479882040128128e-01
9.551318849756256224e-01
3.103673474276624211e-01
5.860905150088402404e-01
3.200561610350186048e-01
6.278889316332560144e-02
6.658714112209596081e-01
3.382869345278982642e-01
6.465779960657553893e-01
9.043985108116062710e-01
8.429007988596837198e-01
1.339836437137899572e-01
7.504170657840009140e-03
2.198709033288534231e-01
9.009389451012179695e-01
1.243682685539791721e-01
3.249710751228166439e-01
8.736757574493450029e-01
5.344716302148424525e-01
4.059922342595389533e-01
1.247719901382297325e-01
4.303678972439434758e-01
7.953346597497925607e-01
5.420712203642535920e-02
4.214226915011802799e-01
-2.529940414237655255e-02
9.678407587750573748e-01
3.661732495402134080e-01
6.647839532053070322e-01
-1.266983156978115227e-02
8.959368214125873475e-01
-1.862313017957016870e-01
3.882944055082650503e-01
1.857845216316164061e-01
9.586686916831477223e-01
5.464074977088367868e-01
9.398744965865530876e-01
9.026695766464682968e-01
5.934177079660785115e-01
2.837772326644513177e-01
3.277065141804147430e-01
8.434502853402925382e-01
6.728764088461822723e-01
5.150463458869973810e-01
9.562496985087614032e-01
8.969482132076512793e-01
9.905355874619786727e-02
8.898882653993157588e-01
7.749046590698053238e-01
2.494530004589429473e-01
9.231393378624974666e-01
9.040221773494343527e-01
2.982911664082534831e-01
1.713268840036179241e-01
8.726752077189980916e-01
2.436961179790209930e-01
5.818743666753450894e-01
1.281381364667690537e-01
7.531861501454224783e-02
9.731832695585793669e-01
9.686288803869905761e-01
4.617277020226161210e-02
1.453107204894897586e-02
2.394731926736707317e-01
8.660086955214820748e-01
5.408657696795102776e-01
7.009726523103367024e-02
1.072583689204528595e-01
9.569956892567930140e-01
9.699683387475419583e-01
9.577286366741973866e-01
-1.112608683211137317e-01
-2.084033503578652802e-01
9.421889461597462434e-01
2.185838798116981896e-01
3.070046911570732950e-01
4.045982885787337002e-01
3.634375595907688994e-01
9.653867200537267212e-01
6.152126889579283553e-01
3.444632768622131191e-01
6.201103718148740507e-01
5.173294712842574361e-01
4.949626787744014211e-01
2.499926488885745868e-01
-2.505069357166554433e-01
-5.412921732785581919e-02
4.602152671454593502e-01
-1.179527033848586370e-01
3.434616350811958707e-01
6.044748141216580439e-01
9.290460169237950705e-01
3.116758212601571376e-01
4.398116385555773666e-01
3.920138465981398701e-01
2.333561357987985474e-01
9.453407026205340458e-01
2.734792603898500429e-01
7.954977982266738801e-01
8.410113877695888362e-01
1.645869862373651182e-01
4.039338828543962423e-01
8.823684014439381329e-01
9.741071331274188116e-01
3.434291743194478608e-01
3.659000161481709146e-01
-8.275848485024318857e-02
