8.901972548619158099e-01
7.423281539628646675e-01
9.015005487280128849e-01
2.274457754704598267e-01
9.085428065276089926e-01
8.852098646516358693e-01
9.214497649984734196e-01
-1.960445558942075506e-01
1.700464712064185535e-01
8.103814984585231418e-01
7.367106237936890123e-01
-9.116274494302464837e-02
-2.193663568527078334e-01
8.848349622775601997e-01
8.512557499129158600e-01
7.703676462066681996e-01
9.226046926578093110e-01
1.567560374897778996e-01
-1.180514242073806702e-01
8.986702462580520301e-01
8.767123366324720557e-01
-6.847825166150409149e-02
7.986796295265972123e-01
9.322391069305799860e-01
9.325970780068946198e-01
-2.964182281341005143e-01
-1.847297443540071582e-01
-3.606538215747075449e-01
9.027185208890635693e-01
-2.926360099429118344e-01
9.124147219450328139e-01
9.293100561905555113e-01
-2.347710235122920097e-01
-1.740097313761437281e-01
2.340606014297920701e-01
-3.724567454359798968e-01
8.902880220688825785e-01
8.749384838497413774e-01
7.294332843163680025e-01
-4.641668241773262010e-02
8.201142158557159778e-01
7.638460188539046847e-01
-3.782349065476567906e-01
2.018087441782618063e-01
-1.087741345166795270e-01
1.231367599693017068e-01
-3.286380522407621463e-01
9.346013806861177553e-01
1.817198788943583665e-01
8.975522763685990224e-01
7.946454228670650766e-01
9.366318610260008226e-01
5.514718580907732731e-02
1.826604483560100856e-01
6.206256672844369104e-01
-3.825769007130857408e-02
7.051148233069466364e-01
9.115040441050087372e-01
8.851157705359424810e-01
1.273921656773941979e-01
6.481681458775113980e-02
8.038509039604434525e-01
-1.424309793934948887e-01
-3.802480600143829381e-01
9.132443315457168254e-01
-4.056210955656561201e-01
6.762745840064309233e-01
-9.457127021201830464e-02
7.336598665534416197e-01
-4.257366903663171720e-01
3.386057690756709149e-01
9.213488896779048476e-01
9.381290314852609447e-01
9.039003378060380678e-01
2.168472320822317778e-02
9.116689344240014314e-01
-2.186475481359683726e-01
-2.881110048353153208e-01
8.148181363046713699e-01
7.032897569226429502e-01
8.053871959872698216e-01
9.294788602921764120e-01
8.791540834675845018e-01
-3.492125558335965607e-01
7.639636391114209557e-01
-2.632932991009744317e-01
7.425705487324276710e-01
-3.402439713710148639e-01
2.154245600996271270e-01
9.120908716840862018e-01
-2.032611253570537624e-01
-3.893276799732274807e-01
8.936222356901418751e-01
2.058781139706007401e-01
-2.493258134993581177e-01
7.530696040907044475e-01
9.037952927008487958e-01
-3.234321791023581638e-01
2.349947415363808079e-01
-6.033975177159896230e-02
-6.893532208046669607e-02
-9.672911580594843739e-02
-2.460481536922533019e-01
9.201502114732412752e-01
-1.724650193131064546e-01
8.396122482317011082e-01
-1.792704359402523817e-01
-2.518590661685961019e-01
9.822783055430717170e-03
7.333496824077411214e-01
8.052504327495537684e-01
7.218498639849819654e-01
7.683297738466349225e-01
-3.334624502088702203e-01
1.813038038425719978e-01
8.195100287597671951e-01
-4.182624997364510488e-02
1.254412971725268333e-01
1.958123572666334578e-01
-1.660029492062681800e-01
2.639689978187266875e-02
-1.270376551952776822e-01
7.575402755756495132e-01
2.631663562335717632e-01
2.467465931432573922e-01
-3.888374678747727464e-01
7.898058048802002462e-01
-3.610756120257964663e-01
6.959497665997190774e-01
7.351184303261889541e-01
2.299693959839541058e-01
9.056400638692456706e-01
8.623499628820938678e-01
9.203311508234445215e-01
-1.496470884233221804e-02
-3.440015257448487129e-01
7.348497529842336062e-01
6.820268358868983860e-01
8.184493316222311021e-01
-3.288507258636719777e-01
8.716600651445617354e-01
7.393128782611355643e-01
8.710915976619142409e-01
-3.411378539917170327e-01
-3.877044091651065116e-01
2.998420848404929617e-01
1.349359595472805207e-01
9.262285242981612710e-01
7.650447851634190055e-01
9.267516160494071453e-01
9.096869968792666850e-01
8.353902738231696601e-01
7.258674041740464933e-01
7.228916736420075706e-01
8.882930701565364684e-01
9.050303717194608799e-01
8.946269369586383746e-01
7.569086998284982881e-01
-3.928180574405660819e-01
-3.163742207633787884e-01
2.386411011522250325e-01
-3.593030281917515278e-01
9.325533801200469597e-01
9.150463263114042567e-01
3.933344072932568047e-02
1.241513007196370783e-01
-2.763874028827708051e-01
9.300589971540503820e-01
2.364859924095923660e-01
-2.069763315342013077e-01
2.565950578748703581e-01
-2.898468365896444965e-01
-1.326713404929450724e-01
2.332932266948583577e-01
-2.436492091023140516e-01
7.770977788652765339e-01
8.634214744326405011e-01
-3.377099228234801687e-01
-1.197180509459059988e-01
8.984698781263844580e-01
-2.662464350219146403e-01
8.085846446156492728e-01
-4.433650913040124153e-02
8.964873610177553909e-01
-1.523633823760697503e-01
7.252502688052326896e-01
7.737834520767571389e-01
7.854026829861902037e-01
1.988226756781877602e-01
2.694206848106374119e-01
-8.000542864357412798e-02
9.140532723467166276e-01
2.183176585610207832e-01
8.772941020730877781e-01
5.199432249904032549e-02
8.040960867367056286e-01
8.919081173982642552e-01
9.278964080696054939e-01
7.927964249947192510e-01
8.751934624685282493e-01
-3.512637778817817580e-01
7.346353319623084577e-01
-3.958937520330675919e-01
-4.036985557307288253e-01
-6.858177301269924309e-02
-2.654324810863934458e-01
8.699345637104621831e-01
7.809094775548038880e-01
-3.742831409646348861e-01
-3.252383266487657298e-01
9.162739808044377821e-01
6.699716409426219321e-02
9.077402072144127310e-01
8.212829267509544895e-01
-2.956006145908117722e-01
4.840117976965412072e-02
9.324315171901871313e-01
8.610461763616202024e-02
-3.525683231219143288e-01
9.158310724340346098e-01
-2.646969337669321520e-01
7.843897811310347468e-01
-8.319536143297309727e-02
9.211525668090211338e-01
-7.619410862215303393e-02
9.377488418528759917e-01
8.370761024762406466e-01
-3.555034759593365679e-01
-3.819375860918391430e-01
9.288120350314100770e-01
-3.940081951734585308e-01
-4.320382381034282848e-01
8.530461455537168280e-01
-3.331006582690661522e-01
6.909968779386040927e-01
9.180473945588303319e-01
7.236374972807789741e-01
-1.832004478943649595e-01
9.015007213978336598e-01
9.270747365069594847e-01
-3.038273672585964924e-01
9.117061436423207210e-01
-1.349463792387560201e-01
7.283749866368440795e-01
9.084839777619614365e-01
7.833372873017927507e-01
8.031228809515594813e-01
-4.319868057274710571e-01
-2.273294528819485294e-01
8.193766921505222234e-01
-4.247641101452016010e-01
-2.212510768916639281e-01
7.938395760089020370e-03
7.899201125919068645e-01
5.213628172429777413e-02
-1.785006710149130149e-01
-3.541646946842609278e-01
6.455299829286651470e-01
6.306508500554842689e-01
1.571825652236384374e-01
-2.394614601496661277e-01
8.530064963049812654e-01
-2.124393034687441228e-01
-3.856616772395619064e-01
1.343922459035342687e-01
-2.948419957056594987e-01
8.449331477279833358e-01
8.774673093922590317e-01
2.143816327270099686e-02
9.136449910611889047e-01
-2.860197933426354422e-01
-2.909104718913533838e-01
-4.025096797694548839e-02
-2.695575604520754620e-01
9.268023595301676520e-01
-1.444070514557609652e-01
-3.157173351336947098e-01
-2.729910185920491617e-01
9.210619183349171291e-01
6.605281098073290114e-01
-4.266528782264262243e-01
-3.539914010688365864e-01
9.342175458870592974e-01
3.598234726829302454e-02
1.023753972863328532e-01
8.156774186156181550e-01
1.143323974412263633e-02
-3.723727663477077732e-01
-3.492249309976361848e-01
1.204373825419976646e-01
6.704682931659136091e-01
-2.388982024093579681e-01
7.362499979795983363e-01
7.596124636526386809e-01
-1.790207745423621488e-01
8.939475211511933583e-01
8.373000152876391988e-01
7.583913656593814778e-01
8.708654433659414051e-01
7.094365528734768445e-01
