8.784203206006744313e-01
8.739063877291561866e-01
-3.204657991876922463e-01
8.266238745970827528e-01
-2.738769108945389719e-01
-3.451034306585960554e-01
7.951479268087360275e-01
-3.959035030657267473e-01
9.066301959846652103e-01
9.228894311178220677e-01
3.402008456855539764e-01
9.025060147107002440e-01
-4.164076186152573800e-01
-4.200021299558786003e-01
2.742842833753162957e-01
-9.664655802037111498e-02
7.660878850969597975e-01
8.002515684495125070e-01
-4.756384012459170529e-01
-3.860150531096737114e-01
9.249874972093138359e-01
2.595809249962284793e-01
-1.341282849902793173e-01
2.505942827463980560e-01
8.135108907783347165e-01
-2.410102874172755372e-01
-4.614513524467392380e-01
-4.594938582704621299e-01
-5.005569602000540241e-01
-1.661978992726546173e-02
-5.388717857747939849e-03
8.943227176162784620e-01
8.017842657681730767e-01
3.126219140718132783e-01
8.897587066972116876e-01
2.676429201882602471e-01
-1.300666422067109085e-01
-3.435965617230755664e-01
9.212092089627818003e-01
-3.371013194304058880e-01
8.489862901597721168e-01
-4.640188176260371389e-01
-2.643825549952616427e-01
-4.613965633298018343e-01
7.468187983359351190e-01
7.712073054518847615e-01
7.578250714330111437e-01
2.405048424150922348e-01
-4.715263154477666863e-02
-4.319799900794623615e-01
7.743968731769108604e-01
8.559934155085832108e-01
-4.606894930121516185e-01
9.046259545216401854e-01
-4.442098325361228395e-01
7.454468185459751650e-01
7.486772888618143940e-01
1.728131042579363896e-01
-3.964223552893557101e-01
8.742546669140788262e-01
-2.852167416277119338e-01
7.589282166592733470e-01
-2.524131826184730643e-01
-4.780890452946136016e-01
-4.125320566668325695e-01
7.605520650463994947e-01
-4.560178354994801064e-01
-7.553035475663374965e-02
8.420154008713973681e-01
-4.066124334743027591e-01
7.035140228494235481e-02
7.658928812354950377e-01
1.086406815440192977e-02
-4.570300885556952686e-01
7.489993064060661565e-01
9.120347306165520473e-01
-4.242695400894395674e-01
8.788931874297887248e-01
-3.837275407710468711e-01
-3.257616444090809527e-01
1.635022354788162047e-01
-4.484217711321289435e-01
8.701356800450870121e-01
8.346974989184156035e-01
-4.299683835021589906e-01
-7.561042702055401077e-02
-4.170024048445604148e-01
-3.889521928495251468e-01
8.979983191807371368e-01
-7.431899605868383385e-02
9.044635811583910945e-01
-3.724850998519490530e-01
2.494596057020280755e-01
-2.461261477837923817e-01
-1.482988981234265383e-02
-2.097478562371270505e-01
-4.836394031827238593e-01
-3.851134283437462891e-01
8.868736388479534494e-01
1.147468385874588770e-01
-2.217631156720327179e-01
9.138001928897441228e-01
-4.686820277116887645e-01
2.106177120727180663e-01
8.944028659102186696e-01
8.917876901745133145e-01
8.220316161897067708e-01
-4.447457312748372416e-01
8.894703022014357474e-01
9.015457661575312365e-01
-4.620343175824863091e-01
9.033350635795865669e-02
8.941825703733614628e-01
8.890473430818498501e-01
-2.567071321043831733e-01
9.210176864560470911e-01
-3.647244125743518417e-01
9.066437971319009081e-01
7.669340901801001698e-01
-3.236701356911594329e-01
-4.735681661152029709e-01
-3.338251195669029725e-01
9.102596178513188141e-01
-3.647930386444772077e-01
1.792330072045467682e-01
8.859470594452889536e-01
-3.781991879383467259e-01
-3.423253078525768656e-01
7.945572113090263455e-01
-3.052901312101961029e-01
9.106077863092401081e-01
-4.645920997865089497e-01
2.995314956627306846e-01
-3.589268881814411394e-01
8.286343041844894675e-01
-1.838724763383291216e-01
7.151286798676554923e-01
8.936990934724050595e-01
-8.118488094445014402e-02
7.444368034499982967e-01
-4.433320984540909948e-01
7.945458214001770436e-01
7.918109432546650561e-01
1.803111771854507550e-01
-2.564702832294924462e-01
-2.761212263273537040e-02
-6.442027034571810862e-02
2.459333452953629262e-01
1.965829683077355838e-01
9.241792854572647986e-01
9.035506377056549132e-01
-4.270131064176954094e-01
-4.625778961811047307e-01
-3.801570981728627507e-01
1.068494084918919160e-02
9.046888276005127238e-01
-8.997610053056777357e-02
9.029900391721332742e-01
1.581063992121777007e-01
8.387339004952532040e-01
-3.446906517156190231e-01
-4.274809668826020093e-01
-1.031285545474294393e-02
3.568892608347980500e-01
9.132383562238700625e-01
-2.032323824862703743e-01
-1.813421377247174671e-01
9.807809372192352604e-02
8.894704436313077833e-01
-3.977451395532159428e-01
3.844961732149893563e-01
3.401069248121505462e-01
3.291451621906053004e-01
-3.312142564237139375e-01
8.974092978695479284e-01
-3.279757255177364605e-01
-4.317534566238501736e-01
7.744495781085187769e-01
9.162380198313720137e-02
-4.449747339760660725e-01
-2.893665814944596654e-02
-1.031663898018676390e-01
2.782193496230627172e-01
1.441469746406180696e-03
8.701295443090410753e-02
7.501522565414743271e-01
-1.420097574885186009e-01
-2.261218447707525614e-01
7.564551098030435350e-01
2.488196706120091861e-01
3.078007060266479411e-01
7.183251887921163759e-01
-3.157414210158404066e-01
9.055096824956795354e-01
9.050759376109077659e-01
9.078890870683014036e-01
-2.357827560849939941e-01
-4.629505826357011022e-01
-7.628250135444274160e-02
9.204244066697642168e-01
-3.252232817524842168e-01
-1.375900219231453447e-01
-4.544315734384539174e-01
-7.770522863778964173e-02
-2.767524238699461403e-01
8.622241043088527679e-01
7.412984316473026913e-01
8.877349890893383444e-01
-4.336678775994409207e-01
7.528646981260506132e-01
-4.360417062080171324e-01
-1.413424560018298748e-01
-1.548577468675059465e-01
1.499541081527620279e-01
4.044562689845487280e-01
-3.502012920606077384e-01
-2.498821225648996391e-01
-3.438052056233963372e-01
-4.708720797907310351e-01
6.211794025010702880e-02
-2.710030010355524155e-01
8.937924943229328401e-01
9.031077809433489811e-01
8.345058127934109615e-01
-2.765908094072889734e-01
9.152550598765214485e-01
-1.757133822026548942e-01
-1.597827900803489021e-02
8.621688279707081515e-01
1.319644144310684261e-02
9.096247956468973550e-01
-6.126866140553520468e-02
8.309228071715778485e-01
3.288017559639987986e-01
7.616390264539850685e-01
7.851013785614576745e-01
9.113442855462025038e-01
7.557239327993896527e-01
-2.719526103163826258e-01
8.988687640002300805e-01
1.680068545089101195e-01
-2.652695107061107116e-01
-3.192250777793000927e-01
1.665624730417403221e-01
1.652249159866512329e-01
1.275314015415285884e-01
7.586482812234025541e-01
7.727555916614575748e-01
-4.232113870670515809e-01
7.119604617327232043e-01
7.679034777763976694e-01
7.296180893139051493e-01
7.378331717827232294e-01
1.512115820073338945e-01
2.187576984022536752e-01
-2.099480709089578401e-01
2.684799930669775625e-01
8.935891196290199900e-01
1.306588942522340091e-01
-1.375512748040327027e-01
7.660261442002619381e-01
8.901109626129616315e-01
-4.260047864371310777e-01
9.248822099136407848e-01
1.037082421875830940e-01
7.541095308786199825e-01
-4.182141945575764685e-01
3.891243894993223207e-01
-2.671142170738247112e-01
7.562434535742343922e-01
7.514189232650567707e-01
7.908153007100211518e-01
-3.310561815713468636e-01
3.963349223801175547e-02
-4.260714394630026047e-02
3.531232843326205240e-01
-2.005360110606654866e-01
-4.006714887550227311e-01
-2.324876160111156997e-01
-4.386596616791331726e-01
-7.574335156408087966e-02
-3.103973060769645298e-01
-4.664521346022852955e-01
3.796668455853480229e-01
7.939301345893950979e-01
3.287884290656752917e-01
8.904799076433222993e-01
7.873448516393762864e-01
-2.193469131556739504e-01
-2.198047891494636918e-01
-9.412451675407156049e-03
8.773856858736549524e-01
-8.284772447703859372e-03
1.713117060950904158e-03
3.044554006323188511e-01
3.024802824300923954e-01
8.980849888660912272e-01
7.240890384625880971e-01
1.065950149424263471e-01
-2.139592595102567385e-01
