8.627726139962987872e-01
8.668897537080733073e-01
9.151793879274464638e-01
1.121818243353591565e-01
2.246678119875027135e-01
9.221164769888809953e-01
-3.990068403093928739e-01
2.203321704127249037e-01
-1.775097736566082496e-01
9.257618592914721445e-01
8.949835639282703870e-01
1.917082529129883472e-01
8.171248122124632474e-01
8.817661530818193816e-01
7.927993312465744236e-01
8.525838393298548201e-01
-4.123877582957832799e-01
-1.738262475156145404e-01
-3.885920753412733797e-01
9.042851761794379328e-01
9.017523466616975680e-01
9.256060861728736544e-01
6.731766086047242803e-01
9.172856601485777084e-01
9.296165545791645890e-01
-4.863397544802030015e-01
-3.622877437985658200e-01
8.701300835552221447e-01
9.237073845640999536e-01
8.637575263753687338e-01
-3.943394361879983823e-01
-1.418507372286859913e-01
-3.641727756389669390e-01
9.271734248329347450e-01
-2.507568358883781601e-01
9.146192536922215233e-01
-1.185623492396234158e-01
9.118842524746963996e-01
-3.768789869720519659e-01
7.911830788827269867e-01
-2.291991705797150058e-03
-3.093800162708194024e-01
-3.906492612779066120e-01
7.400580805714714883e-01
7.845615926925855188e-01
9.097474705334763767e-01
-4.508522405641372521e-01
-3.091309759438394811e-01
9.080986277784819372e-01
-2.935432383690236846e-01
9.073579927348034424e-01
1.676823594008207685e-01
7.345199350517559456e-01
7.361300748363648339e-01
-3.960176927163675531e-01
9.240572974943891404e-01
9.338244514740012825e-01
-2.322433040541037053e-01
-3.998471476909412070e-01
1.423908715991717699e-01
8.739077981563629915e-01
2.850619811196205555e-01
9.119480738136509501e-01
9.114235936958314799e-01
-1.715928323782966447e-01
7.764043198448975502e-01
-1.779117511565627696e-01
7.318449232908179614e-01
-2.787704550435179396e-01
7.307630886943954351e-01
8.040428678374098581e-01
8.832108950171041473e-01
8.082583418200761649e-01
-2.346989039643893604e-01
9.153363322411057768e-01
7.346042132714043493e-01
9.350954639578611394e-01
9.329736404208630596e-01
-2.735531543196462745e-01
8.974129706764020220e-01
9.260471897107922512e-01
2.581871777854848338e-01
-1.758051920562051784e-01
-4.999893257972302940e-02
-2.906852848776491083e-01
6.747573427043677963e-02
9.180265734316894743e-01
-2.047882328640826810e-01
8.962762860733031189e-01
2.834313556104074011e-03
9.011899142491072157e-01
-2.504415497276510361e-01
-1.052573350806686181e-02
8.128482929090411480e-01
7.846510381857022542e-01
7.958961363277884393e-01
-1.131122697975697061e-02
2.281156481339784992e-01
7.842622900376352568e-01
3.258334532982003484e-01
9.313333394792389086e-01
1.737454457937118169e-01
-2.908963349670516396e-01
-3.008017812556961212e-01
9.252613320722263834e-01
1.189166606753536692e-01
-3.635411783552632836e-01
2.487552144738177928e-01
-4.291429401218309625e-01
7.123449504234475871e-01
7.887278028516542250e-01
-1.452781388673945462e-01
7.684544213426985904e-01
8.792123524854362770e-01
7.502275423744388938e-01
2.360507294816850399e-01
1.926524274929265201e-01
-4.065235324235538794e-01
-3.657479443461476021e-01
7.983462123265903099e-01
-1.575354793547991683e-01
-3.736929728245527160e-01
8.983368301332884664e-01
9.280831007881631400e-01
-1.106059513828280133e-01
-1.450032323456969530e-01
9.298812877632852691e-01
-4.027640074840272560e-02
6.850887882438124743e-01
7.890558979515425175e-01
-1.715276084049877636e-01
7.819571831305460741e-02
-1.635887817644499642e-01
2.182713761683782450e-01
7.229403920266560535e-01
-2.965370157067069856e-01
9.422429967354645219e-01
-2.713693341674545123e-01
9.177200866600120355e-01
9.422496891725888613e-02
-3.355588787367903003e-01
-2.438814991430043877e-01
-3.581140673145561948e-01
-1.235620327387837863e-01
-2.689330859019228859e-01
-3.723312953657915703e-01
-4.205274498636756286e-01
8.919012458782729080e-01
-1.791922536367757113e-01
-3.513403949699456241e-01
7.246278237225972640e-01
-1.856171477843362450e-01
9.297450940538048991e-02
-3.742807971211417062e-01
2.889220701094764032e-01
8.381307589140577496e-01
3.335955042628401673e-02
4.291063344411541469e-02
-3.975842888184217827e-01
-2.823887492404473232e-01
8.057439154517492819e-01
9.067754610051725894e-01
-3.643427328256535480e-01
8.302535555873905571e-01
1.652487435916654562e-02
7.510546467473614429e-01
-1.020550604650559412e-01
-3.643249006789064937e-01
2.463901506269597086e-01
7.917778548152886176e-01
4.900664278590068090e-02
7.383584181196785057e-01
-3.117258440826281563e-01
-1.234546598150739888e-01
-3.655738127401568782e-01
9.241790314536272311e-01
-2.950113886486439019e-01
-2.894709595338650909e-01
1.649151101187626423e-01
7.199697218972492818e-01
-1.344684516748440306e-01
9.279302689959437744e-01
-2.277486408302199228e-01
-3.653004803933739275e-01
-4.573520571603255092e-01
-3.068822524973959243e-01
7.211009605586244930e-01
7.477746727053622422e-01
7.692516764700526588e-01
1.448125705730606838e-01
7.578021053038963561e-01
1.139266038844800044e-01
-1.587125368866134367e-01
3.951322152497167839e-03
8.983521236788799547e-01
9.192953169451809625e-01
-1.885563088080574046e-01
-2.058691259988469635e-01
1.025103399274444604e-01
-3.747301630090472124e-01
-6.461862036300572432e-02
-1.779344343641651172e-01
-4.794261918862490202e-01
-3.626886039667975847e-01
-1.341595127312109337e-01
-4.319873484114333806e-01
-3.834449266826868152e-01
-6.932949110398306525e-02
8.467031074225384035e-01
9.160475284468546642e-01
-4.122222174380353876e-01
-3.778888750204475455e-01
7.572179415140671832e-01
9.169899863275040586e-01
-2.916979460298091964e-01
8.975987409722794297e-01
8.687250516414216639e-01
7.704158796500273354e-01
-2.616600967080465745e-01
8.388622630289359616e-01
1.056060230418804161e-02
7.447376199019943854e-01
2.066468788777716947e-01
7.539606107266066948e-01
1.036798364500346459e-02
6.862044550794326181e-01
7.234067417605439809e-01
7.608393098238336316e-01
6.772481817695524819e-01
-2.849588701823128067e-01
8.232713739626950078e-01
9.285826438358522061e-01
8.936074042514650095e-01
1.389186140639559475e-01
8.394781311196128915e-01
-4.136788221435071522e-01
-1.278495483366515473e-01
9.231387833611780502e-01
-3.854447178269834740e-01
6.646631970073348938e-01
9.241643650011845956e-01
-3.571531180791147064e-01
-3.708279675028061662e-02
6.963319400758447575e-01
2.342824734283320207e-02
9.197032577922974461e-01
-2.318560432001179061e-01
-4.024097372742995726e-01
-9.083828855659137336e-02
1.647030516672624290e-01
7.058526058154782068e-02
-1.357935923445975912e-01
-5.081290708363663672e-02
7.436297415896967467e-01
-3.074606955310462686e-01
7.299901672706642364e-01
9.048369949886442276e-01
-3.099126569414305532e-01
-3.308343138770660219e-01
9.213986809180519932e-01
7.165999814088296338e-01
7.288405462562851378e-01
9.111634111303575922e-01
9.113769430624117929e-01
4.129649537925288161e-02
1.964740650353936080e-01
9.183547535715110843e-01
9.147173284203917731e-01
1.247032035501210653e-02
7.285118599924268468e-01
8.095091969440502133e-01
-2.335455544897925007e-01
-4.096790675203864640e-01
9.177876143476391135e-01
-3.837326875100764978e-01
-3.942771845238365325e-01
-2.083067214536066247e-01
6.327044193802425220e-02
-5.442156496938526516e-02
9.372538624787994932e-01
7.444749854309624659e-01
-3.489330687651377993e-01
-3.898469995163506008e-01
9.226654538790423077e-01
8.556858310706964010e-01
7.379394928838596268e-01
8.571137266755921580e-01
-1.948150182455926638e-01
1.933127582916286391e-01
-1.630579846684216960e-01
9.123620369264378027e-01
8.551368154652078113e-02
9.127819939107403302e-01
-1.931786026366228981e-01
-2.974678236088097033e-02
9.156354999647371429e-01
1.515225249196876789e-01
-3.879552440287224457e-01
-2.043281682600229521e-01
7.846961836677329716e-01
