7.122322432316647856e-01
-3.949237902509036835e-01
-4.141438594335009604e-01
9.169498379429703583e-01
7.047146275276017224e-01
7.779395364318303363e-01
8.032076590076599187e-02
8.809667044154603777e-02
-3.523878662861683608e-01
2.855385075074952095e-01
8.761055923111377153e-01
-2.500509893070446688e-01
8.868350934161857158e-01
8.919930298012755943e-01
-2.254582968015839683e-01
-1.913027357188580302e-01
7.704655340517410078e-01
-3.959374611209818817e-01
-2.110303015731765375e-01
7.628536795026742423e-01
1.680796818831810091e-01
8.930876137168060058e-01
-2.971186790335935690e-01
2.242411616738512747e-01
8.538157821853019636e-01
-3.057894043012368557e-01
-1.737453232161546013e-01
8.304087410611920017e-01
-4.558266585784866848e-02
-2.859493750370833975e-01
-2.818026292788690657e-01
-1.494289415375629204e-01
2.407871141880029431e-01
1.876189771165385212e-01
7.691045738651453023e-01
-3.308387275390551885e-01
-2.995023860861215081e-01
-3.771987953434437491e-01
9.200263203752756525e-01
-5.349865437199644025e-02
-1.407130035920619304e-01
-4.319847758073321053e-02
-2.409124072267413985e-01
9.123642493027042111e-01
2.210127646828599079e-01
-1.420510261327606605e-01
-2.304585442966448350e-01
-2.859350875145028059e-01
-3.225849976900697635e-01
-4.237395746194115853e-01
-1.362686366915960220e-02
-3.655382563347235880e-01
-2.672226609120175733e-01
-3.931240709749298512e-01
9.147852926069207635e-01
-3.865374165849597143e-01
-3.190415125573686228e-01
-3.684687652224911680e-01
1.535474607834216854e-01
7.750266962936757098e-01
8.232809867347024024e-01
-3.750285065502540482e-01
2.274244479809572617e-01
7.907291691834983371e-01
-3.775246257805671690e-01
7.551203357892467549e-01
9.150939949622026726e-01
7.906490158583893146e-01
-3.057387030235064751e-01
7.835087399860868329e-01
4.319633337836650128e-02
7.518057292904393174e-01
-2.882180763427581449e-01
-8.964522836432542441e-02
6.946647604290392408e-01
8.362027350498398848e-01
8.402647963021891986e-01
-3.973142562204793338e-01
-1.814229769577571649e-01
7.108324969956472117e-01
7.951491355397446448e-01
-2.880447750950217989e-01
-4.735299186740479227e-01
9.269134065741998496e-01
-2.678192281052809709e-01
7.022786753874684651e-01
1.653434356951578033e-01
-3.793445952946764010e-01
-2.575282682294104397e-01
9.109938491795507298e-01
-3.238462657776021714e-01
-2.206766925982462102e-01
8.799119859243513808e-01
9.190889364693842767e-01
8.035521935552094597e-01
8.989493590914336973e-01
6.151530511543829016e-02
-4.632098811855799025e-02
-3.562306373856525821e-01
1.358612691774860326e-01
8.764768660138615441e-01
7.211977528843638297e-01
7.225834742509791297e-01
-2.282785047178290949e-01
1.859526494497945881e-01
-1.257120696250522418e-01
5.961215899257055195e-02
-4.197424374254474788e-01
-4.118676514936107091e-01
9.373036961920493404e-01
9.208576299284308986e-01
8.776958996910184663e-01
9.032828204265588301e-01
7.939243159388624793e-01
-2.193775718874479627e-02
-4.100259727350660799e-01
-3.125158485242588990e-01
-2.865356431181289576e-01
8.245637563134983195e-01
7.046058674112397613e-01
8.982122528829380448e-01
8.931351660325752562e-01
-2.855073063423108071e-02
8.613248953341442471e-01
-4.241972528200408377e-01
3.236045125850744997e-02
7.280552932206625361e-01
7.244815731431810679e-01
1.678643775270073080e-01
-2.291970131106693676e-01
3.800918499022371000e-02
7.122353902162766870e-01
-3.703453930204654299e-01
-2.576869938443622221e-01
2.135298265894613468e-01
-3.639614425052269397e-01
-8.143004312389018340e-02
7.016766342997187156e-01
-3.345469005868016432e-01
-4.258666211825352099e-01
7.523467849995896239e-01
-4.499373264190392185e-01
-2.088105030983225807e-01
8.957538388980543775e-01
8.916011626274455981e-01
9.035030756396938978e-01
9.053537634179211757e-01
-2.669641494841675788e-01
6.173354638040036424e-02
9.095030836609128144e-01
9.142953154239837898e-01
9.176779315190947139e-01
-4.760737375469820121e-01
8.669306596050719849e-01
7.299956715104275462e-01
-2.436226029523645975e-01
7.538311309107991187e-01
-1.126897595898862792e-01
-4.189621500858880521e-01
2.435821325638987123e-01
-1.045519117931143632e-01
1.608040401535610897e-01
-3.341172633307175066e-01
-2.331269246194507816e-01
-4.175161849690053328e-01
-3.880702327065463919e-01
-2.206081586541693840e-01
9.226898971282754269e-01
8.951759065710810370e-01
-3.971310369785932548e-01
7.077456611779092688e-01
-3.819973491701375568e-01
-2.587253994664986401e-01
2.093320606121467642e-01
7.163061274143764923e-01
-3.137163416561237761e-01
7.412297364105271402e-01
9.267131211805926805e-01
7.304520656482573759e-01
9.197545201665269232e-01
7.513436347767341594e-01
-4.828937881117796871e-01
-3.570024282453428954e-01
-2.458510416284400701e-01
7.433215701993974855e-01
-2.953233425662181721e-01
9.165309139111540437e-01
-2.702394069397795473e-01
-1.573229271733074530e-01
9.262616816427599042e-01
-3.433395796829992186e-01
8.236200937006014078e-01
-2.955757123210694948e-01
8.806299596582567446e-01
7.817868710451635339e-01
-1.928107534893206965e-01
-4.637781914580939024e-01
1.714937340518519204e-01
8.105038736334637672e-01
8.604948579041444834e-01
9.277646419552663115e-01
8.160069579880272483e-01
8.891112556255845734e-01
-2.306559571099454919e-01
8.933159007100800464e-01
-1.783290820237846408e-01
7.295410818691066002e-01
9.079537169232267946e-01
-4.408243360944885114e-01
9.024873116440961240e-01
-3.973828867188505254e-01
7.326338453639703596e-01
1.351555008975527106e-01
8.160389501456173367e-01
-1.376031083200458527e-01
6.859356435586907441e-01
8.949683931379395219e-01
-2.446432912368286527e-01
1.880997888700718934e-01
-2.864547697019397265e-01
9.182250400894050868e-01
9.151781059213484060e-01
-1.878944201277097104e-01
9.147839889152649118e-01
-3.160678950223090866e-01
7.037384778028301646e-01
1.078917046081250969e-01
2.597947661944418618e-01
6.862483646099213352e-01
-1.789151192621697140e-01
8.520360429255239287e-01
8.814891569311908981e-01
4.546260618362608225e-02
7.048562540034062351e-01
8.761517736910515719e-01
-2.679599323337211181e-01
-3.365238345055571179e-01
9.295144281051749280e-01
-4.206511141952985477e-01
7.251279892014267370e-01
7.764931135838204490e-02
-1.453332872926013097e-01
-4.127262606345406537e-01
7.444367730629924962e-01
7.622586884305099231e-01
-2.998409323705677476e-01
9.046412873687680323e-01
-4.434569319383107056e-01
-3.738054791060513304e-01
8.760838209341841321e-01
7.321376760649671578e-01
7.226035908697567844e-01
7.386345079794633950e-01
1.041669657702627150e-01
-1.910860562569670351e-01
8.584443524098243072e-01
8.555931445264440827e-01
9.258337387014747843e-01
7.432450192284167922e-01
9.210289849368823445e-01
8.943822466302959739e-01
7.604818872256278173e-01
-3.540547504755918173e-01
-3.527055323372236262e-01
-3.480758882039615698e-01
1.479587654135738894e-01
7.606713335970991530e-01
6.791761763446779732e-01
-3.686217820247744137e-01
-2.578429163644608835e-01
7.087603500015863256e-01
9.151635493924816789e-01
-4.206566466148990435e-01
-3.950821952293063211e-01
7.228276941174472947e-01
-1.918407288411774214e-01
8.859497990968707715e-01
-4.563288643571635217e-01
7.430775292814879585e-01
8.182449319143185740e-01
9.115110017874998860e-01
-1.525897428321530414e-01
-1.168058536814047532e-01
7.189809809409833941e-01
9.244946454789881862e-01
-3.681972329083701978e-01
6.012070958910337853e-02
7.692831440972114354e-01
1.721533230427136074e-01
-3.090573724518338450e-01
1.886464471632984807e-01
8.972406745531733563e-01
-3.417063742878277410e-01
7.679529294560105690e-01
-1.157017157117708611e-01
-4.118924370410438907e-01
-1.830176116753370608e-01
8.701471906246037724e-01
1.936619502312492691e-01
1.339919300655740553e-01
