-2.558116011428455128e-01
8.893054523140491163e-01
7.603994912870591927e-01
7.762367123197089214e-01
-1.592604908287248433e-01
8.154235293932360351e-01
-4.044802862028682444e-01
9.370802455672816444e-01
7.285298415939620575e-01
9.243974514539325948e-01
-3.755015194294426539e-01
-4.261118710420710443e-01
-1.712670604585880829e-02
9.179431031126916718e-01
8.894796781431769661e-01
-3.220064360845095175e-01
2.599680875805324698e-01
8.427859461678448572e-01
-2.606055931562955008e-01
-3.930829350789974419e-01
-3.409393591974154147e-01
8.682783681803626363e-01
6.923887743662954231e-01
7.873615778716408498e-01
-2.061817691601870450e-01
-1.057379271225337009e-01
7.555545315209751811e-01
-2.787117560651049264e-02
9.140464067531660630e-01
-4.319880085158943617e-01
-2.676587944638090244e-01
-4.409897185510409101e-01
1.141379441741113138e-01
8.752533673357826283e-01
-3.789104770923352739e-01
3.886234459520267193e-02
8.026744327397337120e-01
8.047486866478544831e-01
-3.988013180290408410e-01
8.504549990141636595e-01
2.406790595443994152e-01
7.152807996673451463e-01
-3.552519813770359525e-01
1.529613820428706028e-02
-3.158250104830761518e-01
7.833373749861008983e-01
5.131340693591694702e-02
7.293079458021317629e-01
-2.946431187043383471e-01
9.070054439720737216e-01
-2.871176212975966591e-01
-3.747749059734422072e-01
-3.196382598119160146e-01
-2.813441075597864494e-01
-2.345571189842576010e-01
1.970967426071275064e-01
-2.854484698455945213e-01
7.148918830213506492e-01
9.191124432685328083e-01
6.810474607442598138e-01
-2.722027317487314413e-01
9.234639204666572621e-01
1.637703848369751469e-01
-2.400457060417646449e-01
8.898595789104687404e-01
8.692454896228447581e-01
6.942527899170847228e-01
-2.527408376544021951e-01
7.190248462277126773e-01
9.347661564774416565e-01
8.910888146689723843e-01
8.140925253531295924e-01
9.747208307853848230e-02
9.102881529332740307e-01
7.198717077808042264e-01
2.096828366804979471e-01
-3.553639980776784890e-01
8.561577845039848311e-01
9.330273910106222646e-01
7.270345033626722797e-01
-4.402077269387226766e-01
2.667777436373305333e-01
1.771654723186782965e-01
8.276014580496720008e-01
8.391120793891768681e-01
-1.311519723949245569e-02
-7.111567475779356773e-02
-1.254043290042236580e-01
4.570903587551876368e-02
-1.906215369544766447e-01
-3.905678360263168947e-01
-2.009105935981704838e-01
8.976198351206000625e-01
8.977042768041132437e-01
9.084106142048909982e-01
9.264626773446317243e-01
6.621512759562503403e-01
8.218352535011917981e-01
-3.894314161500087579e-01
8.980424782236927639e-01
7.344328999037904593e-01
8.830209947301110862e-01
9.111792256891853015e-01
7.228735215232994227e-01
-3.538044709093846052e-01
9.041565083269471614e-01
6.898667731306832307e-01
8.982650907881416513e-01
-3.840396789921104448e-01
-3.513843079840848205e-01
-1.938384139640588755e-01
-2.723586199440350963e-01
-3.798855161461288099e-01
7.839728722432967034e-01
8.783046025272270851e-01
-1.837048628969988606e-01
8.847740701681999775e-01
-8.424861722751866844e-02
6.886680852561315458e-01
8.482992271107392401e-01
7.143485518183063654e-01
9.104044229224724782e-01
8.285041126227888908e-01
9.070875603572787771e-01
-2.216041335346559116e-01
9.249298497252697038e-01
-3.685169250257677165e-01
-2.959141994438543866e-01
1.830673628723689661e-01
9.218804958890463030e-01
6.531958849545095591e-02
7.247362495688809414e-01
-2.846832092235490608e-04
6.483069237577902821e-02
7.306642510056454709e-01
9.340376047590172037e-01
4.511382085823991556e-02
-2.686611504804913286e-01
9.149464100810120182e-03
-3.959899190093748023e-01
8.936446177284209647e-01
9.188707920274249430e-01
9.360299867914333438e-01
9.148238331033813342e-01
2.356970453137691157e-01
3.066945211927042947e-01
7.236960128787099933e-01
-2.367789727759981588e-01
2.923651504145646784e-01
1.335365561482523000e-01
7.452689829271399446e-01
-2.564889349779183592e-01
-3.304676923994069870e-01
9.266444617288223107e-01
-1.290925352739872023e-01
9.207060514140413821e-01
9.160375050849545175e-01
1.205621677162311556e-01
-3.036691368259715751e-01
7.152343996652318348e-01
1.550553796768015247e-01
1.399382598483583096e-01
-3.503890367686826046e-01
9.357779120508002979e-01
9.245548846492210870e-01
-3.606637317400776532e-02
1.748698037668513505e-01
-5.229065450975670798e-02
8.326124672991057629e-01
-3.346495926091881956e-01
7.014994849489176731e-01
-2.723264818870321236e-01
7.135007901242060857e-01
-3.531971108350897559e-01
8.272390410956924622e-01
7.976687735836238691e-01
1.954131942102540209e-01
6.984047106785598036e-01
-2.124905429830185322e-01
8.084255992835743809e-01
-2.568640027479860422e-01
-4.336483194748032566e-01
-2.641571068116890242e-01
8.341795959500987179e-01
9.284166794349674179e-01
3.102189903896707124e-01
8.134279370937063103e-01
-3.095196838814684437e-01
1.946190233150421056e-01
-3.808534794514020216e-01
9.147181740451503229e-01
7.138432722175683809e-01
8.292756953347056870e-01
-2.610188367181999203e-01
8.439445235763157194e-02
9.286642974685929142e-01
3.642628508813981758e-02
1.985119883923977535e-02
9.253546079233764265e-01
8.806539123734793417e-01
9.194223415513603781e-01
9.168354498409557740e-01
-9.678156171520337081e-02
9.255502582561877523e-01
8.235054821637801670e-01
-4.360190310157945337e-01
-3.441516005175316861e-01
-3.869944588522391538e-01
9.253435136923374715e-01
9.344632088686323224e-01
9.081264711404786472e-02
8.356805156987595629e-01
-3.625674731852258637e-01
1.605306805003860471e-01
-3.765382857069247691e-01
9.040551997496920622e-01
7.583006648267224259e-01
8.785641794248407743e-01
-2.780248530700860088e-01
-1.948365250048540026e-02
-2.516845556169780562e-01
9.344432937695205110e-01
8.025264925402185723e-01
-1.591577031006939646e-01
-2.096299882913989776e-01
-3.403107357195925275e-01
7.574841656277616631e-01
9.260882426848018323e-01
9.165794585443651776e-01
2.200890088750629969e-01
-2.936351142973849249e-01
2.548871426437838150e-01
-3.729825270743787891e-01
-1.975664296332511061e-01
8.813969853688725653e-01
-4.048587328521948692e-01
-2.289252066939583830e-01
5.870059107011266208e-02
9.197733216212208296e-01
-1.032411775015413119e-01
1.851079235778877174e-01
8.385916490739333540e-01
-1.369075362928515172e-01
1.827778178109261964e-01
-3.049038431282679040e-01
-1.559913880746019998e-01
6.412138427048083011e-01
8.496111109777763071e-01
7.262916505418702817e-01
6.944624517641042605e-01
9.182528068008800615e-01
-1.698554484553012889e-01
7.601528782114439498e-01
-3.415506142855234128e-01
7.793809014807943081e-01
9.213381513538566603e-01
-2.892986415359897201e-01
-2.110933247819932468e-01
9.086477411663027581e-01
1.161406760141565492e-01
-3.852685023329170400e-01
-3.520166583072180666e-01
-2.649760653963094681e-01
-7.809177012341830815e-02
9.246478348848991002e-01
7.805223429076689756e-01
9.104827309649784484e-01
-2.501641890042152205e-01
1.616343815511407100e-01
9.061979404440825281e-01
8.595317572942317019e-01
9.288212416838907970e-01
9.266935855831701652e-01
8.767019820265823382e-01
2.074527664724925002e-01
-2.325643349519728453e-01
9.123699422358256816e-01
-4.068701987374025858e-02
2.003547880028075379e-01
1.753012513530332050e-01
1.624642178593381225e-01
-2.056853471805373812e-01
-3.871832105404764413e-01
-6.122493691606499533e-02
7.678615671819666311e-01
8.520545460912464231e-01
-3.774168161072108951e-01
-3.110297206996853747e-01
7.908764507728450743e-01
9.437534557128317569e-01
6.832716278512056540e-01
9.414416238237576229e-01
9.254213998187368340e-01
9.207921611304743514e-01
-3.227053922207058223e-01
9.349231314689148142e-01
1.319245455842780676e-02
9.205831980746261856e-01
1.410927445510913314e-01
9.280127823273973675e-01
