2.131955766664730134e-01
8.628017956205773498e-01
8.101984923082683476e-02
4.846598236776826218e-01
8.141874292022213133e-01
4.620637314079502345e-02
-5.556810301095634064e-02
6.857293924138906371e-01
-3.333258592832985534e-02
5.031879261988364549e-01
-4.129330035310643798e-02
8.076680051769273838e-01
7.265910486992057660e-01
-3.920128715948532384e-03
1.755903673105711077e-02
4.446270252870767048e-01
-6.204732465494886551e-01
4.348878425071930898e-02
-2.265985612540486471e-01
8.123825325568552191e-01
-5.105365855346762766e-02
7.740279664100393475e-01
-6.101466943513795815e-01
-6.524762385910476414e-02
7.760014355568601863e-01
7.760744860810477874e-01
-4.662725750105082417e-02
-6.833618268163041964e-01
8.601346674533290049e-01
8.483955678645120901e-01
8.342967953501573275e-01
-2.822286418236299999e-02
1.095266007858907154e-01
-6.642282889307080662e-01
2.546224368785165657e-02
3.155695464195810290e-02
8.837107508651822485e-01
8.276747366148171636e-01
3.129726434603681273e-01
-1.506615951895265426e-01
4.551288148755055496e-01
8.668409025667340728e-01
7.877178022574538030e-01
-4.063706179502082905e-02
-3.555955896683513084e-02
8.383119558679353878e-01
-6.819387314750953166e-01
8.143731657144550606e-01
-5.614602935869766887e-02
7.742274224093289581e-01
3.284810399149962201e-02
8.088995978316788626e-01
-6.803201485671348525e-01
8.471406520104454163e-01
4.568867672263715596e-01
4.658382663030484205e-01
4.757682321112619572e-01
1.142856026796015556e-01
2.064658924842496107e-02
-4.581391106500256466e-02
-2.984447141241155371e-02
-3.923460203573357619e-02
7.174954448253628714e-01
-2.743040594853990780e-02
-5.688433927080025626e-02
3.326226584433042421e-02
9.326282301816493092e-01
8.394411798713397044e-01
-1.082306821534013974e-02
-7.227052723910284970e-02
1.240482919673746298e-01
5.564814454117201770e-01
1.610482649613940720e-01
-3.538523085911105676e-02
8.895818927091658779e-01
8.055588461059758065e-02
-6.809049479397601967e-01
-6.109070380425527524e-01
4.346756092823119699e-01
-1.625068142119641401e-02
8.752512940528175411e-01
1.290963975979013412e-01
4.559804868849344217e-01
4.433681052271639667e-01
-1.880872684620136237e-01
-4.015412142862424816e-02
5.317825061934819963e-01
-6.797787036846220099e-01
8.306280251849651464e-01
-2.201394492716455403e-02
8.304855108055814172e-01
-5.404730127518391630e-02
8.224192083781660667e-01
-3.759320649203909404e-02
-2.547713315443632387e-02
-6.635767096893721018e-01
-5.391645180710331713e-03
8.421431627376556595e-01
8.281535912486597262e-01
-4.037096668004083039e-02
-5.471816640415066990e-02
2.962509677945586728e-01
4.297831591053683509e-01
-6.810011071220265499e-01
1.504624606922096708e-01
4.524947715573183205e-01
4.355980714706596535e-01
8.995399028669939234e-01
4.943073831332710499e-01
-3.980893468419480774e-01
1.363544679251677688e-02
8.847454234682450291e-02
-1.643896611566848243e-01
-1.120789299792426807e-02
-2.191707036163874633e-01
6.015847285215968065e-02
4.734491896649402065e-01
8.001658685312541541e-01
9.338353884477607059e-01
8.493280935335052462e-01
-2.076566174770434065e-02
7.777830099394018593e-01
8.248451207845378663e-01
8.225623652135070074e-01
5.063562231970222260e-01
-3.298239950935430431e-02
8.048979257465582737e-01
6.336926367621668055e-01
8.176394276695543306e-01
-3.253014814345309147e-02
8.818612767006488440e-01
4.854324868231973400e-01
8.516914105474109320e-01
-6.197785942119928837e-01
4.471851065383590784e-01
7.656367778767836363e-01
5.121867026056037275e-01
-1.273922858258633509e-02
6.863673692479514976e-01
-6.834707229904763981e-01
-2.331223592361963137e-01
-1.908132432940830292e-02
-1.141801186117827882e-01
7.737927025347521859e-01
-1.637946704704775630e-02
-2.195666560688131624e-02
-1.671198509218835282e-02
4.482829273961524974e-01
3.468852022668372781e-01
-3.394601189143947595e-03
-6.309072776375235225e-01
7.718879473856896656e-01
5.247054623379423521e-01
7.288448026338332220e-01
6.718338125425088458e-01
-3.082903653950075373e-02
8.071111574315426029e-01
6.864866918945182750e-01
-6.551939009673649617e-01
1.383545275665794272e-02
1.487596274638064431e-02
7.341466860044003617e-01
-1.757503914616722340e-01
5.188460204007464549e-01
8.338903136759994172e-01
-6.725812921774554365e-02
8.263156586318960439e-01
1.063086293995903764e-01
4.792518428817210685e-01
6.053422934448837722e-01
-6.586669370994109318e-01
-6.321861697323343243e-01
8.323013715285796366e-01
-4.010379056000444586e-02
8.855305567042884296e-02
9.853814369136609796e-02
9.017188669757321140e-01
8.357813327039047557e-01
4.489046502562031304e-01
4.598790734731961205e-01
-2.823442743825417267e-01
-6.622993585194514310e-01
2.189964008032305176e-02
8.359392067957039929e-01
1.898017958341304545e-01
6.964097551573922296e-01
9.057461204604262406e-01
8.397102515113248344e-01
4.434390159995511560e-01
4.040250358830933530e-01
6.780096345134800639e-02
8.316781913389417191e-01
4.457394530113388265e-01
-6.810011071220265499e-01
3.037250343704082645e-01
7.669292454855445307e-01
8.120894811389842705e-01
8.727848069278024701e-01
6.465672853676904808e-01
8.952314364976591277e-01
1.885972558420649647e-02
4.466191640152772924e-01
5.607940205376324982e-01
4.504105089002926610e-01
8.627295257180211951e-01
1.098607975690154594e-02
1.757687802297600022e-01
-6.867572064784053243e-01
4.498245796561650689e-01
1.318803245956250703e-01
-1.787869521538434925e-03
6.788008283283132327e-01
8.542865752318187789e-02
7.063337807455771777e-01
8.519899000005488610e-01
7.808050746988734470e-02
4.790646436173755518e-01
-1.134486893341710156e-01
-2.881134262432648030e-01
7.113364689772723459e-02
4.520648262130707584e-01
8.407117061715578821e-01
7.994046308906403997e-01
5.967914701095794472e-01
8.597195054602104758e-01
-7.897921772258595374e-02
-6.818492292739586347e-01
-7.856049841197348949e-02
-3.042820971239376115e-01
7.648524567726018297e-01
-6.802630054353419053e-01
7.223494653076780736e-01
8.094319979262771803e-01
-6.823828390506680996e-01
-1.046679258593873341e-01
7.606734899351770274e-01
8.110697359132398310e-01
-3.182169562071563984e-01
4.443158008541562842e-01
-9.332778048232628909e-02
4.869256537621424186e-01
4.620302584991144434e-01
-6.192869050328829728e-01
8.202429227734001627e-01
8.793977204299865402e-01
7.558764580605626948e-01
3.349442575203377681e-02
4.325902463557073085e-01
8.199033398120805227e-01
-1.664352538329832987e-03
6.367834754163952393e-01
-2.385712841402617967e-01
-6.079531108920204208e-01
-2.955526364810416584e-02
8.214625873389580502e-01
-1.008556616292707354e-02
4.636661749538543154e-01
-2.444875596863820277e-01
-6.825955957739247015e-01
6.580243928804834219e-01
5.943600956228409227e-02
9.331838016531369684e-01
8.465527885288577359e-01
5.493471142498672355e-03
5.450637814863908970e-01
5.592948715979355612e-01
7.820629477201680446e-01
1.129875307091735004e-01
-5.709493494688412663e-02
8.528667701284666780e-01
-3.309344728799104018e-01
-6.796569680186037576e-01
-2.774040788239064970e-01
1.124957298268286325e-02
7.925271850774620042e-01
-6.198148338773543653e-01
-6.456953403887035758e-01
-6.252051342911699727e-01
5.231563621721685431e-01
-5.650131397113462850e-02
8.341197658772678825e-01
3.826009743254515372e-01
4.054364096750088381e-02
7.387107670285564254e-01
-3.989987374028775013e-02
3.583849806801395199e-02
8.352648268714937263e-01
8.029674732231670831e-01
4.974327168563267287e-01
7.725468523988217040e-01
4.873197140431019814e-01
-2.883359807345712289e-01
3.206547465322667767e-02
-6.076577335489251608e-01
-6.810011071220265499e-01
8.807151572121161287e-01
8.244873825317167171e-01
-6.693401574257327180e-01
-5.691417719267584108e-01
7.355696679366290069e-02
