9.551365426874414144e-01
2.119670109204883079e-01
9.661128768597901928e-01
9.634582133278573046e-01
9.475435455912211147e-01
9.672409828206491866e-01
8.934874811986237564e-01
9.501133269606080178e-01
9.734885456067545739e-01
9.735927826829151588e-01
5.487129299786575043e-01
9.061010137417482291e-01
9.354730396669325154e-01
9.556819805651913802e-01
9.884384891533324335e-01
7.038406217746639992e-01
8.840492688875898342e-01
9.857952825110661843e-01
2.493418231325986167e-01
7.358692626758802646e-01
7.020851459313988130e-01
9.384005195770055430e-01
7.752069734203816953e-01
3.171744175667191024e-01
9.881092033833624999e-01
9.664726627501085687e-01
9.374816538329765470e-01
4.839463554979659410e-01
9.286896921015449502e-01
2.377594776317120406e-01
7.554931948262157970e-01
9.831133548977936121e-01
9.405189090702894550e-01
9.343576912741353713e-01
9.683835556966708946e-01
9.182522873437024558e-01
7.881619880626145047e-01
9.459946964312311302e-01
9.614777536713524642e-01
8.521420343666235020e-01
6.953958184539889009e-01
9.677590913209681567e-01
1.446522135099598538e-01
2.443711758010670421e-01
9.401547331583041123e-01
9.255741706771531963e-01
9.150772337297372605e-01
8.568039600717380910e-01
6.971977931570896292e-01
9.746886902092900540e-01
8.366195302125225552e-01
8.265942306925955219e-01
2.496710646567063541e-01
2.280595598937686375e-01
9.388200179662131717e-01
9.902911771552244113e-01
8.735738438279052609e-01
8.998703607117102266e-01
9.843269935497966916e-01
9.717954354775486525e-01
9.706618323185999264e-01
9.854436411788811689e-01
8.999298414544447677e-01
9.895335709886742270e-01
8.961741753117200560e-01
9.200723968140169795e-01
2.606941524874507587e-01
7.891484905227122981e-01
9.405574091091759570e-01
8.080324538257015465e-01
9.490914800606737867e-01
8.113657006972057051e-01
7.355467625375364804e-01
8.841703793856818816e-01
2.726217774276784578e-01
4.965929484339033917e-01
6.355673682758812282e-01
9.186467060404049922e-01
9.479715566521698111e-01
7.368994765883675191e-01
9.884047808435938443e-01
8.535528856984986312e-01
2.110275729150678237e-01
8.725648535886315615e-01
9.577476024689347556e-01
7.212436988145739525e-01
5.072087907975162402e-01
2.188957106109588324e-01
9.876800313099725059e-01
9.498308720707319130e-01
7.462578604503445900e-01
9.402417076409987917e-01
2.580043610196685600e-01
6.710039262548499472e-01
2.055956671086205112e-01
9.836947128074873259e-01
9.415898607977041257e-01
2.580185782439478048e-01
9.888136114070980032e-01
8.917723173926517255e-01
4.152192713861194151e-01
9.612725362817025054e-01
2.580043610196685600e-01
8.902435941252875296e-01
9.751965628261505259e-01
9.444115076111259111e-01
9.679470408128276748e-01
9.080226543045788468e-01
8.946830619760345327e-01
2.684869462878301527e-01
3.274740802969329234e-01
8.086117236034161548e-01
4.412389047879723969e-01
1.439225112097063386e-01
7.614176728519237436e-01
2.247611517585973995e-01
8.784641539134867561e-01
2.304013217991525142e-01
9.428083565348475137e-01
9.722733108240303457e-01
9.826312466078319652e-01
9.826313466503961980e-01
7.776123954711937625e-01
2.109054734130473285e-01
8.784641539134867561e-01
7.124469372085298069e-01
8.249192565907155217e-01
7.883288203249562143e-01
9.429661305290304441e-01
9.510717685111143016e-01
9.888679184101458741e-01
8.762230978249261337e-01
9.817754727208058974e-01
9.507076381294536915e-01
-7.167134196351883368e-02
9.789350827519516240e-01
8.691274832176476561e-01
9.661528673741515139e-01
9.810330962151594392e-01
2.419533141197929282e-01
9.638022073314461702e-01
9.847172160182270373e-01
9.635275878325584298e-01
9.491346065176489155e-01
9.689742309274989029e-01
9.868400280563225380e-01
8.515539472237740881e-01
7.857910128465801503e-01
9.377173508501219779e-01
9.474062204865547621e-01
8.972463203984020197e-01
9.481026589569886420e-01
4.124299156881736095e-01
9.909599429579631913e-01
9.711109641267665626e-01
9.258348630724710926e-01
4.992478128174257512e-01
2.892331013969258180e-01
3.437473510399927656e-01
9.691562024098396844e-01
9.463167952552307138e-01
9.664132094504125359e-01
2.441712638492226362e-01
8.705582783984935347e-01
-1.660865020329317099e-01
4.941840423043464270e-01
1.278224235293841382e-01
9.842261111020730313e-01
8.773185889145338479e-01
7.428159575171602302e-01
1.986176398523423203e-01
9.151427378878110863e-01
8.063932370781585757e-01
8.757737073347267032e-01
9.798020823864248552e-01
9.468463576819359240e-01
7.378658899704794161e-01
6.947597201000641487e-01
4.215913616442881207e-01
8.743344803644768071e-01
-1.506854493416922847e-01
7.423206503840551473e-01
9.768575104081831384e-01
3.538876308202645316e-01
9.717105976444864179e-01
7.910034297051484753e-01
2.464941136528266963e-01
7.889416937119528850e-01
8.790712817915087296e-01
9.320630931057043433e-01
9.854587173322615357e-01
7.585019094184981547e-01
9.595787093780397958e-01
9.241934629088434106e-01
9.373498227527011784e-01
2.427137005984632556e-01
2.515061853879179687e-01
2.531290476380323451e-01
7.734217416703619286e-01
8.245290948210335369e-01
9.648840906694957642e-01
8.737742405505933840e-01
8.826931722315687345e-01
9.807733975551755634e-01
9.248789262008070278e-01
9.887586122756147899e-01
9.418530920566552389e-01
8.216914152101224555e-01
2.445512988297214307e-01
9.125557462512761120e-01
9.539356873572825135e-01
2.948108707739650058e-01
7.978991007355715759e-01
9.711480471240399037e-01
8.826733894224461086e-01
2.785820071646996077e-01
9.114670612949424822e-01
2.439616172066232935e-01
9.779788030010744260e-01
9.820527598329215069e-01
8.663002579814529369e-01
8.092977904705769276e-01
5.036091022567779074e-02
8.911397717916715866e-01
9.749592537365479039e-01
9.432647027802141260e-01
8.856791761815483444e-01
2.605002816312790848e-01
9.705193629484649698e-01
9.115302620094830610e-01
8.897756360792030694e-01
9.838102838890658841e-01
2.806305085487146855e-01
9.101956461085892736e-01
9.176424449715613330e-01
7.356264330922210881e-01
3.841336613188371940e-01
9.828055688641785803e-01
8.670838404414116241e-01
9.750091775285480988e-01
8.686768618089097949e-01
8.779644100730259471e-01
9.132782209231127268e-01
6.042216834446052509e-01
2.219736194535893159e-01
9.742989859781621131e-01
9.729056405354410408e-01
9.294911253581853439e-01
9.536933003407934706e-01
9.737275076911113825e-01
7.724271964125144496e-01
8.975635117492126724e-01
9.260122616031323250e-01
9.363359496292820161e-01
9.099725938243987677e-01
8.506700098633135365e-01
7.505957105846065014e-01
7.863089041981724536e-01
8.547860418972474950e-01
9.823897685548794723e-01
9.366915637941246597e-01
5.517511172084121895e-01
2.214719695623036388e-01
1.981893074356149698e-01
9.788331636132905356e-01
9.765675604358512452e-01
9.834376103223394505e-01
9.848070497511367538e-01
2.067685118325344185e-01
2.001670304817651236e-01
9.259495026433917086e-01
8.888476432736664989e-01
2.684265418069511355e-01
9.809722131510166809e-01
1.513480776431584685e-01
9.226556054227008641e-01
8.907645951464919776e-01
9.257920856741743698e-01
9.824475321350087942e-01
8.735152001530875898e-01
9.784826815390603727e-01
9.879195948375205649e-01
9.462041590592418228e-01
9.731101257601648680e-01
9.559395032986944818e-01
9.475207695404421759e-01
9.662410059739749979e-01
9.191268232393393633e-01
7.272757956046561612e-01
6.878599186341476379e-01
8.666638102804353760e-01
3.377430752584146822e-01
8.923734837795976871e-01
2.598809141981649473e-01
7.823460314297581153e-01
7.704555138336458553e-01
8.896316038544891391e-01
9.029114423339381634e-01
9.387275623659886437e-01
9.032636214502547389e-01
