-5.545508167624656481e-01
1.637803980298486173e-01
-5.415537762565105773e-01
-1.992423259561551530e-01
2.552495388065444959e-01
-5.675447249664506977e-01
-5.153092632356349734e-01
-3.676596848599628098e-01
-5.564653707415507800e-01
-4.642864521208531770e-01
-5.161799551177193024e-01
-5.401336987948699431e-01
6.786766378339734729e-01
-5.519897968992923953e-01
-5.956678917874993484e-01
-5.545833552157910518e-01
7.329484455834041068e-01
-4.914822250796692105e-01
-6.193646227210303223e-01
-5.656009648063681228e-01
-6.060869031369271465e-01
-4.036614510164239222e-01
-3.737117513569418459e-01
-5.576262095216626413e-01
-3.628956864603538612e-01
-6.005192150676068596e-01
-3.841242090194996184e-01
-2.096640393974593952e-01
1.919492005292846581e-01
1.574174413283792595e-01
-5.251997706897434393e-01
-4.366210172059240002e-01
-4.233627381828124481e-01
-9.815979395385798778e-02
-6.004011588749305073e-01
-6.094602167713703000e-01
1.489042503736281442e-01
-5.218683868740228160e-01
-3.969165037633659576e-01
-4.884136221619589380e-01
-4.715912815668538149e-01
-4.932596907890864912e-01
-5.732797024568156985e-01
-5.305078592717238362e-01
-4.978900201975642870e-01
-5.578393824564499281e-01
9.920271629449980977e-02
-5.355412352127382203e-01
-3.210818448826406879e-01
-3.709824287956295930e-01
-5.869495802566297993e-01
1.653334517186239305e-01
6.764014345924966864e-01
-2.453135692540706625e-01
-4.830987435855623180e-01
-5.991587221157510523e-01
-4.681844959365812908e-01
-5.401146920379513716e-01
-5.456295515068734225e-01
-5.573112883457206346e-01
-5.803254188110251732e-01
-3.746118998792985488e-01
-5.876420976454892475e-01
-5.155234479749717380e-01
-5.268535374254184056e-01
-5.889466523041521073e-01
3.277773847004029628e-01
-4.817612946742199642e-01
-4.794149309128039604e-01
-5.104833555372429998e-01
-5.282180897201298464e-01
-3.498223428425888404e-01
3.063778350975174813e-01
-5.638296980958565907e-01
1.689258253888946681e-01
-3.468866240189780736e-01
-8.709841680583986501e-02
-9.789294989700751681e-02
-3.495000518233050690e-01
-6.006009367078257721e-01
-1.355665927143082372e-01
-5.230537551940707131e-01
-4.587910429109121058e-01
7.333331066346562288e-01
-5.905639513426390597e-01
-6.217945191184496290e-01
-5.517137286210638258e-01
6.737082372308778044e-01
-6.117153591427728632e-01
-5.487057561685418916e-01
-4.914759193306481588e-01
-4.265942952868112537e-01
-2.077065332106753093e-01
-5.825339352704055340e-01
-4.401570876978950775e-01
7.550635019156477501e-01
-5.370862773848639193e-01
3.530742665668782504e-02
-5.727479785854517891e-01
-5.835264371791930582e-01
-5.834244733462674581e-01
-5.515542405042146434e-01
-4.854555715626851509e-01
2.559091563857412988e-01
-5.114679220727313957e-01
-5.637021019343035899e-01
-3.922099988675856741e-01
1.122850847534656998e-01
-3.891486924370174960e-01
-6.248575495909023392e-01
-4.040018273204947774e-01
-5.840407040201271993e-01
-2.531669569680545795e-01
6.958766279452897052e-01
-5.461397384939497002e-01
-5.627619512191759377e-01
-5.580452101730468684e-01
-5.618728923389295637e-01
3.635336010490926029e-01
-4.901725724310721510e-01
-5.126568235997648326e-01
-5.437459802548312293e-01
-5.085081837892977408e-01
-5.034281748696936010e-01
-5.242902039030136185e-01
-4.634491084872070510e-01
-5.787709003934495833e-01
4.007152092913269237e-01
-4.847239915620702444e-01
-5.357779233840287425e-01
8.089411420104486439e-02
-5.104053747791620355e-01
-2.344253616722512534e-01
-3.127112141879772600e-01
-5.845210112965739668e-01
-5.524408887920904121e-01
-5.338249920970206119e-01
-4.926279977083831141e-01
-5.889529574406502377e-01
6.911899843040232305e-01
7.021659682464971297e-01
-5.646738003783950965e-01
-5.562447044687061082e-01
2.194766824557855545e-01
-4.659409102059712260e-01
-5.609163060001569612e-01
-4.515483677756749192e-01
-3.524247467521242627e-01
-5.871744164132868260e-01
-5.614736308487175975e-01
3.833714078596687225e-01
-5.469662220912434591e-01
-2.930671613485053006e-01
-5.703244316578008899e-01
-5.204198574924496778e-01
-5.429564800660556800e-01
-8.101747761733876785e-03
-5.564779240574493357e-01
-2.956124851509034368e-01
-4.324775563751824814e-01
-5.703271927594175672e-01
-5.648242576282120897e-01
-5.754713553136825421e-01
-5.035897260445405532e-01
-1.581891724778403674e-01
-5.676372570110463922e-01
-5.953328148284651178e-01
-5.251182696413687623e-01
-3.826439180213975777e-01
-4.788751011712569228e-02
-5.617641256950647866e-03
-7.282465750039385233e-02
-5.581387771020616118e-01
-5.993280245379881688e-01
-5.782140350165911880e-01
-5.897600525673298844e-01
4.201485693513451469e-01
-5.660868264714863374e-01
-4.044192858831783255e-01
-3.440855345638005325e-01
-4.368525554225609620e-01
3.325764232978758311e-02
-5.560209371492074171e-01
-2.689730946327565375e-01
-6.056134478770567320e-01
-1.446346996252875772e-01
1.119417768988078404e-02
-2.478508582274924210e-02
-4.604425189229152116e-01
-5.035788301873300732e-01
-5.990076359073362999e-01
-5.264473248884951051e-01
-5.461529062964671777e-01
-7.343872715868098727e-03
-5.198528162489503002e-01
-2.515147699262048064e-01
1.018179220062374324e-01
1.981641243479489306e-02
-1.275374830491747824e-01
1.045975729380736741e-01
-4.584064458868286618e-01
-4.805585904918068252e-01
-4.161894938581763848e-01
-4.037804863841512049e-01
4.002717964094801295e-02
-4.788281092075120648e-01
-5.062371734303136028e-01
7.312912920948803075e-01
-4.159615535658667262e-01
-6.057580626750480590e-01
-5.565465218014593596e-01
-4.575578611964115083e-01
-5.267344741987425305e-01
-5.346553756733889440e-01
-5.602219614786376756e-01
-5.470089831822041448e-01
-3.067316881441278786e-01
-6.153389412809378012e-01
4.960774117235949854e-01
-3.903639482593863619e-01
-5.328158557288736885e-01
-5.558778110655286930e-01
-5.754033304915342484e-01
-3.419133839401755637e-01
-3.099284110023285965e-01
-4.105147792909029647e-01
-3.810207362287144073e-01
-6.081429404638795111e-01
-6.185094437797400424e-01
2.044255755891586923e-01
1.359927638689758245e-01
1.831847701861210598e-01
-4.475326096612139981e-01
-2.978915867253726923e-01
-4.482390346317514096e-01
-5.294760572420781353e-01
3.780562966240179068e-01
-3.238655396000256204e-01
-4.558590095631315786e-01
-5.960299280605715344e-01
-3.643230431087549626e-01
-5.223878798954576519e-01
-2.434066224637545517e-01
-5.752150751860911626e-01
-4.474681438362747565e-01
-4.711210039427090046e-01
-5.612845210188752709e-01
-3.641272215538635670e-01
3.839974461703882236e-01
-5.199803787834009761e-01
2.880243212573786460e-01
-5.793633489904294054e-01
-1.659621391553789405e-01
-5.892805442648783032e-01
1.960097525533888718e-01
-4.980588721592820178e-01
-5.293260958071823730e-01
-4.980910728379080998e-01
-1.327628194162753517e-01
-5.983685336670327981e-01
-5.774738035864345198e-01
-2.256694088111359520e-01
-5.727767935415206679e-01
-6.104706998005777763e-01
-5.805042569930982665e-01
-4.262471636601676828e-01
-5.905934742550691396e-01
-5.071877739269333718e-01
-5.096854267729704624e-01
2.111545982568513447e-01
-5.530995489447082525e-01
-4.768161087485282001e-01
-5.596996586563113274e-01
-5.582302202765840882e-01
-5.499884299521783371e-01
-1.234341149425432077e-01
-1.534874238153456361e-01
-2.230137377182597747e-01
-1.851050752141045197e-02
-5.389183628197881104e-01
-2.544644567417959080e-01
-5.666019394724219893e-01
-4.706053446827469511e-01
-5.542750103112364934e-01
-5.289378347955773219e-01
-5.353870469089054840e-01
-5.717278285003679628e-01
-1.537430988292292910e-01
-4.817080234676068828e-01
2.464907866571522388e-02
-4.971214152946391573e-01
-4.172691253076348805e-01
-3.577541075511536661e-01
-1.766461808396379007e-01
-2.544861910547786543e-01
5.459263711839872080e-02
-5.855082641791384823e-01
6.859264243744304101e-01
-2.030388542899216608e-01
-5.758435366257608212e-01
