9.821946385352252618e-01
9.821946385352253728e-01
9.821946385352251507e-01
9.821946385352253728e-01
9.821946385352253728e-01
9.821946385352253728e-01
9.821946385352251507e-01
9.821946385352251507e-01
9.821946385352250397e-01
9.821946385352252618e-01
9.821946385352252618e-01
9.821946385352251507e-01
9.821946385352253728e-01
9.821946385352251507e-01
9.821946385352251507e-01
9.821946385352251507e-01
9.821946385352253728e-01
9.821946385352251507e-01
9.821946385352251507e-01
9.821946385352251507e-01
9.821946385352253728e-01
9.821946385352251507e-01
9.821946385352253728e-01
9.821946385352250397e-01
9.821946385352251507e-01
9.821946385352253728e-01
9.821946385352253728e-01
9.821946385352253728e-01
9.821946385352252618e-01
9.821946385352252618e-01
9.821946385352250397e-01
9.821946385352251507e-01
9.821946385352251507e-01
9.821946385352252618e-01
9.821946385352251507e-01
9.821946385352251507e-01
9.821946385352252618e-01
9.821946385352251507e-01
9.821946385352251507e-01
9.821946385352251507e-01
9.821946385352252618e-01
9.821946385352251507e-01
9.821946385352251507e-01
9.821946385352249287e-01
9.821946385352251507e-01
9.821946385352253728e-01
9.821946385352251507e-01
9.821946385352252618e-01
9.821946385352252618e-01
9.821946385352251507e-01
9.821946385352251507e-01
9.821946385352251507e-01
9.821946385352253728e-01
9.821946385352252618e-01
9.821946385352253728e-01
9.821946385352253728e-01
9.821946385352251507e-01
9.821946385352251507e-01
9.821946385352252618e-01
9.821946385352252618e-01
9.821946385352251507e-01
9.821946385352251507e-01
9.821946385352251507e-01
9.821946385352251507e-01
9.821946385352252618e-01
9.821946385352251507e-01
9.821946385352252618e-01
9.821946385352251507e-01
9.821946385352251507e-01
9.821946385352253728e-01
9.821946385352250397e-01
9.821946385352251507e-01
9.821946385352251507e-01
9.821946385352251507e-01
9.821946385352252618e-01
9.821946385352251507e-01
9.821946385352252618e-01
9.821946385352251507e-01
9.821946385352252618e-01
9.821946385352252618e-01
9.821946385352253728e-01
9.821946385352251507e-01
9.821946385352253728e-01
9.821946385352251507e-01
9.821946385352252618e-01
9.821946385352251507e-01
9.821946385352253728e-01
9.821946385352251507e-01
9.821946385352251507e-01
9.821946385352251507e-01
9.821946385352251507e-01
9.821946385352250397e-01
9.821946385352251507e-01
9.821946385352253728e-01
9.821946385352252618e-01
9.821946385352253728e-01
9.821946385352251507e-01
9.821946385352253728e-01
9.821946385352252618e-01
9.821946385352251507e-01
9.821946385352251507e-01
9.821946385352253728e-01
9.821946385352251507e-01
9.821946385352251507e-01
9.821946385352252618e-01
9.821946385352251507e-01
9.821946385352251507e-01
9.821946385352252618e-01
9.821946385352252618e-01
9.821946385352253728e-01
9.821946385352251507e-01
9.821946385352253728e-01
9.821946385352251507e-01
9.821946385352253728e-01
9.821946385352251507e-01
9.821946385352251507e-01
9.821946385352251507e-01
9.821946385352249287e-01
9.821946385352253728e-01
9.821946385352252618e-01
9.821946385352253728e-01
9.821946385352252618e-01
9.821946385352253728e-01
9.821946385352253728e-01
9.821946385352253728e-01
9.821946385352251507e-01
9.821946385352252618e-01
9.821946385352252618e-01
9.821946385352251507e-01
9.821946385352253728e-01
9.821946385352251507e-01
9.821946385352251507e-01
9.821946385352251507e-01
9.821946385352251507e-01
9.821946385352251507e-01
9.821946385352252618e-01
9.821946385352253728e-01
9.821946385352253728e-01
9.821946385352252618e-01
9.821946385352253728e-01
9.821946385352252618e-01
9.821946385352252618e-01
9.821946385352252618e-01
9.821946385352252618e-01
9.821946385352252618e-01
9.821946385352253728e-01
9.821946385352251507e-01
9.821946385352251507e-01
9.821946385352253728e-01
9.821946385352253728e-01
9.821946385352251507e-01
9.821946385352251507e-01
9.821946385352251507e-01
9.821946385352253728e-01
9.821946385352251507e-01
9.821946385352251507e-01
9.821946385352251507e-01
9.821946385352251507e-01
9.821946385352251507e-01
9.821946385352252618e-01
9.821946385352251507e-01
9.821946385352251507e-01
9.821946385352252618e-01
9.821946385352250397e-01
9.821946385352251507e-01
9.821946385352252618e-01
9.821946385352251507e-01
9.821946385352251507e-01
9.821946385352251507e-01
9.821946385352253728e-01
9.821946385352252618e-01
9.821946385352253728e-01
9.821946385352253728e-01
9.821946385352252618e-01
9.821946385352251507e-01
9.821946385352251507e-01
9.821946385352251507e-01
9.821946385352252618e-01
9.821946385352253728e-01
9.821946385352251507e-01
9.821946385352251507e-01
9.821946385352251507e-01
9.821946385352251507e-01
9.821946385352250397e-01
9.821946385352251507e-01
9.821946385352251507e-01
9.821946385352253728e-01
9.821946385352253728e-01
9.821946385352253728e-01
9.821946385352251507e-01
9.821946385352251507e-01
9.821946385352252618e-01
9.821946385352252618e-01
9.821946385352251507e-01
9.821946385352252618e-01
9.821946385352250397e-01
9.821946385352252618e-01
9.821946385352252618e-01
9.821946385352253728e-01
9.821946385352251507e-01
9.821946385352251507e-01
9.821946385352251507e-01
9.821946385352254838e-01
9.821946385352253728e-01
9.821946385352253728e-01
9.821946385352252618e-01
9.821946385352252618e-01
9.821946385352254838e-01
9.821946385352251507e-01
9.821946385352252618e-01
9.821946385352251507e-01
9.821946385352251507e-01
9.821946385352250397e-01
9.821946385352250397e-01
9.821946385352252618e-01
9.821946385352251507e-01
9.821946385352252618e-01
9.821946385352251507e-01
9.821946385352251507e-01
9.821946385352251507e-01
9.821946385352251507e-01
9.821946385352253728e-01
9.821946385352251507e-01
9.821946385352253728e-01
9.821946385352251507e-01
9.821946385352253728e-01
9.821946385352253728e-01
9.821946385352253728e-01
9.821946385352251507e-01
9.821946385352253728e-01
9.821946385352251507e-01
9.821946385352253728e-01
9.821946385352251507e-01
9.821946385352252618e-01
9.821946385352253728e-01
9.821946385352251507e-01
9.821946385352252618e-01
9.821946385352253728e-01
9.821946385352252618e-01
9.821946385352253728e-01
9.821946385352251507e-01
9.821946385352252618e-01
9.821946385352251507e-01
9.821946385352251507e-01
9.821946385352252618e-01
9.821946385352251507e-01
9.821946385352251507e-01
9.821946385352251507e-01
9.821946385352251507e-01
9.821946385352251507e-01
9.821946385352251507e-01
9.821946385352252618e-01
9.821946385352251507e-01
9.821946385352251507e-01
9.821946385352251507e-01
9.821946385352251507e-01
9.821946385352253728e-01
9.821946385352253728e-01
9.821946385352251507e-01
9.821946385352251507e-01
9.821946385352251507e-01
9.821946385352252618e-01
9.821946385352251507e-01
9.821946385352251507e-01
9.821946385352253728e-01
9.821946385352253728e-01
9.821946385352251507e-01
9.821946385352253728e-01
9.821946385352252618e-01
9.821946385352251507e-01
9.821946385352251507e-01
9.821946385352251507e-01
9.821946385352252618e-01
9.821946385352251507e-01
9.821946385352252618e-01
9.821946385352251507e-01
9.821946385352253728e-01
9.821946385352253728e-01
9.821946385352251507e-01
9.821946385352253728e-01
9.821946385352251507e-01
9.821946385352253728e-01
9.821946385352251507e-01
9.821946385352252618e-01
9.821946385352251507e-01
9.821946385352251507e-01
9.821946385352251507e-01
9.821946385352251507e-01
9.821946385352253728e-01
9.821946385352253728e-01
9.821946385352251507e-01
9.821946385352251507e-01
9.821946385352251507e-01
9.821946385352251507e-01
9.821946385352251507e-01
9.821946385352251507e-01
9.821946385352253728e-01
9.821946385352252618e-01
9.821946385352253728e-01
9.821946385352251507e-01
