1.385028258353636632e-01
-3.172509909741695333e-01
-1.864683733165671195e-02
7.648411763640079464e-01
7.692412460926780771e-01
-6.238817667176988629e-02
-9.765606155334587146e-02
-2.844713621655803326e-01
1.474838280673969604e-01
1.153138773816116125e-01
-4.941674173867730696e-02
3.594113538962711019e-01
7.901058284759092665e-01
3.244862625070639717e-01
2.036352371628854796e-01
-3.042727244303730094e-01
7.624491519372568193e-01
-1.277378125673012677e-01
7.924682649728065353e-01
5.222208511088014538e-01
-1.269971070964450444e-01
8.174666262587659826e-01
6.809032599414840403e-01
-3.660739429915984555e-01
-1.414435195885087315e-01
7.006050724244015093e-01
-1.199341244446814198e-01
7.448161310051140127e-01
7.713966756590975304e-01
1.427023298104690696e-01
-1.102467660263618532e-01
7.884731267407293909e-02
-4.905881219143705396e-02
7.513440983126565831e-01
9.846609338434800240e-02
1.868855884957348612e-01
-1.208960381949135271e-01
7.460672026572405802e-01
6.844776736912838722e-02
4.724772997094515703e-01
-4.968966566891145492e-02
-2.943308901704185243e-01
6.821734494087335898e-01
-2.782866970471583046e-01
-2.315132330434137020e-01
7.804789550341408866e-01
7.438975192770456157e-01
6.556419645759352655e-01
-5.643522402853990566e-02
2.451875496146277422e-02
4.777276589619419700e-03
-1.973106101480150143e-02
7.845925854342080674e-01
-1.691823982920682146e-01
7.347351873358269891e-01
1.747393156967202432e-01
8.280939657381889418e-01
-1.113156173328585102e-01
2.464104725806484930e-01
-1.618089602843546249e-01
3.030958739118018164e-01
-1.661710314439964475e-01
6.819186842850308850e-01
2.670847169578636215e-01
4.470050220863154844e-01
3.877211791838129917e-01
-2.284110823868962248e-01
7.382752990362684287e-01
-1.136007257156362860e-01
-7.438604392549377775e-02
1.019562035003900857e-01
7.605777623391339892e-01
2.461573165338093450e-01
-5.398016404270844504e-02
6.599344989867201861e-01
-3.430584696496280506e-02
7.623383973103774469e-01
7.552143544441350942e-01
3.853588276891291575e-01
4.964819239855626787e-01
-3.129046477014733596e-01
4.333034216369064384e-01
8.489836273336097694e-01
7.539346943203859563e-01
-9.759527805525873567e-02
-1.017491277725009885e-01
8.011557879081490086e-01
-3.472876893827880895e-01
4.411926980866538728e-02
-1.496900054301249783e-01
-8.864019736266007254e-02
7.856789904273722147e-01
7.410707599310181193e-01
4.427488841526601160e-01
-3.368153170764404680e-01
2.588919428673237544e-01
2.556091812381511286e-01
3.574824241087333210e-01
7.010569266303916525e-01
-1.585827461736400434e-01
1.895412931926425126e-01
1.241272194618839309e-01
-2.853790128764011613e-01
7.414903138700006391e-01
1.290001824091574489e-01
4.303982501261593985e-01
2.771734342883804270e-01
5.001755948656858575e-01
8.515697172692900940e-01
6.956363480374574415e-01
5.600953367403644911e-01
4.718841051809556930e-01
-2.895181801002963407e-01
2.842331565501091672e-01
7.109504134716556623e-01
-2.998889405241244033e-01
8.706875144245160847e-01
6.353260828715150410e-01
7.521706478691685405e-01
-1.709043026059592074e-01
2.119268678841047526e-01
7.449939924023010751e-02
9.477669690159444549e-02
6.832164030987620817e-01
7.569134863106452560e-01
-2.629637731968050007e-02
7.178272644902835564e-01
6.417583728909531660e-01
7.825836857838459615e-01
6.523089315705870028e-01
7.587685614511635590e-01
8.326010040958727876e-01
-2.958122402127016937e-01
7.483079455276399061e-01
7.627980797594400286e-01
-1.159524104748078793e-01
8.107506847320328225e-01
-8.000075863518109343e-02
-1.212450146027567316e-01
7.618814888534131136e-01
-3.047658296612504869e-01
3.351145811812094033e-01
-3.156886565966823821e-01
8.148519818801625014e-01
-4.765168571172502532e-02
-1.183920122723197965e-01
5.061782895511335312e-01
3.758339279126916566e-01
1.032387886782887981e-02
-4.320427656231487501e-02
7.862726796535431939e-01
6.998128095214585231e-01
7.820916610696991844e-01
1.701958303882056545e-01
-1.010570466487185348e-01
2.314923840359486840e-03
6.236455588926667071e-01
-3.488096554658202120e-01
7.456482273581219733e-01
1.972497954472464676e-01
-3.767012968621696878e-03
1.099917789846794058e-01
7.702458911089995475e-01
7.679114245140084005e-01
7.821398739985263582e-01
7.148425825558379909e-01
7.021293756422095633e-01
3.038840360873471536e-01
8.235466114853072783e-01
-2.972639017480095402e-01
7.512598839776327697e-01
7.478221215560287849e-01
4.687206151728890435e-01
-9.056166166948922958e-02
-8.873330172907648722e-03
-3.149686192676117574e-02
-2.260857427624223814e-01
5.567515384054688710e-01
7.917664238687227574e-01
7.328009156372068400e-01
-1.399168012724910926e-01
7.421099033814388957e-01
-5.260530196675214376e-02
6.328666819851627157e-01
1.985834308049834809e-02
7.728049727349561859e-01
6.247192256154754375e-01
8.029270145207889620e-01
8.614761698130468659e-01
6.332649257480092719e-02
4.188223107008134938e-02
3.200936890912997601e-01
6.591106496458954966e-01
7.816311535676072619e-01
2.411804628085240654e-01
7.203799819089369283e-01
5.345038851080770037e-01
7.804213862046505135e-01
-2.208322817352715850e-01
3.453012344787175225e-01
3.353665395746649458e-02
7.744885079105345849e-01
7.811140131694667144e-01
-2.800994469172824464e-01
-2.746431178757728908e-01
-1.791001065872806775e-01
-9.611149101057817751e-03
7.525619863139552113e-01
7.772371696195163882e-01
-8.629630082542466551e-02
2.375019825343270205e-03
-3.091157726905402470e-01
8.105924385337658356e-01
-3.274728561555317885e-01
-1.791245330504867839e-01
-2.323644110867574830e-01
-2.611537985657915728e-01
7.400445791997976031e-01
3.022152524690415176e-01
-1.841692524496459371e-01
8.034480842533648914e-01
-2.756983315917638788e-01
7.591309472536178493e-01
3.998339832306454511e-01
-7.344018198992605106e-02
8.024074297991130589e-01
7.921703002301401231e-01
-2.654973041528322364e-01
5.398621869067821155e-01
-3.024262888486604628e-01
7.598762467194770664e-01
-2.060232991417330073e-01
7.834390996770981275e-01
7.615844616028761838e-01
4.955217493785255556e-01
-2.903129451637316283e-01
4.877822364055595106e-01
-3.493318065352843949e-01
8.164031569720171522e-01
-1.890035056875900843e-01
7.799578520997656472e-01
4.232089059830159150e-01
7.373731471145026362e-01
3.584206515031811424e-01
-2.407078325381409312e-01
-2.252019883761495755e-01
-1.700904854734289207e-01
7.811849602244467228e-01
8.139457652495516449e-01
2.751771915857419426e-01
-2.962632593966771366e-02
7.799200548073013106e-01
7.749035821829913795e-01
3.634833562706560328e-01
8.212882840639806892e-01
4.004580556744961051e-01
7.920903920653130648e-01
-2.308852014433083744e-01
-1.936197001086985559e-01
1.201424628500755987e-01
7.023969770716112504e-02
1.004557707122533533e-01
-1.296923593895287774e-01
-3.566697995438355973e-01
1.324374543063742971e-01
3.505727678268002467e-01
-4.259570195961029371e-02
9.098876870962697982e-02
-3.223943142597634481e-01
-2.653925672816174197e-01
5.001754341428239492e-01
7.415524812135820820e-01
-1.874041500376995850e-01
7.487801084885334357e-02
1.084840361032022166e-01
7.853243262158792204e-01
7.936333120369006844e-01
7.860525695187408068e-01
3.125460574094540700e-01
-2.876996989341590871e-01
7.739348978831390724e-01
3.200910632049233095e-01
3.687512853534830048e-01
-2.037367188324317180e-01
3.398724698296246016e-01
-6.652034142075727297e-02
2.608931849515881973e-01
7.894775141231381577e-01
8.053123847167915628e-01
-3.231880619854979875e-01
7.946536558050310006e-01
-2.261504999065290511e-01
-1.117390015956162691e-01
-2.852768617774639193e-01
7.426984363692805680e-01
-2.157857383787253891e-01
6.108860434789076949e-04
7.675630016872306838e-01
7.779970795859382227e-01
3.811144179503250795e-01
