2.830315797503180075e-01
-8.207564630843477982e-02
1.111352915360984961e-01
3.173852948210551528e-01
2.967511732705158667e-01
2.394379068602103464e-02
1.814996636739571179e-01
-7.838169375374814951e-02
3.047345461421308577e-01
1.637302950031106208e-01
-5.288250637833895318e-02
1.671480396552957881e-01
1.077970785422723426e-01
-2.047389478319945333e-01
1.456459360522564805e-01
1.293368995229833840e-01
5.205123016828164251e-02
-1.904129605930239832e-01
1.694533048301796185e-01
2.033649750325672578e-01
-3.359959239393513208e-02
5.384650249943229161e-02
2.834565707485648400e-01
7.596495693695161366e-02
1.906440927724557532e-01
2.330403246908996362e-01
2.987421406992025186e-01
1.988555109705709978e-01
-1.163922093597550556e-01
-1.706638118614693111e-01
1.525802582743043811e-01
8.861179804654541192e-02
-1.027653947390405470e-01
-6.809717092049115406e-02
7.752736753774036593e-02
8.290531424877915778e-02
-2.101206728548759006e-01
1.042574108221706874e-01
1.736370907874285885e-01
2.164672586407612453e-01
2.437524395358223739e-01
-9.112870743902135029e-02
-1.051010007589469469e-01
-1.826767307926027983e-01
-2.011958601897012033e-01
-8.795945262010816668e-02
-6.429288400221624955e-02
-3.182883010225811410e-02
-1.709726071087152854e-01
6.573412582880926169e-02
3.073618568497130665e-01
-1.468021577353444129e-01
2.525401914372641943e-01
3.085965810162372147e-01
-1.563838414059351423e-01
8.983666125345943221e-02
-1.091626918667088497e-01
1.709402620851583343e-01
-7.141778072959641122e-02
2.568878055609753464e-01
1.739191578882191558e-01
3.272883803555119986e-01
2.740010597938937753e-01
1.435118011762438472e-01
-7.029926236482714197e-02
-2.663476727181223747e-01
-1.442240411612442375e-01
-1.127405540520279026e-01
7.868181793309526884e-02
1.954457219112998023e-01
-1.448835012743846795e-01
2.369927586753198603e-02
2.291933112875120526e-01
5.091178952394639912e-02
2.666244977739028466e-01
-2.187399188291485053e-01
7.707558309120821072e-02
2.453675039410926628e-01
-5.613903893410768231e-02
2.568840355049768487e-01
-9.490877697236804744e-02
9.229752456258996651e-03
-2.635275216383194466e-02
-9.667600631602124572e-02
-7.570016569060750156e-02
1.394501608560848316e-01
-1.037824834864749246e-02
1.986889467623418615e-01
2.292735707928935385e-01
2.833991575788361583e-01
2.533364829919416139e-01
2.711406560747713357e-01
2.634146619872802519e-01
-3.618092582936571211e-01
-1.624763975038432395e-01
-2.358880109712611362e-01
-1.440710112666541698e-01
1.730669085618232739e-01
2.049317087441900331e-01
-2.265478666254455153e-01
-1.872116509430769571e-01
6.428823773151448595e-02
6.096822384806170614e-02
2.445060741813019634e-01
-1.619759993147899535e-01
-2.906892315178138952e-02
-1.423547517948748065e-01
1.345766072847562889e-01
4.226709163227850702e-02
2.432667224417053020e-01
1.205836644394331081e-01
-1.539439674674888126e-01
2.975345176374861178e-01
-1.803501147109250191e-01
-1.152892627573989803e-02
4.263908617369913112e-02
1.785108903064980823e-01
2.321071232190259070e-01
-2.040558121559975235e-01
-2.556786462479144761e-01
-2.488289204545986455e-01
3.012573273603418866e-01
3.136149439160375030e-01
1.924883781214915129e-02
2.896434327201090064e-01
1.605185002023220425e-02
-2.019444889092487649e-01
1.339380451267920824e-01
1.911192312339823063e-01
-1.920294505303384025e-01
-2.168331726074779198e-02
5.802608333376371719e-02
1.438982751049617259e-01
-1.691332671807556642e-01
-3.414015357863222633e-01
5.562503256218161857e-02
-8.591597864610291124e-02
-1.191573231850709957e-01
7.460403754926162034e-02
2.646449326023370685e-01
2.297029303090049601e-01
2.533414618756156811e-01
3.505701014215339972e-01
2.465771121188109483e-01
-2.344683902842504553e-01
-1.061665537433352513e-01
-2.018370162817867408e-01
-6.629483808885640317e-02
2.621499077559513724e-01
1.889102141664742440e-01
-2.538746248739963129e-01
-2.413289146258910112e-01
2.488259876421821531e-02
2.815494564253569476e-01
2.015455135614459270e-01
-1.989938427985754044e-01
-6.490176598945092412e-02
-1.917088850296404523e-01
-8.326581697975414531e-02
2.459014821981911070e-01
1.740468623854197761e-01
-2.379827819713864479e-01
-3.282084441709362532e-01
1.943690760927222483e-01
-5.120492728359411772e-02
2.767172200636513341e-02
6.008686052173417558e-02
3.813812491943041616e-02
-1.603753725235428362e-01
2.013225238968643568e-02
1.573183523239801151e-01
3.512923258836780915e-02
2.159942989674083491e-01
-2.277600865220434367e-01
-1.914874561259347907e-01
1.630159882719718067e-01
1.541703268788165992e-01
2.233236387065227480e-01
-3.147216889083946922e-01
3.710680077105670271e-01
2.514846200349468708e-01
2.676098154811505370e-01
1.869060221776256969e-01
2.355872091495926982e-02
6.574152541553990314e-02
2.945804016871721998e-01
4.074791625351359969e-01
1.960666569282217553e-01
2.738398651804569428e-01
2.956999279977018946e-01
-1.428585861696339554e-01
-1.833507157682994215e-01
1.631977000248087672e-01
3.330208661238634460e-01
2.720155085575485243e-01
3.810831111787595926e-01
2.750324197623577605e-01
2.333652439593014161e-01
-2.142970646959710401e-01
-2.108862507584775559e-01
-2.344449999352218594e-01
-1.305079496400318173e-01
5.771450355914260061e-02
1.776466766106542527e-01
6.382677011468762540e-02
3.483791830249606258e-01
3.018710543097486987e-01
2.884115299189452530e-01
2.655391734606168397e-01
1.378044733813515166e-01
-1.152057601825022815e-01
7.432682438021576132e-02
3.431105628682451503e-01
1.720736808245718619e-01
-1.951744896183136846e-01
2.208789433017173953e-01
-1.559056482134529853e-01
1.664613879625972959e-01
1.635833356424637730e-01
-3.584823303736204281e-01
-2.471591841815957979e-01
-2.399366667414017801e-02
3.416701914056597400e-01
-2.276763994868547802e-01
2.992487614346671099e-01
3.598703627543113903e-01
3.298992409727020680e-01
1.867801905819970187e-01
2.433582998585487600e-01
2.813730276361921523e-01
-1.260221605054904701e-02
2.229560356406230515e-01
-2.471857677407538478e-01
1.379547530961660329e-01
2.105189400610183170e-01
3.460340839597153550e-02
-2.897375084160112579e-01
-7.674213767296104993e-02
2.184017355082905620e-01
-4.892273630386586442e-02
-1.570284764282345591e-01
3.257373425962597491e-01
-5.657129257256209715e-02
2.423936308195488720e-01
2.332529070031694740e-01
-8.763054279983947814e-02
-3.043079884709046223e-01
-9.850649362705753143e-02
-1.881115867192217211e-02
-1.236896410541015040e-01
-2.582214790289984463e-01
3.691551120086785653e-01
4.195700099678063566e-01
-2.942818982605704611e-02
3.269973698360128522e-01
2.549792771338557640e-01
-1.420225474505069641e-01
3.323152395019113858e-01
3.993444604127798642e-02
-2.647880792490847623e-02
-1.046847632426853858e-01
1.264159719239525970e-01
-8.628586330420982831e-03
1.567261332135475305e-01
7.042894274845089286e-02
2.199412552920727293e-01
1.350907910935872924e-01
-5.423489419544992585e-02
-2.514945272720394698e-01
-3.025980078741940527e-01
2.528204792601400630e-01
4.080346416275356519e-02
-7.355771713879200036e-02
-1.036286718907655502e-01
2.748567067873673442e-01
2.520203807244990324e-02
4.412400174123604774e-02
-1.460128247342316887e-02
1.198776450406567884e-01
-2.601201417308077746e-01
2.503414760481995627e-01
2.839988493511633738e-01
-6.525734628161949935e-02
-1.898822339910980483e-01
3.182826888105652618e-01
2.601956070649579789e-01
3.164215560667085758e-01
-1.068948429245859533e-01
2.605667905717999888e-01
-2.589356441403631304e-01
3.762385794879075096e-01
1.034121415466706800e-01
-6.150815969091874558e-02
2.150642842846694214e-01
-6.787570625060371232e-02
2.738034482801338099e-01
-2.227509740023120577e-01
-5.959705638414874995e-02
2.926903934712746791e-01
2.874145677286805145e-01
