8.711625772131255108e-01
4.764121826384900560e-01
6.357461957339495262e-01
8.220220867522113339e-01
9.683201209084728589e-01
5.940061254728390416e-01
9.070663843470969656e-01
4.924050843892816554e-01
5.448234487077149302e-01
4.229223255038058182e-01
4.488228536418725767e-01
9.585488552439900278e-01
5.865278374199783817e-01
8.824230181165494402e-01
8.281673227005506011e-01
8.636522097583598789e-01
4.580049265502228462e-01
8.553368378386513315e-01
3.968016661343843898e-01
8.355798147060473635e-01
6.842058587488382138e-01
5.057820693764772946e-01
8.839097247179191763e-01
9.096404522123059389e-01
6.687268169908645588e-01
4.864654188963164483e-01
9.597948661491659816e-01
4.856176129253647611e-01
4.317391891228710699e-01
8.651930469946633728e-01
4.484211292696698159e-01
4.693801131688795092e-01
4.239533419592322883e-01
6.551124002000849877e-01
4.580844912200857100e-01
8.725455304417892854e-01
9.399365496859221070e-01
9.482648366627791647e-01
5.564613145458126020e-01
6.441630435796521503e-01
9.080484479886399285e-01
5.576071298125286901e-01
4.311978908945264255e-01
4.546564057333892794e-01
4.283086455009462723e-01
9.595880091178379256e-01
8.310112329065665326e-01
9.238113135697061384e-01
8.876201395564620178e-01
8.820726359755298729e-01
8.441999713863399535e-01
5.009523820304800923e-01
9.089309235495478534e-01
4.678127172926184185e-01
9.244835737009949872e-01
8.793726107369845835e-01
9.488682353158597316e-01
4.162796056052732174e-01
5.724283457918255547e-01
4.558859637929378872e-01
7.193197743267154554e-01
8.938278564195183407e-01
8.213510842025533165e-01
9.092783229688846669e-01
4.064438142708420854e-01
4.273069107040379233e-01
4.846581474627725816e-01
7.392424458717761215e-01
4.250177343336497549e-01
4.144809267203343195e-01
9.664056894383699081e-01
5.403788382420705583e-01
5.082623371356886910e-01
9.095230305784225422e-01
6.059867123476870843e-01
5.926606624393151446e-01
5.228858668940010723e-01
5.111505862136598299e-01
6.962854447494162269e-01
8.978003347823600988e-01
8.143965939260491282e-01
8.165842740892932383e-01
8.879387029824825639e-01
6.144971562452181679e-01
8.989059550695988055e-01
8.408015178426009317e-01
5.202038425474239114e-01
6.404276605046228532e-01
4.776992925125698175e-01
8.173306765929870821e-01
5.715284963591390488e-01
7.800508525069438370e-01
9.217998881620256268e-01
5.391623015548969722e-01
3.927103030169803444e-01
4.406514909955779324e-01
4.278864262919626071e-01
8.634215933951361333e-01
4.621191372349234272e-01
8.865289951276204006e-01
8.355205514279221424e-01
5.153986391137941325e-01
9.215041815078675036e-01
4.821586398153863140e-01
9.273307155037884275e-01
9.466120478469368660e-01
5.621764326997831240e-01
5.954570915236795381e-01
9.448579599415278807e-01
8.776039039933951624e-01
4.309385943327387336e-01
8.938568896891931903e-01
8.721271728398160006e-01
9.252721221586561740e-01
7.972736644306641640e-01
8.461841453990626150e-01
8.931494991178932086e-01
8.667125010348200043e-01
4.907947753753431619e-01
7.470287355154969777e-01
8.253205022328076179e-01
9.177179176436864871e-01
5.935821708300484945e-01
3.867296618314071122e-01
9.292099420294170908e-01
8.616226198581726781e-01
9.543913669348798035e-01
5.161787085428187760e-01
5.153481143333610293e-01
5.527787996110423707e-01
9.639426887655673237e-01
4.351944781644063731e-01
7.741016332837018510e-01
4.110277234626816822e-01
4.930763761530646550e-01
6.260732235881336649e-01
6.912878719656014859e-01
5.693721703847989257e-01
6.184993895015297172e-01
6.457860127181459520e-01
4.414911745960063416e-01
4.900137861607268275e-01
4.544627955877814096e-01
8.705619368394423851e-01
4.176339016741303922e-01
8.599802362404951328e-01
9.551708063450472519e-01
9.449657484710476396e-01
4.676408873016670298e-01
4.593315326485885586e-01
7.377301544966659019e-01
7.202908858803623859e-01
4.907195707965457121e-01
5.803894899622363823e-01
4.121574136351489059e-01
7.698737860645803455e-01
4.797502672694978765e-01
7.956456723374174533e-01
5.497454441411940840e-01
4.477102774274236419e-01
8.690238034738944073e-01
6.181033664969988184e-01
9.647089671481698936e-01
8.008588304652440870e-01
6.967092732187682991e-01
4.046740471265680705e-01
8.868285960037014526e-01
9.598430544090836847e-01
8.453287350623719387e-01
5.420563990106350705e-01
8.786949340588734447e-01
9.262780868720308369e-01
4.359965752553792706e-01
6.325358275307452205e-01
4.464479888303803934e-01
5.219045539720796878e-01
8.351483778988748607e-01
5.224585524641788270e-01
7.695071850787265078e-01
4.740527785887201917e-01
8.615351680592286954e-01
5.077867220054442798e-01
9.529792366267890724e-01
9.315233951839010373e-01
9.607786017445958393e-01
8.407140940137910468e-01
8.651790298079885533e-01
4.809941098354075240e-01
8.525387207122090416e-01
8.850744585123535568e-01
8.998331800850266626e-01
8.212832642808260974e-01
4.540493106697128800e-01
5.509187546696849846e-01
6.088317155442376505e-01
9.300833197233049354e-01
4.157165229583271171e-01
7.132592791988057179e-01
4.378720524271618730e-01
9.235284517887087929e-01
4.642919125020273929e-01
9.295705947920303025e-01
4.623068869970872186e-01
8.836203999908696094e-01
5.914916334762703176e-01
3.793427335079696539e-01
5.912626140338268499e-01
9.555261389624077895e-01
9.171009813152337653e-01
7.520675313847606791e-01
7.814358285102940282e-01
8.917954883855387926e-01
9.443136626103511011e-01
9.098406305332088495e-01
5.166106138758527200e-01
5.105844794519374119e-01
6.039407776298012509e-01
4.329412809326372846e-01
6.250193006988615796e-01
6.497027375229180723e-01
5.163324095921715262e-01
9.287005451088423680e-01
8.839832337404285312e-01
7.966466927263082809e-01
4.380121669523827643e-01
8.131266011650153391e-01
7.020341392987692331e-01
8.720804867182738729e-01
8.442552528793749733e-01
8.340346142401224849e-01
9.381707059111481506e-01
4.801115543971033461e-01
9.086961724685811426e-01
8.899719050188930058e-01
9.235058230301327331e-01
9.302170963702109940e-01
9.174304495105356505e-01
9.144546838859495264e-01
6.471600135408545063e-01
8.654976087168714249e-01
8.451124149211766134e-01
9.503042077764793927e-01
8.089339502402213000e-01
4.904922447822862575e-01
5.332514938090374690e-01
3.877354817227728345e-01
5.149464467701840853e-01
8.949409969676263010e-01
9.056823913237453949e-01
9.607860514487560621e-01
8.259500149964955629e-01
9.047489947821514278e-01
6.365695435071393460e-01
8.653169030156764308e-01
4.912031799088422690e-01
5.805044923677110669e-01
4.053280328791221132e-01
7.734025887551927436e-01
8.526168831270116710e-01
5.365359806580016766e-01
9.538240645007920460e-01
5.624375404494978969e-01
5.184750449506299042e-01
6.334297286100498692e-01
9.090896767150038471e-01
4.262695280473298709e-01
9.240583794519761085e-01
8.657606042892973530e-01
4.948291877549642059e-01
4.240606418078641804e-01
9.359126749152764102e-01
5.598116276107667488e-01
6.239013348469589770e-01
4.136258663159281257e-01
5.595837022659665427e-01
4.277290312862012112e-01
9.203846549673708743e-01
4.102580541684459625e-01
8.228691766737235014e-01
8.724609286817286424e-01
4.901364115144496436e-01
4.444036418407864009e-01
5.011711866942484273e-01
4.625774969416470705e-01
5.508323737209395166e-01
7.814847975013694548e-01
9.662309513655551463e-01
6.896403002545951066e-01
5.884441151136948767e-01
4.891924126038100784e-01
9.148464866365426662e-01
5.999879346685896842e-01
5.231860072923086857e-01
5.496877981068433172e-01
9.286387695376103757e-01
6.467735126863279893e-01
6.042030169962447905e-01
8.755587745982558179e-01
9.046196394779925098e-01
4.059909160658225491e-01
