-3.432649725531282670e-01
2.025520621565594648e-01
6.743647392728438494e-02
-5.948117402266892007e-02
-3.849269516582733974e-01
-2.815161099422306412e-01
-3.418461098798251108e-01
-9.010777088561655601e-03
-1.118912973416114065e-02
1.510934842419184299e-01
-3.034164300234830081e-01
1.470645950362511056e-01
-4.247606293044398074e-01
5.848616235155486287e-03
-4.413166066014885258e-01
2.404825466432312236e-02
3.282981214541066256e-02
-4.022023516059983761e-01
-7.876350294058417911e-02
1.689496110860352618e-01
-5.199205638935375934e-02
-4.535618670270514241e-01
5.473649027549233603e-02
1.277481539223948026e-01
-4.421774460811902507e-01
-4.369787793853349145e-01
-5.081840553076082123e-03
9.930713108799810174e-02
-2.325846935838727647e-01
-4.281646004531465266e-01
-3.683642376610066771e-01
-3.969819822382725794e-01
-4.267166276168647410e-01
-3.625213729210646774e-02
-3.934272870333093142e-01
1.828053761597679960e-01
-5.677012184556406993e-02
-3.394749633405759748e-01
-4.680419258519544767e-01
9.252068387296523422e-02
1.866866720934688695e-02
-4.066556489762030990e-01
-3.497234457765039939e-01
-4.316218871634491805e-01
-1.301650168907120264e-01
-3.031314545705058872e-01
-4.677172015525807858e-01
-4.425314446496192988e-01
-3.517166330606379121e-02
-5.535802319272230265e-02
-1.548076121667317784e-01
1.189036211234039270e-01
-3.522691719675414834e-01
1.235923120925001284e-01
6.830649244170876322e-02
-4.401763423903566341e-01
4.662802740162050319e-02
-1.037822199636473652e-01
-7.451010781709534181e-02
-1.629336594603053301e-01
-4.268102347421104392e-01
-4.435269166057036472e-01
-4.180885247005555194e-01
2.071636677465543142e-01
-2.623609755377571684e-01
1.558545764724727500e-01
-2.493678545967951687e-01
-4.492867210630413499e-01
4.769059600268234916e-02
1.082512726296203098e-01
-9.642518887057116572e-02
2.091588848461452821e-01
-4.783250433811892521e-01
1.758644823855570472e-01
-1.711644620019791563e-01
-3.329537628465175647e-01
-3.660033598705968449e-01
2.248859456438714877e-01
6.666531988285007149e-02
5.830773097282975631e-02
7.949867302388170798e-02
-3.683003318176336083e-01
-1.965067047825395374e-01
-4.045167962492812741e-01
-8.810006671996098437e-02
-4.309025871732398150e-01
-4.463385048363842089e-01
-3.995527874354353193e-01
1.452560067365619711e-01
-4.053583514640421992e-01
-3.239545156398994097e-01
8.839486402272757337e-02
-4.345069172445159555e-01
-4.432639557970964317e-01
-2.656477148927600673e-01
-1.073581143228698187e-01
-4.306382331727490742e-01
-4.432977858323892684e-01
-3.012217136922197835e-01
1.084258885824805063e-01
-4.463523545166992457e-01
1.137085015431375523e-01
-4.328479346120894800e-01
3.672022378377153701e-02
-3.697825560970293135e-01
-4.317946497968447872e-01
9.489633375230319134e-02
-4.242195378878162448e-01
2.111133328159569417e-02
1.004329328841676583e-01
-3.977877563192040444e-01
1.395725954432732729e-01
3.931327555931687923e-03
-4.250773086135553602e-01
-4.141639130101595900e-01
-3.960896404982207630e-01
-3.158659358343938739e-01
2.658965685671771384e-02
-1.683209398095522058e-01
1.611470008164204715e-01
-1.046737275278864371e-01
-7.120207823479639264e-02
-4.773101775575652184e-01
1.898094019158209217e-02
-3.368426535376086717e-01
-2.940003304415034213e-01
-4.215945768837442431e-01
-4.808042953876817682e-01
2.308641604848699069e-02
-3.396896094450563286e-01
-1.652080223411664037e-02
-4.628082617313196145e-01
-1.089630846921477159e-01
2.382914748408651584e-02
1.983619813362129114e-01
-1.329734521942093073e-01
1.962350762545729821e-01
-1.816931077863386812e-01
-3.956457824927879230e-01
7.057651625549413166e-02
6.757777912233102480e-02
-2.774522543906722261e-01
4.660251526946136008e-02
-4.174455179386595272e-01
8.722607929156073192e-02
-4.295044917014259056e-01
-1.369752166345960531e-01
-3.857976618389216128e-01
-8.524137929573141759e-02
-3.035159078252896436e-01
-3.337545112707499539e-01
1.011872322162890026e-01
-3.920160551846940677e-01
-9.744544265706547859e-03
4.409546531572751393e-02
-3.598107213359476031e-01
8.630524026156076445e-02
-3.995645178173115597e-01
-3.075012795900916585e-01
7.929260066043639088e-02
-1.194195801390727230e-01
-4.036154165317727971e-01
-2.699151268668703585e-02
-6.267379597484332154e-02
-4.074659478213724095e-02
5.285647647374073360e-02
-3.910529956929612028e-01
-4.023184255128673392e-01
1.900997184727743206e-01
-4.298940274470337553e-01
-3.892484497201076366e-01
-3.785271228075405836e-01
4.750716281022174248e-02
-4.465333157796707031e-01
-3.678624519451730024e-03
-2.807587284787045889e-01
8.727140700335282719e-02
-2.923734116560647855e-01
1.287548113440494246e-01
-2.827712195409496365e-01
9.283208985321393658e-02
9.455185197362483973e-02
-3.858767509557946562e-01
-4.535584590129320137e-01
-4.140030839517983008e-01
-1.017974973061438748e-01
-2.718564584508506576e-01
-4.707710083222715891e-01
-2.020038535696024040e-03
-2.473828760515305314e-01
-4.728624864012084816e-03
-2.778145707705315104e-01
9.099898654455640390e-02
-2.007149010936164213e-01
8.973443267051273153e-02
-4.484892735374605421e-01
1.953391865435090413e-03
-4.917603623125300638e-01
1.184032951973888054e-02
-4.318540803505947490e-01
-2.964763714811984863e-01
-4.687976473278371303e-01
-4.567765117275364162e-01
-3.997793194456117916e-01
-2.495107822039934753e-01
1.405128262829672958e-01
-4.230490699840570024e-01
1.726655221945268270e-01
-4.179555047802992473e-01
-4.247633371587756779e-01
6.931820564574614485e-03
4.084247606313581164e-02
-4.289480931700094257e-01
-4.450527943211772253e-01
4.945699109159597262e-02
-3.935888120000299306e-01
-4.241858023643637621e-01
-3.320601932994983185e-01
-1.281602226244314968e-01
-8.105741791625212245e-02
-4.088413371234658755e-01
-2.324592105225163630e-01
-4.195972184284617046e-01
-3.864022121425769729e-01
-4.680517997253562656e-01
-4.126524960415790533e-01
-4.459550899641830934e-01
-4.247923867208593940e-01
-3.953496835145808297e-01
-3.655758662520338098e-01
5.097279595712179284e-02
6.939456041184446922e-02
-1.186267625223624556e-01
-4.476404539589956544e-01
-2.283841440350563301e-01
-3.997199009054707708e-01
-3.570303841698116987e-01
-4.534320544967077593e-01
-9.428498015584879655e-02
9.881839248718125857e-03
-3.360298685806615282e-01
-2.125894831887581715e-01
1.852605165272041832e-01
-2.796929687328874592e-01
-3.688349055733837201e-01
-4.439831324130286694e-01
-1.791835685578834214e-01
-3.676130260092785873e-01
1.145407632011814225e-01
-4.473650451717343657e-01
2.331312370955329616e-02
1.776929927670548581e-01
-2.341041106819251039e-01
2.271900031992861724e-01
-4.646191094323234849e-01
-4.390366549238109428e-01
-4.282960218908391514e-01
8.785172638186726501e-02
1.653918249008013430e-01
2.009416461873338167e-02
-2.582340565120737064e-01
-4.373408161884539957e-01
-9.105870892924448207e-03
7.976516844972764142e-02
9.425145665607026491e-02
-2.414477444532426298e-01
-4.496091410143172040e-01
1.690529373733829499e-01
-2.420354151733983272e-01
-4.155633223536130405e-01
8.094347138925198082e-02
4.568404113663880606e-02
-4.453897663232395665e-01
-4.163540420220884775e-01
-4.520505870094346790e-01
-3.798091171946833544e-01
-2.267385117057715838e-01
-4.314530577490268137e-01
-9.984691693853064987e-02
-4.179351822433352570e-01
4.290501510413539249e-02
-4.634390357401478866e-01
7.263322585421463917e-02
-1.094151290021046219e-01
1.382133636593173981e-02
-1.851307044313862948e-01
-4.459480126787591647e-01
3.321090185888534579e-02
-2.507894521568947988e-01
-2.743626324265541205e-02
1.491050847199217877e-01
-1.743351139645593351e-01
-4.460530994496345603e-01
-4.054924048936980885e-01
-4.107503067507475292e-01
1.375770126115036934e-02
-2.824368519067566585e-01
8.054143881478975642e-02
-2.269947713347541529e-01
-4.593441452219315657e-01
