7.328302057010045445e-01
9.455933723443128436e-01
6.638292536873989791e-01
9.585722505118519088e-01
9.269950904129562463e-01
7.600599260183487083e-01
7.609486562360017192e-01
8.037363666462203904e-01
7.532446184931340660e-01
9.616168091511172467e-01
9.488242308912191447e-01
9.644394737599211176e-01
7.296450027780397862e-01
9.537283422292393009e-01
7.468600103879996510e-01
9.437386072573104023e-01
9.532695550242538118e-01
7.906737732040578504e-01
9.539686241304027314e-01
7.453507400370860125e-01
9.391667035545512299e-01
9.220388568088104808e-01
9.197119329851173308e-01
9.001961802812030733e-01
7.382184235578646003e-01
7.218120722222003405e-01
9.432756545225920997e-01
9.296172649735821025e-01
9.576369174830108300e-01
9.500608795091809444e-01
9.237694091552421938e-01
9.613803625894651317e-01
7.720526707722745741e-01
9.666056218418830337e-01
9.514517901047363502e-01
9.194321228800493850e-01
9.543440610972580007e-01
8.884856934932167105e-01
7.354985514004741542e-01
9.181303350933346374e-01
7.533438011080015873e-01
6.968096571798230165e-01
9.105326595260039291e-01
9.426063827046979871e-01
7.345700893238464868e-01
7.340774039393365147e-01
8.914630182852703033e-01
9.545321304716612998e-01
9.365682269202708632e-01
7.389039812336596347e-01
9.424419705995314978e-01
9.575195704958628928e-01
9.475153082790562786e-01
8.617198382626904962e-01
7.330997740997486911e-01
8.107420361799545505e-01
9.458135679573738130e-01
9.185537245205700474e-01
7.354457135568026604e-01
7.284712406677993357e-01
9.282748943331018410e-01
9.337735606828191370e-01
9.620830263279878114e-01
7.179493613916919648e-01
9.478836561329830879e-01
7.186693390168705786e-01
8.171662024295713866e-01
9.373292138699524934e-01
8.249580732950756445e-01
7.503964638400586473e-01
9.273739540614339694e-01
7.340627988632368872e-01
9.707395838696032397e-01
7.677905675971836708e-01
7.098729868702714496e-01
7.981940808097356399e-01
7.981165507647460799e-01
9.535273893856699434e-01
7.214994200760863619e-01
8.923489885971314095e-01
9.564518062040695545e-01
7.207237185599397744e-01
8.769689584858983977e-01
7.740966663480468579e-01
9.283007398915267272e-01
9.638997857826216986e-01
9.330000323483651492e-01
8.411007455399834853e-01
9.492855777201959500e-01
9.699101860927881180e-01
9.530938274698044221e-01
8.740172700807620210e-01
9.121876369941629425e-01
9.533086814414279964e-01
9.481678398068362768e-01
8.634920831893937443e-01
9.567486295570502008e-01
9.113366591018318141e-01
9.639979360187568291e-01
7.285998609645205626e-01
7.433708622247786613e-01
7.608697214944368792e-01
7.987428824395950144e-01
7.442928294549715496e-01
8.575932959415961676e-01
7.518457334023213035e-01
9.693093805480431646e-01
7.440043965898763823e-01
7.313322991224076031e-01
9.479922980237824870e-01
7.835234829568062942e-01
7.404462034216872102e-01
9.186488983670992869e-01
9.491871468314712068e-01
7.567417452978486558e-01
8.882457010940105757e-01
9.555700046882105170e-01
9.323822581617647876e-01
7.404387472737610221e-01
9.591125738046473170e-01
7.394307223670395501e-01
7.665857845406731652e-01
9.579472574364944482e-01
7.327230887150337768e-01
7.364332817248386842e-01
7.382289155269626812e-01
9.404790771327653509e-01
8.296871639262524134e-01
7.426421100828457522e-01
9.113447650816075551e-01
8.835288704419760331e-01
9.589328362101954273e-01
7.463246589840573098e-01
9.484357394685157816e-01
7.308232185548150239e-01
6.910217681558441516e-01
9.519414959756204997e-01
7.421018845055186164e-01
7.540205238826468426e-01
8.503069559116140930e-01
9.610436081531976704e-01
8.012908703240850805e-01
8.951637777942607066e-01
9.508730427477969371e-01
9.528860888910042348e-01
7.393202843062703922e-01
7.476668106414017245e-01
7.884603174794659886e-01
9.511349119048666534e-01
7.400987606720561551e-01
8.999255008932112165e-01
9.472241486191153026e-01
8.301475371656443780e-01
9.033749668366275465e-01
7.148956498676745097e-01
7.481378545593682095e-01
7.510888754557714098e-01
9.474144226801092250e-01
9.574840459799631720e-01
9.192096081249321315e-01
8.880363510513453740e-01
7.352185751622195564e-01
9.434170845194849164e-01
8.531379433523638145e-01
8.479928453811942379e-01
7.089195161183107219e-01
9.503374874255965388e-01
7.971295781742901987e-01
7.663372668682360001e-01
9.625277739276901778e-01
9.594252820579336483e-01
9.064403199545492118e-01
7.559885859017626553e-01
7.169400158065343254e-01
7.792873358904081060e-01
9.520407287708219091e-01
7.690417969193412695e-01
9.565603119781840302e-01
6.881904559384458553e-01
7.426788830887037784e-01
9.368706660381964646e-01
9.363205889421616357e-01
7.495200701012825206e-01
9.520118103913174368e-01
7.208655216658287346e-01
7.086959630016455014e-01
9.535842734029558176e-01
9.540164202946532779e-01
9.394342512007574086e-01
9.621370926011304503e-01
9.554385832048684080e-01
7.336030261331631941e-01
9.366595765454301947e-01
7.480968253271355062e-01
9.471059605467966325e-01
7.342013450724566015e-01
9.370286204860425183e-01
9.528214499010241312e-01
9.540765792516212596e-01
8.198147805484574668e-01
7.384566833570933575e-01
9.568817056422136424e-01
9.280799027262924827e-01
9.626310078443878204e-01
9.503273493195946164e-01
9.493726433519102947e-01
9.441046817081808484e-01
7.894431637063830109e-01
9.404906273651483239e-01
7.719881619982011944e-01
9.553083456751926272e-01
7.268267258606058157e-01
7.480138172044860090e-01
9.366278604311369937e-01
9.539401382981322897e-01
8.962671084217164186e-01
7.400085443502597560e-01
9.584772246234518622e-01
7.341481779977352407e-01
9.539788189339204472e-01
8.725476188324796656e-01
7.757523057160673474e-01
9.378374345051994077e-01
9.544927337005713053e-01
9.553432873429452687e-01
7.342776597846648601e-01
7.751320175539280211e-01
9.520216354376616064e-01
9.491281171075502954e-01
7.408036934587940436e-01
7.384219737704875719e-01
9.202470739486240392e-01
9.643007118696980129e-01
9.372401413244273449e-01
7.549463368633352323e-01
9.471705105127961044e-01
7.978066415964680802e-01
9.440228201437399491e-01
8.165865031137875540e-01
9.495704704957026454e-01
9.387316013451985075e-01
9.559967242348654803e-01
9.658783944315090242e-01
8.993575788163301610e-01
7.468937150905171629e-01
7.173043956908888852e-01
9.530246969698448201e-01
9.274598182436516458e-01
9.535998065510711275e-01
9.438188766643442751e-01
9.631552159415879277e-01
9.610578606483309860e-01
9.449176875452893754e-01
9.614112178541504017e-01
8.957590849957624002e-01
8.831296925415454968e-01
9.610403465933011757e-01
8.139906669352466873e-01
7.324411582789884800e-01
8.341230914071045000e-01
7.698126859235445707e-01
8.757224062146067300e-01
9.397437673729553964e-01
7.497191167590321337e-01
9.555992153697669966e-01
8.252933063370635480e-01
9.270748217783101319e-01
9.570187230682394297e-01
8.214967582332394214e-01
7.252956103356248407e-01
9.456165864803767196e-01
7.586505997728932860e-01
7.850157773582329135e-01
7.951239239761558331e-01
7.085485454800385385e-01
9.500900176552395937e-01
9.640735619141973523e-01
9.555201410333455936e-01
9.319329306741780394e-01
9.441499500482044560e-01
9.528181403142518269e-01
7.459145049719142495e-01
9.534011395034012182e-01
9.275171436465590169e-01
9.321827694259541275e-01
7.245480438746405571e-01
9.326303382575160672e-01
7.300598561131466102e-01
7.420041659270347756e-01
8.584391342850102857e-01
9.228089035389843708e-01
9.607160513495343057e-01
7.515213550301106382e-01
9.483525412303071001e-01
8.376724350287233500e-01
9.629676466316938743e-01
9.531677933810429604e-01
9.540153858532215425e-01
6.877643090209013543e-01
8.020188007658245466e-01
