-5.168081099570402959e-01
-4.616156283739695221e-01
-4.594144963664283932e-01
-5.208370318434211166e-01
-5.122077173390227056e-01
-5.577738852772144984e-01
-2.990742405185524699e-01
-2.148569286846650217e-01
-2.832932002612574829e-01
-4.948802591724027478e-01
-5.396808831996422473e-01
-2.866167758148792100e-01
-4.458225816594199031e-01
-5.459346981249842967e-01
-5.446117565491674917e-01
-5.784954200598004803e-01
-4.953406685278282096e-01
-4.877117334690916906e-01
-3.527878435404494528e-01
-3.332538163753965277e-01
-3.978388630672663462e-01
-5.177619258957693038e-01
-5.650152588585195534e-01
-3.390066773810366252e-01
-4.319528220185790968e-01
-3.634939947196521581e-01
-5.635365736054483987e-01
-3.042172905801414085e-01
-4.660640873947810014e-01
-5.160724928993248861e-01
-5.627177392460392946e-01
-3.567001597982434880e-01
-2.659848612475069207e-01
-5.570911042271429192e-01
-4.761548580212393578e-01
-4.051140453859319313e-01
-4.228454016853538389e-01
-5.703212685100594870e-01
-5.474037622548442172e-01
-4.481794125932681561e-01
-2.912339588063690976e-01
-5.573662773341908627e-01
-2.533413830883387563e-01
-5.054384577123293143e-01
-6.012351707242633569e-01
-4.477328943470950673e-01
-2.296030894948005718e-01
-4.642574215756567479e-01
-4.466798075994599104e-01
-5.599699840513450155e-01
-5.726269449911733922e-01
-4.970346337858438934e-01
-3.374419341171203124e-01
-1.031764154026337116e-01
-4.970935554768112219e-01
-3.763452905362884016e-01
-3.866157653587719012e-01
-5.165440782955865728e-01
3.869195061715577366e-02
-4.860136195877296506e-01
-3.905484280280319687e-01
-4.174488072165870589e-01
-3.979955771681845111e-01
-4.007814068137075525e-01
-3.550331976592047134e-01
-4.247432561188121403e-01
-5.610577643970922068e-01
-5.008178609759523781e-01
-5.921991241391966199e-01
-3.244528995793066750e-01
-5.763346397302004931e-01
-5.841916200089852795e-01
-4.840135174870986434e-01
-5.736008337065672258e-01
-4.444678074498048526e-01
-5.502479505520417868e-01
-2.564051164747016553e-01
-4.051153196293860725e-01
-4.813261766440272149e-01
-5.515255294900641703e-01
-5.501965966994663004e-01
-2.876908270980273463e-01
-3.534883886873720904e-01
-2.771923804640269440e-01
-5.942163852618875808e-01
-3.622794516475456028e-01
-4.642906009092513386e-01
-4.122723318477387044e-01
-5.773187098855419030e-01
-5.903498655176107057e-01
-4.591120846328826666e-01
-5.455870113428075152e-01
-4.529762826549628696e-01
-5.135413750695544399e-01
-3.902326500480531313e-01
-3.955596199321173012e-01
-4.763930732112477973e-01
-3.616877133445108305e-01
-4.883824435880621539e-01
-3.241097901220353350e-01
-5.181296108916113585e-01
-4.224977352914001116e-01
-5.489689434336189056e-01
-4.275390498039187692e-01
-3.916717754812796271e-01
-5.113283586144569126e-01
-5.356313501858067649e-01
-3.484132767572550859e-01
-5.654219619452832690e-01
-4.107665999384486621e-01
-3.739143583491894018e-01
-5.304635410536165940e-01
-1.990209722835835915e-01
-3.661109324728106795e-01
-5.546809241007328861e-01
-4.908387899948421507e-01
-3.648274197691420140e-01
-4.089634204118811622e-01
-4.436692043007004482e-01
-2.735715568304701306e-01
-5.636900192780385233e-01
-3.788007937537288261e-01
-3.369438776975317018e-01
-3.968447905328690850e-01
-5.237295387366929234e-01
-6.025091767727357439e-01
-5.105631738089619898e-01
-2.892191607934029296e-01
-5.287964748130513648e-01
-1.991014568313618505e-01
-5.529014439520909541e-01
-5.565098883553298847e-01
-5.934882715478889681e-01
-2.949909216741428142e-01
-4.394194567035861754e-01
-3.659746677975559415e-01
-4.856695402663037120e-01
-5.720910704203192587e-01
-2.926671412454257548e-01
-4.498822522964668336e-01
-3.708402656688056798e-01
-5.901350802382583360e-01
-3.103464858975810703e-01
-2.852013180944538706e-01
-5.372535453155439233e-01
-3.158196636081254116e-01
-1.745759421627844643e-01
-3.644089074684033758e-01
-4.053309555225182992e-01
-4.337411293569896076e-01
-3.557110577586380940e-01
-5.392587637431782710e-01
-5.025602862058751175e-01
-4.695862723244136339e-01
-5.316444847534542717e-01
-4.216448447902829688e-01
-5.650430936967547613e-01
-5.634260924815132077e-01
-3.356384200401136830e-01
-5.198365470313355274e-01
-3.511681027115303166e-01
-1.598350132226775688e-01
-5.768651333189175334e-01
-5.946387223190422455e-01
-2.638963005500623016e-01
-2.613867688176801929e-01
-3.785932220609745658e-01
-5.610366519572235200e-01
-5.697448515395405755e-01
-5.118632350826182176e-01
-3.026638193077589301e-01
-5.962721847186451818e-01
-3.530167412953127970e-01
-5.323722350618252941e-01
-5.298238222008008202e-01
-5.640834621396284554e-01
-4.224751194899757367e-01
-5.755506370066783006e-01
-2.638613204012923985e-01
-3.333795247779455240e-01
-3.881314067737630102e-01
-5.479771473331898068e-01
-4.548173900204792730e-01
-4.201024417439909175e-01
-2.952838420505287109e-01
-5.786765469223968950e-01
-5.450034469884784682e-01
-3.175662692091418826e-01
-4.898535442698064846e-01
-4.394826632012893697e-01
-4.142555433546775134e-01
-3.692456462628535552e-01
-2.337024882811019610e-01
-5.654516460494020125e-01
-5.206763086298615839e-01
-5.512368363095511148e-01
-3.603311526532335662e-01
-5.156533094635511461e-01
-5.841208211413587703e-01
-1.729263253323578831e-01
-5.184758462296580328e-01
-5.149495360485233375e-01
-4.364813014954884718e-01
-2.459044131645612419e-01
-4.081813577639051838e-01
-5.191064552386187581e-01
-2.631090177056644719e-01
-2.385234255031651318e-01
-5.408231162429593120e-01
-2.456632347854095233e-01
-5.458687830924695561e-01
-5.381094755516210304e-01
-5.128588960272262298e-01
-5.403274524026758785e-01
-5.733597747094445474e-01
-2.802568710147597120e-01
-4.709674656071878296e-01
-4.062660212414415106e-01
-5.394800797203715970e-01
-2.512548366617110562e-01
-2.935942383028259939e-01
-3.549658565682124456e-01
-5.225844658470775173e-01
-3.871513852748789675e-01
-2.779149127656644902e-01
-3.758305605449763220e-01
-1.774946965919356745e-01
-3.643562952993277815e-01
-3.132228439499219474e-01
-5.708263524693834023e-01
-3.582073503467651521e-01
-5.512440490896459711e-01
-4.482733278272229560e-01
-5.995879444968329475e-01
-3.618805357753886454e-01
-2.175487047757305725e-01
-5.638259782830109534e-01
-4.139527250591082952e-01
-5.394411294597252216e-01
-5.527757575881367957e-01
-4.923666064605040082e-01
-3.857170895746560024e-01
-4.000633146824091879e-01
-4.618520433303696104e-01
-4.202011468289649221e-01
-3.308292410054856081e-01
-5.619706086754165941e-01
-3.354712756472339463e-01
-2.291182682839567608e-01
-2.770767418244759472e-01
-3.117201455303964530e-01
-5.746011550711095373e-01
-4.720824246210680863e-01
-3.326015173939783076e-01
-3.608675429565302295e-01
-5.096162472243306318e-01
-2.817617015301419059e-01
-3.511061337492051293e-01
-5.213983059396716246e-01
-3.985082442565877070e-01
-5.821400772535266777e-01
-4.589909387077057978e-01
-5.760726272327575392e-01
-4.925788173175524309e-01
-1.841589495347489835e-01
-3.290428438235742936e-01
-5.123620168949656328e-01
-2.304318387776699839e-01
-2.703328336422904377e-01
-5.377938337189178686e-01
-3.136885101288743316e-01
-4.528503057565165246e-01
-3.517848068649344073e-01
-2.709849372013844460e-01
-4.240590001379455076e-01
-3.372058896649179904e-01
-3.122018541415137460e-01
-5.665800750584321088e-01
-5.356252023584892052e-01
-4.094208342725472183e-01
-5.361559324180769082e-01
-2.906195939806971440e-01
-2.729037127719504130e-01
-2.602574718429904177e-01
-4.159867944014226104e-01
-5.488310097486679417e-01
-4.191170223199733869e-01
-4.504376477084020003e-01
-5.672139958847208785e-01
-5.677684576754736812e-01
-5.962652952147539098e-01
-5.772696716793026539e-01
-5.693261740729300691e-01
-5.099567276123191384e-01
-4.619600496453434291e-01
-5.655757009912953936e-01
-4.162492481343706974e-01
-4.475372393841679508e-01
-3.480819331207748446e-01
-2.984902740543097788e-01
