9.804211839398022654e-01
9.821001623021571314e-01
9.682997464100822071e-01
8.969150690936120718e-01
8.732118305195457619e-01
8.650997604732852952e-01
8.290798033573946180e-01
9.595309183268166953e-01
8.556605858767106776e-01
8.880533878881268217e-01
9.280869318031013115e-01
9.136092940791342709e-01
8.169948228071016727e-01
9.551938536756952036e-01
9.694210377491931929e-01
9.666718020558552338e-01
9.346865783343034639e-01
9.011116246967532106e-01
8.985906127199377869e-01
8.527163699334525671e-01
9.110181687641090154e-01
8.491275540046481218e-01
9.725030068724125343e-01
9.704950992514590480e-01
8.593706861251337870e-01
9.763643598040870897e-01
9.785433167707052737e-01
9.530772478617499655e-01
8.254698366364160433e-01
9.808052248223991798e-01
9.714325116577894326e-01
8.854284779851299136e-01
9.604303543787774400e-01
8.823598030028474426e-01
8.694998010120544851e-01
9.784210311661192261e-01
9.409299611493547877e-01
9.735110245543996399e-01
9.759599676137480362e-01
7.870214109964827065e-01
9.803110582112909421e-01
8.691384970091192708e-01
9.361289408317041705e-01
9.670584054745789970e-01
9.478335265488306849e-01
9.751876871019991011e-01
9.769039303023713261e-01
9.364005677004831885e-01
9.530232873871778976e-01
9.778800147582058511e-01
9.515507374691485332e-01
7.549207709374012865e-01
9.037106569975144055e-01
9.730432555178276655e-01
9.796440881616295115e-01
9.749381410069486442e-01
9.661774755126981695e-01
7.733190220797183656e-01
9.746335324791990384e-01
9.819074147499238236e-01
9.529505646239148087e-01
9.799217186428388349e-01
9.785611742510027522e-01
9.725604768205239337e-01
9.312784898988675231e-01
9.500234085304816167e-01
8.735124930983171332e-01
9.359168722022777054e-01
9.190500747101171264e-01
9.678042945427620669e-01
9.383068083516670210e-01
9.605059511126829985e-01
9.772431919761570551e-01
8.155281426480873730e-01
9.792203179283140990e-01
9.664904177820958786e-01
9.679013484932270650e-01
9.649561187456233702e-01
9.747120595624705341e-01
9.743093135076205114e-01
7.425251517137074764e-01
8.189180703766059111e-01
9.743434862699396071e-01
9.736558237954480166e-01
9.088229914685437283e-01
7.599971154031206488e-01
9.767321618110245129e-01
9.239601294529393716e-01
9.449065292675769001e-01
9.766757919306241487e-01
7.896969545409104896e-01
9.572438750299692156e-01
9.786530581585622945e-01
8.198492771722222239e-01
9.027503653134822947e-01
8.849484946843546584e-01
9.773002313086345261e-01
9.684631856551582096e-01
9.823435629295578231e-01
8.211241782560515512e-01
9.774666569812209271e-01
7.978460636941882012e-01
8.296221531660377124e-01
9.734634019257094595e-01
9.827231419239670362e-01
9.689970685721820409e-01
9.546036004784732576e-01
9.596723473557855488e-01
9.301966070083558247e-01
9.827359301466115360e-01
7.354494789306893487e-01
8.192032500107567783e-01
7.748872953483847414e-01
9.305114641586076374e-01
9.650154680180564881e-01
9.274035405607292670e-01
9.570292894781234905e-01
9.750887878652860774e-01
9.757725175076967794e-01
9.796518563830152182e-01
9.254452054916388892e-01
9.554235461201492363e-01
8.310306712015906871e-01
8.784866788246128433e-01
9.441127564644937742e-01
9.670686185915481348e-01
8.155338063685084737e-01
7.906870976688467056e-01
9.068580857326786759e-01
9.577322696924167600e-01
9.793260732252290213e-01
9.767063546881918912e-01
8.035003841555475868e-01
9.001887930825829276e-01
7.488474862485543504e-01
9.801709240233942300e-01
9.734142944382974116e-01
9.513773389221131804e-01
9.063668473538009085e-01
9.626405457204677552e-01
9.315463645090198419e-01
9.748695733697472221e-01
7.518826250671806211e-01
9.768870453743474513e-01
9.627771621198355501e-01
9.154282181750501568e-01
8.811437063849475448e-01
9.803579902067364182e-01
9.439441600025815227e-01
9.720123080458353826e-01
8.918462813577037185e-01
9.536437774811972190e-01
9.750179102340799098e-01
8.934935045766412287e-01
9.704510841605400451e-01
9.750438895765980440e-01
9.649272364503316268e-01
9.358848927496301595e-01
9.372520247537186044e-01
9.844392019958008166e-01
8.936270095301463989e-01
8.142932090262146039e-01
9.560965405950410112e-01
9.703647821976008059e-01
8.959752266190093017e-01
9.323288149836455041e-01
7.737471832579201347e-01
9.329953445927472444e-01
8.967890689538071669e-01
9.542464090240587726e-01
9.432726882060314955e-01
9.229419153110605123e-01
9.726368516709599232e-01
9.711109101550343681e-01
9.093160376719688909e-01
8.654853156480408760e-01
7.577820357661515516e-01
9.548680655943149187e-01
9.598776291006951844e-01
9.615095086939304814e-01
8.388146977696839812e-01
9.441581809071888376e-01
9.637722270011644943e-01
9.781697381995341223e-01
9.790127052305707123e-01
9.528010278540572919e-01
9.674759014797058576e-01
8.403176427628629153e-01
9.583540363186402455e-01
9.423635903453098095e-01
8.999349609172218045e-01
9.613034165017413368e-01
9.778017149531645913e-01
9.669879753984080839e-01
9.015872320248190519e-01
9.793042498805324403e-01
9.670556383844176596e-01
9.737745725184240309e-01
9.349345610098621639e-01
8.619061375257165425e-01
9.885816625458072604e-01
8.071757622646835717e-01
9.762431445915875639e-01
9.734330284265186872e-01
9.468095544505081840e-01
8.920174320654419287e-01
9.658846162424727932e-01
9.579503992878646290e-01
9.757016032655418947e-01
9.755335733877039672e-01
9.786083879663729501e-01
9.192193758376603352e-01
9.135443981649691292e-01
9.599826424594182228e-01
9.760770722752631912e-01
9.753516489657960697e-01
9.650944945804866837e-01
9.521181717010668288e-01
7.563618119567028231e-01
8.310568402724010095e-01
9.662960995359208827e-01
9.814966054756828484e-01
9.799232852757580048e-01
9.740156833159042682e-01
9.416056483591693782e-01
9.814538193695411250e-01
7.977369871201707152e-01
9.798099604876076008e-01
9.662035689037893338e-01
8.905503129462317702e-01
9.766848136702603878e-01
9.734011764963750313e-01
8.239946385333243306e-01
9.771590901583160349e-01
8.508459354072988035e-01
9.807808425920407913e-01
9.651561045998654498e-01
9.824338452854863846e-01
9.713226324086582375e-01
9.607989386981754532e-01
9.248558300112744712e-01
9.415046745613290247e-01
9.102058458703974342e-01
9.324552630995772695e-01
9.748512202884673794e-01
9.652877528545248387e-01
9.725173651468509428e-01
7.378632916041271139e-01
9.085957026855280283e-01
9.101920087816144367e-01
9.613065313443477367e-01
9.494498219514150295e-01
9.835695589357089652e-01
9.757238590413318535e-01
9.696143415491209616e-01
9.634462095744191767e-01
8.871797945600865543e-01
9.615540511038116467e-01
8.017262818692889592e-01
9.562497311722362170e-01
8.966394014082482711e-01
9.554235162797002356e-01
9.415968914495380648e-01
9.559364255850204550e-01
9.205398551347697689e-01
9.652788242245593509e-01
9.499367508624729783e-01
9.624807212648709420e-01
8.767580465737538908e-01
9.669707202811903546e-01
9.353153790068675644e-01
9.238833398992930546e-01
9.405220575873771693e-01
9.752100458587227294e-01
9.320263992737030101e-01
9.424525167745253507e-01
9.562107745676915460e-01
7.772585994524030539e-01
9.625493598429498698e-01
9.387232084056347237e-01
9.804884925693765352e-01
9.501698094469688272e-01
9.610907286599827959e-01
9.794106559696833525e-01
9.419984394959057816e-01
8.823081542455830650e-01
9.626088642605299395e-01
9.564866625993875271e-01
7.976168801247285334e-01
7.449544080143069014e-01
9.425422471473068331e-01
9.795410166616747016e-01
8.868591251447988100e-01
9.286174663778763438e-01
9.735323424691300076e-01
9.623419887588838817e-01
9.777121663134624718e-01
9.520865400440388093e-01
9.480529385012257393e-01
8.154715174308289072e-01
