8.802415130204614968e-01
5.687925287613251335e-01
6.070461219461975588e-01
5.718271407391286587e-01
7.189418782801679786e-01
6.382487219859694916e-01
6.770200049426140509e-01
5.360488591072255504e-01
6.381397288973722492e-01
8.769346084955862430e-01
8.115196432039755159e-01
6.191819280636358114e-01
7.749660814180583390e-01
6.886365652129506909e-01
6.354571890306039972e-01
6.140218454494832390e-01
5.455686499436668280e-01
5.962678805072444410e-01
5.876888786027683054e-01
6.502243594026437812e-01
6.050269421225694666e-01
8.496512807706004811e-01
8.277509877605130351e-01
8.798130679707276691e-01
6.090674657594841168e-01
8.798911484426161778e-01
6.043625561522341094e-01
8.781982837403586872e-01
6.919742017289054470e-01
5.479903305481133025e-01
6.006822673155622905e-01
7.820688298136232453e-01
8.573794594412686987e-01
8.892432841307148506e-01
7.994738929075057010e-01
9.066560856388468093e-01
5.995301052384942597e-01
8.686370950094521870e-01
5.436006073548561579e-01
8.956328082629465559e-01
5.481445606671416781e-01
7.340338170714433286e-01
6.462306643478316071e-01
5.618568742070036981e-01
6.011441179109032751e-01
7.653685416934120633e-01
5.699429088348610950e-01
6.243849704116242183e-01
7.872696953455715629e-01
5.371478488379637373e-01
7.331448621701052160e-01
8.803548175205375692e-01
8.677223261854104530e-01
9.259844295246377754e-01
5.817884243992876847e-01
8.649626591171084566e-01
5.389785850899156960e-01
8.327987249641330969e-01
8.964028701982788006e-01
6.086134444547419697e-01
8.400754458317336582e-01
5.607640991737861125e-01
5.602187431442007259e-01
8.854718287462570725e-01
6.359244221076080228e-01
7.472678843682689642e-01
7.708535317837372780e-01
5.797080821547211382e-01
6.276829427781011050e-01
7.696143898223943847e-01
8.679420863011980680e-01
7.594594083338288559e-01
6.200145363800277920e-01
8.135117001899256906e-01
5.499167228163767129e-01
9.025883669204752824e-01
4.988052167929414304e-01
5.870401318182913997e-01
5.910034282023202135e-01
5.431084370332043276e-01
5.491891485687083740e-01
5.198921460527876626e-01
5.730024745835609057e-01
5.572002825124530156e-01
5.734787165139805243e-01
7.952752723563322190e-01
9.008452316501108781e-01
7.698053819502248540e-01
5.530823218836645738e-01
5.306724839234367996e-01
9.053027062321965523e-01
6.827384804217230263e-01
5.855959065629412486e-01
5.682224445341731434e-01
7.622651222754520672e-01
8.809794350978956690e-01
6.633959254502193037e-01
8.559516177918676805e-01
5.618515214936345981e-01
9.219691357140380461e-01
5.165931417814907389e-01
7.041865898031676174e-01
6.756640674956657655e-01
5.798429532468890590e-01
5.950451757015607912e-01
6.218134878245842323e-01
8.898302013430909874e-01
5.649631752706480992e-01
5.962916161873230703e-01
8.949301008222165787e-01
5.862019026771836394e-01
6.471824398834035152e-01
7.931024028406501447e-01
9.076088124608070462e-01
6.471846085330741349e-01
8.134119391203817884e-01
6.381455279059189412e-01
6.727372140355654118e-01
9.016412748976010416e-01
6.614120014235060907e-01
8.907311481468633829e-01
5.709014714333181528e-01
6.790273638895818475e-01
8.450762897957113662e-01
8.952560542341653216e-01
6.456008056101742998e-01
5.665754775137975541e-01
5.982625571857593805e-01
5.543940215256140114e-01
5.111741337924988748e-01
6.003560587466453269e-01
5.917945710485933430e-01
7.961475143265892562e-01
6.075774064792269780e-01
5.871664736135939755e-01
8.890848580825201353e-01
6.017450344134718243e-01
7.434416206485783274e-01
4.994944781185285398e-01
9.242406359298215301e-01
5.412531763537514751e-01
9.160051810014507856e-01
5.384532754085437078e-01
8.528357122819401059e-01
5.995780013084576199e-01
8.364582319099289620e-01
6.178193996771115248e-01
7.860659775222160750e-01
5.577821761281145374e-01
7.964957675994122077e-01
8.036964768411335447e-01
6.006277392063851250e-01
6.322241821733146638e-01
5.748376783980265747e-01
9.091620398750919207e-01
8.906284760743434781e-01
5.806402321599748451e-01
6.016599016331503069e-01
8.159617958170219953e-01
5.866657595940504288e-01
5.334482263568299798e-01
8.510317909103295442e-01
5.281005323219525316e-01
5.999391125457322893e-01
5.974074937931452833e-01
5.916183096623054416e-01
8.867309527525828461e-01
8.821416280473461935e-01
6.239632725051340589e-01
5.876911738427377241e-01
8.088463173282277596e-01
6.133823153463575650e-01
5.889371937645760946e-01
6.249753407023179719e-01
7.374531367693070161e-01
5.860689419648594800e-01
5.537089764490030763e-01
8.873824449995229013e-01
5.637434205662092968e-01
5.401424894088578954e-01
5.505324161172182595e-01
5.318277952296722733e-01
6.110959918511232880e-01
6.182651673903627465e-01
5.424734295441356879e-01
5.610056061353024814e-01
7.651696391922120366e-01
8.854490199351889856e-01
5.666615819359963613e-01
8.513739073589634554e-01
6.125857361517067501e-01
5.515318454028306228e-01
6.431981826015229498e-01
5.940580360993479303e-01
4.948074497342346834e-01
5.662846038740693144e-01
6.826908661395392208e-01
8.369371076650988783e-01
6.173915106039449263e-01
7.519783655988503401e-01
7.610875836929233973e-01
7.740059698134830191e-01
8.152567340881271551e-01
6.008386767554465546e-01
8.981368108700760189e-01
8.502636533090921489e-01
6.244645382500257913e-01
8.167426330732392437e-01
5.276821985977356855e-01
5.770830301184559641e-01
8.114390122053056764e-01
6.447532608978070456e-01
9.127883625638195664e-01
8.067224469448875945e-01
4.783757068780770672e-01
5.691369921546962640e-01
5.552951595423224473e-01
8.812220840584772397e-01
8.409377681693799289e-01
7.669759269469469398e-01
8.441712667505213430e-01
5.609256846036377864e-01
5.432904659405271008e-01
9.266116704070457288e-01
5.514524927342872029e-01
6.716714949504607457e-01
8.629985948436547094e-01
6.174579375932321978e-01
6.345995471574575886e-01
8.243335872973742706e-01
6.974860667968674210e-01
5.466501159808420107e-01
5.433930998921595590e-01
5.349591451544735143e-01
5.682437089554794873e-01
8.640306597117998200e-01
5.703305571946115649e-01
5.389783477432508185e-01
8.849982862838940978e-01
6.009739412585540785e-01
6.627577067555205925e-01
5.077672414652438793e-01
8.823601189121614841e-01
5.314204210369692927e-01
5.732554026515219725e-01
6.005615457950188585e-01
5.267330396214169319e-01
9.010475717011956487e-01
5.633661408606392973e-01
5.690695881792784405e-01
6.834813723623829329e-01
8.859955479105519061e-01
5.425261867863419019e-01
6.910196691654209022e-01
5.695556701439239422e-01
5.527922470624793139e-01
6.251816455223806468e-01
8.355115910410325641e-01
8.102081956383690997e-01
8.363113644152613269e-01
4.966925126170745886e-01
8.273701178083445740e-01
5.619394954454643987e-01
5.585539285653617902e-01
8.471027565464023246e-01
8.158996377930228805e-01
8.674406080467178537e-01
7.350417816977833363e-01
5.215288160023188180e-01
5.914969484098546726e-01
5.726105339727773913e-01
5.817395620414193003e-01
7.582207763698221026e-01
8.661078424892199035e-01
8.578553766044241247e-01
7.710345011284263084e-01
5.706803317569764111e-01
5.526833093015863785e-01
5.741235512403981556e-01
6.839930350734551023e-01
5.531679021187835277e-01
5.969903439881086848e-01
8.658740541476830366e-01
7.285727770330272524e-01
6.635731646141926898e-01
6.140280048974503524e-01
6.771637170715535392e-01
7.569836332772532650e-01
8.536025769571897737e-01
7.230424836432269853e-01
5.554406487350017629e-01
6.245280304906334345e-01
8.196549428922025315e-01
8.950449424280443322e-01
7.820517475305747146e-01
8.617381627336507810e-01
9.048343010528971941e-01
8.629455541933271912e-01
9.066522733449844385e-01
9.055761014562836442e-01
