6.244676030991107574e-01
4.947119507651704384e-01
-2.095140920372234317e-01
-9.718642037069466499e-02
4.842625708354542646e-01
3.189285813596372532e-01
3.105638663431737334e-01
4.053020246625701484e-01
4.668900664235272058e-01
4.404589647265543251e-01
4.635586282661472435e-01
1.894401687790494559e-01
3.310108530435884044e-01
4.595210095424347441e-01
8.352209232762868030e-02
5.148155756724279719e-01
4.372058864834773018e-01
3.695127055723313458e-01
1.363669076508596811e-01
-1.040944684461630326e-01
4.834859383925112497e-01
5.159532727884101888e-01
3.729779510684716470e-01
5.252684457879561730e-01
3.045991914323783467e-01
4.472958878916687975e-01
5.089655709046720933e-01
3.675866045152236250e-01
5.126401540049281280e-01
3.315395789004672578e-01
3.324348797191001292e-01
3.129428015181795475e-01
4.249897697053990342e-01
5.229877451586187886e-01
3.219332235950043142e-01
-3.727065941099949598e-03
5.114484074056997454e-01
3.225077788579648885e-01
4.608801754133318718e-01
4.799574824623084046e-01
5.407772792342271373e-01
5.362088600283017037e-01
3.650600264233168080e-01
3.949579463528349321e-01
5.344623426762271645e-01
4.950937476210641730e-01
4.878846372231828710e-01
5.507508359310974155e-01
2.558083153475263494e-01
5.226207027536285965e-01
5.294413250707168395e-01
2.522040293415719336e-01
-4.331224191857920014e-02
-1.200525774534920431e-02
-3.086934458172027607e-02
-1.898444611711806729e-02
6.931795947260954716e-03
5.651943968721532402e-02
4.708560059567007960e-01
4.145155416044248864e-01
4.271554560756853358e-01
4.215067660286687667e-01
4.176885194198784457e-01
3.535732929591184348e-01
3.567265722504101566e-01
4.693936101837126174e-01
5.783287590019099422e-01
1.980322728133372401e-01
4.302670566435692345e-01
-1.565148697155929192e-01
-4.079361843992697356e-02
4.449227572525245589e-01
3.868057979456291373e-01
3.829060457674799967e-01
-1.862821645339618470e-02
3.832041928459689606e-01
5.381305916366704301e-01
4.286869993520234234e-01
5.320125976858668393e-01
4.120271728342782547e-01
3.946985654880663108e-01
3.567055709366387384e-01
1.397571299079273244e-01
2.163450105588670680e-01
7.947777623182919471e-02
3.777657278174938460e-01
1.553706290971521575e-01
1.347538778335735099e-01
-7.314162806328830535e-02
3.397099285006246472e-01
3.807358831225655105e-01
5.048970628453833820e-01
4.595425414809874987e-01
-3.227645694198050252e-01
3.286921867902338201e-01
3.695346005803111789e-01
1.811159212917173855e-01
4.339193819539521879e-01
1.666314237283117450e-01
1.850424878744263424e-01
4.535258570718910254e-01
4.166529388620247576e-01
5.589183684844699351e-02
2.709421505182979528e-01
4.413752267143052910e-01
4.244313965034292035e-01
2.525349285067098326e-01
2.196655027855053122e-01
4.094110197849896715e-01
5.407426691375034622e-01
5.870027152077710308e-01
4.506656395290027928e-01
4.655726225922406369e-01
5.342810173265178930e-01
3.316056896666151887e-01
5.500234869422199885e-02
5.598492924566951245e-01
1.677209325361163905e-01
8.490245098804198587e-02
2.498741007992325569e-01
2.634815186036014167e-01
-5.285499133636716029e-02
-1.731866605741927967e-01
-1.132318981605734409e-02
6.228217318913866762e-01
2.786030859733036880e-01
2.763952708898285704e-01
1.087209942215718039e-01
1.582552295836862910e-01
1.058393837773864560e-01
4.450371135935534683e-01
6.599447913469783100e-02
5.355186185314008140e-01
2.463192646003806996e-01
3.397017745955396295e-01
2.642300341428045485e-01
4.012622869181068364e-01
3.918390061558754134e-01
3.334406853530866299e-01
3.348774761122012555e-01
1.980520855645258871e-01
4.793636467701297699e-01
4.407609014979111395e-01
4.681956612339689405e-01
1.378685977237566473e-01
1.944802024306326038e-02
2.426359743329081081e-02
4.885171174316333409e-01
4.804004247488287138e-01
6.534982754717015563e-02
-2.127504197013110887e-02
-3.348376091050116188e-02
6.053845556059567201e-02
2.172109257288284967e-01
4.531074274600258578e-01
2.930669244820754971e-01
7.417964695022316590e-02
2.312198129924761258e-02
5.696768144352495344e-01
5.169425042509233625e-01
5.537672960255782817e-01
2.128051765716882510e-02
2.237013643647027816e-01
4.362893332389756740e-01
3.122324348296683788e-02
4.754757922890782140e-01
5.167328613188855169e-01
2.898860795121138700e-01
4.954300059533554568e-01
5.060143975751835166e-01
4.250005834067431820e-01
1.260570681503356272e-02
5.064124012708853817e-01
4.050375850352073703e-01
3.845856085012421821e-01
2.948570656362633491e-01
3.669101696332110474e-01
3.578720443776118865e-01
2.165750751564894105e-01
3.763455248034879297e-01
-1.697607546523214606e-01
4.993350425103251777e-01
4.096629802276969823e-01
5.143836749600091407e-01
3.235964102588868019e-01
1.071330364396174128e-01
5.006336200155112603e-01
2.647183562451989047e-01
1.173504391238649330e-01
7.876575088503560973e-02
3.655152372180436871e-01
3.748520980108839273e-01
3.147321568471559972e-01
4.757233060757525833e-01
3.861198156139685755e-01
2.743996486331565232e-02
4.991539239692029395e-01
3.908396952108702527e-01
4.302846892773508625e-01
-1.033248696110539849e-01
3.246809985754771088e-01
5.355215456995495726e-01
5.705104023858247331e-01
4.761122004222566595e-01
2.974720364878486456e-01
5.808365889232708357e-01
3.131165179133654775e-01
5.220369428236101284e-01
4.989392734584270350e-01
3.823641525709806643e-01
1.973596651285281500e-01
-1.007950948542757630e-01
4.828155047119887522e-01
9.392400181616332444e-02
4.271152235514563134e-01
4.704781882190572917e-01
3.141809672279235466e-01
2.770244429852604107e-01
5.303473236852461747e-01
1.685192695992581147e-01
2.016463049972013755e-01
4.220149395415014326e-01
4.953661561187147622e-01
4.576636282973399750e-01
4.258494463970391997e-01
5.149371094393799808e-01
2.857465919138658661e-01
4.543745968319663486e-01
4.558802224032594275e-01
4.561949832363557111e-01
2.994326245711633749e-01
3.641998916304983736e-03
5.364336356033627684e-01
2.423227493542923772e-01
3.757555433827391295e-02
1.794597150721736756e-01
-1.169011973280593003e-01
2.656101300197740156e-01
4.559618762113068491e-03
-8.929133507501918476e-02
1.057666406870287346e-01
1.319455599924180822e-01
4.600045893000477837e-01
2.007144417129827219e-01
4.634003605930651082e-01
3.497576197739928894e-01
2.217532220228422002e-01
4.426522195547769600e-01
4.993350367028282499e-01
4.890441985932555413e-01
2.256075047896838881e-01
4.411570637223337643e-01
-1.134875798412195019e-01
4.850861007559205129e-01
5.773335684446362359e-01
3.121980676726429649e-01
3.962370406054828709e-01
4.927899562723556670e-01
-1.877225276393389430e-01
1.526259786928310103e-01
4.976381283081274254e-01
3.257513965491648511e-03
3.818407634281862917e-01
2.477527725796195290e-01
3.790002054451676594e-01
3.547630625016238159e-01
3.449128708791535658e-01
5.641254682249426944e-01
4.845359854640548525e-01
4.650629437920406617e-01
4.730462295747208668e-01
-9.644513702137091915e-03
2.442873848256929825e-01
-2.429855875919638142e-01
1.382486519784169310e-02
3.004704484394495889e-01
8.532123604371126546e-02
4.946978389401962550e-01
3.275344337856288535e-01
4.139660709948628226e-01
1.846342720620804956e-01
5.297402491644204181e-01
3.593985618563638740e-01
2.094565731281746168e-01
5.597420892140838600e-01
3.797734621617002704e-01
4.150685578070489878e-01
3.171118293198490479e-01
7.148520907777901334e-02
2.136412913608667363e-01
4.677673891827140995e-01
3.139251984856953892e-01
5.307529690986255710e-01
4.386716022384557490e-01
4.549746276489802788e-01
5.166421459315465037e-03
3.689992504343747037e-01
3.611701221792085192e-01
1.804377192274035924e-01
4.352504293887933806e-01
