-3.311819410455508761e-01
-3.782820342946606740e-01
8.628867212428341649e-01
8.403807236049321006e-01
-3.221960718132919066e-01
-5.489732434897205415e-01
-5.267828544789046052e-01
9.584152493933619787e-01
-4.253772571285085458e-01
8.488630151330580631e-01
7.721232982818209134e-01
9.185268164385755885e-01
-4.584669963710825691e-01
-5.532037283864359445e-01
-5.696970035079098604e-01
9.618302421756916853e-01
-4.574477825432631262e-01
-4.665973602791831931e-01
-5.835667708982373858e-01
8.301185881125265897e-01
9.621407747647926501e-01
-5.830347551520325133e-01
9.522651118950493654e-01
-4.642218803766973156e-01
-4.959366318935447548e-01
-2.283820819816765879e-01
-4.586496768617444042e-01
8.677815327131661594e-01
-5.925213131180866455e-01
9.139758065431214940e-01
-1.310368127954527062e-01
-4.871796973246321216e-01
9.656014350120241119e-01
8.360131033115918431e-01
7.915830910563194101e-01
9.534889670796253824e-01
-5.144152814308705635e-01
7.009131447052644459e-01
4.248668407630416810e-02
-2.992935648106216928e-01
-3.492431783720991167e-01
-3.877586795225689276e-01
-1.606418791551608716e-01
8.152130752561188576e-01
9.364250415977783959e-01
-5.039874559221205752e-01
-4.255928585886540327e-01
-3.916169222622790658e-01
-4.685092355724260749e-01
-2.571873647563558962e-01
-5.855480102875838533e-01
-4.551054690920730561e-01
-4.230132795740496610e-01
9.513364351880193581e-01
9.489492326717623438e-01
9.650791023923137590e-01
8.779496386178469169e-01
-3.638392026810022828e-01
9.552857523566709030e-01
-4.472615110297442076e-01
-3.459432160249334975e-01
-4.525605315911013782e-01
9.362712508570620873e-01
-9.230651035861656140e-02
-4.903164463479141588e-01
8.093775145481980626e-01
9.585717677144598436e-01
-4.816957770614612722e-01
-4.173300745228871733e-01
9.627231661863051571e-01
9.448820283650178897e-01
-4.985789419010505652e-01
-5.861563671714240531e-01
-5.156142581048059892e-01
-4.536461268775388023e-01
9.600127011044333747e-01
-4.968019271475818677e-01
-5.885970022599920082e-01
9.309574966383590278e-01
-4.214646063220429673e-01
9.068611638607713132e-01
-5.428146997855469724e-01
-4.914699518897607811e-01
-4.807412940489970143e-01
8.784784204757456472e-01
-4.746651070655118487e-01
8.881468638328079424e-01
-4.520130199743216393e-01
8.596495300504312098e-01
8.473122836846100903e-01
-5.330097663395548802e-01
8.551610407205145759e-01
-1.300120232435903467e-01
8.529688536201556204e-01
9.257655489362726087e-01
9.506190624448482840e-01
9.277402533576291077e-01
7.301568914693918888e-01
-3.048454959515621843e-01
8.873370069141865990e-01
-5.524537563419948949e-01
-3.432868106900325289e-01
9.470919731674753983e-01
-6.055483018607871193e-01
-3.491659547769205285e-01
-5.281040824659462007e-01
9.593591921980335613e-01
-5.316314525420110515e-01
-5.366994803644539180e-01
-4.711992906079742749e-01
9.008454521790794089e-01
-2.894463787523389731e-01
9.973074636179801722e-04
7.127458645978527185e-01
-5.241168393647122059e-01
-2.922462178188146853e-02
-4.955478811268060335e-01
9.541070775534183923e-01
8.624925259838911451e-01
8.235993397242644676e-01
9.473527466530913266e-01
1.483656439629758572e-01
8.258256676981711175e-01
7.032547963244640821e-01
8.989520016321403961e-01
8.247314056550472117e-01
-4.341231925742935482e-01
-2.636270897476927222e-01
9.331408488128196677e-01
-5.447377909919729477e-01
6.614483247522219278e-01
-3.353525668703619123e-01
9.602292586970123667e-01
-4.278301766024241587e-02
7.148442537187680301e-01
-4.843960240299203246e-01
-2.453607162879967163e-01
8.856620795784206912e-01
-5.457331152163795718e-01
8.495332046049202113e-01
9.099231184823259877e-01
8.270966649402947679e-01
9.667586416262092808e-01
-4.826574007840666036e-01
9.599522719314368402e-01
9.589048646806533904e-01
7.518681768971764434e-01
7.710754328277507064e-01
-5.897959152551601747e-01
8.821615714520001372e-01
-5.770089075337631046e-01
9.597454369321979373e-01
7.490215928724328620e-01
8.527092443506967268e-01
9.584188613393136436e-01
9.037154184440019389e-01
8.170890356337366933e-01
-3.856992628345745633e-01
6.824447714187060754e-01
-5.622585133991451212e-01
8.727302829175143106e-01
7.617585249264408054e-01
-4.897437238119899949e-01
8.847317579962888923e-01
9.618483548506382430e-01
9.494751354787497322e-01
9.619355613543264516e-01
8.261476445072866159e-01
8.512517713769154337e-01
9.587056494043233457e-01
-4.903188459760825513e-01
-3.830163657046560255e-01
8.961786864853940049e-01
-3.838843166859603473e-01
8.824848953104807991e-01
-5.157599422760180685e-01
-4.956132243537182402e-01
9.186609657875814960e-01
-5.245197401889577504e-01
9.494516039440561439e-01
-4.647653260642402584e-01
-4.254475578824319371e-01
-3.284074375376052624e-01
-5.452785513651006166e-01
8.774071359832780193e-01
9.212255780773523917e-01
-4.480990572800763183e-01
-5.398041930841409597e-01
9.540492980028068004e-01
-3.589321689449734842e-01
-5.928565614479627266e-01
8.593974544245561731e-01
7.914646677990724299e-01
-5.379555853583743996e-01
8.240902371998650722e-01
6.537632072928316607e-01
9.113295791166329263e-01
-3.276816576098668388e-01
-5.079185609292586889e-01
9.522031678781779362e-01
9.554251600803741473e-01
9.148778474586014564e-01
-5.375393006533097928e-01
8.317825387599288023e-01
9.711828839044009953e-01
-5.796881899608836708e-01
9.686517832642460579e-01
-5.766167719625061583e-01
9.560282844672736147e-01
7.902032761782677994e-01
-1.498922962541550941e-01
-4.104673974989287433e-01
-5.187182341015881271e-01
-2.918420322291732094e-01
-4.710204712700351015e-01
9.706894028168120414e-01
-4.318318588236816358e-01
-3.571206070722304782e-01
-3.654954758043578167e-01
-4.492197067191433524e-01
8.883855152129320754e-01
-4.022326631268101083e-01
-3.605053513361990425e-01
-1.439058958692965295e-01
-5.102501484024904999e-01
9.575257659906518670e-01
-5.275770800082507650e-01
7.522942585698765283e-01
8.097499810650274910e-01
-4.989298858809360082e-01
-9.633761465793816425e-02
9.369766890075228449e-01
8.412047126148494147e-01
8.627360527444248861e-01
-5.705234938532958155e-01
8.258376706336302275e-01
9.183107349213330828e-01
-5.262430616823792207e-01
9.673778385085582965e-01
-4.547248240833037247e-01
-5.371008766449069105e-01
-4.600238689030378136e-01
8.445744048783753177e-01
9.528433526915774943e-01
9.476913087355264276e-01
8.116677812527401947e-01
-4.374454227410090601e-01
8.659382021233386073e-01
-5.000739255229087465e-01
7.932700747530494478e-01
8.482795618684029204e-01
-4.943317750038531688e-01
-4.781809669447416589e-01
-4.990592737375827426e-01
9.468651102520315721e-01
-5.047733690135993712e-01
-3.009258588415798519e-01
-4.682022751919872050e-01
8.076514354838244536e-01
-5.294322734941985242e-01
7.216754877436571958e-01
-3.197910369425414900e-02
-4.218934510138630523e-01
9.406103922857222965e-01
-5.546964547716843885e-01
9.612718414496377317e-01
-5.260772645522959756e-01
7.525430064770047833e-01
8.861971082726090021e-01
-2.385689867938126096e-01
-4.569792444420938127e-01
9.633956816792370592e-01
-1.669318672206615006e-01
9.505580238976271135e-01
-5.011260317259167429e-01
-5.658565499658065878e-01
9.574900324843995669e-01
-5.330106452914696868e-01
6.532804375775603800e-01
9.494096419397537456e-01
-5.209214895923612865e-01
-5.609651843309906294e-01
7.510251445779738688e-01
9.604451738431982744e-01
-3.419093116078825711e-01
-3.971614662570455145e-01
8.354073961417067817e-01
-4.700886447036785043e-01
-5.597682787046296404e-01
8.880461078081972603e-01
8.092327696358397882e-01
-1.036326094647263552e-01
9.442945844642617326e-01
9.054831078968452740e-01
9.303808697288007412e-01
-5.774299769738949761e-01
-4.359845109433556631e-01
-3.406514294972192713e-01
-5.184855666051282341e-01
