-1.734400901050247301e-01
-5.130933827955651561e-01
-9.590898617476954768e-02
-4.846654340681120221e-01
-1.437326335502956964e-01
-5.078383766307571490e-01
-5.746936227521382001e-01
-3.420954359789518118e-01
-5.933533513050546215e-01
-5.076401956044360730e-01
1.347543676000846347e-01
-2.306724292818492228e-01
-5.342238391078155679e-01
-5.855739565648221401e-01
-2.201830849635795784e-01
-1.130002653517959421e-01
-2.404166653695315181e-01
-5.642416340233231686e-01
-1.038535172340891849e-01
-1.944562503519233210e-01
-3.621838833788931095e-02
-5.756554643188430687e-01
5.828402846703143597e-02
-5.858593540782051079e-01
-6.006317523667075164e-01
-5.901879833744259063e-01
-5.529871551342926406e-01
2.341126292000005743e-02
-5.854463126412814411e-01
-5.273206110194800927e-02
-1.950273951429488672e-01
-4.927655110172290964e-01
-1.284799958749001658e-01
2.264714572505299173e-01
-4.255726306911073453e-01
-1.844414541935000540e-01
-3.095234402420045106e-01
-3.018541796518928733e-01
-5.537128374095077188e-01
-5.176393002105041941e-01
-4.690074521717242928e-01
-5.658661698548339558e-01
-5.454329663954773366e-01
-1.179357172001422871e-01
2.319213003543899032e-01
-4.741154524619555222e-01
-5.765331368346593433e-01
-3.880052084601036677e-01
-4.778012966047844312e-01
-4.032353734311547866e-01
-5.784261112147737194e-01
-5.769948548071283101e-01
-5.810564506619254610e-01
-2.167019911122191889e-01
-4.321133718674638469e-03
2.039388461475161521e-02
-1.393656110643382712e-02
-5.969095963090571555e-01
-1.450227877115516928e-01
-5.334338859205709493e-01
-5.989275870404650037e-01
-5.544758572136662123e-01
-2.833555190663415435e-01
-5.840709704375992573e-01
-5.976537200258454918e-01
-4.098418666024171708e-01
-4.427839247333875683e-01
-5.861329759174531695e-01
-5.679790722460377195e-01
1.770885508075415449e-01
-3.495411867936758232e-02
-5.537093552767363702e-01
-5.010410040073147719e-01
-4.376256312591618736e-01
-5.775720725549401413e-01
-3.423390594221255578e-01
-4.687096155881880222e-01
4.280217209860123773e-02
1.475701236696537189e-01
-3.800504840951579588e-01
5.577837353685168031e-02
-5.862754704313100085e-01
-4.112466541201084125e-01
-5.263532938589419174e-01
-1.343396739582217725e-01
-2.844354762639815792e-01
-1.622012310078676731e-02
-3.525783278445935864e-01
-8.472028746719446890e-02
-2.903457612806025212e-01
-6.062411662708486748e-01
-2.519558647854466260e-01
-4.947910872157088580e-01
-4.566821972941599861e-01
-9.315392343552462984e-02
-2.356920502741875756e-01
-1.310371678180766164e-01
-1.483455148393844070e-01
-2.600223511292820699e-01
-2.059178024540310181e-01
-4.837127435621923488e-01
-5.022624696983321035e-01
-4.479527765936756611e-01
-5.852101501149038487e-01
-3.590271258581338998e-01
-5.935659595701695546e-01
-2.614705241264889124e-01
-1.479842061861592062e-01
-3.869783225106265823e-01
-5.567411920962900274e-01
-5.269514550427303323e-01
-1.975740487511754573e-01
-4.368461134717975813e-01
-2.454183856679474918e-01
-5.450960760122460780e-01
-4.936474974604817545e-01
-5.730449312321965749e-01
-2.224897967885021699e-01
-3.060451465495057644e-01
-4.566335428995431100e-01
-9.073518442948086404e-02
-5.610712307173921776e-01
-3.839677870192563791e-01
-4.221906379770612450e-01
-1.817202958953142711e-01
1.546851588711451730e-01
-4.814562213781515831e-01
-5.703465730768946251e-01
4.194354038473691731e-02
-5.210410331680275231e-01
-3.541324775566321859e-01
-4.289437947857397404e-01
-1.025697061999217286e-04
-4.212294490913178757e-01
-8.861028965581922712e-02
-5.718827946216616942e-01
-5.883109073864745131e-01
9.956688047925815743e-02
-4.527965772476926776e-01
6.996300779769962230e-02
8.651998147548584095e-02
-4.175305216292893307e-01
-3.667800356890067448e-01
-6.049403504174357682e-01
-4.460979842604717582e-01
-3.100137702560572528e-01
1.800809259722720157e-01
1.046049803753497515e-01
-5.727424140720511758e-01
-4.405429396962968758e-01
-5.520620887524679832e-01
-3.250109919225836475e-01
8.217455541433366095e-02
8.640813923530474283e-02
-1.249616587072803625e-01
9.680533451341048756e-02
-3.639184614126919626e-02
-3.940581358136722168e-01
-4.950273190255204403e-01
-6.146248003467410514e-01
6.688060588400138173e-02
-2.587410491328031581e-01
-5.692554451012667993e-01
-3.425532527552059836e-01
-4.524979476671201484e-01
-5.687782652560618296e-02
-4.822325700102045865e-01
-3.035502441480437685e-01
-6.275153161476265673e-02
-3.894112534871117526e-01
-3.198402002544483702e-01
-5.518709460637825082e-01
-4.312301663721775369e-01
-4.174506352105332718e-01
-4.114009814733075032e-01
-4.752641543909010835e-01
-2.799175328199374896e-02
-3.615237422753975749e-01
-3.490427295610810110e-01
-2.985685197943094282e-01
-5.947230813421442441e-01
-3.486110397747239631e-01
-5.817134901811999992e-01
-6.031256427377886808e-01
1.680008834048853095e-02
-4.508490157930779008e-01
-5.401478951389135919e-01
-5.558799787167983952e-01
-1.279532807701547759e-01
-4.110769422420277874e-01
-2.412358721295014552e-01
3.925082342400395413e-02
-3.120279248931581151e-01
-4.592820682264091570e-01
3.004988518531618441e-02
-2.425833998330721719e-01
-1.587530723018082124e-01
-2.248085493789480083e-01
-3.361478929996262188e-01
-2.911264398250181795e-01
-1.929110592161455973e-01
-7.719671052611412621e-03
-5.579350783255574431e-01
-1.978094935448249658e-01
9.893507903896235633e-02
-3.956710757120368571e-01
-9.938990262292644873e-02
-1.458449014797369991e-01
-3.661597776700847851e-01
1.624874994751674684e-01
-3.560886527199468299e-01
-5.432809225187423818e-01
-4.451200503169256417e-01
-3.586050230780282733e-01
-4.399019689077448003e-01
-3.318297487788047784e-01
-2.481221268489393339e-01
-5.623954770997384722e-01
-5.880734550588238019e-01
-5.343342043987547862e-01
-3.958493014322111425e-01
-4.614766069476199384e-01
-4.218282534177107967e-01
-5.037513912801544480e-01
-5.302680518841105251e-01
-1.828723925886484025e-01
-5.003167753261934525e-01
-4.416096289894039240e-01
-4.499907141351427997e-01
-3.737659968908062513e-01
-1.285858812537855056e-01
-3.700864000887922889e-01
-2.824214370219665371e-01
-4.054193222461408563e-01
-4.760771781583255091e-01
-1.142545839343969138e-01
-4.016836537690480213e-01
-3.597448043623726610e-01
-4.388520709920931684e-01
-6.122322905540757976e-01
-5.788151522875144561e-01
-4.554014614170400210e-01
-2.299422903288570186e-01
-1.088673505355293863e-01
3.553655465304832173e-03
1.300500309060476090e-01
-5.618329172428282448e-01
-3.809838490657117549e-01
-5.427474078051256479e-01
1.301518519894518944e-01
-3.915080308880881654e-01
-5.725211223084963885e-01
-5.598857565334746100e-01
-4.850583753669647780e-01
-3.347949005482754314e-01
-6.063163125786938945e-01
-3.805006991564640062e-01
-3.232259529872584247e-01
-4.492318502869921404e-01
-2.816007493621063285e-01
-4.796790722083445480e-01
-4.361196358047548793e-01
-5.999072383112235007e-01
-9.889255174167715934e-02
-9.068568781719509031e-02
-4.008062334165199414e-01
-4.730348258096946923e-01
2.383078144109217755e-01
-4.365947856914301206e-01
-2.512243825561026878e-01
-5.150392938853457503e-01
-1.483879246092824067e-01
-3.674420259686703716e-01
-1.132011290008755333e-03
-5.868092248050713611e-01
-6.014168245198063811e-01
-4.581956399097211752e-01
-5.655168255528532084e-01
-1.327221190559034480e-02
-4.544517260731531505e-01
-5.704919640496993738e-01
-6.056330152485278617e-01
-3.104428931640939582e-01
-4.098509588269647064e-02
-5.135225134537094727e-01
-5.608744517098126492e-01
-1.972621971025434115e-02
-5.877221027104250206e-01
-2.639232686495928126e-01
-1.840567026275544693e-01
-1.656938844010444056e-01
-5.456239215258057440e-01
1.992645014026189487e-01
-3.419129145043562912e-01
-4.093703433463184438e-01
-6.086792031469693276e-01
-1.514318240869693133e-01
-1.485488004206714785e-01
-5.930890678929618964e-01
