2.120368949242423806e-01
2.481959007811392337e-01
4.152374688532226021e-01
1.640388410378261774e-01
1.423053388126723773e-01
2.038516561682479078e-01
2.991028928067677728e-01
7.792553180645903077e-02
-4.634046782594719582e-01
-4.100579522712185510e-01
9.614283680960822309e-02
-3.261482222972761913e-01
3.761704228539345385e-01
-4.272425851305544642e-01
1.458031549591787268e-01
-4.236208554849762442e-01
-4.097345713182045657e-01
1.874325949061582397e-01
2.298153474981625977e-01
-2.058926376090398913e-02
1.018608444770488369e-01
6.423651276382642827e-02
1.667839974572669914e-02
-9.105673463909627618e-02
-4.428931608816726873e-01
-3.931398775401140355e-01
1.365206059655801607e-01
2.217427439560401559e-01
-4.405069277756194501e-01
-4.079156379646832198e-01
3.244878317838656434e-01
1.859425926842522281e-01
-4.613162290430129486e-01
1.239393422412311679e-01
2.809544983185340850e-01
-4.039668968587107889e-01
-2.563600492317844592e-01
2.151201236054153254e-01
3.339305760671416046e-01
8.183658167094552682e-02
-1.362164638452105503e-01
-8.420805824474172918e-03
3.289192301028505405e-02
-4.591275669808906335e-01
-4.722317846149728382e-01
2.937049114696460572e-01
-3.462231031097041944e-02
-3.928081423340462064e-01
-4.216577821681659621e-01
2.505918459244427798e-01
-4.921622635598124074e-01
4.940752912712052802e-02
3.447668218012394509e-02
-2.415832558917210271e-01
-3.723142410769390565e-01
3.218640527291183884e-01
2.135036397340298597e-01
-1.222786795154141674e-02
3.173939462626952368e-01
-2.540557138532134607e-01
-3.530918224732616517e-01
-3.746831858830493855e-01
5.290515460887448285e-01
-3.564793897229904807e-01
-2.536816923727529260e-03
4.618199788731942590e-01
1.940815004503861907e-01
5.333188178309395538e-02
3.906512779645527345e-01
6.364552764159106535e-02
-1.015729869935664970e-01
-4.938397043762506877e-01
8.772775074187977307e-02
-4.212802448917308817e-01
4.334892956510500994e-01
-3.989822866069442364e-01
-3.922765186478327504e-02
-3.955542400438403217e-01
2.917188711651707012e-01
1.328061087100242121e-01
5.100226291185372407e-02
-4.418630310640248027e-01
2.073141623269218747e-01
1.579208013324266136e-01
-3.263224986581977904e-03
-3.748903711378965831e-01
-3.857480037415285112e-01
2.279960377086421297e-01
3.502077314296348498e-01
1.023591861370658357e-01
4.970542614717015500e-02
3.006979433693330317e-01
-1.500366861320918677e-01
-6.701019220130254028e-02
1.348312104245671661e-01
-4.111407099721723357e-01
-4.983375532620346604e-01
1.738137674570991442e-02
-2.614044040550109194e-01
8.985735190625467050e-02
2.448644710397752944e-02
4.529796628728325891e-01
-2.542860431398836774e-01
1.929331947058748886e-01
2.037448887713816659e-01
3.364384042313555701e-01
3.223318247360331124e-01
7.600029024552512613e-02
5.161277209818929124e-02
9.607420616612646902e-02
3.178006094259196446e-01
4.293987518835561817e-02
-3.892583467017777243e-01
4.529742852536174369e-01
-1.886760484438645968e-01
1.039020584974226641e-01
1.157090589202852543e-01
1.719849890165840375e-02
-6.794647735891626295e-04
-3.204862621832101910e-01
5.511678662951079166e-02
2.319754420050460786e-01
1.522063901207647285e-01
-4.303160018246513507e-01
2.839422508182689042e-01
-4.474251314850638539e-01
-4.098627316119337616e-01
1.465524010348791262e-01
-3.146079570147821136e-01
1.032724375510733067e-01
-1.122493381382914102e-01
-1.304254779859462809e-01
2.283020484765642122e-01
2.329890339636419838e-01
1.543623689619053607e-01
8.825539969935093654e-02
2.416448814320378558e-01
-3.918313865970400878e-01
-4.044069803077028347e-01
3.197147047873665632e-02
3.754431332492475515e-01
1.616401608732816464e-01
2.285608665493162328e-01
1.864978066117445044e-01
1.086957428953832794e-01
-3.751534893719428720e-01
3.760580667863251958e-01
1.884439713818862050e-01
2.611704580684994781e-01
3.422723249310092863e-01
-4.320799596119946906e-01
2.023145363818189546e-01
-3.837932824865390447e-01
3.290239912427007918e-02
-4.317212606791727136e-01
1.337808765050314819e-01
-4.666546714531139006e-01
1.560284058596670131e-01
-4.227576269048129443e-01
-4.846410745282512811e-01
1.838458959264657466e-01
2.010060520459634459e-01
-4.127567720882084901e-01
-2.600777587351654208e-01
-3.959000408819384198e-01
2.356711514588528400e-01
-3.798588310562047710e-01
-5.430302822255018286e-02
-4.600256411405142520e-01
-4.273865263792674951e-01
-4.578582415072408179e-02
2.425372703876364777e-01
1.954788416161585274e-01
-4.527135644807651071e-01
2.295907513899686780e-01
3.607422297191806848e-01
1.127409883885021613e-01
2.451198924211296371e-01
-3.045987633940621109e-01
3.292942568232741507e-02
-3.038294573255525544e-01
8.905967376105852762e-02
8.877052877973067024e-02
2.552849824215569496e-01
2.122981004673879235e-01
5.221149186053319902e-01
4.133256977589316317e-01
1.224574303799464969e-01
1.003588696928416901e-01
1.170022659370088258e-01
-4.680884204994716358e-01
2.800939580073626978e-01
6.731268112136992721e-02
1.313463111031232811e-01
-4.093922764912385492e-01
6.379680101765003095e-03
1.262321141345102427e-01
-3.687044480643638100e-01
-3.983751956519567261e-01
1.567343886810645404e-01
2.666620199668258140e-01
-3.785695101966836673e-01
3.529922992830030748e-01
-6.002155807735249510e-02
-4.225448694726814391e-01
-4.155804198386361392e-01
-2.398081714121514940e-01
1.899134378345842533e-01
-3.958474405756496894e-01
2.191471404585858540e-01
-3.107444490445115948e-01
1.404077893217997863e-01
1.433885086445015056e-01
-4.253190575837454412e-01
1.845056962894016939e-01
-1.340208719352416200e-02
1.428210470410085364e-01
-2.480907185391944825e-01
2.900120502071323880e-01
7.245622482713909296e-02
1.601992126038167819e-01
-4.052964343999170826e-01
-4.028137774099245783e-01
-3.932061012921925780e-01
-1.356616981058270666e-01
-3.462045751194284260e-01
-3.941950406388134431e-01
1.956554942715334200e-01
9.132658723436640202e-02
2.627645528860521051e-01
2.201431746419650060e-01
1.066531964811790745e-01
-1.945596251515611108e-01
-3.636558892286415740e-02
1.147880084636586223e-01
-1.688442589538398098e-01
3.201381665134352961e-01
-4.119513096154520104e-01
-4.503488332244269809e-01
-3.811885118644325887e-01
-4.480582204168491733e-01
-4.032475112892528468e-01
3.176315628358187398e-02
-3.223448786081991035e-01
4.735590550461398762e-01
-3.856266513447988431e-01
-8.223207265179945102e-02
-4.752499913393020137e-01
3.530274524568984829e-01
1.794355872488093695e-01
-4.737256578810300489e-01
3.224677448587376927e-01
1.884049427939820109e-01
1.082238874954606495e-01
-4.007022480009644338e-01
-3.547685257302720663e-01
-2.477887896771372167e-01
4.533145614286260977e-02
-1.387274128930964245e-01
1.879021334855558722e-01
3.220426036136592174e-03
1.530773770622315955e-01
1.163173144689233635e-01
-4.087405151531246505e-01
1.644937803963374967e-01
-4.338212380665569246e-01
-4.341357274697033031e-01
1.640304611883482699e-01
-3.845388250477368985e-01
2.023434010296202290e-01
1.555766318920513702e-01
2.185882929033854949e-01
5.189824753458574524e-02
3.530828733537000885e-01
5.927950547563988482e-02
4.063478527018397624e-01
1.686324061276342490e-01
-2.518984756202259367e-01
-3.374297927084275450e-01
-1.373768865561380281e-01
9.795552529826064003e-02
-4.002150306814609704e-01
2.379554282166903290e-01
5.413726814607438403e-02
2.348986042817025055e-01
2.145062708598359791e-01
2.905044251334039096e-01
1.067277299061168278e-01
3.182620446238267342e-01
-3.729656705044802067e-01
-1.956267924396310753e-01
-8.228543637741758676e-02
-4.050642486047835722e-01
-8.934499830269101994e-03
-3.383738237328439702e-01
1.734790860057350004e-01
9.844565798759993824e-02
-8.536222855519588759e-02
-4.679476901888200979e-01
-1.673779438417081489e-01
