-4.458392582873518251e-01
5.190715146242741440e-02
-4.794253832313800645e-01
-1.689684199053296809e-01
-5.775166318135798171e-01
-1.713191373325348710e-01
1.773269821686525582e-01
-4.527407056939442009e-01
-4.468738464394448884e-01
-3.893830380186251161e-01
-4.548895581641858588e-01
-5.009549891809249589e-01
-4.328883671061694027e-01
-2.782875691258178130e-01
-4.851554744059503599e-01
-3.436622480631507659e-01
-9.937777937379668747e-03
1.594108751757761788e-01
-3.072649869818591672e-01
-4.834264159192913080e-01
-1.165735429689726821e-01
-5.532698999455084449e-02
-1.906520865881125570e-01
6.438601337814123249e-02
-5.386612493636232513e-01
-4.308881093876290591e-01
-3.281843090259968232e-01
-4.402310931491602020e-01
-5.127120060943390900e-01
-5.137008386107878577e-01
-2.614507949228285777e-01
-7.704723316194236893e-02
-4.575207550350591790e-01
-4.918712799261220625e-01
-5.033856943951535712e-01
-2.323426091545945926e-01
-3.635833785755089309e-01
-8.621833959118589685e-02
7.490563287209511811e-03
-2.898260194310949833e-01
-2.818419385465861793e-02
-3.474878657866027898e-01
-4.136498477207608548e-01
-2.093363366929508473e-02
1.824023398035549970e-02
1.039688160017872426e-01
-3.387936386027428637e-01
-1.087416844488242329e-01
-2.966183667327951801e-01
-4.365955698109444394e-01
-3.364934806187761529e-01
-2.621065179175035009e-01
-4.768016786898220949e-01
6.557919849411972257e-02
-4.277517167111697383e-01
-3.939046431139018867e-01
3.747677570255225632e-02
2.213605656156696910e-01
-3.589587422451838705e-01
-4.900428422771940240e-01
1.639859738675003564e-03
-2.466473814439410495e-01
-1.244404784566737199e-01
-1.876792664491290785e-01
-3.645904708431657593e-01
-4.346767330642312688e-01
-4.555439455929651826e-01
-1.522936730833939212e-01
-3.314808879812381481e-01
-8.864918676101653239e-02
-2.735115641235580722e-02
-3.953571943027488489e-01
-6.078184105223261718e-02
-8.861880506113449518e-02
-5.110715024098377857e-01
-4.572363512558108578e-02
-4.197828486092848865e-01
-4.605484090905958006e-01
-5.135740492595713969e-01
-5.695278255357396624e-01
-6.416446748019739854e-02
-2.140423203759640736e-01
-3.235906532759281751e-01
-4.002117131706224851e-01
-4.469777492804048735e-02
-3.213959083628010749e-01
-4.621757512631047282e-01
-4.938797687738007980e-01
-2.203685750422026968e-02
-4.924992197067840083e-01
4.591825836415867890e-03
-4.718805660193026164e-01
-1.343520392127856011e-01
-4.981256807237017248e-01
-4.832171591914997677e-01
-5.179467591154086614e-01
6.465609765432187017e-02
-2.589297653092021978e-01
-5.244097829073754991e-01
-3.776879583477497082e-01
-4.506515335224462460e-01
1.374641512237793073e-01
-5.693246483485557841e-01
-3.417445056981343043e-01
-4.987990225530604393e-02
7.649003183585306731e-02
-4.734479608594379663e-01
-2.047243344677654731e-01
-3.217671767277785477e-01
-3.768391172902520458e-01
-4.675983110362241790e-01
-2.665656143937295552e-01
-4.665180171515279639e-01
-4.852095842015913818e-01
9.105118063364819880e-02
-2.881398776427278041e-01
-1.969327218810069391e-01
-3.544235318212610730e-01
4.459439087842984040e-02
-4.918260641164400870e-01
1.522398566454616908e-01
-4.399879160777233622e-01
1.071730445187083491e-01
-2.953282708485792663e-01
-6.747338529371081639e-02
-3.818424188246857254e-01
-4.327800641475643140e-01
-4.824481349939498953e-01
-3.473834881740081593e-01
-1.109176731922937031e-01
-5.393232249143061763e-01
-5.565186555236216470e-02
-1.016454409232668693e-01
-2.479471036214415114e-01
-1.428213989215018631e-02
-2.793759107325498592e-01
-4.847551835761380601e-01
-2.035084816783508110e-01
-3.804817402119459180e-01
1.658478874612985265e-01
-3.852528192865742884e-01
-2.880022405230721061e-01
-4.980176157950940152e-01
-4.005940412533799677e-02
-4.204830269665054132e-01
1.089040962289315878e-01
-4.788339133016129567e-01
-2.039294958288194182e-01
-1.608729761402913350e-01
-3.894901643487724829e-01
-1.359379292670797046e-01
-4.929019904277830988e-01
-2.404353432956729819e-01
-4.426908264212144895e-01
-3.193490235252505749e-01
-2.757100170931676697e-01
-1.620264135145105949e-02
-4.279716161127958829e-01
-4.937771201585147707e-01
-5.372859104422504917e-01
-4.794674128415228609e-02
3.079218442422416713e-01
-4.696366869001512567e-01
7.911874421283195125e-02
-3.372150863594510772e-01
-4.645530386825360014e-01
2.113066766513830019e-01
-5.400326545217105645e-01
-4.554429135186675581e-01
6.419089469136701753e-02
-4.534878819868614630e-01
-4.299927170863246384e-01
-1.307946993791977153e-01
-3.035198789466097002e-01
-2.683449864204595636e-01
-5.105977054414755356e-01
-2.466975065275159862e-01
-3.285182777121716802e-01
-3.689297263952803219e-01
-2.512480316869309949e-01
-4.040613686119885473e-01
-3.268972886145478651e-01
-3.324928880435595313e-01
-4.419405701689211874e-01
-4.263925985896686033e-01
3.458994761617875668e-02
-4.205398629088458184e-01
-1.131680898294894488e-01
-1.527716683598344116e-01
-2.804988470963744041e-01
-5.213278913421257599e-01
-2.497260699786490734e-01
7.281710447993949842e-02
-4.123044029517252684e-01
-3.279609893929659181e-01
-4.383031961360538409e-01
-4.970911478098362646e-01
-4.924796229921492574e-01
-4.496626073840087612e-02
-5.178695374414671315e-01
-4.835167775148382918e-01
-4.861954134903369029e-01
-4.534135866602631015e-01
-4.212707136276668263e-01
-3.224274932673123484e-01
6.015698011014958269e-02
-2.401703705700484193e-01
-3.695588721529314835e-01
-3.542694083823653139e-01
-4.112546393980208714e-01
9.597007026525572471e-02
-4.699216329302915995e-01
-4.355924753799483851e-01
-4.965959666954904983e-01
-2.671729758468656124e-01
-4.750928785404520682e-01
-2.298878531208836673e-01
-4.862899206976650790e-01
-6.951813308624504861e-02
1.500006681041898549e-01
-3.266517599741019517e-01
-8.299466628550253300e-02
-4.895776217562247123e-01
-3.753763962098423113e-01
-2.452019282975206188e-02
-7.881014287504314875e-02
-4.578826844374119798e-01
-2.149844532847320355e-01
-4.423884604310004409e-01
-4.426551513771120883e-01
-5.115927379701883382e-01
-4.519615931230497319e-01
-4.814117389278441128e-01
-4.633016577501519184e-01
-4.665594533092775054e-01
-1.725955879138701687e-01
-2.365657264328088760e-01
-7.578728087819738835e-02
-3.358281951793095077e-01
-2.237255749298823204e-01
-3.010733007742548706e-01
-6.529332278974649129e-02
-4.644988248608487025e-01
-4.453910348589781854e-01
-4.083510735664980240e-01
-4.964220942534849357e-01
-3.329359459137194444e-01
-4.642019407957928001e-01
-2.796800530720381373e-01
-1.310431147466372542e-02
-1.533929513154015933e-01
-1.285405945699100994e-01
-3.347559581931158768e-01
-4.920040883300635937e-01
-4.753026550978718401e-01
-3.252049374967303508e-01
2.157348183901799943e-03
-1.094241382715289701e-01
-4.091803447496036861e-01
-3.055629519994129684e-01
-4.751092998003945689e-01
-3.170000850661167102e-02
-2.216258651748923003e-01
-3.563198546305469394e-01
-3.295784523232458407e-01
-9.804034541158285210e-02
-3.030677584182227546e-01
-5.209315565922399971e-01
-1.765155622538450708e-01
-2.492991116189606782e-01
9.465960853779892270e-02
-4.763734654287042902e-01
-3.740178817363238872e-01
-4.044379687387789080e-02
-1.123378462803634736e-01
-3.468766598234719889e-01
-3.332844597024104960e-01
-3.751045148241844429e-01
-2.456649314883708746e-01
-4.460019916083418634e-01
-5.038063048590555315e-01
-3.974349827746223585e-01
-4.927321223587285415e-01
-4.316293078867334265e-01
-3.139403617071690467e-01
-4.410688929184041762e-01
-4.958269692069908752e-01
-4.861798125124855985e-01
-4.007311819982770640e-01
-4.799095979670779943e-01
7.448243615188265832e-02
1.412778951123034588e-01
-5.008233222159113041e-01
-5.166935128211376238e-01
-4.262145236937184833e-01
8.169696559896981458e-02
6.422428134009652845e-02
-4.936652980515433553e-01
-3.999055882038983767e-01
