6.053759743312004948e-01
7.766343136312821027e-01
8.303912269976503335e-01
9.418666954793308843e-01
6.861993944191269179e-01
6.790100251725492697e-01
9.406658307373053640e-01
8.290559502684103910e-01
7.207831082966585923e-01
6.409165181984564086e-01
9.401084157552141995e-01
5.459206466829478188e-01
7.675339886473711015e-01
7.208804255259838589e-01
9.459070126184488947e-01
6.922263184077273035e-01
9.376721889248100794e-01
6.170807477945119413e-01
8.825563546222580102e-01
9.385068028866618839e-01
8.870291922958791764e-01
9.480903812607719416e-01
9.396223427003698170e-01
6.895258891802913404e-01
6.960840843567572822e-01
7.261151109083172628e-01
7.046427330243735243e-01
6.392543068505036619e-01
6.395506415398704014e-01
9.446684585293421144e-01
9.539455606171092228e-01
5.819236548057580283e-01
9.424792467902323168e-01
6.964170939361629120e-01
9.497995807893928610e-01
7.737990499779872078e-01
7.692280353039875340e-01
7.657412461859882669e-01
6.505965329203842185e-01
7.458663147683719519e-01
6.157354081596888573e-01
9.346439124075818228e-01
6.274984156876176611e-01
9.358518738619138189e-01
5.776863274679888693e-01
7.154200920364603977e-01
9.358889779780441565e-01
7.474183279080139908e-01
9.243314307354107973e-01
9.378651272852481791e-01
9.444237711111722611e-01
7.168120105022522948e-01
5.495800122462736192e-01
5.719062637390426307e-01
9.543670356709240687e-01
8.990114956113038902e-01
5.112619351670213419e-01
6.167237724139351673e-01
5.948962729531770410e-01
6.467494582480227683e-01
9.486540722625296240e-01
6.580102172210409162e-01
7.695065189527559024e-01
5.277622795460844562e-01
6.457169763806348550e-01
9.459120004855610109e-01
9.441981303783306689e-01
9.590062189738730591e-01
9.320879895359109879e-01
9.438472538769447917e-01
8.842605716793177084e-01
5.940746471343808510e-01
7.028609585953893291e-01
9.330232180463192693e-01
6.468645859253783215e-01
9.370807592598786595e-01
6.199271899154361609e-01
6.564392441089128560e-01
9.417513287339290828e-01
6.258097787342169482e-01
8.613898922146216997e-01
7.203844192701638338e-01
8.892786077469330142e-01
6.173811021567346957e-01
7.635497912030743128e-01
5.809172876686796716e-01
5.599516093885368306e-01
8.465743590795404838e-01
6.674691345276942966e-01
6.634081342095307088e-01
7.620450363157955653e-01
5.811659609032454599e-01
9.233404257791433256e-01
7.470122505396279422e-01
8.811071763715572214e-01
9.406890565047462127e-01
6.769291400726804575e-01
9.347884698533388548e-01
6.308965789478122588e-01
6.248953982454997780e-01
6.918589171602147481e-01
8.533371774898383944e-01
6.480468567213641951e-01
5.758707404571706823e-01
7.642527950104194279e-01
9.297490882099954668e-01
6.627613164070690344e-01
9.442882390207195664e-01
9.385352906128240358e-01
6.441633760409036791e-01
9.394750987011586396e-01
9.340321221891333403e-01
7.665545491605317840e-01
7.219189270633286082e-01
9.304284513441536397e-01
8.997615264940441726e-01
9.438762608046393776e-01
9.178944781504028150e-01
7.246381582117191744e-01
9.051723674541780618e-01
8.814417391146687208e-01
6.543601422231173359e-01
6.734972905170601987e-01
7.034964429073876646e-01
6.625840137803692409e-01
8.440327761335779666e-01
9.455084701824141291e-01
9.031598638474599428e-01
7.127256036411954154e-01
8.624944092372910376e-01
9.486296838950996069e-01
9.290655197548475241e-01
7.104456969478429862e-01
6.319268375191757769e-01
6.229457853252273747e-01
7.123703102118955632e-01
6.500478168993312211e-01
5.987735335758006538e-01
6.422540993504138873e-01
8.115804193957409929e-01
8.130465464694723865e-01
9.308424557918933973e-01
5.252693644809669493e-01
9.489996786916550242e-01
9.417804190574330381e-01
9.190128350104187493e-01
7.376567133313614022e-01
7.763172731615951561e-01
8.934270399295503040e-01
9.450925286425440053e-01
6.142406692476457541e-01
7.840643751015894392e-01
7.031194299784930823e-01
8.134084668094483384e-01
9.254194245846211198e-01
6.502254225972891044e-01
6.701729497824795434e-01
6.572531889083688128e-01
6.804711361332757003e-01
4.682068243961399201e-01
5.939846485367461515e-01
9.594173985617124867e-01
7.400332716318611670e-01
9.468618641244812562e-01
9.090126998504043376e-01
6.610278522875363549e-01
7.032859138832259216e-01
5.659446587274172824e-01
9.436877329301726069e-01
5.603726879642203507e-01
8.701813123939075023e-01
6.402869632342267359e-01
5.509910427619352236e-01
6.817539938568024649e-01
7.603434207429172753e-01
6.307115044019898642e-01
6.863619372698290810e-01
6.392491707250254063e-01
9.465950906339397619e-01
5.266647286594091648e-01
9.405346020291028841e-01
6.582299703372804789e-01
9.393497794706000548e-01
5.599448233557612342e-01
5.734345875153229466e-01
6.455577412542914395e-01
7.073154020114892360e-01
7.424834292503194044e-01
8.572523090929098366e-01
5.159735527683392275e-01
8.671948851282436088e-01
9.419093732017813636e-01
9.473773287940072674e-01
9.230342006182997716e-01
9.716686876858791067e-01
8.684400943182835064e-01
8.412059822125645958e-01
6.909894504246729685e-01
9.394440119083682372e-01
6.501278973540177697e-01
6.089809103753619501e-01
9.408362283831884776e-01
6.268782417350184932e-01
9.409576180361302056e-01
9.396954364199144871e-01
5.976782341741642135e-01
5.656652404934738865e-01
5.525104606029320742e-01
7.147167945071923878e-01
5.554093860844392383e-01
6.797996152344032428e-01
5.978701789355237439e-01
8.535740404872741438e-01
5.789437809224132758e-01
9.219505697121416210e-01
9.249011931830644073e-01
6.120620548131208150e-01
5.081205260607096763e-01
8.935867288225722849e-01
9.473781880375924391e-01
9.560087592471602225e-01
9.281032158070288141e-01
9.401556720632285868e-01
9.391446328949748512e-01
9.445100431959857490e-01
7.803167791771572492e-01
7.990032784479091932e-01
7.446173109559404146e-01
6.507261829507260398e-01
6.574578466343788952e-01
9.304694668310276029e-01
7.248028548687301953e-01
6.638060260192655271e-01
6.874798587538822892e-01
9.318926960333121512e-01
8.173095260953754382e-01
7.158134830037062857e-01
9.322664444516037818e-01
6.288424445673178598e-01
7.045425276087335931e-01
6.736324240802884500e-01
6.390629781370488205e-01
8.095998865326996530e-01
6.709135671987538352e-01
9.460702100862088404e-01
9.450565173828542331e-01
9.222665562464592570e-01
8.347519108664568366e-01
6.643574660709445912e-01
8.770870411271078915e-01
7.057141145798275783e-01
9.261734256538169952e-01
5.232313780710281526e-01
6.719459429450795884e-01
8.335267180578720403e-01
6.919678593772163877e-01
8.665232584799404947e-01
9.427264328161850671e-01
6.368603644095681693e-01
9.572606331983506411e-01
6.620436794468383956e-01
9.385080224767421431e-01
5.829057898897413992e-01
6.458756725264298559e-01
7.717325717663469087e-01
6.061621741116313133e-01
7.013100471115979451e-01
9.485531799379728346e-01
8.263617520952029061e-01
9.465431829829358268e-01
6.827901895802026555e-01
9.491278911679178476e-01
8.841524933952903398e-01
6.642606208271960577e-01
6.350802238797761401e-01
6.384737190833047471e-01
9.028406980618010058e-01
6.343561911280138910e-01
6.137685609539658138e-01
9.480825939336114949e-01
8.961459528223886251e-01
9.397602893059752160e-01
9.343851293859793961e-01
6.687254562607776176e-01
9.149745756392533291e-01
7.240608072875286405e-01
9.193926369910210283e-01
9.304798686060447022e-01
5.520945124769373047e-01
9.521735841837939418e-01
6.674061322520900008e-01
6.268257169956157338e-01
7.970871376405572750e-01
5.619621661817638669e-01
6.970609664477764866e-01
6.376872666844857207e-01
9.079676685276434345e-01
6.422928331140166369e-01
5.386287868793053768e-01
6.888012671291418032e-01
