7.879546994845767482e-01
7.099880227582925363e-01
9.090255991191489304e-01
9.487332145968152552e-01
6.304042011647063015e-01
6.367680648741981253e-01
9.815393981562299253e-01
7.476415896827152130e-01
9.364847565854412803e-01
9.062418721878752192e-01
8.853733527459665131e-01
9.401092176547549695e-01
9.388329508079120700e-01
6.339959183205987614e-01
9.374954780701794110e-01
8.385136072219429026e-01
8.164030909056729790e-01
9.651278227190327463e-01
7.090836004107765600e-01
7.531868196197943899e-01
7.700430379312434015e-01
9.648131796144228112e-01
9.390282790352515452e-01
7.198968947998349854e-01
9.481944900022926115e-01
7.161736050061313641e-01
8.214262729227197468e-01
7.685928362940239733e-01
9.413289928091901348e-01
9.203426179435385546e-01
6.967904833014273436e-01
8.924053668074167778e-01
7.042318093868322748e-01
6.763440692565561019e-01
7.902697983152834338e-01
8.097858286286175877e-01
8.987734463547316643e-01
7.193707651197820407e-01
7.782560940131312277e-01
9.365200087741999413e-01
6.922529078113626166e-01
8.539913264712877261e-01
6.971204182812504868e-01
7.139176080087870080e-01
7.254671906053865582e-01
9.547838956558066803e-01
9.462434779645692018e-01
9.551844758408907232e-01
6.854033076159035121e-01
6.827906497634478322e-01
9.272152084731488664e-01
9.422396442308997866e-01
7.444811517138032464e-01
6.595869394751422421e-01
9.474110464184047897e-01
9.281969962102403215e-01
9.306168821543499003e-01
7.807706030469975245e-01
9.621179208198662458e-01
6.618217510032838868e-01
9.440734315624595974e-01
9.152738285557566744e-01
8.096653501701469580e-01
9.547860617298697949e-01
9.655760188253295073e-01
9.579650889648627654e-01
8.935296989591922090e-01
9.606542982172170397e-01
9.498642780803661090e-01
9.685571642532101455e-01
8.034000825356784059e-01
7.471396081884764673e-01
7.924217103540907026e-01
7.885224173558411653e-01
9.532139820339029512e-01
9.449143842301843677e-01
9.639450345226182604e-01
9.457627557211043534e-01
9.705191314119294699e-01
9.268426630058619331e-01
9.652949307438748461e-01
7.096515508514796844e-01
6.877350207437165075e-01
9.380550255180946095e-01
6.241486330728294174e-01
6.885161509033741467e-01
8.986241153347036548e-01
6.627641007266146245e-01
9.471033002059854322e-01
9.000892489652919659e-01
9.520414932396539243e-01
6.815980063305231429e-01
9.189020884715621840e-01
7.487259274789059837e-01
9.279277470786003734e-01
9.505890227960286376e-01
7.689691385729262585e-01
9.608919748468103261e-01
9.309108546612385737e-01
9.512832910131887587e-01
7.734212887827743854e-01
7.282364216732514217e-01
7.936953127305389488e-01
7.457684562300714859e-01
7.847287463624865733e-01
7.630144498429420885e-01
9.490752511872670993e-01
9.607006037376731866e-01
8.152925290448604922e-01
7.395401196045633396e-01
7.994237967473653006e-01
9.580701390628774128e-01
9.561860600718241621e-01
9.424196481799325120e-01
9.002308506517777698e-01
7.603919248777509798e-01
8.212545277340930205e-01
9.596197477231416251e-01
6.933219037792637263e-01
7.240466397082487848e-01
7.350485342753014795e-01
6.796038164469159204e-01
9.654274130822204647e-01
7.393345585513120266e-01
9.207108251849136504e-01
7.081363171024218639e-01
7.709389008730225257e-01
9.657176654885814004e-01
9.511039992729979353e-01
6.481515270128247463e-01
7.252179151689541747e-01
9.577215331113609897e-01
6.125429306796448259e-01
6.725098396579456406e-01
7.006682498464302800e-01
9.044314766649927950e-01
7.069908324107504471e-01
9.391335792585415732e-01
9.283382968673369318e-01
9.325950330873304939e-01
9.173976949396173142e-01
7.326762765773688901e-01
9.567640372807542093e-01
9.547625951784084464e-01
6.075929732950000606e-01
9.581360030327984445e-01
7.260765219761725620e-01
9.477436446502280898e-01
7.653918199835278990e-01
9.262756436391577086e-01
7.525607733996405591e-01
9.681773755025264716e-01
9.477419265606005228e-01
9.653095458522836791e-01
8.461368432853713095e-01
9.287702757039072443e-01
7.756233659760556343e-01
9.293081616606215789e-01
9.603103605713118052e-01
8.558434810509073509e-01
9.379012854668677956e-01
9.521879790646603503e-01
9.085533487858370449e-01
9.502683446532589340e-01
7.740311088615543511e-01
9.567782475694640576e-01
6.907689876453713129e-01
9.274481825876588204e-01
9.526686527551710970e-01
7.493097836645244980e-01
7.019169097764272891e-01
9.573783615883211251e-01
9.754971847267834839e-01
9.524836681677557593e-01
8.969716117520502019e-01
6.130018583355703043e-01
9.272896449365760629e-01
9.182029629752270772e-01
7.456828292458486107e-01
9.067908549710526067e-01
7.939536517926382153e-01
9.191862808556423570e-01
7.268108679388036730e-01
6.712718532170154351e-01
6.850818249911954094e-01
6.832090997040924929e-01
9.404823726364877068e-01
7.420730505284800493e-01
9.677135627674815499e-01
9.382110184968830424e-01
9.426624575048320187e-01
7.110276869040345060e-01
9.459722811906953188e-01
9.500534644291576125e-01
7.347228616820712377e-01
6.895506102961393990e-01
9.496773921429395582e-01
9.443127539148352678e-01
7.857192711708143040e-01
9.622543004692286628e-01
9.545332774312125235e-01
9.125506760489738856e-01
8.451749031961542924e-01
9.524399945180579419e-01
8.322146453579508663e-01
7.577630644653801095e-01
6.157902690415364422e-01
8.876782625122960901e-01
9.386582007454876697e-01
8.970047225480215491e-01
9.493137217732000588e-01
7.291281851144445492e-01
9.558370597296519389e-01
9.512905599668033396e-01
9.496260530031154223e-01
8.216747329944108502e-01
6.704236262346008335e-01
8.847019822581931869e-01
9.104193401472084890e-01
9.450150795629981282e-01
9.566198767188922591e-01
9.257203262973756619e-01
9.350775364136298951e-01
6.662803799447934994e-01
9.387628769916459559e-01
8.006612589150441384e-01
9.080632954689865644e-01
7.258679973036478161e-01
6.827411931917929389e-01
9.476601868419137764e-01
9.037380621637549627e-01
8.088676521372129002e-01
9.028204877356169611e-01
7.016135362422193378e-01
7.188076871229432951e-01
7.537922283129512291e-01
7.071653617537212444e-01
9.382029054528431278e-01
7.774345867709253621e-01
9.629235531059748832e-01
6.492360846397312590e-01
7.130934555595491720e-01
9.575976117992146541e-01
6.746850891620012058e-01
9.658267862910530077e-01
7.292765287175614342e-01
9.190975180208229567e-01
8.695699901022179157e-01
9.395160714891341858e-01
9.748579375882417963e-01
8.896797781526952775e-01
9.165131928806378170e-01
7.261776207235252079e-01
7.100442054830132799e-01
7.488534514133668996e-01
9.353000488961357162e-01
6.529373312843106403e-01
9.431053367987585201e-01
9.494683280262204983e-01
7.396695970677096277e-01
6.597736439043440093e-01
8.963011828929801084e-01
6.535694290208325929e-01
9.245961997832687906e-01
7.055088785661587369e-01
9.473579080164509225e-01
9.561375957421751615e-01
7.186559981785241025e-01
9.227683828321611159e-01
7.074983828988992141e-01
9.325444299596681308e-01
9.585059592190485755e-01
9.117159327323733908e-01
6.928060172825712959e-01
9.502872866232106031e-01
9.686735354020681310e-01
6.906893485729920235e-01
9.509161450146508265e-01
9.427824220357858831e-01
9.173676045154213199e-01
7.110277867712302413e-01
7.081184266405199379e-01
7.187164142445525705e-01
9.466118475073515004e-01
6.182691044508977773e-01
9.533565755536832498e-01
9.474930804157152275e-01
8.976393133130577962e-01
8.373414235140927975e-01
7.185978898043954288e-01
9.201309498643024387e-01
9.476050320084439260e-01
9.547845497100311274e-01
7.380661947922151356e-01
9.536442999973648860e-01
7.984847228782548934e-01
9.363537655309752683e-01
7.752181989786357530e-01
7.092416949424952266e-01
8.795100540967135672e-01
