-3.149390779901443116e-01
-2.824144786903821092e-01
-1.661438903689512747e-01
-4.191295599734425892e-01
-2.199485710708165009e-01
4.452571219696584148e-02
2.276858247245386324e-01
-3.792848703357447060e-01
3.713790314751361787e-01
-3.060322557850503888e-01
-7.371415463182004468e-02
1.977518275256800462e-01
-5.107724171423443094e-02
-4.322900780299434031e-01
-3.667024890012245408e-01
-5.209560133550315830e-02
-2.982364272410338857e-01
-3.273330787314574497e-01
1.863458645754217657e-01
-1.189232548681547486e-01
-2.812932754249521383e-01
-2.751974892260923566e-02
2.091021008080768684e-01
-3.802711667850801058e-01
4.765528649292949392e-02
-4.247597731780307084e-01
-9.458638569928941309e-02
-1.919660434105181779e-01
-3.481187887555745597e-01
-3.037317797119610252e-01
-1.423650131653406981e-01
1.362088759777853597e-01
2.089670389043127297e-01
1.724072435326332586e-01
1.433824387019963509e-01
1.266830528270618261e-01
-9.757888256225395740e-02
2.413444724423272070e-01
1.450506680890734923e-01
-2.354479300616499904e-01
2.023301453000080907e-01
-2.572718457867358977e-01
1.108173011579340617e-01
-5.796361623790523970e-02
8.228770860386412644e-02
-1.606770455521933649e-01
1.739283944899542578e-01
1.074274105233906929e-01
-4.397592904940339498e-01
-4.181181762626713372e-01
-1.301640172653125427e-01
-3.476467584079752648e-01
1.760394677372975059e-01
-7.327261333770876406e-02
2.225621465452111980e-01
-3.278518456629725963e-01
-3.952265925791123014e-01
1.616106536626393531e-01
2.391075810181383376e-01
1.416190812726038362e-01
-3.274336280774604035e-01
-3.124025632117047868e-01
3.650848395541840541e-02
-4.489861014113489257e-01
-2.206993328822071665e-01
-1.792430838447834351e-01
-2.065714781652658871e-01
-2.892277661789756649e-01
-3.965053323236433780e-01
2.189305280116016494e-01
2.036226714745952848e-01
-2.383269252761487933e-01
2.492840342623995620e-01
-3.405864734974822783e-01
-8.376892138669486676e-02
-4.884776355873673287e-02
-4.250564875450382196e-01
-4.010172875569137374e-03
-1.102643106278394097e-01
-3.612967910791377024e-01
5.865103510879886989e-02
-1.567603542536082917e-01
-3.247025317592889815e-01
-3.917908327742759544e-01
1.122435021607631894e-01
2.165064057164700628e-01
-1.781362364571220658e-02
-2.265678124034222196e-01
2.306372369974387937e-01
-2.793278855426730156e-01
-4.019500024429038532e-01
4.604257875405239064e-02
1.010715872830562356e-01
-4.117486542268816718e-01
-4.189468681059929089e-01
-2.442800000921371006e-01
-4.048160489702102849e-01
3.320062282402568288e-01
2.129780307794766347e-01
-2.766283274290596284e-01
1.223581278674033546e-01
-7.349444070411623176e-02
-2.074258609429921185e-01
-7.990885705154987528e-02
-3.404814202768710607e-01
-2.349601862569575608e-02
-4.496239781610435471e-01
-4.365525349136623046e-01
6.321114904472512064e-02
-3.912207109788671255e-01
2.524343553539148410e-01
-3.416301680745426061e-01
-2.639785776424063285e-02
-2.927032181509020559e-02
-2.427423094415201710e-01
-4.930127102620428248e-02
2.270359432144684886e-02
-4.531705807948295250e-01
-2.662994420161347575e-01
2.235348865546064601e-01
-3.136697539746035601e-01
1.066249215586800858e-01
-1.024344217913836647e-01
-2.157225711295513437e-01
1.014054155336795715e-01
-7.277548896583801996e-02
1.925075377297873203e-01
3.039290680554262436e-01
-7.445982072701115562e-02
-4.493349338579489816e-01
-2.142670624138889035e-01
-1.048028446722280294e-01
1.354806339802744342e-01
-8.742205716178122477e-02
-4.644067947257415896e-01
1.337908334768977137e-01
8.912958174762219965e-02
2.393360506065297932e-02
1.372435706278061218e-01
-1.498017034579954103e-02
-3.906176538574524515e-01
3.506682667607836645e-01
-9.714583002048235438e-02
-3.929766050979878744e-01
3.708227139861675070e-01
-3.320539136841590411e-01
1.170261339077274809e-01
-2.417371792817118448e-01
-1.645457536508692364e-01
-2.055484100341058440e-01
-4.063832556155804188e-01
-3.611661313053692868e-01
-3.062785991454795576e-01
-4.627762975779827204e-01
1.916429493254903915e-01
-3.990964877846899794e-01
9.858389760615225705e-02
-1.295969446508598438e-02
3.467238388303749419e-01
-4.477073705379406854e-01
-7.362408497554348563e-02
3.141472952580493527e-01
-4.316283413676852976e-01
9.942236521801564586e-02
2.592499160171468642e-02
1.372306495992364206e-01
-4.177134975843976306e-01
-4.128161381070383218e-01
-3.947721224312244481e-01
1.414835577045321091e-01
5.777116587822146015e-02
-3.801771139804253075e-01
3.089129289549745194e-01
1.091678110829835263e-01
-4.381826976442980137e-01
1.697459512570335949e-01
2.167151866587741782e-01
1.556652028515439490e-01
-3.054739484287427032e-01
-1.483537346753177610e-01
3.602688453564740767e-01
-3.962714752682582886e-01
-1.965305667541181467e-01
-1.252860539790517230e-02
-3.726709042004207051e-01
-2.855338812720258912e-01
-1.663035320296552266e-01
3.219108588988668640e-02
8.830358741439377213e-02
-9.576749687680533030e-02
-1.050991756584316456e-01
-2.427355946939862286e-01
-1.141483306043159229e-01
-1.821429234488308735e-01
-1.900873050057484970e-01
-1.768078212286708084e-01
-1.014101067703689907e-01
-7.816944504692090179e-02
1.009001362639072585e-02
2.105978534524155510e-01
-2.263926345765004955e-01
9.116923417447297950e-02
-3.833016225050698833e-01
-2.185321727344551879e-01
-3.763318992607310731e-01
1.271122373732884170e-01
-2.811592438068404726e-02
3.273971256832639010e-03
-4.258722761952595248e-01
2.282410712173617573e-01
2.106919586326773397e-01
-3.632336087996097529e-01
-4.290025635956212224e-01
6.747454374314955372e-02
2.485211531308887389e-01
3.003223964028500226e-01
1.163131863326352655e-02
2.222446776844084759e-01
-2.309527446289917907e-01
-4.374360207758186680e-01
2.730416932193753810e-01
3.265344128733941309e-01
-3.906860957026968562e-01
2.778320926816090775e-01
-4.530345133378291256e-01
-3.092265515103950757e-01
2.551466462543667824e-01
9.523325495964554688e-02
-3.628069525335528289e-01
-6.606469326998043456e-03
1.917377170255043367e-02
3.618909191429407479e-01
1.150885666861062168e-01
-4.266511870449555821e-01
-2.179922321265491680e-01
-3.045216277137750005e-01
4.311931755702057972e-03
-1.349058182930105154e-01
-1.501058987043160098e-01
-4.129783614338335407e-01
3.238524960466441227e-01
2.035652455446583520e-01
-7.074310868266736607e-02
-1.002629591263440312e-01
-3.883337815719003494e-01
1.671170145874899815e-01
-1.628279497803740428e-02
1.170678429839650952e-01
-2.020656245119239747e-01
-8.428194651455102326e-02
1.203947271870056956e-01
-3.977065000931403471e-01
1.471974603110719204e-01
-3.845131412096925994e-01
-2.292908187943728804e-01
-2.902354475395146349e-01
2.704103165229799766e-01
2.209388824608397583e-01
-1.491163403985870661e-01
-4.241620637641057567e-01
1.845933414413442331e-01
-4.429724932171931195e-01
2.500831100726215173e-01
4.398985254838969072e-02
-3.603159209889749137e-01
-3.685903632057095369e-01
1.923179132832511240e-01
-4.760172215083596226e-01
-4.523367102282076502e-01
1.572240218602966588e-01
1.484843319398192474e-01
-5.146290196430803460e-02
-1.368579093616838493e-01
-3.640858896039544379e-01
-9.571345183243584742e-02
-3.759169973141165411e-01
3.234672660037050673e-01
-3.320879804153050174e-01
-3.917959619758595302e-01
2.258855657803707506e-01
-1.372261899322970713e-01
-2.337841565038383529e-01
-2.601389331738693800e-01
-1.928016509268160039e-01
1.286508633710389815e-01
2.171200719175694210e-02
3.834382808349041244e-02
2.520240484039482087e-01
-2.303261307959900139e-01
2.195653964097565303e-01
-2.210908039736278752e-01
2.934894968023742390e-01
-4.727112105664182939e-01
-3.703656319787950180e-01
1.103477567338450593e-01
-3.563894475480825497e-01
-4.372078388724402465e-01
9.724660833766794743e-02
2.047080306531457172e-01
2.000721186225038750e-01
