1.214774626892163034e-01
-3.678497175309118905e-01
-3.807273188248732065e-01
-1.982341872401481297e-01
9.236551743331825604e-01
-2.634184767354373902e-01
8.935755492367823960e-01
1.311865195296051667e-01
-4.577913868836673283e-01
-4.004005449831318786e-01
-2.197415849893298301e-01
7.667484913409718938e-01
-3.947086475630453561e-01
-3.737310831341225659e-01
-3.440983815938751800e-01
-2.207779040826190475e-01
-3.393497654305484001e-01
9.002817095205448705e-01
-1.760456858804520519e-01
7.099336044479653829e-01
8.818662048392869046e-01
9.216004417909974267e-01
9.217650751378579921e-01
8.341245767538160161e-01
-4.045261950966886899e-01
-5.652287566250081829e-02
6.829737636255245326e-01
-3.831326593261742686e-02
-2.789950965964491103e-01
-2.499434901855334124e-01
8.433939527200121078e-02
7.493380083896793442e-01
-1.307454298058636499e-01
-3.612732803638973311e-01
-2.393410693121247879e-01
7.926251142595975852e-01
-7.104450549055479902e-02
-3.695423775136075228e-01
9.030109473914145202e-01
-4.268285215765918461e-01
8.585465068760707030e-01
7.753355866981141986e-01
6.900445887198963790e-01
-1.971988033385063954e-01
-1.868372521413934062e-01
-3.546535884436009811e-02
8.062991001417271208e-01
7.756791485809217956e-01
-4.140569287813369304e-01
-2.307667880804278870e-01
-3.164807168500808898e-01
9.152885519824230931e-01
8.938265833036664887e-01
-2.297343716401365199e-01
8.381375631389538228e-01
-3.046490040631193441e-01
1.676351935168305385e-01
7.286867488707513552e-01
8.889848120612252602e-01
9.289264669969772292e-01
-1.867140082174411908e-01
6.380146153223080763e-01
8.147061565487620505e-02
8.509804544791235159e-01
6.935774307645593550e-01
9.284428357624640027e-01
8.209781993697579106e-01
4.205550037136298464e-02
-3.084321278808779265e-01
9.085763001944791029e-01
8.139756589148832155e-01
8.316822860777745019e-01
9.126394793182174281e-01
-6.306701861446870061e-02
1.569737890026662308e-01
-4.267585030957986025e-01
8.973750117985951347e-01
9.166304634964003162e-01
2.013090780331506235e-01
-4.183356709749025404e-01
9.369532735110887023e-01
8.100736509468219326e-01
-1.953641127301143365e-01
1.364726022805185512e-01
9.391819327045903831e-01
-6.396605298907930004e-02
-3.929461768995297088e-01
9.149905011106337360e-01
6.726700684391088148e-01
9.406920202001587406e-01
8.139407392621500481e-01
-8.836340143855297979e-02
8.081664798629696334e-01
7.563206915855816836e-01
9.266199583381919958e-01
-2.549263388444080736e-01
-3.722800683710229541e-01
-1.040646309905782774e-01
7.358600704190301212e-01
-3.316662790804521532e-01
-6.214033255847086629e-02
9.305912352517374808e-01
7.316713708205265787e-01
7.818617089816782828e-01
8.592661370998583292e-01
-2.427112045185635947e-01
-3.242290860006379338e-01
2.246004785622987554e-01
-2.873888983884739234e-01
-4.136203739676978519e-01
8.733426283387139000e-01
-4.075898692305297000e-01
7.289099209481277875e-01
1.096207129707894301e-01
-3.694019382897039128e-01
7.511124729990552584e-01
1.800345341615305350e-01
-3.688830126072308868e-01
9.001180230997075649e-01
-1.327215003536333371e-01
8.947225120361594897e-01
-1.816410403433544596e-01
1.732061855422071805e-01
7.707368703391341835e-01
-1.629186003987907194e-01
-7.486188175497052177e-02
-4.402923167715488972e-01
-3.587128081020066195e-01
7.245339040768425942e-01
9.186037334769135976e-01
7.879226301316650805e-01
8.881182240199109179e-01
-3.591467923055938760e-01
-2.168187156328518217e-01
1.717149751028729798e-01
5.701077006242197265e-02
9.137601668535294541e-01
-3.629958672807037656e-01
9.401128522416787869e-02
9.136771972427425448e-01
1.111841649815972222e-01
7.067585010485235575e-01
7.491526856639092458e-01
-2.171680086621345096e-01
-4.122461907083322941e-01
7.776199972908245384e-01
-3.758351121478027967e-01
9.354586034954651685e-01
-9.408571688784127252e-02
-3.195164288126867147e-01
3.543650058080249909e-02
-1.817770080503612606e-02
-3.860784346867441874e-01
-3.258773508618252324e-01
8.770496275948477805e-02
8.031637269958642744e-02
7.337802621813060977e-01
-2.090620933757765532e-01
-1.148652043814442775e-01
8.453132750756385816e-01
2.116291867404557769e-01
8.269313493197921749e-01
9.093603353042318815e-01
7.588897321159441267e-01
7.544471645870501897e-01
-3.964857242380045999e-01
8.359186837705812056e-01
-4.402964981264089750e-01
-2.509407829902408071e-01
-2.128363961410440208e-01
9.171139646495037878e-01
9.181810608761065140e-01
-2.669295800120747852e-01
8.882694306313633215e-01
9.288124098847126975e-01
-3.603210463676650294e-02
8.216879339477489719e-01
-1.105755006397396989e-01
7.827236939149569972e-01
-3.500348106470118070e-01
8.716421313795008619e-01
-3.088569437719059230e-01
7.350858140235161375e-01
-1.277422427076709555e-01
-6.884605045883300523e-02
8.469387068278483310e-01
9.319236635497423205e-01
9.187855390278689693e-01
1.196341600796495402e-01
-3.556764005375543936e-01
1.129207515107067961e-01
9.099302996405562727e-01
9.072165535356687682e-01
9.186474160594472194e-01
-2.917168407027627697e-01
8.909084010068185622e-01
7.480144887560326028e-01
-3.135107364627207627e-01
9.151164506129617626e-01
-4.077994884040469503e-01
4.426854624633418112e-02
8.066493004705912462e-01
9.324402834092648806e-01
-2.064975832980340542e-01
-3.989183023926549110e-01
1.235614933639633678e-01
1.402779518343711951e-01
7.248967028010303015e-02
2.582704611260317473e-01
8.625436706346428783e-02
8.207967169389213113e-01
8.150324976710743297e-01
9.117548284037567674e-01
2.352876605056518633e-01
8.191754782109974542e-01
-3.576709802683173400e-01
8.634990540587985652e-01
-8.114520812912574821e-02
8.913918737260888570e-01
-7.295548718673795785e-02
9.233232992250625104e-01
-1.389034443862924573e-01
-4.175929989486964478e-01
-3.147366852795894232e-01
-3.970586122097992110e-01
7.504596482728215223e-01
8.923050209444062242e-01
-3.532539908366169601e-01
-3.572107705594115279e-01
-3.351128047433838408e-01
9.318973008472473119e-01
3.535399810132087983e-02
1.172463653885986584e-01
-4.217883462194720323e-01
7.472275033856220494e-01
6.340393361626178725e-02
2.223347377500895783e-01
-1.928135527552111428e-01
-2.595408354535838624e-01
9.192928628140306646e-01
8.389351903042447933e-01
5.494821117770561786e-02
-3.458284303377388014e-01
6.950616808594162199e-01
1.673403483557048266e-01
7.215220168050354710e-01
8.818819431372613149e-01
7.576129326853383583e-01
9.293050113850819249e-01
7.830663552294976348e-01
9.049920067666790136e-01
7.292585751695888074e-01
9.247078944990601013e-01
2.635996528480271106e-01
-4.361444920593864905e-01
-4.267716305680424593e-01
8.703448749457117772e-01
8.428904070863806330e-01
7.902469621248489062e-01
7.130257165643745232e-01
-3.144771187691918213e-01
7.851868816357394643e-01
9.300188822950089529e-01
8.555723638058733149e-01
-2.689436528501545909e-01
6.862093504891333406e-01
7.053817843003511445e-01
-3.825679716517633167e-01
-2.511651087420499473e-01
8.937295414045367536e-01
8.773867927683401957e-01
8.986254933765313035e-01
-4.561448842104351975e-01
8.935917296171056456e-01
6.713118637621405815e-01
2.287430781546376246e-03
-2.242845372816382188e-03
7.080763946576419388e-01
-1.387095123403664365e-01
8.714231455559847683e-01
7.374837704504406677e-01
7.847952598488491249e-01
-1.928816275203440456e-01
7.544627019629303044e-01
7.483827191620073815e-01
8.929037291395784948e-01
-3.556540635165044151e-01
9.277335177020101797e-01
9.043270439628044999e-01
8.939054230091102449e-01
8.760537892282838079e-01
1.377210107093896907e-01
2.257885459706667208e-01
1.224630073599732305e-01
7.361603734033455027e-01
8.296760817159737345e-01
8.448851063837500286e-01
-3.308784114136479326e-01
-1.550921999069400092e-01
8.896842207160375882e-01
