8.475357447186768756e-01
9.303815137585803585e-01
2.924383909158990158e-01
9.346487459023914424e-01
7.493431364429496977e-01
7.946533134092745865e-01
-1.971387953648882641e-01
7.380018826584603397e-01
-2.453148120090986317e-01
5.450436489750427882e-02
-2.753859557034594729e-01
9.081860664173795339e-01
9.053633093777739838e-01
7.734798012059206362e-01
-2.527395155475096675e-02
-8.159271123405618942e-02
7.408760515032832839e-01
8.304084698529545783e-01
-1.787792268569432519e-01
7.072937971970091331e-01
7.787737870278290675e-01
7.479707343212452786e-01
1.598430731980753916e-01
9.389545763048549043e-01
9.319670000569267865e-01
-3.824564405767261199e-01
8.796116282272770093e-01
2.783937395163672002e-01
-3.242385558714317439e-01
1.271622546390274999e-01
-3.679581829326816211e-01
8.094367015497953011e-01
-3.385435931158831124e-01
7.548093427720181658e-01
9.275100403869921406e-01
7.192520998227315276e-01
8.618966288481219040e-01
9.084335381650094909e-01
-1.073666717877388432e-01
7.586909540490279769e-01
-3.729089372671424707e-01
4.754345174758940057e-03
8.486667637798926966e-01
-3.001627693501782712e-01
-3.014147977211510954e-01
7.336161673632500546e-02
1.256747798710841635e-01
-2.696071493863781421e-01
7.574473866201150152e-01
7.407912514530755610e-01
7.789220714112298216e-01
1.152668313154460583e-01
1.380349350865363312e-01
-3.795004200599688682e-01
-3.675196485742535657e-01
-1.605532214407649483e-01
-1.017475929954836794e-01
9.193069407936993453e-01
7.767288668344648483e-01
-4.269918417996843019e-01
9.107544703065908465e-01
7.382488190155956920e-01
-2.282893884894384440e-01
7.734796901929426038e-01
9.228389930517243434e-01
6.998109816045461340e-01
-4.544271044432388051e-01
9.252144466145553192e-01
-3.666526625420133967e-01
-3.242789946674524693e-01
8.741823654196843874e-02
9.160124448638911066e-01
9.099221355147248946e-01
8.855630739088815595e-01
9.208542392896705842e-01
9.186281007713041902e-01
-4.213153612625767930e-01
7.710179249050977957e-01
8.666807069164013111e-01
-3.547039939123860508e-01
-3.332412688509284182e-01
8.501137603299661061e-01
9.234724646311117668e-01
1.034453062161919401e-01
9.235341210884449037e-01
-3.186843844875051346e-01
8.979691473803396162e-01
9.128147899527409848e-02
-2.428610011919916101e-01
-3.364356102923592440e-01
8.800819972326158203e-01
8.985432470471459432e-01
-1.484419034123567460e-01
8.375908024484342018e-01
-1.797384794945374731e-01
8.859270559334169182e-01
-1.252834983749995246e-01
2.504878553585026535e-01
8.552417955417155326e-01
-3.850649224047371644e-01
8.736203281203304138e-01
8.968442970156216276e-01
8.136789021648734854e-01
-4.277650165122214854e-01
-3.643882481240088844e-01
-3.491071169733703794e-01
-2.921977232795321955e-01
-3.905363840345610904e-01
-3.423260033631090882e-01
-3.548595216471385760e-01
-4.175855847244205332e-01
9.223130453758772163e-01
8.411037421580737361e-02
8.912513744121348946e-02
-2.565771781348165081e-01
7.387562195001328158e-01
7.171292083104003900e-01
8.882448989395606009e-01
1.772954937703344336e-01
-4.091815468656184174e-01
-4.267336657765902208e-02
-4.276062599937682229e-01
-3.516278232557027428e-01
7.692626212092761318e-01
5.977659091481373616e-02
-9.192577134485241386e-02
-2.404013437589809510e-01
2.621573515328842197e-01
-2.944056610583866140e-01
-2.855137514835310864e-01
8.827884777614278811e-01
-4.016907319445012226e-01
-3.423370518609815671e-01
7.838762115657085250e-01
7.151728261115781748e-01
1.027608635040271196e-01
-1.023346100418378174e-01
-2.195354599489699188e-01
2.088857909601861962e-01
-2.599786274230235783e-01
-2.193677146312793258e-01
2.430406264830563823e-01
7.206366158618402462e-01
-2.224035090603591336e-01
-7.082175993347081255e-02
7.365849194410556411e-01
7.016110866092812870e-01
8.975756966543778637e-01
9.166533040231364948e-01
7.639966850454825709e-01
-2.699323815352682732e-01
7.519212571075259977e-01
7.097695267963303190e-01
8.408102465520566060e-01
9.204875306040725125e-01
-1.675030125521590613e-02
2.095658065911651102e-01
2.742778377948365542e-01
1.776838808131509240e-01
7.356540611414124076e-01
-4.022861730254027046e-01
-1.107972690458813997e-01
-2.818105667773672107e-01
3.075498788685310791e-01
-1.403781135430230698e-01
7.429345148016919254e-01
-3.106898568907853209e-01
-3.559944146559074207e-01
-3.977979221267443632e-01
-3.576825767473394979e-01
9.343661324405746482e-01
-3.320173563791690985e-02
-4.130510523637448417e-01
8.355366880624820469e-01
8.719602565936610539e-01
9.127171353640324281e-01
7.424522846397024756e-01
7.053961836341041680e-01
4.211559298529531786e-02
-4.342084467635879963e-01
9.213029165596691161e-01
8.962100541532959097e-01
9.190700496953062570e-01
-2.419512602042112603e-01
8.973108760472543466e-01
7.050700716841479254e-01
8.394092550746991011e-01
8.860331838413507688e-01
-2.737807366379461094e-01
-1.760657399438609882e-01
9.248577509211209913e-01
-3.760046780325348448e-01
-3.223655998446612325e-01
1.726079268112563625e-01
7.565145607343383150e-01
6.945938995348708289e-01
7.689086365511388355e-01
-2.578718492470829515e-01
-3.020199606378103918e-01
7.677735905563213281e-01
-3.824220347985626267e-01
-4.150630456153723835e-01
-2.604376595559834695e-01
9.248263589130347739e-01
2.293788525073370277e-01
8.947223948691471751e-01
7.371974641925327365e-02
-3.818377017300624288e-01
6.931370830145432427e-01
-3.039280249553081292e-01
8.796635653506308383e-01
8.002714713172449645e-01
8.887363596538579991e-01
2.607824454042496631e-01
9.250036184028419539e-01
9.150908891392122158e-01
-1.415843960468247953e-02
-1.981220961355804056e-01
-4.573260808553597512e-01
1.696050723204589605e-01
7.306786464243475443e-01
2.078813681635750810e-01
-8.595443011845464720e-02
9.020724823523443292e-02
9.244517933346446670e-01
7.982130793295496574e-01
-6.560348813443730998e-02
9.145026893697943970e-01
9.040896998536158691e-01
9.066402126248922499e-01
-1.592246102844842026e-01
-1.649622732336661346e-01
9.047970653135349872e-01
8.887828098207750660e-01
7.398761567711154008e-01
1.148851501939080061e-01
-2.725428681284072230e-01
8.094555551537875315e-01
-1.110194389226349873e-02
8.386591861172599804e-01
-2.700378023343041889e-01
9.044877557906477739e-01
5.112034026715264051e-02
-1.111095456556268207e-01
-2.750567746320056739e-01
-3.622695084831192847e-01
-1.206098912257867750e-01
9.271565234112713050e-01
2.127529398090025059e-02
-1.163537831891013341e-01
-4.405960568754458961e-01
2.200717289570855162e-01
2.495522860705471357e-01
-3.434486177703647836e-01
-1.192894428485992697e-01
1.159019560446867964e-01
-3.131867903243788082e-02
-3.688684214775580505e-01
1.879878629689955005e-01
7.767466854408668908e-01
9.265698870223367800e-01
-2.623203814211882423e-01
-3.754730466841639247e-01
9.170764953950018006e-01
-2.629484253739174382e-01
-3.550086762962092329e-02
-2.416784240658791938e-01
-2.902150380859098711e-01
9.278260112665440706e-01
-3.008947028931865386e-01
7.306802031257160213e-01
7.843249013849480367e-01
-2.604298551706706322e-01
-2.174778724609248703e-01
9.261471588943689381e-01
-1.890804303286911792e-01
7.790442982246399417e-01
9.036385925095624660e-01
6.820780639540083845e-01
-2.470194684735894375e-01
9.156912488986375387e-02
7.620508827172229882e-01
-1.850171542435759542e-01
-1.679167010855793854e-02
7.141921765389109833e-01
-4.206144899376374480e-01
1.574043032823269350e-01
1.458046444936137442e-01
9.247967953183194867e-01
9.274891638752742473e-01
2.192516321551197384e-02
7.742114050026210892e-01
9.023431663011494130e-01
-2.502177785680340105e-01
-4.387382070301558135e-01
-1.998509700971761727e-01
-3.043666430649691890e-01
7.582741179725431824e-01
7.120892963382740026e-01
9.315933507855118645e-01
