-8.332094694717909200e-02
8.880605666793692232e-02
-2.166225569896881864e-01
-2.150880677121676521e-01
-1.645470595159513327e-01
9.230196996195757508e-01
9.252985968556162177e-01
8.706036300029312835e-02
7.423972684071483696e-01
4.773885579434870852e-02
-1.409339268096922448e-01
7.373052643142562479e-01
7.614464332686037285e-01
-2.894630394837004461e-01
-3.028925062972737114e-01
-3.545767010922062368e-01
1.698669473204530711e-01
-4.003537298254692400e-01
9.176305073217700947e-01
-3.534743718359689701e-01
7.619948977193844453e-01
7.449546638617100536e-01
-1.094613626076948454e-01
-2.666311922465475770e-01
-2.949783913133344204e-01
2.637185244407705964e-01
-1.394028868138273702e-02
-1.667599750847525708e-01
8.155929320584637265e-01
-5.669927053377325776e-02
-3.939453984906525208e-01
-5.685011706439493245e-02
9.394809373445126566e-01
-2.505671599250119952e-01
8.035995931311507023e-01
-3.211796584877887883e-02
-3.634755728475245196e-01
8.599378291190035162e-01
7.607304198818884977e-01
-3.373144798513991738e-01
-2.212140455663881566e-01
-3.728225646982429309e-01
1.947759399594958529e-01
1.032206096825793867e-01
8.893316837786552354e-01
7.227041193365374427e-01
-3.277118156091806678e-01
-1.884057765376222562e-02
1.347775614024406265e-01
-2.061095616820180498e-01
-3.374962918301819270e-01
2.767675863397836000e-01
8.977278680762953433e-01
9.189019864991477826e-01
9.446572476278167207e-02
7.720265990137442635e-01
-3.419109878425686810e-01
-4.720944451306160472e-01
8.694355313646542349e-01
6.416505403802352792e-02
-1.083361871962712775e-01
8.024171809248137333e-01
-4.122479846743083431e-01
-3.383437707752595114e-01
8.836154496865271657e-01
-3.460315633951742686e-01
8.046772226865732680e-01
9.248353945836010892e-01
5.978344177377467594e-02
-4.154726935572146673e-01
-9.111452366603930986e-02
-3.031294031746094020e-01
8.753699632407692111e-01
9.010278430517009163e-01
7.727864842097602605e-01
8.555728894171396037e-01
-9.986120359300892924e-02
-3.732007187409694393e-01
-6.899385643810357349e-02
7.725370938007186661e-01
9.157744515409924624e-01
2.686119375827842881e-01
-3.740271653346022851e-01
-3.476672202994683658e-02
-1.314761298940956558e-01
-2.572827252527311592e-01
8.575583763805835202e-01
-1.433699075782586541e-01
-2.569171333481976571e-01
9.133553580136591910e-01
9.183749990559051390e-01
-7.872680665616214879e-03
7.525564051102537899e-01
2.216960227372224979e-01
-2.300015056994059726e-01
2.342658057350689438e-01
7.215030383380451884e-01
-4.706128150765774565e-02
8.154349163141306756e-01
-9.690452979447239379e-02
1.009347591913394016e-01
3.818574449925518643e-02
2.385595027871693571e-02
-6.608534617021644131e-02
7.730273861051017992e-01
9.236655106593996134e-01
9.078060146067803426e-01
-4.023461125960650642e-01
8.028638971846722150e-01
7.640095411459044694e-01
9.304447949648412264e-01
9.362607628699572970e-01
5.134207172089277210e-02
-4.128660915734692072e-01
-3.807604987071830371e-01
-3.976494074608070695e-01
7.992369006810173815e-01
8.990701303995763949e-01
-4.097517361303012473e-01
8.091022238074616624e-01
8.860022350555377679e-01
9.078676745341266452e-01
6.511184891231087957e-02
8.800525159084996440e-01
-4.565158616667634450e-01
9.286000185033459475e-01
-2.804550939715332314e-01
-1.886562944804225789e-03
9.019712293483477250e-01
7.825929989787223651e-01
1.652089134739018472e-01
7.085896838067593517e-01
8.224292495822567162e-01
7.701348385967144994e-01
7.151636432801342647e-01
-4.105620146570476692e-02
9.202569295919649228e-01
-1.130994582660006520e-01
7.792848663791668296e-01
9.945397256410885845e-02
-2.485565191502258353e-01
9.235873604044670948e-01
9.158828777647213260e-01
-3.206634192548896145e-01
-4.068697045348627084e-01
-1.924799672001596407e-01
9.221669406098212951e-01
8.818576629908339015e-01
2.767534973822728395e-01
7.268505449067135249e-01
-3.237373127651330118e-02
9.231636715010366201e-01
8.303071725307804574e-01
9.071929059391758976e-01
1.424883123492170500e-01
8.200078676194405558e-01
-2.359003222120583110e-01
8.736503105126350865e-01
8.184137276334255695e-01
-5.742538810811337324e-02
9.027439508478409813e-01
1.122998360503303789e-01
9.103439418844985198e-01
9.203149649228244966e-01
-3.160987034951521779e-01
1.482254366294376291e-01
-4.156138729300126178e-01
9.071303886613057976e-01
7.499108090549755357e-01
3.172273719963050742e-04
8.474158139420218117e-01
-3.159487653264451135e-01
1.390606745236687980e-01
9.961905187554931720e-03
7.254930919295548009e-01
7.329341242190393624e-01
-2.352471169790530670e-01
2.847597982812686834e-01
-3.840865566192904201e-01
7.348153975283130412e-01
1.685228549951828247e-01
-4.364793517607231665e-01
-2.978381660720259005e-01
-1.469669579572560059e-01
1.830047056769660008e-01
9.165476746936834784e-01
9.374153703108729641e-01
7.527915443245855043e-01
-3.697789276474205966e-01
9.190833522881501905e-01
8.970849079254450409e-01
-4.408707202834963312e-01
-2.126349835774075103e-01
7.225513428645020664e-01
-1.757423746652921337e-01
9.180649288919027207e-01
8.980109557930963105e-01
2.561349525530370874e-01
5.594622203572923586e-02
-4.150659296945642396e-01
8.148263153777175472e-01
-4.092709008827328382e-02
7.683543697318179211e-01
7.508946509833664962e-01
2.395348091495761722e-01
9.266993578930959874e-01
8.285418630944083596e-01
1.532228532328965831e-01
-2.639469335962747465e-01
8.810040989999246008e-01
-3.045034810168257278e-01
9.262524295662054596e-01
9.083873818308021431e-01
-4.025183551242218494e-01
8.582739744902759815e-01
1.544920372909629191e-01
-1.465487849737948101e-01
8.030786595741923328e-01
7.182053759338026255e-01
9.072575104834010862e-01
8.980443707160279398e-01
9.114882578476587449e-01
-2.820611713528461961e-01
-3.041828811481111505e-01
9.020407272157816569e-01
8.036473825176821961e-01
7.488228246438115576e-01
-2.156253296064704617e-01
9.247273968991112092e-01
-2.633649525145279613e-01
9.271179455460253349e-01
7.335671495895848548e-02
9.150342589031288387e-01
-5.902328962539783036e-02
-3.384066583850118826e-01
8.894945124450283069e-01
9.060735962492297846e-01
-1.526295976602165816e-01
9.302710646157373864e-01
8.942472933527930712e-01
8.624531067547918095e-01
6.118613128363968590e-02
-1.360571344557527373e-01
7.777798869862000419e-01
2.614779410121794156e-01
-1.969981903340555507e-01
9.185807996289436783e-01
-2.650580981502870248e-01
7.691125029781604727e-01
9.324876011566483047e-01
-3.479359638185937631e-01
1.583256439316632902e-01
2.983130849507232840e-01
7.109094931623145541e-01
2.252254502440294570e-01
9.035447092726069940e-01
-3.999460354644581717e-01
7.912614995879223567e-01
-2.932075731755204862e-01
-3.973451499844668500e-01
-2.345636282598571598e-01
-1.980733081833866982e-01
7.897020831004220032e-01
7.216049465936817953e-01
-1.665275309490577560e-01
8.827785293259005073e-01
-1.535802108152667100e-01
-3.931425905974081370e-01
8.906048340872098068e-01
2.805138826711243705e-01
7.886993956706663811e-01
3.237106720676807131e-02
1.301279376251778322e-02
-3.712312853431078974e-01
-3.182852648847732668e-01
-2.505359646251536510e-01
8.581765856077984145e-01
9.262104882690210816e-01
-2.466886572999142380e-01
9.141632365408730587e-01
9.133304554245712525e-01
8.207052492414853573e-01
7.145346283112703478e-01
6.367708702077093386e-02
8.290334933989331745e-01
-4.489022661802786751e-01
-2.554688481773292885e-01
1.421553958564164277e-01
-3.809094891293191010e-01
-3.032627207994600393e-01
9.218371131423301890e-01
-4.166540275902495538e-01
7.512459491957889091e-01
8.287552849334060001e-01
9.177552592855769964e-01
-2.389650183527307070e-01
-3.679712121326823016e-01
8.145491091140019124e-01
-1.892798142021913377e-01
-2.934279918177118418e-01
