9.282377258295922973e-01
9.180906158826898089e-01
1.371960891104170299e-01
-3.444623483023293575e-01
7.905596607255972463e-01
9.293753625288834197e-01
-3.540796293083880442e-01
7.571738662785505447e-01
8.394812743205345984e-02
7.035762011954960204e-01
9.127262880009493484e-01
-3.850013810377179158e-01
-3.512315828391818218e-01
7.465750334989630366e-01
9.224236740983404736e-01
-7.000931740820535987e-02
7.881324805314123827e-01
1.148778922285528664e-01
9.094967611651416650e-01
-3.671023410621361283e-01
-3.484178442852542412e-02
1.202618349101012563e-01
9.259863160168252394e-01
8.926153529391562813e-01
7.204137456998200850e-01
7.806753026046148181e-01
-1.161810503614046086e-01
8.649366369556172884e-01
7.616124436489434268e-01
7.159561509610194996e-01
1.492015534163763091e-01
-3.184347576088345511e-01
8.393700030130485379e-01
7.149058899254218113e-01
9.095141404030456789e-01
-3.787082676367335421e-01
-5.052535660843948673e-02
-2.665746103641876141e-01
7.459038390357999315e-01
8.846439650183471892e-01
2.872523554298344120e-02
6.967866289830708659e-01
2.205605404443428397e-01
-1.875001544650583551e-01
1.530806445845849656e-02
-2.443224224234269437e-01
9.265277942276965994e-01
-5.474800513885625525e-02
6.569571558661155830e-01
-3.947550626205915680e-01
-3.845424752082793884e-01
-4.619197273378381485e-01
8.731234638567886286e-01
8.495947783530590769e-01
-4.451817162334371636e-01
7.407132832218551455e-01
2.044226398261954070e-01
8.214351079394551780e-01
-3.888702594000128521e-01
7.436530536080118159e-01
-2.528834143230575954e-02
8.553994561821923748e-01
8.689092638653905798e-01
7.834626198550100895e-01
9.123659666111378908e-01
7.080691414395761107e-01
9.018557012197818690e-01
-3.995117463865083263e-01
8.980308911560765939e-01
6.818833798488476150e-01
7.828234962880948888e-01
9.224627024874271219e-01
-3.544860591294901053e-01
8.915155630161625266e-01
8.894784091981913221e-01
-4.130359833567440742e-01
-1.369058116860005503e-01
-1.508092559407284428e-01
8.469719267035671351e-01
7.981039903702045191e-01
8.917341256188460186e-01
9.365869716564025893e-01
7.023098489788917043e-01
-1.657139122500048689e-01
-7.516388853854358287e-02
5.298116472597050319e-02
-1.466014888012531769e-01
2.585759390346770853e-02
9.271653562463022524e-01
8.486347379430091431e-01
-3.627070466413196970e-01
7.349184746738540719e-03
8.733185822940567888e-01
-7.746956658204115498e-02
8.672484594868761221e-01
-6.512184266859399884e-03
8.722878481305709197e-01
-3.629321555172621006e-01
-3.094306229508908546e-01
-3.181436875081062876e-01
7.936150900176481837e-01
7.151217431564903526e-01
-1.577627920459861999e-01
7.572160837012644752e-01
9.926360021616047191e-02
-9.277269174440409827e-02
9.040260749071464819e-01
8.749947059354395984e-01
2.126048230264264080e-02
-2.741058856744484906e-01
-3.297410751919039873e-01
-3.277280038417824670e-01
1.173064767329889679e-01
1.411279397535182278e-01
9.309526159078730378e-01
-2.577946680067436103e-01
-3.888358569504433704e-01
4.868884951949159490e-02
1.529440922444533779e-01
8.989695085388087481e-01
-3.813667114357576216e-01
-2.881933288216589895e-01
-8.762959757734853361e-02
-3.738504391594030807e-01
-3.868314120253114607e-01
9.182320984707846856e-01
1.090042114069634527e-01
6.953811789181217895e-01
-1.738138241648168048e-01
9.222180204058341157e-01
-3.848394768720275749e-01
-3.743090054959548607e-01
-6.824849341582055195e-02
-3.340172893961401712e-01
8.288014646295059906e-01
9.098750335491788688e-01
-3.404428886190127151e-02
8.844384897010032498e-01
7.208607743320880612e-01
8.914744955486131328e-01
-2.740758928779836179e-01
-2.195953932267802611e-01
-3.449769542857483162e-01
-8.438208945012157236e-02
9.212187244382871176e-01
1.036210248147805546e-01
-2.608118372015367781e-01
8.901822655990829780e-01
8.650132651885341639e-01
-7.616292406399727266e-02
8.860299610967308226e-01
9.379950416392252022e-01
-3.150131619458439447e-01
1.341501845625819034e-01
7.388369049754159867e-01
-3.108875729770870788e-01
8.653924634690356443e-01
9.029730131549174033e-02
-1.488097254267333192e-01
8.930389575243382616e-01
-1.879445118506264389e-01
7.259565178360430915e-01
7.558157818714068554e-01
-3.879437537786628032e-01
6.573475661351122490e-01
-2.877915967200955216e-01
-7.472440552066728081e-02
9.252813951862018937e-01
8.866879340396485176e-01
-3.587099784144022196e-01
8.160412391481474126e-01
7.098614408215091487e-01
9.206373036588485492e-01
-3.787430072160948846e-01
-4.053046579080789580e-01
8.714388399443255828e-01
-1.094139428506612707e-02
-1.818196550127538225e-01
-3.075973481278672095e-01
8.511023384601344999e-01
8.712606600991005257e-01
-3.542114262255761092e-01
8.597736492385149587e-01
-3.446193441855608941e-01
-4.164584700830697983e-01
8.734174469941592411e-01
6.664137821588869137e-01
8.604900273538135247e-01
-2.867006586476959495e-01
7.026294125292161796e-01
-1.794607404665772010e-01
7.258847677642493723e-01
8.929775084179287781e-01
9.292210902228541514e-01
8.283376389271059903e-01
8.416779973799255465e-01
8.985524070234391925e-01
-2.214157475186513402e-01
8.004633825931442015e-01
8.732138700258881281e-01
-3.346168275978328444e-01
1.228141342856081952e-01
8.557037223596677400e-01
7.533256043255219803e-01
-2.597272023748146696e-01
1.215963277653847041e-01
6.429395683741881418e-02
-2.868396710213981793e-01
9.201721992304551234e-01
-3.316102902223410087e-01
8.766002264967545088e-01
7.166060546872248249e-01
9.252020417482795800e-01
7.511215191182033513e-01
-3.791473565200865203e-01
-1.154657332940114411e-01
6.628876375418213396e-01
1.961191959700495091e-01
1.035782999769641194e-01
9.072668965501801130e-01
1.421251031033957946e-01
-3.697424973925589886e-01
-3.730457524354702237e-01
-2.674328491616255743e-01
-4.035095178631710189e-01
7.780692945139467964e-01
9.242029165367791066e-01
-3.114386931723709950e-01
1.204281087311257631e-01
-3.889326488715549868e-01
9.176330587116390269e-01
9.056756463933791634e-01
8.458692952572209878e-01
-4.033107551984377315e-01
9.354994622266975535e-01
8.268668939054983902e-01
8.879802438707151691e-01
9.204112122583782973e-01
-3.201376005994017171e-01
8.017321775790431371e-01
-2.347891457437365492e-01
1.033710556312817108e-01
-1.656326591637818368e-01
9.263461239312775763e-01
2.978736633918215027e-02
7.751151558388559293e-01
8.777784005739899253e-01
8.898847406086991541e-01
5.717511667719099577e-02
8.425079188053875567e-01
2.937175837727469818e-01
-6.292608910597592697e-02
8.480384663871446405e-01
8.814133587587467122e-01
5.658369561371447143e-02
9.069615449211299030e-01
-4.040624403856737379e-01
7.436485443127875961e-01
7.552492029660133888e-01
6.669828619791936530e-01
9.308691591971174351e-01
8.986920459712282039e-01
7.146420908343618095e-01
9.388225060737410699e-01
-3.855709728375479317e-01
-3.550675916279991129e-01
9.235963333959318344e-01
-2.977045214174385834e-01
-2.707272309579900060e-01
9.243851609398706648e-01
-4.174421149730963010e-01
-3.613849061138230817e-02
2.172216601075253606e-01
8.676707566724004561e-01
-2.327517253764116723e-01
7.961486930463193001e-01
-2.969876312725204803e-01
8.843510506731386833e-01
-9.242159412599779134e-02
-1.855885161605770328e-01
9.227663522124294193e-01
8.980932373035371841e-01
-1.509271121373274155e-02
7.481700376964898203e-01
7.033738359965008291e-02
-4.004791253923721539e-02
-3.567834908975299202e-01
-1.797664844297986730e-01
8.988162822955075848e-01
7.024796431452717815e-01
-4.111065015193449135e-01
1.507320857827594562e-01
8.942383765174695132e-01
8.631361389688309016e-01
1.710644213318726070e-01
-3.381690799699424432e-01
1.283170953879822496e-02
7.729717067466416180e-01
1.629178866897378897e-01
7.265515414467378363e-01
