1.875681492574495235e-01
-8.134470807666026315e-02
-3.738747147586563568e-01
9.007951712320342308e-01
-2.808191054426797950e-03
-3.654686310951695272e-01
2.056837954711037975e-01
9.066927169673366649e-01
1.128645556757744417e-01
-2.116152297274015437e-01
7.839996411410790067e-01
6.329051990492694235e-02
-2.954114195994857472e-01
-1.814689706990181561e-01
2.764617623694892723e-01
9.267954617319306143e-01
7.133774806331600882e-01
9.316012076155109067e-01
1.003603826272164573e-01
9.012505623298237012e-01
4.671317504003880128e-02
-3.283115392837565039e-01
-1.819067678909783714e-01
2.945555138938890649e-02
7.691939687235496148e-01
9.234802540352979872e-01
8.240372333185147502e-02
2.315289323688077272e-01
9.183524644980286533e-01
-3.401774996505909088e-01
-2.166383799030701107e-01
-2.471767850490649010e-01
2.823350713300084025e-01
7.124840014584252201e-02
8.767663089240348429e-01
7.412264816608582496e-02
9.148063504187805561e-01
-2.364165387494055193e-01
-3.562955541889248900e-01
-2.713556319431273955e-01
9.267549958938663401e-01
-4.140312169403856934e-01
-2.430440844512180287e-01
-3.316364227062927883e-01
8.979926339324275641e-01
9.080627901555976544e-01
-3.600435534684329753e-01
7.056771840905501358e-02
8.398610010419824690e-01
7.214811422068739821e-01
2.877343447734158621e-01
-3.973924572505245223e-01
-2.690979539672654353e-01
7.178672919616785331e-01
-3.051111576181703700e-01
-4.378193125675269304e-01
-2.854239700399681667e-01
-2.046520866210723710e-01
2.366174310561573180e-01
2.218079617809788906e-01
8.908242381108244512e-01
2.637341206914484842e-02
9.704273045224370842e-02
8.139036752324972923e-01
1.841793486086126114e-02
9.170296354530688143e-01
-1.976977629912037016e-01
9.354487947873049158e-01
7.231328848700271372e-01
8.888537379078211842e-01
9.068136419405761206e-01
-1.711624591522219463e-01
9.328418324911534887e-01
7.253503889972107155e-01
5.657701350613268676e-02
-3.629953385914838071e-01
9.283461259946801380e-01
7.535459242610474950e-01
7.521981694968271626e-01
1.323613022866968469e-01
9.246075792099918145e-01
-3.761834245265407439e-01
-6.820663262271507710e-02
7.248709951229788118e-01
-4.026413176476577593e-01
8.446076615320591285e-01
8.808787432193118105e-01
-2.335922175037219994e-01
-1.477787358940104157e-01
7.714787665567081065e-01
7.953383643290804494e-01
7.072356921193317936e-02
-4.479114624052797367e-01
-3.795274185921933552e-01
7.320576680452202112e-01
1.818415222757213678e-01
8.963661725730831531e-02
-9.550706869189129478e-02
-1.607768709024346432e-01
9.143053453373855000e-01
7.721962615766554405e-01
9.117074808164913335e-01
7.980922930182973163e-01
8.446990120468764740e-01
-7.503729789004123796e-02
-2.797190376417041935e-01
9.400902790558606226e-01
-2.479825540474031031e-01
1.381551341777961239e-01
9.066634156239550268e-01
9.336565809889373346e-01
-3.720840140744374747e-01
8.916686077224140750e-01
-3.560858109102644220e-01
1.727945536061489124e-02
8.064117404563557745e-01
-9.640148308150459089e-02
-3.737390248582855845e-01
7.627419215367668981e-01
-1.492085027631040450e-01
9.240359106258284605e-01
-2.177590712868721634e-01
9.116066634119470713e-01
8.883101601330360975e-01
1.716307543019338078e-01
1.655772485057762089e-01
7.681064162291875164e-01
-1.596214942942963122e-01
-3.107298984306346989e-01
7.371652024783567070e-01
1.708480139608093418e-01
1.048815414457962281e-01
-4.274412850828801513e-01
9.164727032177568677e-01
9.031059762551130188e-01
-4.174917749207059936e-01
-4.113017666769671066e-01
7.774456327494989605e-01
1.643753530322108469e-01
2.666065621008246733e-01
-2.749768305211265362e-01
2.734574139276792493e-01
2.189137954580006040e-01
-3.097903496488488284e-01
-4.372920237235405350e-01
3.705862526551825104e-02
-2.421748824537161560e-01
8.068605160517077213e-01
7.774039155356623487e-01
-2.586365465589736123e-01
8.895463471208746586e-01
8.448086588672885089e-01
-1.752640674321648828e-01
8.992734831148598840e-01
2.262328729239361236e-01
7.537138793847575347e-01
8.634528992769925360e-01
-3.177536131894035387e-01
8.296519351105795526e-01
-2.841157903669483953e-01
-4.002981527210249801e-01
-4.255326674836937273e-01
8.964465727727879418e-01
7.823174818504574635e-01
-2.852570116898912045e-01
9.138841544062114020e-01
9.320144968238750494e-01
-1.954848119265870376e-01
-4.013917794290884911e-01
8.938038474170102443e-01
9.195367417376861807e-01
-4.144022129587655034e-01
-2.745792420380600007e-01
9.353046261065142142e-01
-2.660730489292573164e-01
8.545433187717166312e-01
7.036261385607747165e-01
9.305616695983101039e-01
-1.846960718961218328e-01
3.018936226531582223e-01
8.889383364606460169e-01
7.007760972708918512e-01
2.485562585610381348e-01
-3.704105449617636214e-01
-2.776726017826189330e-01
-1.559438731238577680e-01
1.578062657693356519e-01
9.291867682361917291e-01
9.300674720405779361e-01
7.954238577779396691e-01
-3.404941370242546284e-01
7.493457349206217311e-01
-3.444577581933715438e-01
8.856483079155881566e-02
9.178144324991507341e-01
9.013794812370251597e-01
9.302445772525720358e-01
9.082124720577187116e-01
8.323873277175735108e-01
-4.049334452900215098e-01
8.274494714817383079e-01
8.692052922153150618e-01
-3.517331205982905939e-01
-4.306995584670893495e-01
7.327917886097687350e-02
7.784825192926224657e-01
6.993843499429882593e-01
-5.820000568730210322e-02
-1.473359648072930517e-01
7.929051339208881277e-01
3.301149129197235021e-01
-2.633653143411649467e-01
2.280311190486808415e-01
2.411582701408856999e-01
-1.797832054071893115e-01
-1.001215735462579470e-03
7.651723427363151808e-01
9.254152534834836352e-01
7.186596051332929669e-01
5.890212299166770055e-03
9.108121318919203402e-01
8.366285267540226611e-01
8.030025478006126427e-01
8.975843956354335740e-01
8.081878591302570358e-01
-3.140162397066141864e-01
9.260266341169831605e-01
1.513166177295469095e-01
-3.213153580167574797e-01
-3.803433774120190680e-01
8.941705588801907023e-01
-8.687527677164905149e-02
9.219128112477151804e-01
8.475141855407056779e-01
-3.186867652815555951e-01
2.229003983564590285e-01
8.851402607120246735e-01
6.834784979432592111e-01
-4.052771591405319729e-01
2.909325843416871726e-01
-1.732532692911571970e-01
-4.123867075571620577e-01
1.243546084366301818e-01
-3.041732671775971841e-01
-4.112193694401048982e-01
-1.534433862837599194e-01
8.666640366296333164e-01
7.969448170565984757e-02
8.126459861384214278e-01
7.308983001951089298e-01
9.171115654420805008e-01
2.447685015127491481e-01
9.353134926664028459e-01
4.639888591578487931e-02
9.285029827056930918e-01
2.825275397691012769e-01
-3.157560492476314540e-01
-2.777086868452361412e-01
9.372568707891092421e-01
9.305714777703368856e-01
9.266089998700094421e-01
8.385511650566324082e-01
-2.616819013581034858e-01
1.692369562004464034e-01
-3.696731070320339457e-02
7.417861782919682456e-01
8.993587146749134620e-01
8.909297548012471424e-01
9.268189251961772568e-01
7.368142180473939984e-01
8.282428220927541551e-02
7.612171583087463667e-01
9.085554998721111497e-01
-3.901328598693362681e-01
8.125803629245101911e-01
7.317403211848064748e-01
7.965185704420401080e-01
9.249558502191164155e-01
-2.101395545497832529e-01
9.351828406017739237e-01
-2.421360533941208648e-01
2.272159986175701918e-01
9.282507751318894718e-01
9.112454571521698410e-02
-3.541038902732315252e-01
-4.100183461958909481e-01
-8.430605498807759723e-02
2.032535867092382098e-01
-3.880461759319398518e-01
8.573064950299072451e-02
7.715631973312977454e-01
7.087905968028128667e-01
-3.971068846134261920e-01
7.965798315863026335e-01
7.332759961885180200e-01
7.746998285934223460e-01
7.850001158088659725e-01
6.734868423897445444e-01
2.295043966697632443e-01
9.129604820089927131e-01
