7.545178128392594497e-01
9.303881695997886503e-01
-3.726151888918113331e-01
-4.423993812369798884e-02
2.862808830541824778e-01
2.078432229406482201e-01
8.289827816922745729e-01
-4.221348392067597599e-01
9.077674948290623824e-01
8.395194248059880682e-01
-1.262194407155865089e-02
-6.510286155878583503e-02
2.719775510723831599e-02
9.036109117455041195e-01
7.761279894531060153e-01
-3.243812521139060601e-01
5.765193585816125871e-02
9.137615928332885051e-01
-2.398548492175372332e-02
-2.035023995370832117e-01
-2.995834913824854673e-01
-3.051291845333065772e-02
9.201724404976595606e-01
8.651897310569856003e-01
9.261704688066769720e-01
9.230704242801919257e-01
8.571006800147351612e-01
8.565107746884973450e-01
-3.028635532803618524e-01
-3.862860539293202500e-01
8.633278643497199756e-01
9.294333602763118485e-01
8.692069158979507382e-01
8.935875646677644557e-01
-3.565416046327186672e-01
9.401439909187958577e-01
7.776230334881062412e-01
-2.960949700864313194e-01
1.776409009450768406e-01
-3.144056418815697196e-01
8.247522515369396512e-01
8.162762550263054084e-01
-1.570016118824842655e-01
-2.899699749050553832e-01
-3.237643301439043775e-01
9.178731452839584692e-01
7.696756333397898331e-01
-1.098649601107754004e-01
9.306080283742770298e-01
7.122339441615893607e-01
8.753724166344194479e-01
1.568050508971146617e-01
2.185091729859264115e-02
8.460179382837859086e-01
-3.888669833742789406e-01
9.089310323563147831e-01
-6.243475025577202575e-02
-1.414861451853125784e-01
9.220635885719946634e-01
1.654492876321008721e-01
-3.680775940074854646e-01
9.074666908930473230e-01
9.283383633374876487e-01
8.679123201325871229e-01
9.322233588008128624e-01
-3.728111695549250482e-01
1.634807566661792833e-01
1.400001829179319535e-01
2.471789398001142946e-01
-2.362074357088428667e-01
7.732336701417323876e-01
-3.972273471054590943e-01
-2.850390865846371136e-01
-2.014214335490347244e-02
6.466683081713626713e-01
-3.874316921702975480e-01
-3.828136898740764904e-01
3.623342999076044346e-02
9.212242147370012235e-01
9.285597053457617100e-01
7.795494448619489924e-01
-3.824893557403490352e-01
-3.487243130065054708e-01
-3.606435173009311379e-01
8.900474138147135283e-01
9.256394535619076880e-01
-2.422427427479318385e-01
2.023799054371555606e-01
7.888100973545563166e-01
-3.518987420391250232e-01
7.856843758885778684e-01
8.636348342743166429e-01
7.782607261906180351e-01
-3.535870647223278151e-01
8.055534382196050114e-01
-3.531654177048061394e-01
6.869676690859317647e-01
-3.341607552374910028e-01
-4.671203951938339149e-01
-2.718492868580905941e-02
-3.705005860678823870e-01
7.325039545497764593e-01
8.080225147523903972e-01
9.137838177157794339e-01
-3.431287151684658809e-01
8.865956971582845680e-01
7.270225932790277956e-02
6.705197138757104658e-02
9.113015619994484506e-01
8.254942582412179153e-01
9.316864120839460917e-01
9.032116322192983437e-01
-1.602387249996614638e-01
2.062816083427762848e-01
-3.603526851934373276e-01
-4.075231469097911341e-01
7.524199876488113503e-01
9.186786563520319415e-01
9.091696586981594663e-01
-1.025980616202812473e-01
-3.843630248525837789e-01
-4.742538524008185208e-01
6.757873333985235653e-02
9.060405587259592330e-01
8.341220707176373317e-01
8.634587872650585361e-01
8.973985023045638609e-01
8.754129029665295159e-01
-5.966813175178276030e-03
7.022775487046069021e-01
-2.411127570155640054e-01
-3.070413798643304992e-01
9.117428787501014043e-01
7.376935487687311666e-01
8.732807093550111199e-01
4.337446391145232533e-02
7.527134220837201628e-01
8.445385176083053391e-01
-3.686366517719497082e-01
8.033544667769305647e-01
8.668055368835037022e-01
7.367717069013721698e-01
9.363914378055367138e-02
-2.841438561522533490e-01
8.612142385694208091e-01
-3.294185130570410069e-01
7.955937862425215279e-01
7.704717436977654987e-01
9.305450791464331406e-01
-2.357592966177484983e-01
-3.462358046908713405e-01
6.264377268732622683e-01
-3.064162503105848367e-01
7.413136586476566370e-01
7.585578716384575593e-01
6.862895254150697122e-01
-2.969173991281535141e-01
1.129878271914641352e-01
9.227301700897950765e-01
-4.292100742497579891e-01
1.728198536817623920e-01
6.738745129626230179e-01
7.418271242226038842e-01
8.566838627644259851e-01
9.340623085827134409e-01
8.920641008550751483e-01
-2.598906336139037987e-01
9.070529458459029026e-01
-3.524610747164925173e-01
1.581238868106623341e-01
-4.730839787750282799e-01
-4.311606413029309137e-02
9.370370137792725096e-01
6.573055686708829948e-02
8.368037855049463847e-01
-3.124178189746756873e-01
-3.748407343758096144e-01
-3.653483452136969678e-01
6.983349949249805233e-01
8.850257334319633351e-02
9.075158362638201526e-01
-4.143356782670942207e-01
1.067840547219086333e-01
7.295612888609550595e-01
-3.821389952603058693e-01
7.583245162016237773e-01
3.040434185174878956e-01
7.343257937652131195e-01
9.983273624138891411e-02
2.911696425836746704e-01
9.195668376919491349e-01
7.342049043530606278e-01
7.247802972160756196e-01
2.314095811722084728e-01
1.839173503988950908e-01
5.027545916554006233e-02
-2.344467303107149181e-01
2.366816201236920103e-01
2.233350336273231818e-01
3.937052120537162109e-02
-4.028445962048384232e-01
9.302175737492068830e-01
-3.190859809646429679e-01
7.676680242258469011e-01
-6.011934323712983530e-03
7.446278734691913481e-01
1.006833844736021721e-01
-3.267987169765847466e-01
-1.287938068147189419e-01
9.182387244115052249e-01
-3.734003490566151773e-01
2.077942039171166433e-01
-3.387163280301983548e-01
-2.731302240016070249e-01
7.843253302035956276e-01
7.571117942542168189e-01
-2.020323207768636442e-01
-3.478962091709681403e-01
-2.868056497112779768e-01
8.969233649978033407e-01
-3.131204276488552818e-01
7.799660218485269247e-01
-9.103098636031806135e-02
8.739058491688059815e-01
-2.178129460983876942e-01
8.990014175197503787e-01
7.338647233311664797e-01
-2.825955909760379248e-01
-3.847036148794461541e-01
-6.943697195701918623e-04
7.165373813692734739e-01
-3.358713542985126699e-01
2.502228113496337072e-02
8.718993365684942765e-01
9.031139061566247905e-01
6.598148338347137321e-01
7.731200713322569085e-01
9.137396732458024085e-01
-3.280281644052442935e-01
-1.488506529238914355e-02
5.500973553875752875e-02
9.182640514031508161e-01
7.018120555123719129e-01
8.271135755767300424e-01
9.301499971302897851e-01
4.550283644570390917e-02
9.092301293908665594e-01
7.960616249826309998e-01
-3.697670067034677377e-01
7.697223307971888806e-01
5.577356711674844036e-02
-3.289021761080763995e-03
9.104716699952685177e-01
9.003613342269285447e-01
6.464815454852761156e-02
8.997483680161613151e-01
1.372368269717458567e-01
8.952519894493427000e-01
-4.675919103803763410e-01
9.282919711219429493e-01
-2.373680337078152847e-01
-2.202318962143852976e-01
2.785251343220345732e-01
-4.267710471386442217e-01
8.791027314763462108e-01
9.271441256005980014e-01
9.724855647865091046e-02
9.241292242753599284e-01
-3.536515748085820032e-01
7.909750569644828921e-01
-3.936204308629793758e-01
6.276312014357077196e-01
7.854387266807031365e-01
9.012484935907196792e-01
9.181798695002000299e-01
-5.969589905770818217e-02
-2.604427621770324386e-01
-3.958481346747418916e-01
6.989594702796741998e-01
-8.264762124201179005e-02
-2.700194573825129840e-01
8.937412326768213733e-01
5.891990253083917439e-01
7.091851864425171570e-01
7.507735698645462419e-01
7.322579925794260314e-01
9.185374627233904299e-01
8.111348616616741447e-01
-4.018524081435207451e-01
7.473329810590656486e-01
9.086716324459590544e-01
9.226247288169974192e-01
1.044529439616153077e-01
9.595086063057286507e-01
8.388129467457133837e-01
7.626193362456343827e-01
9.482291821862949277e-01
-1.408273904857397230e-01
7.732910654521027993e-01
2.850080139297641035e-01
