-3.421140160455280466e-01
7.146194446228812946e-01
9.083930453992039578e-01
-4.568000253823578660e-02
4.720187275365335389e-02
7.727391830937355710e-01
9.053826181826385433e-01
8.889799607533982462e-01
7.178909229364091038e-01
6.982096428812258893e-01
1.107337686133727517e-01
9.337441215996646893e-01
2.102251523224066276e-02
8.330201471114450085e-01
-3.268728759739369383e-01
8.580831666406045777e-01
7.145811273488250626e-01
-1.620646351596502777e-01
-1.945705994903994263e-01
7.407871222548639834e-01
9.133132708624895901e-01
6.803490332798521889e-01
-3.115208026306794387e-01
-2.965542753664101028e-01
-2.303087386171567830e-01
7.414045634936846652e-01
-2.984063827608962050e-01
-3.466762321787716927e-01
8.431917622257193434e-01
2.587405346705293208e-01
-1.055005370182537650e-01
9.035924570060297478e-01
-3.599596252061528778e-01
1.823094555078657586e-01
7.200452047063969907e-01
-3.313749830496446336e-01
-4.415407582550183452e-02
7.266916641501549590e-01
-1.331172080869676144e-01
9.099062886538789030e-01
8.887318826658797688e-01
9.140210555198104991e-01
-4.122380485486041302e-01
8.271565260229873928e-01
9.249755641527038774e-01
9.160159785560479939e-01
7.661220460748189298e-01
-5.235668487679369376e-02
9.049105788784281845e-01
-3.970806570355816523e-01
9.237156683717928640e-02
9.034878027281019186e-01
-2.242883574625695042e-01
-4.121954785618865413e-01
8.885089589002341803e-01
4.668657489145323913e-02
9.051503095609748639e-01
-1.758384010680140719e-01
-3.489155707762135461e-01
-1.476342899125656638e-01
-3.183230335879617678e-01
7.671832619524155961e-01
9.187493383200899810e-01
1.868013814314960913e-02
8.961136805743270539e-01
3.909538678961251013e-02
-2.386523297699274793e-01
1.847455758872975917e-01
1.153294743334223882e-01
8.693136776666784415e-01
7.626265078748014625e-01
7.374306183696271999e-01
7.107938772078788991e-01
9.026143496388395748e-01
9.273463650224063048e-01
-2.866097289921885616e-01
-8.652097149473286786e-02
9.182447087457070722e-01
-2.635276572761943714e-02
7.959114706713125154e-01
-2.616747816949730465e-01
9.053023631078849220e-01
8.158014084342615213e-01
7.969325218201389616e-01
7.334147006075545372e-01
2.775871187819003993e-01
7.727686217834931481e-01
-5.500135524289969519e-02
8.210168645538227228e-01
9.267422989089850738e-01
-1.859494203478860297e-01
9.319779505487670868e-01
9.589127596125918140e-01
8.166341687593425824e-01
7.778097044310338104e-01
6.391960945426005125e-01
7.993615406582400551e-01
7.252738464994147316e-01
9.047403844851865662e-01
9.355391590180915928e-01
7.584316056285109742e-01
-1.231804609463727496e-01
-4.139609565252381218e-01
8.761869096513822397e-01
-2.956328290113260371e-01
1.333927643236573479e-01
-1.099154411996408967e-03
9.108134175258345566e-01
8.587597202155249354e-01
5.497586282638321220e-02
2.393797270009644929e-01
8.349434359905076874e-01
9.148938243130133596e-01
-3.530151249284630977e-01
9.163603899555389232e-01
7.431590104535494845e-01
5.075921064803248228e-01
9.599017965389465834e-01
-3.566648475020169351e-01
-3.789472797064392107e-01
-1.186539228679257263e-01
-3.557623192063752438e-01
6.434318617554738440e-01
-1.918638103949598106e-01
8.954010657820883345e-01
-3.550780262066386417e-01
-4.283949511142474131e-01
-2.774605570570635726e-01
1.293876516971198820e-01
-3.218512869579317481e-01
8.170619055548069554e-01
1.018436557188049096e-01
6.973412291077644154e-01
8.087638363959617216e-01
7.704824822569890097e-01
8.794282911307512718e-01
8.000939088580593106e-01
-2.204838139628208793e-01
7.891280088235856638e-03
7.407868133455254300e-01
8.514903039384592587e-01
-3.037184566131052033e-01
1.298203281228186012e-01
7.508895611375094870e-01
7.106558128475564118e-01
-4.366203155344433595e-01
6.563030131311279325e-01
7.514975693158177927e-01
6.863031840239641745e-01
7.470251350428369630e-01
7.373274560515188369e-01
7.607795420250427210e-01
9.255535211156645792e-01
-4.186594068161842430e-01
9.112489755952447590e-01
6.228311477130681340e-01
9.476673863728408698e-01
9.264665941977494601e-01
2.005420502633759594e-01
-2.906199703284059188e-01
6.017360886055016234e-02
-2.971033221119440126e-01
1.179933443569614604e-01
-1.241644282702048796e-01
8.931866157453443034e-01
8.882481930076149279e-01
2.449376256428173471e-03
8.095778075786516093e-01
-4.864474963086071191e-01
-3.589360402332790467e-02
8.083063701556165714e-01
-1.709292250096434707e-01
-2.833796081652794618e-01
8.724096124983778955e-01
-2.648024477935624343e-01
-2.688129833042778305e-01
7.644110279838711719e-01
9.118318369260431933e-01
-3.498397288011677597e-01
8.658811470032167223e-01
7.598918607316001994e-01
-3.458053604948532200e-01
7.176621745008905373e-01
1.674231405835454600e-01
-3.177182408609569575e-01
1.645898581419745488e-03
9.125362548594584400e-01
9.046802018091020248e-01
-3.648995382034841417e-01
9.110302222728696719e-01
-1.004743745461111615e-01
9.037317126595388883e-01
-2.904069918677933404e-01
8.227757932273049857e-01
2.179983985729608553e-01
8.860013857950490568e-01
8.108037178926876809e-01
7.558381491971208899e-01
-2.047926425870387479e-01
-2.807881725041364018e-01
7.327365806946267712e-01
9.335476793346459967e-01
9.374994044021661699e-01
9.109772798083031198e-01
-3.414706206223188656e-01
-9.731372966814763603e-02
8.104477447659447220e-02
-1.759957425792802455e-01
-3.107114315033007168e-01
9.145726651330977619e-01
8.869795210041803157e-01
-3.541635795536859366e-01
7.940120935771485811e-02
-1.086388898774714173e-01
8.812036879548823531e-01
-1.209267863225669259e-01
-3.390754945959902900e-01
9.100163129133939099e-01
9.514553221810739814e-01
3.221636305983744397e-01
-2.218889368284955033e-01
7.170069918082065952e-01
5.002083133488360867e-02
-4.527397902838113386e-01
7.800412337574686994e-01
2.561987286747917647e-01
4.986618551664150079e-02
2.669024265454426614e-01
-3.439978202008122099e-01
9.439121488659920622e-01
9.207201022161569659e-01
-3.960076973912937115e-01
-4.161931815814477464e-01
1.835461200114683333e-01
8.623684466863721365e-01
7.630116321543236602e-01
9.088194096479929041e-01
-2.630218202836305252e-01
-3.633760464962206838e-01
-3.065084163122502869e-01
-3.005587683657235387e-01
7.902988875367328303e-01
8.696476658368881285e-01
-2.958377783788735393e-01
7.772794673373856211e-01
1.000002982793895406e-01
9.219952443996120017e-01
-3.332461718738698453e-01
6.125736911616998237e-02
-7.676790704129550502e-02
1.234491687359391826e-01
2.603416818085936557e-03
9.223779438229132710e-01
9.065430117170981683e-01
6.540662807034339221e-02
1.803792830813346626e-01
-3.828928403321437690e-01
7.360602944984193652e-01
9.118036461930519865e-01
7.331814298558628762e-01
-4.064482010365385034e-01
9.114943656126650584e-01
-2.370963583592877733e-01
9.324410061058902022e-01
9.371993097347485202e-01
-3.434723562278245157e-01
9.049575526262289005e-01
9.400025878551613312e-01
9.160964400607788383e-01
-1.737322744114666584e-01
1.345184839716440789e-02
5.251309291170590254e-03
-3.329981193339749401e-01
8.470372075998978678e-01
7.568566735503792220e-01
3.471257872887816009e-02
6.063062120572932923e-01
1.203751199547781620e-01
8.703645365451606608e-01
4.713997662561333207e-03
9.198254210751404258e-01
9.054023016457840578e-01
3.443405447959687615e-01
-3.077074474791373637e-01
8.318453598634619750e-01
9.201700810798889574e-01
7.492935787092637190e-01
7.743368147883290531e-01
7.068243270576275439e-01
-3.731532376460555134e-01
-4.089312222069230174e-01
7.149510075546745558e-01
7.722434129070607778e-01
-3.596205394010407175e-01
8.773816691529411349e-01
3.080426225014978175e-02
9.230332240208076744e-01
1.917836343032248148e-01
-3.149486368696395311e-01
-3.684183882797743559e-01
