7.573009944793291925e-01
9.174595231553919206e-01
7.728141029660440253e-01
2.332363794292038883e-01
8.804330603754991769e-01
-2.648848648347245649e-01
8.635167472291069846e-01
7.488325304905529833e-01
9.338331433055107045e-01
7.576382702423516413e-01
-3.080022299228003524e-01
8.820139873039956058e-01
-3.304157797875454938e-01
-3.129176208621873845e-01
8.783438006751779215e-01
8.716030542744999110e-01
8.597018134559284430e-01
-3.720787136859253774e-01
-9.374183042152973988e-02
-1.286616072981015824e-01
-3.969944753531030601e-01
-7.655263615061598526e-02
-2.125670936888859885e-01
-3.916705339804594788e-01
-1.781351901473830213e-01
7.952167938956664628e-01
-5.622193505819600423e-02
9.256538475405177158e-01
-1.025275726512255015e-01
-1.925996383726571448e-01
-3.405459918723443558e-01
3.585231192278141160e-02
-5.807108956260027821e-03
7.969519280065516798e-01
6.976148745363484061e-01
2.660404316916780143e-01
7.734440462383379566e-02
7.431874123420467715e-01
9.285386760780350857e-01
-2.442309435269074680e-01
7.544021892821121122e-01
6.383562720332238705e-01
2.257851994001247586e-01
1.896593469416593958e-01
8.283458745740120976e-01
8.275137622158043049e-01
-2.324775113301904839e-01
7.660598574387285087e-01
9.374197211857174805e-01
7.767320628575949959e-01
3.168281468198512751e-01
7.450129768574904610e-01
6.846779045679117770e-01
7.686369329328227584e-01
7.081800397752462395e-01
8.807347381739463188e-01
9.409304266223438296e-01
-7.021267242997282498e-02
1.588857079032053865e-01
-4.407506550958719682e-01
7.578835971377143599e-01
-4.913989781761692321e-01
7.696675541161445144e-01
1.520015610031173053e-02
-3.937675632096476197e-01
8.514942563451494140e-01
8.868182214981887856e-01
-2.059098997907833628e-01
-3.619958934781600801e-01
7.874075881999466064e-01
-3.066164120776913582e-01
-4.058442076509476970e-01
9.331211652319455485e-01
7.077317446333322160e-01
-5.197089805540160423e-01
7.323464520088212026e-01
-4.403950168761644468e-01
6.337983279032933792e-01
9.095060874876392809e-01
8.479894220753193546e-01
7.753256931233655225e-01
-1.500575815735193386e-01
9.106684720017265144e-01
2.547454440351445970e-01
-3.979428779293325280e-01
8.734620185587482766e-02
-1.864829224140972519e-01
9.271211392569046472e-01
6.707650651411206644e-01
-1.720324669047627042e-01
-4.353231751003887595e-01
-4.419348238938406448e-01
7.496533905542580589e-01
7.998364379754922815e-02
1.593548624523332957e-01
9.348888785510945931e-01
1.172234853191007203e-02
-2.900155171802135667e-01
7.432993704666859269e-01
-2.351593597774404576e-01
7.628142462582453431e-01
9.079709585096621405e-01
9.461243448786720300e-01
-3.947606683122854010e-01
9.095801513304674346e-01
-2.786121552236104915e-01
1.334172075491650011e-01
9.213686931472112596e-01
-4.270621867584313835e-01
9.007279120676063844e-01
8.959044685406210295e-03
-2.218814006719453946e-01
-3.921798509737533522e-01
6.058220948269155137e-02
-3.232946229493346979e-01
9.401693659749941201e-01
8.273876821507211154e-01
2.957193743253156426e-01
-3.836817847399066617e-01
-3.630858160345264429e-01
-3.241662281172104088e-01
7.125462042792042316e-01
1.087371554789991028e-02
-6.607324436576994531e-02
-5.415232214800072552e-02
-2.441341390422686330e-01
7.533928987958006251e-01
7.591449442440328932e-01
-4.548822703333697537e-01
-1.456252508084793507e-01
1.087042323634981322e-01
-3.431956631476347219e-01
7.676236600702936175e-02
-3.072200678186371992e-01
-2.615087749733029376e-01
-3.062410654525360987e-01
-2.491215261974591699e-01
-1.112662771767721215e-01
-1.580541001680146052e-01
7.941667635799052327e-01
9.052301721149034197e-01
-3.359514867356438450e-01
7.723971735974445307e-01
7.601387327444885100e-01
8.918779226850480635e-01
9.016754862127209780e-01
8.354190075244493086e-01
8.285019198194525369e-01
8.326223721767816999e-01
2.820895022744695363e-04
-4.172488604320131467e-01
8.096565388148347919e-01
6.508123220454922198e-01
9.140981420589463502e-01
7.531249830408198731e-01
-8.563194247815977822e-02
9.154857402592463389e-01
4.849166077408698095e-02
2.419436293434339136e-02
9.292026439543157323e-01
7.584981688930121368e-01
7.928360312157008982e-01
-2.922898019053183361e-01
-4.382435126614209198e-01
7.285396313038456917e-01
6.895067261671659065e-01
9.071457655225549921e-01
-2.984586226170264922e-01
-2.149780414538034479e-01
-3.044083108809636506e-01
-1.841436348425561642e-01
7.386711621995455390e-01
-1.333931941405737676e-01
9.286590889479835464e-01
-4.772326126422402059e-01
-2.552971064650615407e-01
9.257426145418530261e-01
5.038651313703172707e-02
8.158254278480783217e-01
7.965730769167904679e-01
-2.885392188291449611e-01
-2.743806701965648687e-01
8.818268724660411895e-01
9.206233032891086854e-01
9.135397023921976167e-01
1.245414002179426050e-01
3.354194303354709472e-01
6.923393295604325370e-01
8.288360753862652475e-01
7.298275287005596690e-01
-4.204274799049397826e-01
7.619198183263921065e-01
9.377934171450462708e-01
-1.093825430935148196e-01
1.480276562629580794e-01
8.444074030673982545e-01
8.755974660645738927e-01
9.161219020851502082e-01
-2.837060061714994919e-01
6.824459684573388474e-01
-3.226109078536589791e-01
9.059943464876515362e-01
-5.339314773911990608e-01
5.068667859456217617e-02
8.997202709488992811e-01
-3.299070758418849447e-01
-2.643118408167903222e-01
9.059653803138832950e-01
9.135539717757857892e-01
6.641739619621533919e-01
-3.465041340686179083e-01
-2.279443245186532074e-01
2.263058748070335968e-01
-4.789887281343093717e-01
-3.940202784993836471e-01
-3.476723280730073529e-01
7.913746513096788782e-01
-2.291311145668940008e-01
8.898728423488060368e-01
7.533442112065842355e-01
8.139853030291419600e-01
-2.316039293531661492e-01
3.571143584129125026e-01
-2.450578071492255927e-01
4.420597609033290187e-02
9.162972581612948142e-01
9.515055674417886022e-01
-3.261871651726501176e-01
8.910000129070917430e-01
-3.702531099167099549e-01
2.543247398323414954e-01
1.180801498315796338e-01
-3.276468031617237320e-01
6.688384107714302473e-01
9.074873475591902494e-01
7.608250440192230180e-01
-3.421989366290950629e-01
8.882543049772619881e-01
9.456771042015730266e-01
9.181833089415466498e-01
1.407376369294064122e-01
-2.738902482878132205e-01
1.911237123703269647e-01
9.245757486970663797e-01
-1.911425547227995625e-01
9.276496474857006680e-01
8.572434669626396442e-01
6.333228378988683960e-02
7.543228167546265350e-01
8.886074489421046385e-01
-2.208338625659395441e-02
-2.547034558835351015e-01
6.412822399467944523e-01
8.745597302484012792e-01
8.678789188274668165e-01
8.645737412666328892e-01
1.758429120921777000e-01
9.000228528593015032e-01
-3.694422604521078179e-01
9.196217948125309238e-01
7.544004442570263480e-01
-4.345857379460593695e-02
-3.032695076057974060e-01
-3.370173776353547757e-01
8.753939920074161885e-01
9.573386913259808173e-01
-1.080798838845810628e-01
7.383075939870009652e-01
2.737200719191503623e-02
8.033999726906742023e-01
-3.670644323113192997e-01
8.962470804586210038e-01
9.489252581010018117e-01
1.092925733493914919e-01
9.097913859941025860e-01
9.379004842467765224e-01
7.748949665987817648e-01
2.734874156992059616e-02
7.465095780199456632e-01
-2.716084382086425553e-01
6.956211886653698162e-01
-1.352498687443413616e-01
-2.737315428971748288e-01
7.178832571242426130e-01
8.640520289511852137e-02
8.870374184840477960e-02
-3.794286283789816694e-01
-3.868449913708802979e-01
1.476271791861047122e-01
-4.091511341346686370e-01
5.480245942864361147e-02
3.513263702242339637e-01
3.094454831564783515e-01
2.913913575467489414e-01
9.316469139649798947e-01
-2.768505485443609193e-01
8.247891830569280547e-01
-3.883396372826347642e-02
-2.502738024671433692e-01
7.811289462718469245e-01
