-3.005016576011519391e-01
-1.798045546492181290e-01
-3.579234149761200134e-01
-4.880119429884127030e-02
-3.393849988439276433e-01
-2.275829961010628344e-01
-4.116148837634004964e-01
-2.800401632984544920e-01
7.701139540791696048e-01
2.905707409734346602e-01
-9.726726115246378535e-02
9.038211632638526449e-01
-4.188834209811749809e-01
-3.457801759300691558e-01
2.360290853049043236e-01
1.398144404895544923e-01
2.457832266631872487e-01
-3.690955361055987538e-01
8.647093031448703782e-01
7.721086104522337790e-01
7.884579237511624150e-01
9.327975798412622144e-01
8.986621021878382631e-01
-4.216098610641788036e-01
-3.254940972541755517e-01
7.413123582338456696e-01
-2.958291207450427507e-01
9.161028062698699514e-01
-3.580275348978848582e-01
2.764204721764294825e-02
7.551016321790848806e-01
9.334962344919672805e-01
1.235936988493459288e-01
-3.869725076014710607e-01
-3.272774251475107921e-01
4.240683733575654202e-01
8.188043814995183967e-01
1.249872283029358766e-01
-4.366905108687615389e-01
2.025863649534372923e-01
-1.923087364518770159e-01
-4.201157977775979990e-01
8.311009032969907118e-01
9.151108264080947130e-01
8.432187478394499447e-01
-3.695457253771451400e-01
-2.491856975762470061e-01
4.070503152012608927e-01
-3.130532437667382650e-01
-4.191570640724306407e-01
9.304948579194174396e-01
-3.134712150958814392e-01
7.338355608892254134e-01
-3.374779665555689423e-01
9.251482173601237591e-01
2.322422809808573907e-01
7.869433416356759192e-01
1.054086926561756399e-01
9.042433423521842872e-01
-4.108511132812990296e-01
2.133273100414290468e-01
1.213634414466279732e-01
3.264338660137994230e-01
-1.733986945535264113e-01
7.533130798894468461e-01
1.153410220797696090e-01
7.436421070681367151e-01
-6.732322398349135928e-02
-1.322248216564295142e-01
8.145880494663791938e-01
-2.549930795839316922e-01
7.964527621144252834e-01
-3.760346823379369652e-01
8.995427011982627397e-01
8.007973084718744694e-01
2.103484978535804517e-01
-3.672554768069519193e-01
9.084072105541645126e-01
8.605304880002994095e-01
8.973974702788888314e-01
3.666174642713376786e-01
7.784191036214913595e-01
-4.657249058425476096e-01
8.452844589614538773e-01
7.693349061340883921e-01
7.459333776337924160e-01
-2.065772059776391223e-01
7.736317367312998128e-01
3.716640250759183361e-01
8.979773966898082493e-01
7.835848178879136761e-01
7.764596847674831714e-01
9.336916228914043936e-01
6.897957041828445268e-01
4.447624609930549422e-01
-4.919563384687567487e-01
-4.616411519939382924e-01
8.266087860737193482e-01
2.989664513727839368e-01
9.262539275664155580e-01
-2.321028535289958172e-01
-2.015297874303918074e-02
-4.029367865272541760e-01
7.597356145604131639e-01
9.057322187330278940e-01
7.877194569000658397e-01
-4.664023366581555585e-01
-2.209022808783517866e-01
-4.419323500062032894e-01
-4.121122220852375118e-01
7.702658523658538758e-01
9.938595045154247076e-02
9.077297392527999831e-01
1.071500160861654921e-01
-8.213854842115761445e-02
-3.720593464304942088e-01
8.332343366731639334e-01
1.101414733660311673e-01
9.551427873300634142e-01
9.086022153834817372e-01
9.058406090432958857e-01
9.160414502275665560e-01
2.957728417807806154e-01
-2.277390248204083367e-01
9.104334413107124657e-01
4.714387296745677081e-02
-2.466552012396328597e-01
5.242150259349530328e-02
1.243889340873542276e-01
-1.154463295908730314e-01
-3.177849640884366500e-01
-6.738256930945836498e-02
-3.534772605534741707e-01
-3.798726106512153033e-01
-5.234409169344698132e-01
-3.671465783186742549e-01
8.973975906459097374e-01
7.955792947599360510e-01
7.480680475489633885e-01
-3.852502106583312047e-01
-1.762581810070757704e-01
-4.402339679408556194e-01
8.574480390917034178e-01
1.420225210157453621e-01
-2.487930451901992079e-01
-1.917479819437339084e-01
-4.863721655135510580e-01
7.031853339077541731e-01
-3.011051797148137643e-01
-2.601127757003008911e-01
-1.512403768453133013e-01
9.048543588201224397e-01
8.966740013089409267e-01
2.895777768299613239e-02
9.099161213006610183e-01
7.610172547210950489e-01
7.486628323744616564e-02
-3.294089627495401795e-01
-3.631271132694743886e-01
-2.244503374107021387e-01
9.165421288164714575e-01
8.887250331226381750e-01
9.190448568662858975e-01
8.191793896706944800e-01
8.358537514907963262e-01
8.934425332301153544e-01
1.838131202493245020e-01
7.596164632835081809e-01
7.727149229452946466e-01
1.186141302990159491e-01
1.733044325580670453e-01
9.088000790850907507e-01
-1.782326900148936966e-01
6.071402979836654223e-02
9.306072336175214010e-01
-1.725240656117716098e-01
1.299916035723598373e-01
8.420772922248724868e-01
-3.842934074674501654e-01
9.188237678851524093e-01
1.514176249749218939e-01
-3.413662925942247961e-01
-2.357132255645298102e-01
-1.777236025820171927e-01
-4.608413774108594541e-01
-4.511326053271977887e-01
9.174696511488958928e-01
7.538339388177176525e-01
3.268590868023703577e-01
-3.393585888682564833e-01
-1.367743751849228029e-01
8.149023327418464246e-01
1.805105804880053066e-01
7.753541362824101224e-01
-3.012982616430038840e-01
-3.449429286633005631e-01
-3.833263113772905073e-01
9.015199732166364610e-01
-1.023834723209672420e-01
-6.456751351735302846e-02
3.419658765819974522e-01
8.511301677571283530e-01
-7.279229517495335033e-02
2.028101887733042286e-01
1.451570884871357381e-01
-2.007935487930136154e-01
9.029214807841496881e-01
-3.788728154062911968e-01
9.433482026445865198e-01
2.361275388425703170e-01
-3.326993805555115147e-01
8.473218446645863766e-01
3.571191752263753738e-01
4.043000711215252729e-02
9.012130242005496061e-01
-4.547306552000118240e-01
9.027341032027360601e-01
9.180865750103579526e-01
7.599606438856486568e-01
-2.084857695970595282e-01
-2.220418503682479727e-01
3.503771926493985944e-01
9.140523166777534403e-01
8.859905368770479295e-02
8.780889410531154127e-01
-3.839721300795213565e-01
7.385484709202535525e-01
2.253263929325036996e-01
-1.073780477759587598e-01
-2.809179542312689737e-01
7.688442455584091340e-01
-7.695348762070289284e-02
7.908657145745368044e-01
1.662496840407069187e-01
8.880010432968108436e-01
2.648490878545656790e-01
2.359720211817302460e-01
1.071861220902663447e-01
7.639665260854371365e-01
-4.633540901629374376e-01
3.116128863142265115e-01
7.800617759933097251e-01
9.019548010940254823e-01
-5.399169204208315032e-01
-3.888946653063377612e-01
-7.978189626821220737e-02
1.269786483180390668e-01
-1.209324199440429265e-02
2.295558898647744595e-01
8.821200789425881483e-01
-1.491539267867149632e-01
8.277598622404261919e-01
-3.343005330105647266e-01
-1.297010066297058228e-01
-4.668926988781881698e-02
-1.667998492309927805e-01
9.467083711095786169e-02
-2.920989691546249101e-01
1.061846349459778238e-01
8.927763385876744673e-01
3.262288074162300044e-01
-4.921006980583234741e-02
7.772141256065885628e-02
-3.033970076795567961e-01
-1.957597701062781526e-01
8.083845553625546021e-01
1.629352197150750747e-01
8.308029182182501415e-01
8.815455996526231353e-01
3.248979874665347545e-01
-3.759227687382240002e-01
7.852051107021453813e-01
-3.417098334297027917e-03
8.802238995989495329e-01
7.631305815524144776e-02
8.918474444201183182e-01
-3.611291562681585576e-01
-4.234931736819246839e-01
3.898280646114760661e-01
7.533288595701714829e-01
-1.246436598717742261e-01
8.955575487005200674e-01
-2.116501766730452538e-01
-3.193863138266915258e-01
-3.593842489020021014e-01
7.536620244917086042e-01
2.431088986539269581e-01
2.172971266245825317e-01
-9.962503302587630283e-02
-4.576381900864622820e-01
-2.070920784582960250e-01
1.088946174610788409e-01
-3.066721198743055377e-01
2.109249871354885453e-01
-3.928877388107455126e-01
3.196574675496766105e-01
9.239175971599490333e-01
-3.415857039763220970e-01
9.042992111614178707e-01
2.847113032395987564e-01
