-4.076322711165414892e-01
-4.600341250791478709e-01
7.279177066789912498e-01
7.193749731214525989e-01
3.376362030139101050e-02
9.186844322466275470e-01
9.007277011309546833e-01
-4.089516502405030757e-02
-3.824070501638063835e-01
-3.652095705491660849e-01
8.364899894120659818e-01
-2.456004973292141291e-01
9.242131238445416841e-01
2.207683054765365860e-01
8.576580678734907481e-01
8.164322707199318518e-01
7.903785609960370384e-02
9.284863073194458138e-01
9.465865335697362659e-02
-3.634358546649509858e-01
-5.067147324781920981e-01
-1.195169041910436880e-01
-3.313841819998555316e-01
6.474883321247094647e-01
-3.397815859061141808e-01
2.299241620598453939e-01
9.219391260739023819e-01
6.679268783334807447e-01
7.784148235410760508e-01
7.856622108571339469e-01
2.210919243686302327e-01
7.321843654896202924e-01
3.050863623885141651e-02
9.397667048340369034e-01
8.263231223624641908e-01
7.991372576262080196e-01
1.882742002199169762e-01
-3.342994138554689076e-01
9.102005761176693577e-01
9.072181153536560405e-01
9.049461973136573301e-01
8.980283520203625747e-01
8.951930000847360125e-01
7.626731199425089702e-01
7.751084047389499299e-01
7.101449587862664059e-02
9.249024169706964171e-01
1.349679427044926383e-01
8.092446221668713191e-01
9.074300618096184934e-01
8.964709705252671412e-01
9.066800894509162712e-01
9.439564112093726811e-01
9.230494717303536767e-01
7.307295224768395325e-02
7.576353477465858077e-01
8.828095953099580617e-01
-2.781986576129903410e-01
2.511288207936902550e-01
9.118810137600457111e-01
9.098361935580909776e-01
-4.531039073359819369e-01
8.932858548554257760e-01
-3.563836293471681627e-01
-1.124561563972556605e-01
6.651048800474728129e-01
9.093468680642026181e-01
8.819754708784016684e-01
1.251023923501480839e-01
8.136668847533240490e-01
8.787533077533480341e-01
7.100563103418472410e-01
7.968265953802037282e-01
9.286553120166320952e-01
7.764740038732762528e-01
-1.930112620540977153e-01
9.195653174569244914e-01
7.445378465878796370e-02
-3.173563129460519328e-01
-4.426616984922065456e-01
-5.298268548477452072e-02
-1.511342256164759923e-01
7.660090332078099973e-01
7.936455824134486248e-01
9.336128475255394132e-01
1.979196619604932372e-03
8.758990900561859361e-01
1.013678004117457288e-01
-3.826639274977344796e-01
-2.395595715049100294e-01
7.911763546572513350e-01
8.827883889627141656e-01
-3.423219956028314415e-02
7.469345403316637322e-01
7.535391370986903592e-01
8.023973854723085442e-01
9.023613865015268631e-01
-4.008437270326221658e-01
8.251384491154487577e-01
7.302677523486602595e-01
8.022197885613381318e-01
7.442894102792626532e-01
8.378314850702105465e-01
-1.510332605426042418e-01
1.419735784625362485e-01
-4.231764082569351437e-01
-3.225675614112606948e-01
9.117851668520150499e-01
1.213929731228778619e-02
-3.372116946462671017e-01
-2.161536416893366508e-01
-4.474661921836156631e-01
-4.721112019931647530e-01
7.534394262708619117e-01
7.709849412573510641e-01
-9.596130160118518382e-02
6.294204614020133537e-01
-1.763330517421097393e-02
8.558071510199966037e-02
8.039324799412164158e-01
7.948415296308430911e-01
-4.682295301291088951e-01
1.291105055563703252e-01
9.403109261442147426e-01
1.580697177684900478e-01
8.727399234628955282e-01
7.433989959709323692e-02
-1.555528607044892875e-01
-3.153004030032658389e-01
7.709055066153751579e-01
8.810241237505747058e-01
-3.219193523809005253e-01
8.474358018128937964e-01
-1.293498119459408069e-01
-3.381784965337646942e-01
-3.722056170125342400e-01
8.583326130194698367e-01
2.336383265952539923e-01
-2.942677721510189581e-01
7.246257947635696972e-01
9.017596840168859984e-01
9.128532217087603762e-01
7.119725269828783842e-01
-3.110954370076008391e-01
8.142868550914739156e-01
-1.508357543989131133e-01
-5.180092698089665548e-01
-3.522838293417932531e-01
-1.608548372055437076e-02
-4.682911021052079681e-01
9.253126482155560328e-01
-1.721674949120624853e-01
1.555372860890925357e-01
9.300795206318099861e-01
7.899845637488107919e-02
-3.147686357752960129e-01
-2.828444896291156252e-01
9.118253374370006714e-01
1.082306114195768221e-01
-1.387051968223829979e-01
9.081383658671803305e-01
-2.726416063745827345e-01
-3.849715817409665730e-01
8.537804798908323889e-01
9.261760644558749700e-01
-3.445230109167968235e-01
5.729661363842954852e-02
7.474562061006041480e-01
6.335509831785435253e-01
-2.159799299112256654e-01
-7.847585591019702600e-02
9.478296663015378654e-01
3.761190163521632157e-01
-8.280392694028571032e-02
-2.551049306203223566e-01
7.211857854963359404e-01
9.296600207117640124e-01
-2.179047080043546858e-01
-2.662117425236352752e-01
-3.894022096329339266e-01
-2.229031387483894622e-01
2.353798172497239549e-01
-2.722794491894620639e-01
1.644044509407056043e-01
-3.360447541802554783e-01
9.396488622114851363e-01
8.973523527104667608e-01
1.008674302628635999e-01
-3.294931550491997374e-02
7.215754309393689336e-01
1.882821853293962511e-01
-3.693232027705251608e-01
8.231956543351744982e-01
9.218441712651250786e-01
2.170935653105564023e-01
8.197213758080446055e-01
8.934182287176618553e-01
-2.954262245230430683e-01
1.292265362465162132e-02
9.067985524689768928e-01
9.106828552318735337e-01
9.059424213155257144e-01
2.058372031104530875e-01
9.103211580032635197e-01
8.142454134713061897e-02
9.503754176817411636e-01
-1.921415165168533501e-01
3.440846709227862732e-01
4.456518607946016730e-02
7.279115709992428629e-01
-2.977758353234206262e-02
7.188898408671624551e-01
2.305047263766779597e-01
3.350866166497489806e-01
-3.357948258809799746e-01
-3.662312138571781617e-01
8.684383620940074044e-02
-4.734716987600092741e-01
9.011129142526586033e-01
-3.676069082536870813e-01
8.811470161055916517e-01
7.185881482023499522e-01
7.683575952237244877e-01
-3.289356970566689187e-01
-4.688914507469109649e-01
4.007237975791531903e-02
1.227942835579945609e-02
8.984876138575983440e-01
8.634018575685790120e-01
8.180502412859069761e-01
9.085731783829992247e-01
-3.455383498131358588e-01
8.978379222265572279e-01
6.918887209218514966e-01
-8.493217090884791487e-02
9.120959640246749656e-01
7.531047472978914525e-01
7.637517509981428532e-01
3.327805505613568027e-02
8.079115362458501037e-01
-2.591297187916238864e-01
-3.001269160459098945e-02
-4.117821410048017050e-01
8.788022976062102032e-01
9.107854146599986267e-01
7.830771503915729959e-01
9.189283842660354029e-01
-3.822464501998587005e-01
-3.134588976977893959e-01
9.030474384823090617e-01
-3.906701627198908011e-01
7.023278059794741957e-01
-3.522615581542357099e-01
8.548176407874360505e-01
-2.468517013856298403e-01
1.563911147636948273e-01
7.629496072941129858e-01
-3.546833348723472112e-01
-4.197456883573198461e-01
-3.685469212477588963e-01
-5.190693438849142138e-02
8.418228218876695479e-01
4.716262585413285024e-01
8.458088411851063526e-01
8.966214404700706408e-01
-1.043529303300654298e-01
9.167885382850032849e-01
-3.932042632973647978e-01
8.082576222179485570e-02
7.688154357691344698e-01
-2.096684313972514979e-01
-3.102169235080418086e-01
9.031118725243852952e-01
9.126487565548807579e-01
4.328821868832495590e-02
5.478857977628115439e-02
7.652487898421975743e-01
-7.374749879311243150e-02
7.954366908372099143e-01
9.093150257516056101e-01
-3.598584724715434002e-01
-3.682355104711815819e-01
9.394699256250111929e-01
8.464069610524067588e-01
8.514157636679499097e-01
8.593551614590172472e-02
1.368857973631288083e-01
-3.058554139788595139e-01
9.474995522770792711e-01
2.774326359839372480e-01
9.463519154039504722e-01
-3.474319448207890959e-01
-3.611920843181166130e-01
-3.363591806405213935e-01
2.858947125587786853e-01
7.551996148988561197e-01
-1.684646971433678697e-02
-2.576253962381200302e-01
7.647835075252379378e-01
7.107915105789648358e-01
