8.350456492850228951e-01
9.430676849336582235e-01
6.413892732920107864e-01
6.952400132305480707e-01
7.349888717900312507e-01
6.954885622945339296e-01
8.519284757266933905e-01
7.256509088548512842e-01
9.259718686525739706e-01
8.050787319687994215e-01
7.109051661906334862e-01
6.908498121013364468e-01
9.526842067060237174e-01
6.867757877274405232e-01
9.401128559245289784e-01
6.471494512443087821e-01
8.525534661115800050e-01
9.611887184821541474e-01
6.817001461820535457e-01
7.446010654785837346e-01
9.103278969164121381e-01
9.654594613341926923e-01
9.570416604072435884e-01
9.612940893818275878e-01
9.707084799578933332e-01
7.686245452689824953e-01
9.553351349400264203e-01
6.933440117841822570e-01
9.255016470879307011e-01
6.804933972166590239e-01
9.442841287318367582e-01
9.324890366438676192e-01
6.885233176093819019e-01
9.240436292041285249e-01
9.515667174547206564e-01
9.524704706392335130e-01
7.034137631538466273e-01
9.428082730529809830e-01
9.288250829976383294e-01
9.362263040929585944e-01
8.584592944976225937e-01
9.487581314853832382e-01
7.759692556477036929e-01
9.611801913998241353e-01
5.961615902205641415e-01
6.921289203576513893e-01
9.524582619714058174e-01
9.491446602758435436e-01
9.366175230164393017e-01
9.668774112371270046e-01
7.631771030534465483e-01
9.500150889284706412e-01
7.172631678448859738e-01
7.719302745860059378e-01
6.811393558090483857e-01
9.427852974133068553e-01
6.967172922195590257e-01
9.602112699544672614e-01
9.404740113390932521e-01
8.191308656670308608e-01
9.608072949896031556e-01
7.124943119119384605e-01
7.397723928829502693e-01
8.756813893407762173e-01
9.621545387751629930e-01
9.605256232544095996e-01
9.631878623216603152e-01
7.538236651774657959e-01
9.672099380045726669e-01
7.084800202875292108e-01
6.870568122972202652e-01
9.468362535792530510e-01
9.482385240795745407e-01
9.585323050842202708e-01
7.553327003158123443e-01
8.202291086120385710e-01
8.187771267137631259e-01
9.483119512882488555e-01
9.648263472012094111e-01
9.350275250252388926e-01
9.407618120593872479e-01
6.409820105217263198e-01
9.522352569903007602e-01
7.536738896384223008e-01
7.726859049469423368e-01
9.591078997569322251e-01
9.581629975066705551e-01
6.974149805164011617e-01
9.478728139194384505e-01
7.416640872156363695e-01
9.265431814874238725e-01
6.440677110750923084e-01
8.053801160635041256e-01
9.694353724612219114e-01
8.187643074993065095e-01
8.716109948104345806e-01
9.445396705181768882e-01
9.308519097602294678e-01
9.573898156343777499e-01
9.051238716707847853e-01
8.440733740773694871e-01
9.460650543776509824e-01
7.482360044371719754e-01
9.605053361465557549e-01
7.824259570217448889e-01
9.548349828939297623e-01
9.627609396132716935e-01
9.455676024992863971e-01
9.592932712128228179e-01
9.731342230172623786e-01
8.345178516337179442e-01
7.216056030884111516e-01
7.846188384045285069e-01
9.183831686559886798e-01
7.411406402391158554e-01
8.727654533662898562e-01
8.219732898270185606e-01
9.409542663019818676e-01
9.203263609483918195e-01
6.344447194952211877e-01
8.081351794542070976e-01
6.850421118525653608e-01
9.452472911006454259e-01
9.645263712976277493e-01
6.801566625260908605e-01
9.501589555156880751e-01
9.383692642917833560e-01
8.651214253284784661e-01
9.715723658544808128e-01
9.462873208070853304e-01
9.662955956627219400e-01
7.849447650244560926e-01
7.631537547851412473e-01
9.406374599586542207e-01
7.803346868498693967e-01
7.048905965888183633e-01
7.178023621548828004e-01
7.037164189152596006e-01
9.574445459055891394e-01
9.532717992916601712e-01
9.529886052487732684e-01
8.826985400389173453e-01
9.515835567213184465e-01
8.625778001668287231e-01
9.629525715397557750e-01
8.222532088425732466e-01
7.390658939581226106e-01
7.958225629601849427e-01
8.599133543120154322e-01
7.271010990897419646e-01
7.251413682153314832e-01
9.603163812126698229e-01
9.370021331916003060e-01
8.372980528129368993e-01
8.953210289154478474e-01
6.578852505648058457e-01
7.683739137436653710e-01
8.713789943169184538e-01
7.110862671133147961e-01
9.499090723975909256e-01
9.394564318994074181e-01
7.300345748838658055e-01
9.423585230760489484e-01
9.158152233953906762e-01
9.471731578951299024e-01
9.052740010744318999e-01
7.636525700359313440e-01
7.446020147157978997e-01
8.944232806590119988e-01
7.709460544627910750e-01
6.508912677074545350e-01
9.458337353275767523e-01
9.446672357070884374e-01
9.144838106896219232e-01
9.482668358682078136e-01
9.822754548019869691e-01
7.328441262920644128e-01
9.027046949632497874e-01
8.694156462034191568e-01
9.400488807333169383e-01
7.502300816856852794e-01
6.662681621430935897e-01
9.387423347746407520e-01
7.583384961903039123e-01
7.265652513381968269e-01
8.997435344277402436e-01
9.369308906220538136e-01
7.802845777181650622e-01
9.237076129206702735e-01
9.596829016429087034e-01
7.989597876470456717e-01
9.394650148172176696e-01
9.628430637936540304e-01
6.755416086503494011e-01
6.919755826308793267e-01
9.523152952288267414e-01
8.269620629577374427e-01
9.567993401332111070e-01
8.674635621215095460e-01
9.354444434462049207e-01
7.446796941577262796e-01
9.124494966933021090e-01
9.129195543309304162e-01
8.186156782349653938e-01
9.624054020578372004e-01
9.583901667103672528e-01
9.562859014985536366e-01
8.107419731226283011e-01
9.595047500989482003e-01
7.013609293024307689e-01
9.535161014785860090e-01
9.432938424678566358e-01
9.331021561311709789e-01
6.898319912226393846e-01
9.724783990634295883e-01
9.419926401768328184e-01
7.222550350388901030e-01
9.623432452228497525e-01
7.759601424781206180e-01
9.111199636476832175e-01
9.298778911892050525e-01
9.562048604805719609e-01
9.311412788621830083e-01
9.262532039651011351e-01
9.328669389406579748e-01
9.607605922453603675e-01
8.793640233575545917e-01
9.624819670585534892e-01
9.769837070221664144e-01
7.488904000395986138e-01
9.513483332259260461e-01
6.816890676597995302e-01
9.551999728267150935e-01
9.614898187058951162e-01
9.700815692430022619e-01
9.666539853631570534e-01
9.707926650301039739e-01
8.889213663455841630e-01
8.506031758330545589e-01
9.210159322801023674e-01
9.520103096366999695e-01
9.662292923251147858e-01
9.618108942671106387e-01
7.322043264350193148e-01
8.175125412662574975e-01
8.725959556568403386e-01
6.145564145952471247e-01
6.766868088111434032e-01
9.653835024942685195e-01
9.498108477202207300e-01
6.992588074041132806e-01
9.395997120751380383e-01
9.364080675241410745e-01
7.904397849201028059e-01
8.925738653666279721e-01
9.031336848019759778e-01
9.052623195809549328e-01
6.855178753175469319e-01
7.549689404326538344e-01
8.901571343660689140e-01
7.255296868155038936e-01
6.406759435304686390e-01
6.978267321152742397e-01
7.331519114821430927e-01
9.380184128954316414e-01
7.589886145825991415e-01
8.742902970339822000e-01
9.433312361373942245e-01
7.098751864818496626e-01
9.738256469449066977e-01
9.252131343948112319e-01
9.604885243283132201e-01
7.165801748869132792e-01
9.683309985645751627e-01
9.429069581846073467e-01
7.572063999158779035e-01
9.355038475731000114e-01
9.395698841710938831e-01
8.081412687755007429e-01
9.405178514677181578e-01
7.043751612168462906e-01
6.623459550742571977e-01
9.663876778937999790e-01
8.013894730704984593e-01
6.393573747348850755e-01
9.219394587253539886e-01
9.268123168788234834e-01
9.539398733091668525e-01
9.527344682727457714e-01
9.622572383834103737e-01
8.190732082803937608e-01
9.385117020175632874e-01
7.182976251337159779e-01
9.401919473868007859e-01
7.081404453575563807e-01
9.483625321744321157e-01
6.933318314827821016e-01
9.550111866092436674e-01
9.157616712878768883e-01
6.867613312982432383e-01
