5.519546625805377138e-02
-3.415041049789721006e-01
-4.443795659145509114e-01
-4.776638111660644892e-01
-5.828511919314334211e-01
-5.206143862079882778e-01
-4.561567974811960857e-01
-7.654594553108377830e-02
-4.360683717708121465e-01
2.758151217821188106e-01
-4.767101050520032302e-01
-1.617756018836072895e-01
-3.167673547190879568e-01
-4.732553945043632138e-01
-3.215473848892113073e-01
6.689355871733040915e-02
-1.428693612271176028e-01
-4.664027012101948921e-01
-4.607347420606372479e-01
2.791372626702998128e-02
-2.893809842220647077e-01
-6.634790965550259323e-03
-4.885489395248200362e-01
-4.998282417699425606e-01
-1.721808776812466801e-02
-4.269862768497085792e-01
-4.578293198379230211e-01
-3.401498678315894031e-01
-1.342813919124106747e-01
-3.808500300804741334e-01
1.089693012978407982e-01
-5.009397688091981049e-01
-4.863261756186428864e-01
-5.590287431235213544e-03
-4.510428447920806216e-01
-5.212423557546090880e-01
-2.966885960623851792e-01
-3.920767774916658621e-01
-2.141147082415688629e-01
8.799039318678827937e-04
-7.893041147460971851e-02
-1.392464940697025200e-01
-3.957748286886527689e-01
-5.461945236912889579e-01
3.949967341047032343e-02
-1.490234967884661588e-01
-5.799679410479904318e-01
-4.997994705604883459e-01
-4.690157832932581039e-01
-4.378272531725659333e-01
-4.759605153182414616e-01
-4.389564128312504199e-01
-2.307885332268019285e-01
-2.478286709088854400e-01
1.096093155573185235e-01
-4.564273384130688171e-01
-5.030492695337835940e-01
-5.203574943553904708e-01
-4.161242449145190481e-01
-2.635837935897930029e-01
-5.059440829813161011e-01
-3.446049640488987875e-01
-4.871682166316528839e-01
-7.735911314525933946e-02
7.922114716180048144e-02
1.462263711698683355e-01
-2.991705852020031253e-01
-4.088922871496853961e-01
-4.451652400916529806e-01
-4.831673025384711773e-01
-4.862940161990387811e-01
-4.238624867992150103e-01
6.857150296359353081e-03
-1.405705117085055411e-01
2.545358447094401427e-02
-3.523732523458977806e-01
-5.801466407215959409e-01
-4.625428804444213782e-01
-4.532519008750751088e-01
-4.340898969297847243e-01
-2.942266047909744553e-03
1.245406794985002286e-01
-2.429763121492729550e-01
-4.508338574829365841e-01
-5.011105079048073785e-01
1.506102971692710457e-02
5.933815498957108192e-02
-5.436690059413149534e-01
-4.567858184396126897e-01
3.780985612051344924e-02
-1.748373921378332807e-01
-4.352613342193995538e-01
-1.272498659831555745e-01
1.666079719899003497e-01
-3.296779719527587194e-01
-1.719311986439469031e-01
-3.164718089146073554e-01
-4.223192802744936136e-01
-5.143266420858143562e-01
-3.901967470898242696e-01
-2.500237881977889209e-01
-5.455594379297344920e-01
-4.307432885949769030e-01
-5.125658941630096832e-01
7.351590814947989161e-03
9.691576411353558518e-02
-4.092152215440274521e-01
-5.471904581441054960e-01
-4.691882414641959098e-01
4.986052396279033044e-02
-5.278992829368239770e-01
-3.816710046235110010e-01
-7.036171334214161299e-02
-1.474685143546720228e-02
-3.928392193427405199e-01
-4.634443646689904717e-01
-4.752531174188531216e-01
8.984245806735169371e-02
-5.206282809148820023e-01
-5.357503341954634735e-01
-2.923268009577221771e-01
-7.011568096925091531e-02
-3.610271721671946543e-01
-4.081543335934734174e-01
-4.975950257831857071e-01
-3.922526258683169953e-01
-2.652387835836929608e-01
-2.255728212665051857e-01
-4.804694727497950679e-01
-4.481552840206347588e-01
-5.565040999093284757e-01
-4.415042952174275115e-01
-3.161169914317923935e-01
-1.831811190828702141e-01
-1.564267839471424060e-02
-4.324754441332272492e-01
5.525042278873130985e-02
1.394723354124999815e-01
-2.418328351606001125e-01
-6.136664565541115335e-02
-5.116955980033685014e-01
-4.961826662947131372e-01
-4.332122836599484883e-03
-4.577389136105507461e-01
1.286220271984704622e-01
-4.236304611558736610e-01
-4.624511779757266572e-01
4.577314425768686662e-02
-2.004880993050203175e-01
-4.382628720638988562e-01
5.296940440830209818e-02
-3.826289832523503964e-01
-4.558924259607473051e-01
-4.616327323678941497e-01
-2.675723112454386765e-01
-4.902363380230464474e-01
-1.773533907863272807e-01
-4.423289405432180854e-01
-4.320631383963637329e-01
-1.610086624712142311e-01
-5.663645591012484992e-01
6.622411072156332568e-02
-1.266484600082318224e-02
-8.908096079242647236e-02
6.294983351774023628e-02
-1.634511490841759063e-01
-5.052653873679043006e-02
-1.109778183731135320e-02
-4.471122366895664557e-01
-2.522544253270297965e-02
1.033363032188851366e-01
4.364469262051428461e-02
-4.370059136307828940e-01
6.978518536382316562e-02
-4.462554576023981534e-01
-4.119020431721574504e-01
-4.834575749466668015e-01
-4.867239747668689054e-01
-2.015532103532588215e-01
-1.587760028235160603e-01
-5.296997100030632621e-01
-5.197133927716830470e-01
-1.027193281443258832e-02
-4.034951791550309697e-01
-3.167049081253590637e-01
-4.689372750523151945e-01
-4.021669520405968812e-01
-1.256992403280095816e-01
-6.075220224989700407e-02
-3.492817806744357156e-01
-5.019256566316135926e-01
1.629365933525115384e-01
-4.793858743437268144e-01
-4.206999558314083315e-02
-3.378003030643650373e-01
-5.435075119047054759e-01
-5.050721113285467911e-01
-1.940341378530564820e-02
-3.409876736660015784e-01
2.056204811178277692e-02
1.221975241089601205e-01
-4.692749694040651565e-01
-4.444259119073454833e-01
-2.949254434430866878e-01
1.602110967451775281e-01
-3.844035606520781467e-01
1.828198669509514818e-02
-4.980490415209464783e-01
-4.678309296426214625e-01
-4.365395142191318967e-01
-5.315341251091619812e-01
-4.545353801249249481e-01
-5.375615487160743111e-01
-4.680135307687777746e-01
-4.563971380886990281e-01
-5.052480749234485868e-01
-5.237994284193474570e-01
-4.606667865856318711e-01
-5.056188339821698907e-01
-4.611813722891897060e-01
-1.824935244013135283e-01
-2.824943783878503534e-01
-4.297644296469668723e-01
-4.795782235066976540e-01
-4.798952271659336910e-01
-3.608520315549854640e-01
1.314438133388586560e-01
-5.400908382491345083e-01
-5.126859969847361587e-01
1.652361897314247319e-02
-8.431254468524448931e-02
5.264876261565726301e-02
5.833753530627178163e-03
-4.963542653799687399e-01
-5.353959378494180799e-01
2.414790048514836585e-02
-3.672356402185219526e-01
-6.915571041019819010e-02
-4.324533754569784838e-01
-5.717063703736746660e-01
-5.914325009523850596e-02
-4.647132068166288654e-01
-5.230429814241095432e-01
-1.380920649760775110e-01
3.131195088744416488e-02
-4.519446508763894643e-01
7.021103478805962306e-02
-5.025624124848618868e-01
-9.182162608562793871e-02
-1.437436744701262314e-01
5.838671389413884610e-02
-3.614323111086192863e-01
-5.570031599425219193e-01
-1.708443942886029437e-02
9.631138346221329583e-02
-4.251174917027350508e-01
-3.731089760802536182e-01
-5.062557979770946348e-01
8.052598828776597051e-02
-3.790499855366614712e-01
-2.710989744356083753e-01
-4.547410472633178213e-01
-4.782743551847621344e-01
-4.398953253155291621e-01
-4.656151287914830905e-01
-5.174538539526593039e-01
-1.825019519818975033e-01
-3.703262486920462226e-01
-3.307815417772420052e-01
-5.176720398559117031e-01
-5.952655116705448668e-01
-3.800472044583968478e-01
-4.471565870887710958e-01
-4.496384254029896499e-01
1.242581506628366306e-01
-4.912158221475650954e-01
-4.330854047725262168e-01
-4.330464494014769072e-01
-4.841507071632082937e-01
5.497165096914551768e-02
-4.880662575326072394e-01
1.268351323820820220e-01
2.679718309472485516e-02
-4.158142854560790136e-01
-9.194353670166716119e-02
2.036542797380977432e-02
-4.303535097343165750e-01
-3.632655571789210613e-01
-5.061568378519127887e-01
-4.632641684414103289e-01
-5.201285145934504417e-01
-4.956074869439995312e-01
-3.996579240817798584e-01
-4.971018317786579654e-01
-1.533488507954255120e-01
-3.324131863088636285e-02
-1.141683119168961091e-02
-2.738389256248439096e-01
-4.942157062061527939e-01
-4.948420503762823164e-01
