-4.551522013919834797e-01
-2.702751641353840495e-01
4.299365947964795681e-02
4.121768171502663280e-01
1.662567732473654858e-01
-4.099984432972912374e-01
-3.843507289090563606e-01
1.767469141203987515e-01
-1.449660321199627289e-01
-3.710803508318035182e-01
7.530605052098840457e-02
-3.138571347383295462e-01
5.926938938078610275e-02
-2.220557452806978804e-01
-4.057684648782446946e-01
-1.321822774998691191e-02
2.971405752233601261e-01
-3.132215217053073708e-01
2.686316777776888709e-01
-2.533146896908222701e-01
-1.911943339708884193e-01
8.014007179112218188e-03
-6.300769504135541807e-03
2.880421065420618043e-01
-3.076487469701447708e-01
-3.113151231009404496e-01
-4.023083235566403681e-01
2.290553763484524941e-01
-3.490689493112512642e-01
-3.827483262583746826e-01
-2.698371499675185636e-01
-4.036487329737581953e-01
-4.217368805982514846e-01
-2.066147766882094755e-02
-2.094163921980595755e-01
-2.652516991391709600e-01
1.435968306623980062e-01
-2.759360363687331508e-01
-4.801216845189022059e-02
-4.172286580217635099e-01
1.943240734711389195e-01
-4.097958787292335092e-01
1.102798992609833051e-01
1.759942481347661347e-01
3.654687229810441584e-01
-3.516598672973259565e-01
-2.584922083208943677e-01
-4.303801225754764204e-01
-2.200259396570339032e-01
-1.352006054105757138e-01
-3.954139469149191566e-01
-4.696143804023112933e-01
-2.615165341128759535e-01
4.076162681964791423e-03
-4.219196262549852472e-01
-3.461260797860964827e-02
-3.863416736689177511e-01
2.218472697235224222e-01
-2.201591337464325338e-01
-2.909433301850121723e-01
1.636215513919287989e-01
-4.210916475068509079e-01
3.904029465233799928e-02
-4.168258484543633791e-01
-4.804044638583974680e-01
-1.611544385955696046e-02
2.158841915943024992e-01
-4.832053539612694015e-01
-2.557613635927974971e-01
-2.289333408707399098e-01
-2.393827777201884555e-02
-4.449343928569405304e-01
-2.590585304464667615e-01
-7.287239309770753015e-02
2.664044412407012494e-02
-2.189841807923595951e-01
-2.623066465261473246e-01
-4.801429126769403699e-01
1.947829061290912711e-01
2.027828075718203782e-01
-2.780216086684429988e-01
8.256939273704997501e-03
8.817212710426312883e-02
-4.374632183917804285e-01
-3.496452242399405441e-01
-3.984261490780569709e-02
-2.810175341864251664e-01
7.776613221800623976e-02
-2.340270111153701649e-01
2.058655487046419374e-01
3.154657466875630534e-01
-1.200735818339260796e-01
1.041622780750381394e-02
-3.276434996286157753e-01
1.046825604249381481e-01
-4.008643821861676004e-01
9.834569621346611612e-02
2.103069113089088837e-01
-1.644223814139162410e-01
-1.779649969448793834e-01
4.120445888438040161e-01
2.407891230979221364e-02
-4.138199802501893454e-01
1.610768187992781333e-02
-1.992739424804635118e-01
2.052718379710863628e-01
1.062192836142656499e-01
-2.280720059712525727e-01
4.934635477335479192e-02
-3.093034239726458190e-01
-1.402456861490341544e-01
-4.329832878041368072e-01
-2.965544633648483641e-01
7.237164548783182882e-02
2.850302002709049348e-02
1.158317131149829288e-01
-3.666402823182599024e-01
-4.019053845014098347e-01
-7.991627028176126468e-02
-3.321099747818667680e-01
-4.173890073416766100e-01
3.578881048973185375e-01
-2.443834234612947687e-01
-2.540977495495289062e-01
3.624025060124385633e-01
-4.543911127462878508e-01
-4.780725318793908885e-02
-1.989024054360774840e-01
-1.470631017256270601e-01
1.341156956247788884e-02
-2.499048777471558069e-01
1.001152054665595953e-01
-2.639385415542123137e-01
-1.412434393972958058e-01
2.066060334057763237e-01
4.666669120300882129e-03
-3.382768680959271079e-01
-4.605237573492013681e-01
-1.071596564350393577e-01
-3.887968925024198885e-01
-1.801405699038904074e-01
-9.536235295505762766e-02
-3.939661811963960369e-01
-4.150741706617815940e-01
-1.119689643242187671e-01
-4.375969718137182607e-01
-3.825185403520405814e-01
-8.994644242178406746e-02
3.807555564901057843e-01
-1.034943313278228055e-01
-3.341225526724200812e-01
-4.650686567326612897e-01
-3.876837182586301833e-01
1.692613913335771769e-01
-1.242902647168900171e-01
-4.170407945055849552e-01
1.428005412969712562e-01
1.177466719357536801e-01
-8.192271783243698646e-02
-4.106811754193284703e-01
7.768784506798154244e-02
-4.178997619364370752e-01
1.852321938367089416e-01
-1.661595372779807178e-01
-8.944251555136738252e-02
-4.033898086290380602e-01
1.637476703149856327e-01
-4.658845185650386522e-01
6.589343284674850643e-02
-4.967813139468093067e-03
2.229257410949970208e-01
-1.892679802759868884e-02
-3.610387500077848477e-01
1.167571566995560667e-01
1.014790970857304686e-01
2.393382296107246232e-01
-7.461251009717680127e-03
1.156343663692975948e-01
1.367753159703033461e-01
1.080434503456816631e-01
-1.063715102232339338e-01
-4.052957307657841790e-01
6.905016468751873360e-02
-3.317784026784135337e-02
-3.525327722180494616e-01
-3.051919242370970120e-01
2.923354878334128992e-01
9.479668750064750016e-02
-3.280277918827968486e-01
2.269250236995544734e-01
-1.804666071201918853e-01
1.705119800757488868e-01
-3.794770119094258154e-02
-4.152648693595627494e-01
-3.050783561712178682e-01
-1.142285497487713908e-01
-4.212679860319817338e-01
-2.595398034808186760e-01
1.469889358787672962e-01
-1.297069399713304261e-01
1.889883369308611449e-01
-1.218048220537620296e-01
-2.601634857589635308e-01
2.391830616114962171e-01
-3.714776064345728379e-01
-3.784945945291710578e-01
-4.401860146924440609e-01
-3.646579933975169774e-01
1.471092339805561700e-01
2.021283973896016994e-01
1.398375714377352863e-01
2.697406766262308575e-01
-3.316126771318805844e-01
1.982925921159480465e-01
4.070976664570207654e-02
3.838535613885212805e-01
9.947039912433461306e-02
1.506400391285015183e-01
-3.943903826911637212e-01
9.136775760081029818e-02
2.682890716397122732e-01
8.846350247537046463e-02
1.703041867093283562e-02
-2.723992920643919513e-01
3.317579790445401855e-01
-2.732515394283339116e-01
-2.394122650487106041e-01
-4.143290605557086725e-01
-4.195046731134731144e-01
1.372546788524234007e-01
-4.240627416401425709e-01
-4.881504345106046916e-01
-9.440653717823729862e-02
1.159903302185663621e-01
-7.094306981784651023e-02
2.064018899407528418e-01
3.241813910515882746e-01
-1.826658894534134159e-01
-2.920099992979779402e-01
2.228403051118108824e-01
2.033058288682328962e-01
1.584583666610365760e-01
2.492715337042014992e-02
2.317632376915576831e-01
1.457847489501699900e-01
-2.117678179043282205e-01
1.120751057832340969e-01
-4.083579274456318187e-01
2.167330149351239521e-01
-1.828721603071809532e-01
-2.545564777235461706e-01
-1.820449177941645680e-01
9.934816649785038756e-02
-3.363867116498259757e-01
2.199876399642391456e-01
-4.714465429922110595e-01
-1.242952380617707089e-02
-3.163702004281900293e-01
-2.073889354624144921e-02
2.580753637106324438e-01
3.458682592102084730e-01
-2.715154462787924827e-01
3.389230089537200591e-03
-1.559366538450939754e-01
-2.966172893282892353e-01
2.486789875096941660e-01
-1.447053716078659236e-01
-1.442417104709282083e-01
-4.600139734030828098e-01
-1.504397392501757857e-01
4.584309769728085460e-01
7.415047610043654092e-02
1.426500154159845712e-01
3.243146135341188341e-01
3.055209821152306549e-01
1.522060605593753002e-01
-2.825550709895842047e-02
-2.554541378034452109e-02
-3.850633356314816513e-01
-4.452080222137828613e-01
1.557627561468585276e-01
-4.484752781527794330e-01
9.698169636347829525e-02
2.075492936545022538e-01
9.717123740678172694e-03
-2.746745753171505600e-01
-1.716398724356761954e-02
4.444656482271968634e-01
1.166384609674399053e-01
2.500258070030599369e-02
1.626193123551736563e-01
-4.007611089320865516e-01
-6.563929134794602160e-02
-9.866639107230792960e-02
1.967915947906562213e-01
1.180022449394829559e-01
4.322569112967819538e-02
-3.679303462836352456e-01
3.383647574758277266e-01
-2.478922147691503819e-01
