-4.726491434359456068e-01
-9.133480779551204909e-02
-4.726622977822433347e-01
1.689385097202413255e-01
7.775662751420264751e-02
-9.756053402693840026e-02
-3.186078134410699758e-01
-3.749658259305737457e-02
-4.116971029427349826e-01
-7.094454992999442433e-02
1.426546574452264848e-01
2.613286597514768994e-01
-4.665403992361069063e-01
-3.870241832181889330e-02
-3.766668333644892508e-01
-3.248409643834418437e-01
-4.517913187386778384e-01
-4.194494641447236716e-01
2.839952352531324026e-02
3.311274377125267981e-02
-4.593147217459486731e-01
-8.584832235149958413e-02
7.022877744384606324e-04
2.787324258737295390e-01
-3.707409105617336387e-01
1.251590544311569353e-01
2.006279279457369724e-01
-9.255871761718653667e-02
8.985220466787363636e-02
1.256886891646792348e-01
3.889036911478432890e-03
-3.535539575956705288e-02
-2.424206110198854902e-01
-4.803965192880340629e-01
1.129228925420594359e-01
-4.668164255012287600e-01
1.804668333907151478e-01
1.859000417707172836e-01
-3.647208362383309033e-01
-4.278506599036201452e-01
1.246944644260692958e-01
-4.584048333823327881e-01
1.064838582859842925e-01
5.111656995788756153e-02
-5.846826138922951721e-02
-4.205721999372808440e-01
8.612651548524946632e-02
2.231673870702388096e-01
-3.847002145638106496e-01
-2.971978560783757745e-02
-7.176164475523114442e-03
-2.577969414277204718e-01
-8.979563979675114771e-04
3.299586802748728787e-03
-3.808685858093973087e-01
1.578584763973961066e-02
-1.139577518540138557e-01
5.426778903439607310e-02
-4.401841205332031048e-01
1.738825990357452944e-01
-5.993451384437612633e-02
-1.412674374274231481e-01
1.264906887566049909e-01
1.859680741780450064e-01
-3.062443656888907406e-01
1.358022142277118538e-01
-4.465676690995427078e-01
-4.553751133681642749e-01
-2.477007935975443498e-01
1.008232936793574397e-01
-4.696170200627063918e-01
-4.089747645479445137e-01
-4.932836355420690544e-01
2.017918565380537044e-01
1.765351594674794411e-01
6.080628848220927946e-02
6.669449066931855408e-02
-4.388626557560033614e-01
3.158479097264513258e-02
-4.276815097538971822e-01
-2.694014840929984667e-01
-5.189252446349097436e-01
-4.475739089446955643e-01
7.284705657964393732e-02
1.675954681294939963e-01
2.352462734263799371e-01
-4.153146015968698923e-01
-4.571221020478677954e-01
-3.852425468455585866e-01
-2.570773136275985582e-01
-4.483485764232671977e-01
-1.363324048601142480e-01
-4.567183801201932791e-01
-4.936109967392290354e-01
4.531138615240715845e-02
-3.833331501111184036e-01
1.684050632348074450e-01
-1.278219097568521478e-01
-1.657860977870651009e-02
1.673792394597859168e-01
-4.377122652544702119e-01
3.541179139988214625e-02
-7.535544535244480258e-02
-4.740765888059537692e-01
-4.814232242360343417e-01
-3.320223604295357012e-01
1.531019788452782915e-01
-4.338396500701981462e-01
6.112341928765543941e-02
-4.089558509610877746e-01
1.291612528422721173e-01
-3.943542525548596744e-01
-2.083926591513467555e-02
-9.705398822985687735e-02
2.020114927276616401e-01
9.131532090678974589e-02
-7.133936905513123261e-02
-4.478140689913694406e-01
-3.287963359848577460e-01
-2.438853932436003263e-02
8.584546522318128869e-02
2.085490576708960431e-01
-5.888299676545867556e-02
-4.576339339121189287e-01
-4.487349081159353048e-01
-3.575400175476153297e-01
4.069302137433929156e-03
-9.744047548544226833e-02
3.702440059489137125e-04
1.250099262082965679e-01
-4.102414305021889751e-01
-4.306762782268660494e-01
-4.290602329007773275e-01
-1.767131427533137622e-02
-4.355688777059779637e-01
-1.161633447976398170e-01
8.093998577371663838e-02
1.928665098243342035e-01
-4.199217430219616132e-01
-3.770706428912636299e-01
-2.670838243984925975e-01
9.548606620238984932e-02
-3.716283685247773194e-01
5.355254466516168321e-02
-4.489866187018671795e-01
-4.679426261158533551e-01
-4.755998411482539878e-01
2.983049474173388171e-01
-4.478069989161121423e-01
-3.920567969684549126e-01
4.402545828790076221e-02
-3.845251503523997028e-01
-1.162927623459830972e-01
4.989382083159091957e-02
2.305571024964241655e-01
2.010936091986220142e-01
-4.059300178441028750e-01
2.966727769724976649e-01
-2.854094014630179643e-01
-3.664298344068205315e-01
-3.126253843665528082e-02
-2.379252527027186925e-01
1.601893239473699271e-02
1.863665363272922204e-01
-5.287348226032171500e-02
1.960391634046563802e-01
-4.384758316253593025e-01
2.741961323650772275e-01
-5.013792084463628562e-01
-3.945529812562390548e-01
-2.709639044854285084e-01
-2.978318318232826556e-01
-4.245543851986335326e-01
1.989302814746325421e-01
-4.674946499727243299e-01
-3.026269493326218252e-03
2.288297679033999832e-01
-4.722581571087056673e-01
1.377161441806445258e-02
3.242123520858006952e-02
1.250667142600007942e-01
-4.250540858913576248e-01
-3.437786700626380143e-01
-4.149780743919885828e-01
-4.010054233912819788e-01
-4.084162705150443107e-01
-5.063272160598638605e-01
9.957715199150893315e-02
1.099506720759497597e-01
1.845659675811049116e-01
1.588084810451755591e-01
-4.689492046510726486e-01
8.524958373379215582e-02
-5.010543831608702536e-01
6.577414298096298517e-02
2.545989991604706917e-02
-6.268320331804758117e-03
-4.821327481939151616e-01
4.455497332838985469e-02
-2.781975036050166050e-01
-2.384147517265243210e-01
-6.175865593357652422e-02
9.937142308334719065e-02
-4.507967269621248052e-01
-5.218008032487985171e-01
-1.435983823641016066e-01
4.398993017792973692e-02
6.947521795236411002e-02
2.283482347529808831e-01
-4.454668197650556438e-01
-4.314309278410386472e-01
-4.424725503043370756e-01
-4.194447239421622564e-01
9.460306910447933981e-02
-4.925859252255304632e-01
-2.163434806621185591e-01
-6.113849658680207966e-02
-6.399188542226219578e-02
1.187412059213710097e-01
2.513615137455682547e-01
-2.248199534385257603e-03
-4.523792674298086625e-01
-3.750069645771760274e-01
-7.136091459892218714e-03
-4.603714861767735922e-01
-4.280022714511056425e-01
1.461203695177074047e-01
1.080081968409063314e-01
1.474172675054302439e-01
1.039338888985857218e-02
1.632630319567740518e-01
1.063816350127282651e-01
-3.742087324246363700e-01
2.399446831000213998e-02
7.944007314075589299e-02
-4.755001521273378301e-02
-5.012892116875058424e-01
9.669842978867095040e-02
-2.797182093388411728e-01
-4.191514382452777299e-01
-4.428807536257598487e-01
-4.289092994262676539e-01
1.777654814185659904e-01
-4.784361866097725652e-03
1.028808267836765766e-01
-2.636306101760106380e-01
-4.237134764775604134e-01
-3.413769652780193620e-02
-3.121952812295880619e-01
-4.528923380262672715e-01
-2.346550659549364315e-01
1.781147541491731601e-01
1.866328666376513012e-01
-3.455344012017855793e-01
-1.876624570132200687e-01
-4.357267275101905923e-01
-4.419103768290743584e-01
-1.033105376449401994e-02
-4.325216693494144948e-01
8.100440696380090122e-02
-9.052177449744919224e-02
-4.272072877986179407e-01
-1.239259776469801705e-01
2.080362738781155879e-02
-6.369714133970133529e-02
2.570752429647730208e-01
-3.894872540645106240e-01
-4.595068357135471959e-02
-9.735899663376954005e-02
6.825659579519363640e-02
-3.774089392640426199e-01
1.324084541224503364e-01
-4.184591270381406436e-01
4.855779889506656871e-02
-3.793258643248526019e-01
5.469095936049045426e-02
-6.370009422508475516e-02
2.728735275278721395e-01
-2.850430360795550705e-02
-4.470129001319202988e-01
-8.403617947912078723e-02
-4.213235564997652727e-01
-8.376769392755813171e-02
1.635013425219936645e-01
1.398789274008458150e-01
1.172746490505806038e-01
-4.593638125434921227e-01
-3.534352865741460237e-01
-4.049357561528796889e-01
-4.107069294204781507e-01
3.307669097252291524e-01
2.627937254917799836e-01
2.700906963784627940e-03
-4.405093401472045533e-01
1.698504871114088488e-02
1.127686332469918506e-01
-4.225911671652388124e-01
-4.532697518630792177e-01
-3.281236815173985133e-01
-4.036160925776269282e-01
