8.547007186075703533e-01
6.848092821337951053e-01
9.365539164462783894e-01
9.362356400447431337e-01
6.603824227839146799e-01
6.909904714671474268e-01
9.602221371739683153e-01
6.601350122068977422e-01
9.314425558330214905e-01
9.434530779962722047e-01
9.490542399712418309e-01
7.207510553266218700e-01
8.053166719484274871e-01
6.705524803049272009e-01
6.260797283616006403e-01
9.436818563110389579e-01
8.993613394893248403e-01
9.270491641255612647e-01
9.503535160128627757e-01
6.957305379775422516e-01
6.714786276859272540e-01
9.192991982950747820e-01
8.673499341071870816e-01
9.313155064132432326e-01
9.574989183641584578e-01
8.633446013606858038e-01
7.325379681890809014e-01
6.054936269943920202e-01
8.845858858728028462e-01
6.928010339099285320e-01
9.152879708900545364e-01
9.118244106350461564e-01
8.130420418289822093e-01
8.009962970717076081e-01
9.343366911886052950e-01
8.417520161276197399e-01
9.090713087299446826e-01
9.197843291694034473e-01
9.485978576926988870e-01
6.018444603698831497e-01
7.047189362275059210e-01
6.681462464723186834e-01
7.073211676967401385e-01
7.390138743714602665e-01
6.806599422446207859e-01
6.422811045295113708e-01
8.781115414577294054e-01
8.162064172367347048e-01
8.870310219826900155e-01
6.087084241500761994e-01
6.644962364840842906e-01
7.235281278143805839e-01
9.492188645332393371e-01
7.168794973942600457e-01
6.624017806998605540e-01
8.608703289497035005e-01
6.992108315223142245e-01
8.170307061325341458e-01
5.765405686305249411e-01
9.449787638726226957e-01
9.299908051846440538e-01
7.338574971475392283e-01
7.655162199664808931e-01
7.231784027162995176e-01
8.288309385265476559e-01
7.195581065218512595e-01
8.886803575142216971e-01
9.412721043485707817e-01
9.440713212767187779e-01
7.752491498509487267e-01
8.117555268367843135e-01
6.403857667122050401e-01
6.609856919662719932e-01
7.687876592318548807e-01
9.361049802490075677e-01
6.818441623759723402e-01
9.547628537016482619e-01
8.046993988739643555e-01
7.315273716786836466e-01
7.892250435251384477e-01
6.498729351741223681e-01
7.080494974959599119e-01
8.968899180842534458e-01
6.788402059834834912e-01
8.559857944916093864e-01
6.036535332774961571e-01
8.669508577285967021e-01
7.073461064491933792e-01
7.078008451228565701e-01
6.643963575254697718e-01
7.543587085155528671e-01
7.704669928802353462e-01
7.074919481155729217e-01
7.053007131489226200e-01
9.498699146872116028e-01
9.443821822652793685e-01
9.584504101689470534e-01
9.414675929104729946e-01
9.460028451371160774e-01
9.445204522076382503e-01
7.357788299257942422e-01
6.370651117734930091e-01
9.599579057133391657e-01
6.764400401594942158e-01
7.509214585204906367e-01
7.823669969647709665e-01
6.201962466830848175e-01
9.029489784443796019e-01
6.299048054259384077e-01
7.444193840806587747e-01
9.561184266600817327e-01
9.514821935472439485e-01
5.099997937562990025e-01
7.479919474262751722e-01
8.463368429909463586e-01
9.303857563138167031e-01
6.767063045278405298e-01
9.143214057379667192e-01
6.268696409167426875e-01
7.817351771188703058e-01
6.704493142631237079e-01
6.760644998421212470e-01
8.160772480798015316e-01
6.388082496984863745e-01
9.555025867154895991e-01
8.459483522183707249e-01
7.158738625792732124e-01
6.561977119466424480e-01
9.286261242236744096e-01
6.483970268034094930e-01
6.116773803527671971e-01
7.176563266586043488e-01
9.010268144296642578e-01
6.789419536368052066e-01
7.788243098292714217e-01
9.053580603563949891e-01
9.357763935793697030e-01
6.263361379648926253e-01
9.151226063048952808e-01
8.446471136320004014e-01
5.276134885133211272e-01
6.561889086437708851e-01
6.001443108653666814e-01
6.628618243730646231e-01
6.620949404701044205e-01
5.982935795864268158e-01
7.969864633889217620e-01
9.182948734800437940e-01
7.621792253875747658e-01
7.848472716117930181e-01
9.157568863750422672e-01
7.416925236156345358e-01
6.095763128741626957e-01
7.921795592303183531e-01
7.828691101757101478e-01
7.230917218792831669e-01
8.528580995297321277e-01
9.517714932726375476e-01
6.419115062877089883e-01
8.446165939490216656e-01
9.458421205309495150e-01
8.175307075521877076e-01
7.301849326650878824e-01
9.501005920143480443e-01
6.661017018421429015e-01
9.424346668572860519e-01
8.011366478510622002e-01
9.374274350024041080e-01
9.372356477084835547e-01
9.373032593595265194e-01
5.300220481474321454e-01
9.440866859992425031e-01
7.084327086061517065e-01
9.504796232561978364e-01
8.722762777099033471e-01
9.574479383994838333e-01
6.064195043793343398e-01
9.391018516914635406e-01
6.320854711140110327e-01
9.375948186678202401e-01
9.183685774469191321e-01
7.932319949799967462e-01
8.189355917185772160e-01
8.980257518144784123e-01
7.395098989942352485e-01
8.665358706756083329e-01
9.311678829142350233e-01
6.633142164254096640e-01
9.457244616713148533e-01
6.783754717989073368e-01
5.804648682369603074e-01
8.480683616271252889e-01
8.748200540777165690e-01
9.124601841731712071e-01
6.471393321500619189e-01
5.860591381415205525e-01
9.489193933459982855e-01
9.260078226139625279e-01
7.325455679752601590e-01
8.852793058555494810e-01
7.206377411380341380e-01
6.473953946358639300e-01
9.364714632436359487e-01
9.441230397778423988e-01
9.050027790576671283e-01
6.377383122218348577e-01
7.076927475583290050e-01
8.576845798419363565e-01
9.473188797957386997e-01
8.128384210841310686e-01
8.787731366056100724e-01
8.900170121034026716e-01
9.388284192534792627e-01
9.316210862260847492e-01
6.524825560595053364e-01
6.465430151263857894e-01
9.326657361168860794e-01
7.825976472025668595e-01
8.185563408974544375e-01
6.906508097368548871e-01
8.948469923235002899e-01
7.214480519836630190e-01
9.366042952915168973e-01
9.498889258583562700e-01
6.717725929482740721e-01
7.157191885479138316e-01
9.530017185103636379e-01
7.827774644207150523e-01
5.917468264205909545e-01
5.851121957923197670e-01
9.054222728236618334e-01
6.859765549834465626e-01
7.904924916150848357e-01
9.358398157295875208e-01
6.048999837275530478e-01
9.198355451343088740e-01
6.998161182498511268e-01
8.468906462705122484e-01
6.920869487663416919e-01
6.429254377452027214e-01
9.382891026645532317e-01
7.101617215948827777e-01
7.921957191840274248e-01
9.086912822178958571e-01
9.567346686451280169e-01
6.099262321529805853e-01
9.444122099451471852e-01
7.798110032106844169e-01
7.587984247076247080e-01
7.099523614670213423e-01
6.285913925842263605e-01
9.246659009927874484e-01
6.478359295564676268e-01
9.068805992352595435e-01
7.146755487201479351e-01
7.450286340915045491e-01
7.260091302135196489e-01
6.763885698197502627e-01
8.135586060310060486e-01
6.650371836260329239e-01
7.407878449419665889e-01
8.540526919524739080e-01
6.912230795533652605e-01
7.078525748060188194e-01
6.494840593052144673e-01
8.270739271440097351e-01
7.103166154975639746e-01
6.747677411940147252e-01
9.534422730420846204e-01
7.549851702610219650e-01
9.386401527117227417e-01
9.403900499646997702e-01
6.397124630940711487e-01
9.583565667524107656e-01
8.034966297211972863e-01
7.021508427953764286e-01
6.402530925179226173e-01
8.731180064384068684e-01
9.131968324767688605e-01
9.630507357963056236e-01
6.603368284045534331e-01
7.936202539441987724e-01
6.427327828151014888e-01
7.250067653373660770e-01
6.212975847101007698e-01
8.186391728861363015e-01
6.685309781988579836e-01
9.488966057918756247e-01
8.320514925265788397e-01
9.506526098350112086e-01
7.336411020033319907e-01
7.760731982939810258e-01
5.946555135286299976e-01
8.500383731322940228e-01
7.020216248012800531e-01
7.425839517628560760e-01
9.429936389918419648e-01
8.681481952865386376e-01
7.888088820455878558e-01
7.880318449803787040e-01
