2.614665766471254704e-01
2.191816718016987298e-01
9.110525662087486376e-01
1.088028251075900121e-01
2.863880414790935802e-01
6.354428247130272656e-01
9.105913530895393126e-01
2.172675095452709648e-01
1.446252699241278306e-01
4.889110945145498932e-01
9.128779036563170468e-01
9.787252196273968363e-02
9.664961298373975218e-02
1.522635339766367224e-01
5.622037489677298439e-01
1.410181335596148444e-01
2.697698242970839599e-01
9.047807651589239164e-01
7.201457191166705796e-01
2.030835290907840873e-01
2.504865003045197991e-01
3.520668566119186660e-02
-2.392444085680252991e-02
4.938164688287965398e-01
7.908242307366297741e-02
3.048469095576017418e-01
6.385915564660307187e-01
9.102433409591831337e-01
4.544025827391988681e-01
8.977694350396803191e-01
6.061496487264833588e-01
2.972082957625810096e-01
9.061888386747565249e-01
9.443654673919216203e-01
7.956837726944576694e-02
7.236081634043631805e-01
9.333127125219010667e-01
9.604640361427921325e-02
7.633071895629097714e-01
8.774403799609118426e-01
2.003386568152751845e-01
2.408768527475572685e-01
8.917824659963283773e-01
4.950415638021649078e-01
9.632717544537314214e-02
9.381867914685502186e-01
9.128235481452441347e-01
7.764217876813638008e-02
3.424666585115139217e-01
2.027919663352954482e-01
3.947657741620900218e-01
7.859774325735933986e-02
3.086333241377275383e-01
7.383308014647476103e-01
7.173042062354104687e-01
2.143836878615062447e-01
2.792105920078091774e-01
4.798078574429338883e-02
1.261562139930114679e-01
2.768974917574666961e-01
6.179979846350119876e-02
9.040106078963209280e-01
2.026051354962989937e-01
9.729732956004824573e-02
5.224641235745663970e-02
6.668532686803924081e-01
6.196639142806983913e-02
5.421281809571008026e-01
2.210517069176807514e-01
5.498340879401957260e-01
2.113157687070874591e-01
2.051630019764237867e-01
9.517482113980479941e-01
2.284069765791042483e-01
7.985327224844919192e-01
9.090938511264483601e-01
2.107737543523912072e-01
7.490126023839461800e-01
8.347390557025641256e-02
9.139423210187924695e-01
8.817386435621195062e-01
8.414240869340352535e-01
4.650043239771661785e-01
6.373093352213101692e-01
2.328933009718513469e-01
5.421281809571008026e-01
2.088654600578735976e-01
2.104910745091399804e-01
9.243992056581198380e-01
5.738871479358138572e-01
9.098234786774921368e-01
9.536378342929224816e-01
9.272534866813842980e-01
4.573955374127655626e-01
8.468619863895125999e-01
4.337913477326701267e-02
9.642133640952169071e-02
7.837676467415215509e-01
9.329808277163942343e-01
7.059859837382977954e-01
1.285851047419230286e-01
6.399837483572776708e-01
7.069013977180156338e-01
7.915658173366186823e-01
2.338713266618653863e-01
2.133121688751814238e-01
8.879562299508190204e-01
5.565762369194304782e-01
7.436126159585352280e-01
3.163798203468931036e-01
9.447395449131659739e-02
1.086807345527633362e-01
1.061803705757434074e-01
8.234220155773851191e-02
6.523873330955848315e-02
7.772134089439607096e-02
9.213760865499827091e-01
7.721156997815052936e-01
6.939031476735979531e-01
2.236135129278469524e-01
9.235610105432749961e-01
9.022661307547984455e-01
6.135505143365970193e-01
3.872753930302522685e-01
9.810662438075562486e-02
2.080181571606351809e-01
-4.814243576311762890e-02
2.137957758751540260e-01
1.300330080639155728e-01
6.065245521275501872e-01
7.183461208339801674e-02
2.517820160473229762e-01
1.391169727870593675e-01
7.061259238896180346e-01
1.150771461655443195e-01
4.360941674579102978e-01
5.625295421758765846e-01
8.960469055497890523e-01
5.647941964797412728e-01
2.296163257246969513e-01
6.092500566417849983e-01
9.360300912790683325e-01
-6.660871329751655301e-02
7.699860511452599754e-02
7.359703859015680472e-01
9.377406377385053560e-01
7.024655746515292565e-01
1.639574877021246491e-01
9.394416745439697625e-01
2.416650945294550878e-01
8.060665525321349112e-02
-4.588753505828206680e-02
8.975270270457011978e-01
6.908354731342360167e-02
5.315686449494609889e-01
5.760404602399789020e-01
6.769552814880989144e-01
2.335264432834887049e-01
1.985631220639494376e-01
9.321783977457134274e-01
2.435396810252677957e-01
2.379671371280742409e-01
8.893528916054926903e-01
1.791314249380364376e-01
9.120879817274740731e-01
2.422171449617535888e-01
1.313784370254591771e-01
1.036626968764824686e-01
9.286003655304131410e-01
8.284481429337411940e-02
1.444982240007509078e-01
7.242332249594354288e-01
-1.136513871176720591e-01
1.704735206772994838e-01
9.136408243423232989e-01
3.335031412343790191e-01
2.431963971084904474e-01
5.421281809571008026e-01
3.251169075697793454e-03
4.270056952920402438e-01
5.727064971921717873e-02
9.997998991670696556e-02
9.494029440634159656e-01
-7.481541505030611661e-02
7.909938925263404474e-02
3.441196208293727937e-02
2.429048838893435036e-01
6.832239034757967566e-01
2.267434867501434692e-01
1.003764215216079586e-01
9.091544775625196029e-02
2.736450500037468370e-01
1.181401198786360962e-01
7.396910951552151392e-01
2.174714896033130285e-01
6.631114608796742083e-01
1.661201236693610195e-01
1.254524805474043769e-01
4.347615416241139008e-01
-8.811292920696522923e-02
1.059509613331159339e-01
2.099514303869379483e-01
1.941333140337847263e-01
5.888082635525158093e-01
1.452406164666900645e-01
9.129498276012736335e-01
3.092310351393839918e-01
8.843917947064143803e-01
2.479758759301572135e-01
6.432571318854432008e-01
3.832521775319214230e-01
1.505077016756230790e-01
5.148694993742559678e-01
9.015854997233599954e-01
1.944931001650667124e-01
2.186155375367451192e-01
7.972904211456791068e-02
5.421281809571008026e-01
1.239858017868105539e-01
9.037998991215026034e-01
-9.400765488698056144e-03
2.913747487622010413e-01
2.163117258009439048e-01
5.258997514903736015e-01
2.454929387572824251e-01
1.609757452201267258e-01
8.159225344425097282e-02
2.266475785056935033e-01
9.179559261636576206e-01
6.487187599208557587e-02
3.539600378467889774e-01
8.945694137248372257e-01
2.304868053343862022e-01
2.642504932141829244e-01
3.852721146018110998e-01
2.334393688617974472e-01
5.829715123915799047e-02
6.954511732639989674e-01
2.308696634355849597e-01
9.471438565972420398e-02
9.119096755191706816e-01
3.995717479520562443e-01
7.879665497975782973e-01
9.130652610940404035e-02
8.207975789399972466e-02
8.849310355303494080e-02
9.333772689869077599e-01
7.227418842914806740e-02
9.204930795661285803e-01
2.248192324738590986e-01
5.652970140634108187e-01
1.274964739888938825e-01
2.164703024603536474e-01
8.762790502605105614e-02
1.366808516991357136e-01
-2.298932060476242822e-02
2.901627131837765661e-01
2.066818116355100265e-01
7.943465822377109298e-01
2.434503800962980746e-01
9.208668672153863533e-01
3.053287236679200767e-01
1.274264457213710733e-01
6.760839482267937128e-02
2.995064124966224650e-01
9.110115987054576703e-01
1.210158077812683863e-01
7.939491206074109630e-01
8.473005768671010296e-02
2.274522132247009665e-01
9.478852866966100965e-01
9.501694884151998810e-01
2.992891960210569691e-01
3.167649008022098145e-01
7.557781774183947032e-01
3.453428918905079303e-01
2.119327096908269759e-01
9.054371771690359338e-01
8.326461585745337235e-02
4.007081947170864078e-01
6.669072290024469218e-02
3.079647094996619261e-01
3.370159663857751342e-01
-4.139293096275985240e-02
2.573848994342760044e-01
7.899486642057202967e-01
2.224126557103272561e-01
1.897172571032315624e-01
5.421281809571008026e-01
5.877420161886648398e-01
9.140707955666047546e-01
2.257130717127593666e-01
2.496287117554250035e-01
5.604417120373621497e-01
-8.209583872377121394e-02
2.702966163582929959e-01
7.531934006917850866e-02
-4.967075474850853739e-02
9.089695743409611506e-01
1.314348810170181681e-01
