8.830389991405152017e-01
5.852674169650826652e-01
-1.010423771198012272e-01
4.240125306332964694e-02
8.061775500894656776e-01
9.300374328171642224e-01
-4.258285752031131244e-01
7.887041834602147583e-01
7.210144166238480201e-01
7.014890346316762226e-01
9.084192865133537964e-01
6.734715204035386371e-01
-9.081105547348725104e-02
6.871038175883570354e-01
7.839457369043099089e-01
-3.119852465484661552e-01
8.973952029519134399e-01
-3.982332389998928246e-01
1.729623878841543005e-01
7.500186542297136993e-01
8.818446641448021150e-01
9.573411217475628066e-01
9.899264807451556569e-01
8.946808850810279434e-01
4.686983998505596105e-01
9.096228220572977197e-01
9.393081191146237519e-01
-4.290632154914098551e-01
8.847330009329446021e-01
2.826322646598065091e-01
9.472789830718987281e-01
8.421739879723331157e-01
2.099493853044553937e-01
-1.325104000686382344e-01
7.873858464643807009e-01
1.730102007627005167e-01
-2.886688267003053032e-01
9.395626688824998407e-01
1.071941055148583760e-01
-3.964494050840083883e-01
4.479377720000649044e-01
7.680936050274426163e-01
-3.608311182814877283e-01
9.327705590975874372e-01
3.002368351369737454e-01
1.710301414499077466e-01
-2.799998734269659173e-01
1.749766749483118999e-01
-1.364530806619171643e-01
6.628078192359260212e-01
8.988599407039883360e-01
7.380626177172966429e-01
8.509347547488601560e-01
-9.016526875707113475e-02
1.007216511577488510e-01
-1.773282921830521830e-01
7.807694985572750657e-01
5.375664296868503111e-01
-3.470307968404854893e-01
8.286967699029752499e-01
1.689754975888376753e-01
-3.758190573856362016e-01
6.389677559410806840e-01
-2.191699433544335163e-01
-1.710682753263890465e-01
9.499141757491800231e-01
7.368689816116615887e-01
-2.972745210898830592e-01
4.968957439682001320e-01
9.168027969472251071e-01
6.913801171498474840e-01
-3.736280321079676892e-01
4.316250188373481067e-01
8.514011226289750489e-01
2.831788304486284602e-01
5.896719875697087332e-01
8.320253101538250817e-01
1.288319938887127758e-01
8.553865125209730857e-01
9.020809177111226429e-01
2.588509918488062223e-01
3.214240729355942183e-01
-2.191198278391716103e-01
-3.519941280618608254e-02
8.317901133999501262e-01
-1.253368036525113749e-01
6.296184987241147946e-01
8.560902589242849192e-01
5.774570981172555406e-01
9.147677310542687845e-01
2.950177031192197097e-01
4.033615891709282364e-01
2.341058366782103328e-01
5.651501959138189868e-01
-4.086530600898123922e-01
4.171966669582360399e-01
6.909225747594189837e-01
8.974244450149476693e-01
5.890034829690360407e-01
2.294045227448850977e-01
-2.806501503505495210e-01
7.129896097296919977e-02
1.872463500523748325e-01
9.178382160175383442e-01
8.592474939933381073e-01
3.489981507537234240e-01
9.237181188659653319e-01
8.724999877292765049e-01
2.759958900688549432e-01
8.827025560859036446e-01
-2.008654867166524416e-01
2.209584605739483010e-01
-3.373476408729456089e-01
-1.671862400314932939e-02
6.733455088253063048e-01
6.199438544985345079e-01
8.949928623108316383e-01
1.347787968028145711e-01
2.640004766506025558e-01
8.782661781440173066e-01
-1.075515884073756506e-01
8.803206680485837765e-01
1.762533960577741809e-01
7.861198624353535891e-01
2.013711158430857295e-01
-1.575129879807846967e-01
9.860492090468340187e-01
7.774124493071674635e-01
7.743298889734635537e-01
4.751221395633941635e-01
4.238314655687996924e-01
8.906720547392290577e-01
6.814007630922787051e-01
5.570650668104050462e-02
-8.760455207109024700e-02
8.066936508825214291e-01
9.402650409624989658e-01
6.210259266036469716e-01
1.833307607838720321e-01
8.044634884656589602e-01
8.106753308511650546e-01
3.230746426973751806e-01
9.892406069392698509e-01
-2.135440749635053037e-01
5.167897632184641904e-02
2.736994821828264146e-01
5.104336280715524032e-02
5.357907670933437227e-01
7.893073193898816342e-01
-5.710550079464759426e-02
1.232257435828861269e-01
9.719851729820030428e-01
2.830874426413706457e-01
-3.311622075451406966e-01
1.286489436048033896e-01
5.624539458090395128e-01
2.844023915200499797e-01
8.131530283436826378e-01
8.054185051339583790e-03
4.953128936792558501e-01
8.566912956075103391e-01
8.046177304268538055e-01
-2.112108251608203202e-01
8.218346232699297316e-01
2.397216748680513487e-01
8.464052795644945171e-01
6.743112029793806306e-01
6.996456903528707194e-01
-3.892601101146340170e-01
7.974029132936387709e-01
7.023245364340048313e-01
1.822576809663648545e-01
9.892406069392696288e-01
2.774352086570427978e-01
9.712191298650978410e-01
9.892406069392698509e-01
8.817411864666537813e-01
2.664843142341589699e-01
9.188781214452158563e-01
6.026742858866112468e-02
-1.677355240936941050e-01
-1.230288912780608812e-01
-1.526902310570776022e-01
9.892406069392698509e-01
5.387401801782301103e-01
-1.761650921545928894e-01
8.297270531870500898e-01
1.962232774417674575e-01
8.301049158072305589e-01
1.018946671953841338e-01
8.001728884975594092e-01
9.335988883804403615e-01
7.015351317872162706e-01
1.736010947167134777e-01
8.988115631999412658e-01
6.480081013939995027e-02
7.572980250830079196e-01
4.055131168587359225e-01
8.995127256572252872e-01
9.896529146346968453e-01
7.579089086902857098e-01
8.864072007849195245e-01
7.719638707605520622e-01
9.272625400769376469e-01
9.892406069392696288e-01
3.447053877392655674e-01
8.457620847339168968e-01
3.347463093556586888e-01
4.233277650256759284e-01
-2.770894933788897729e-01
9.021293199236808391e-01
6.790261098937837581e-01
8.297092320749523964e-01
8.059592649046773971e-01
8.468927751048769270e-01
7.288530068759573322e-01
9.120993846934849492e-01
8.883193374936217968e-01
8.005798744721052129e-01
-3.450652692110879882e-01
9.891522630203825051e-01
8.776305855930104372e-01
2.306367027676541615e-01
9.102452070585926869e-01
8.823901112838477001e-01
6.947532266759655073e-01
7.727923242049372643e-01
8.601270143662292922e-01
-3.330197418677501853e-01
7.029210905497047523e-01
2.098882568403203641e-01
3.204027393421014502e-01
8.931122081023108450e-01
8.772513032961011259e-01
9.018838396289479142e-01
-3.071627843297054794e-02
7.617887081593455179e-01
5.922450935371295078e-01
8.539508416306029748e-01
8.593423277415324080e-01
-1.119278697362580399e-01
-2.438354161501733175e-01
-8.395404551811389005e-02
6.361702637193451526e-01
9.541555316976443879e-02
-1.599730016049979442e-01
9.639570737991498550e-01
3.627236041704254288e-01
1.699563846291019531e-01
9.302045193363694953e-01
9.340914079509898826e-01
6.629483851528319427e-01
8.746446382383969986e-01
6.477552328403217707e-01
3.022749723280708789e-01
9.462934451210969211e-01
-2.131052387510061763e-01
8.118459395153544422e-01
2.729830288383950920e-01
8.590696302878266799e-01
-2.812568743559167306e-01
7.680652399058428559e-01
8.271270751842353386e-01
6.783723601201061548e-01
8.586483183131514707e-01
9.561157508319961806e-01
-1.839798975337078868e-01
9.385111195711054455e-01
6.461205077194158708e-01
8.824565524217760082e-01
9.435948336890558341e-01
9.338137340203609416e-01
5.845433931252047577e-01
8.182089194680830513e-01
1.836631902217709111e-01
7.722964237173284285e-01
8.683090966197946070e-01
9.418102585460235154e-01
6.706368206962390888e-01
8.896682852680519726e-01
2.423821345639297353e-01
7.272702622812752260e-01
1.300302452205995274e-01
8.800903854862873743e-01
7.341592915162731270e-01
3.529999081792352111e-01
9.023319702883780824e-01
9.219317283804047136e-01
9.127421042715807564e-01
-3.941157278901304406e-01
4.119257840328650055e-01
5.977392680776874023e-01
2.609882262603740455e-01
9.031114388862933051e-01
9.106683292672688168e-01
8.964541954913044508e-01
9.895620142881718095e-01
8.276257369010530107e-01
1.885532454652705803e-01
-2.672313459340235342e-01
