1.728021872460896446e-01
1.186866471057721195e-01
5.676233561624163815e-02
6.357137359940451260e-02
7.763298750863072417e-01
8.898400758238997899e-01
4.604002317083683016e-01
3.107842257120368989e-01
2.567739244710904867e-01
3.192829748075904917e-01
8.691085297389800068e-01
3.227411710150115409e-01
1.215400340575193416e-01
4.067069886552874269e-01
8.776729586789253634e-01
2.543552304196934621e-02
1.742862735734034829e-01
5.546828457154275860e-01
-9.444092564909345455e-02
1.750693717574501318e-01
4.090030627886257486e-01
3.816639484823788342e-01
6.737667100258184494e-01
1.939088398668289970e-02
-1.289112359248322237e-01
6.608574206819195496e-01
6.567982573659570944e-01
7.643954352382531514e-01
8.717825080245676928e-01
6.727605003684051788e-01
3.023814630430102790e-01
2.654544382208497977e-01
3.787763044457627126e-01
-3.504622719212800025e-02
2.043061010334951411e-01
7.405133036446478467e-01
1.414061807115741809e-01
8.353875610638510363e-01
7.325624722530392485e-02
7.943753641213044947e-01
2.352601158726070341e-01
1.867349654717872232e-01
8.559384922586306121e-01
3.204567077997251268e-01
6.657006583966813551e-01
2.870219300016998432e-01
1.362027636493481908e-01
6.112320309564678311e-01
2.201554040626476083e-01
1.768354340508192235e-02
2.714891520190884089e-01
9.018836188383954067e-01
2.734772521472422779e-01
6.818681083930389075e-01
6.358284465249773587e-02
2.248259565856140507e-01
7.793738905494318470e-01
1.280116323659793998e-01
-2.210909346991836166e-01
2.393573396745922177e-01
1.615779578803364647e-01
-8.904766149433826494e-02
1.834809246635470958e-01
7.972140403005654186e-01
-1.202603337862420685e-02
8.316396283260423239e-01
3.386993763671430901e-01
3.162886155097053842e-01
2.756158467073356599e-02
4.273362848572173633e-01
3.443165578144093131e-02
8.951762746788540781e-01
5.281889586828281136e-01
2.302032279937422654e-01
2.653941087746727323e-01
6.883171446755106393e-01
2.556901858079418943e-01
-2.492663227434543938e-02
2.638137145774333558e-01
8.305142486792079781e-01
1.709118246179417433e-01
-2.962602985978900899e-02
4.383032332223771310e-02
3.937152291675123650e-02
2.351259340407499399e-01
1.490586360650869580e-01
1.496523684069411830e-01
3.460345112112057642e-01
4.532726341177136797e-01
1.310019882689352766e-01
7.054341647812385763e-02
7.351957785554303904e-01
6.601913856712513518e-01
2.415246292988772747e-01
1.187679559359469117e-01
4.678645599936271382e-01
4.380755891874525965e-01
8.279486114737160118e-01
3.141288937289818395e-02
1.154747843424800552e-01
-5.112759473143743683e-02
1.050565558967400670e-01
7.903969348640494941e-01
1.112121475964395895e-01
5.394515698863513453e-01
6.981804115744296713e-01
2.272587743702723373e-01
6.674928800009420904e-01
8.707924872079537693e-01
7.804142477936718558e-01
6.970202622148734539e-01
8.342368058857694280e-01
1.916370959599083823e-01
8.378438870718971643e-01
7.027142669961081722e-01
4.300135333053924924e-01
5.976431344874882923e-01
7.920729842431830647e-01
5.528529470749756758e-01
1.368472924408376534e-01
1.955748142895366581e-01
8.042823453723428884e-01
8.594727552813005156e-01
1.164217755259677745e-01
8.973695858030019679e-01
-1.023362268421822152e-01
4.557677520640909252e-01
2.541930021059505274e-01
3.961901196421927507e-01
2.679193090247657394e-01
-5.706944419453469086e-02
3.725337674998405735e-01
6.452023582674895064e-01
1.261567456130479881e-01
9.152946814028967149e-02
1.506629904371766249e-01
2.133273937227226913e-01
3.124403085382180256e-01
3.554732702038898573e-01
6.893713779078511905e-01
3.878991145865526846e-01
3.881273986342667626e-01
-5.439288798287741922e-03
7.681165949718775643e-01
4.221302146902323194e-01
-2.432388065496555729e-01
-5.321953644355870150e-02
3.910048878028813402e-01
4.486897132634828367e-01
2.034195125034320983e-01
4.545041996664163364e-02
7.231621009248687670e-01
1.284067526316710062e-01
5.026992222092031559e-01
8.139328501296282103e-02
3.799876102865973326e-01
1.948576398119152009e-01
6.649026881928201682e-01
-1.146413124544313905e-01
3.463640345327179126e-01
3.793533539849063274e-01
3.330620171725318102e-01
3.225978382821979018e-01
5.654437197087267553e-01
8.987448711329997231e-01
5.476078999206130948e-01
3.064560106416036600e-03
2.110588908124052254e-01
1.332181991266320198e-01
6.489589807435962587e-01
1.661883458707935912e-01
5.835839334387163402e-02
2.183446017150543206e-01
6.570694452801997265e-01
7.601583746540052644e-01
9.199729024314480252e-01
2.755577606022772685e-01
3.767606578158472774e-01
3.483868172194566348e-01
8.379716922732763917e-01
2.302360752845102054e-01
8.333085394309119875e-01
1.385660259347346324e-01
9.088458074792107322e-01
4.956524757658877789e-01
-5.086539673599700662e-02
4.016721024372818527e-01
6.396111080574078400e-01
6.072595016925422806e-01
5.501083159786049337e-02
3.305527959623792977e-01
9.307737951130540255e-02
5.551549927273132790e-01
7.272670522160902262e-01
5.771366690808783506e-01
5.640032700175826585e-01
6.595119302895970925e-01
1.028004166475586234e-01
6.813703768523795556e-01
4.100436484173012874e-01
2.757669180840456868e-01
6.709302094515066095e-01
2.427298340090123241e-01
8.711411642074915473e-01
8.957933805830394780e-01
2.029181303415844573e-01
2.014912599840299190e-01
3.838091449143413714e-01
1.600206598713612705e-01
7.862902150832461468e-01
4.039730855314174751e-01
7.161143953495390235e-01
7.211312032853579579e-01
4.267701010588533794e-01
3.241493301645537173e-01
6.553937801512598194e-01
2.496208335546728774e-01
8.338514437295700965e-01
5.252777341878926975e-01
-9.903871216696391588e-02
6.935166614250375394e-01
8.987082537541415395e-01
8.056466197800360440e-02
5.493324988000329590e-02
1.394861693118948365e-01
5.114835716120342823e-01
5.947516695566694711e-01
3.500159060085266671e-01
8.124531762508248045e-01
4.011781771039011346e-01
7.385756724506230275e-02
7.796427024049513710e-01
8.748375175050162600e-01
6.954773981339682498e-01
2.237048589659140219e-01
7.606957776095951695e-02
3.313392965384375777e-01
1.674360857031751137e-01
2.595345294129021152e-01
2.028377111656337051e-01
1.995071582197552873e-01
8.699965835131309166e-01
-1.421668788949256856e-01
4.945720827514051843e-01
3.502014354704175991e-01
8.325122646318756647e-01
1.436714991792089058e-01
1.222644779324767866e-01
5.354171929748249292e-01
3.074479892872106213e-01
8.968466008704707448e-01
3.343415360761343158e-01
6.956401290911118362e-01
5.557836539687315280e-01
9.355725517290570947e-02
6.557873499895161551e-01
8.102965544530202902e-01
1.100817838071983107e-01
7.885325357138799340e-01
2.223978666062971787e-01
3.826679528630631821e-03
2.502603056792688241e-01
4.179869209527932172e-01
6.378592529927566979e-01
2.756598154598581818e-01
2.834291443195450233e-01
5.482917487426552938e-01
3.576180359977840784e-01
5.830440269959671351e-01
2.187192256633246623e-01
7.513030313630750801e-01
2.218893558074801486e-01
2.790862190311027557e-02
3.972109815348721096e-01
3.043766342607448494e-02
1.317720816837562869e-01
1.516271353055631821e-01
4.306660740125534681e-01
4.206784440816760950e-01
4.756306213700475793e-01
2.351328546788861718e-01
1.794817084574773514e-01
7.938924303113792380e-01
1.052318049513406850e-01
8.975432675363896606e-02
9.662442283369616913e-02
3.029323835411016907e-01
-9.682249794934942588e-02
6.070083879399243987e-01
8.388667325651674167e-01
2.830403347236234435e-01
1.815630183975596446e-01
1.939511051888753723e-01
6.404023068315773948e-01
9.025705138893864721e-01
2.271635043413867405e-01
9.028636628570504419e-01
6.564256773553325264e-01
3.148960772204597580e-01
7.328854655771888105e-01
