5.478527489661717542e-01
5.478527489661795258e-01
5.478527489661896288e-01
5.478527489661787486e-01
5.478527489661821903e-01
5.478527489661852989e-01
5.478527489661741967e-01
5.478527489661739747e-01
5.478527489661741967e-01
5.478527489661795258e-01
5.478527489661835226e-01
5.478527489661798588e-01
5.478527489661760841e-01
5.478527489661723093e-01
5.478527489661872973e-01
5.478527489661828564e-01
5.478527489661813021e-01
5.478527489661696448e-01
5.478527489661787486e-01
5.478527489661831895e-01
5.478527489661837446e-01
5.478527489661846328e-01
5.478527489661804140e-01
5.478527489661908501e-01
5.478527489661884076e-01
5.478527489661817462e-01
5.478527489661795258e-01
5.478527489661875194e-01
5.478527489661857430e-01
5.478527489661730865e-01
5.478527489661747518e-01
5.478527489661785266e-01
5.478527489661708660e-01
5.478527489661751959e-01
5.478527489661755290e-01
5.478527489661842997e-01
5.478527489661774164e-01
5.478527489661729755e-01
5.478527489661941807e-01
5.478527489661846328e-01
5.478527489661717542e-01
5.478527489661758620e-01
5.478527489661935146e-01
5.478527489661915162e-01
5.478527489661814132e-01
5.478527489661787486e-01
5.478527489661877414e-01
5.478527489661834116e-01
5.478527489661788596e-01
5.478527489661777494e-01
5.478527489661803029e-01
5.478527489661821903e-01
5.478527489661774164e-01
5.478527489661837446e-01
5.478527489661817462e-01
5.478527489661588756e-01
5.478527489661813021e-01
5.478527489661795258e-01
5.478527489661698668e-01
5.478527489661835226e-01
5.478527489661764172e-01
5.478527489661788596e-01
5.478527489661797478e-01
5.478527489661857430e-01
5.478527489661796368e-01
5.478527489661852989e-01
5.478527489661761951e-01
5.478527489661804140e-01
5.478527489661810801e-01
5.478527489661746408e-01
5.478527489661764172e-01
5.478527489661799699e-01
5.478527489661852989e-01
5.478527489661817462e-01
5.478527489661944028e-01
5.478527489661780825e-01
5.478527489661815242e-01
5.478527489661817462e-01
5.478527489661838557e-01
5.478527489661884076e-01
5.478527489661852989e-01
5.478527489661884076e-01
5.478527489661851879e-01
5.478527489661780825e-01
5.478527489661808580e-01
5.478527489661821903e-01
5.478527489661841887e-01
5.478527489661780825e-01
5.478527489661741967e-01
5.478527489661872973e-01
5.478527489661855210e-01
5.478527489661855210e-01
5.478527489661701999e-01
5.478527489661755290e-01
5.478527489661779715e-01
5.478527489661848549e-01
5.478527489661794148e-01
5.478527489661738636e-01
5.478527489661761951e-01
5.478527489661932925e-01
5.478527489661741967e-01
5.478527489661724204e-01
5.478527489661875194e-01
5.478527489662017302e-01
5.478527489661741967e-01
5.478527489661781935e-01
5.478527489661888517e-01
5.478527489661765282e-01
5.478527489661811911e-01
5.478527489661827454e-01
5.478527489661797478e-01
5.478527489661790817e-01
5.478527489661941807e-01
5.478527489661888517e-01
5.478527489661830785e-01
5.478527489661715322e-01
5.478527489661777494e-01
5.478527489661813021e-01
5.478527489661808580e-01
5.478527489661794148e-01
5.478527489661908501e-01
5.478527489661852989e-01
5.478527489661884076e-01
5.478527489661798588e-01
5.478527489661854100e-01
5.478527489661746408e-01
5.478527489661864092e-01
5.478527489661776384e-01
5.478527489661767502e-01
5.478527489661750849e-01
5.478527489661857430e-01
5.478527489661726424e-01
5.478527489661791927e-01
5.478527489661856320e-01
5.478527489661918493e-01
5.478527489661837446e-01
5.478527489661905170e-01
5.478527489661749739e-01
5.478527489661717542e-01
5.478527489661826344e-01
5.478527489661690897e-01
5.478527489661846328e-01
5.478527489661908501e-01
5.478527489661837446e-01
5.478527489661766392e-01
5.478527489661830785e-01
5.478527489661764172e-01
5.478527489661718652e-01
5.478527489661751959e-01
5.478527489661870753e-01
5.478527489661755290e-01
5.478527489661857430e-01
5.478527489661817462e-01
5.478527489661850769e-01
5.478527489661896288e-01
5.478527489661766392e-01
5.478527489661889627e-01
5.478527489661817462e-01
5.478527489661755290e-01
5.478527489661679795e-01
5.478527489661737526e-01
5.478527489661817462e-01
5.478527489661730865e-01
5.478527489661837446e-01
5.478527489661828564e-01
5.478527489661788596e-01
5.478527489661781935e-01
5.478527489661790817e-01
5.478527489661787486e-01
5.478527489661817462e-01
5.478527489661764172e-01
5.478527489661864092e-01
5.478527489661886296e-01
5.478527489661857430e-01
5.478527489661864092e-01
5.478527489661675354e-01
5.478527489661848549e-01
5.478527489661795258e-01
5.478527489661889627e-01
5.478527489661775274e-01
5.478527489661747518e-01
5.478527489661784156e-01
5.478527489661937366e-01
5.478527489661788596e-01
5.478527489661817462e-01
5.478527489661966232e-01
5.478527489661711991e-01
5.478527489661757510e-01
5.478527489661817462e-01
5.478527489661788596e-01
5.478527489661804140e-01
5.478527489661837446e-01
5.478527489661826344e-01
5.478527489661819683e-01
5.478527489661830785e-01
5.478527489661730865e-01
5.478527489661828564e-01
5.478527489661797478e-01
5.478527489661793037e-01
5.478527489661889627e-01
5.478527489661781935e-01
5.478527489661761951e-01
5.478527489661841887e-01
5.478527489661808580e-01
5.478527489661708660e-01
5.478527489661855210e-01
5.478527489661757510e-01
5.478527489661737526e-01
5.478527489661840777e-01
5.478527489661730865e-01
5.478527489661739747e-01
5.478527489661747518e-01
5.478527489661703109e-01
5.478527489661807470e-01
5.478527489661794148e-01
5.478527489661848549e-01
5.478527489661932925e-01
5.478527489661810801e-01
5.478527489661817462e-01
5.478527489661820793e-01
5.478527489661885186e-01
5.478527489661864092e-01
5.478527489661926264e-01
5.478527489661721983e-01
5.478527489661777494e-01
5.478527489661904060e-01
5.478527489661804140e-01
5.478527489661761951e-01
5.478527489661859651e-01
5.478527489661765282e-01
5.478527489661814132e-01
5.478527489661741967e-01
5.478527489661817462e-01
5.478527489661781935e-01
5.478527489661755290e-01
5.478527489661901839e-01
5.478527489661839667e-01
5.478527489661787486e-01
5.478527489661744188e-01
5.478527489661741967e-01
5.478527489661931815e-01
5.478527489661848549e-01
5.478527489661813021e-01
5.478527489661855210e-01
5.478527489662041727e-01
5.478527489661833005e-01
5.478527489661927374e-01
5.478527489661799699e-01
5.478527489661763061e-01
5.478527489661750849e-01
5.478527489661888517e-01
5.478527489661787486e-01
5.478527489661824124e-01
5.478527489661817462e-01
5.478527489661864092e-01
5.478527489661815242e-01
5.478527489661766392e-01
5.478527489661721983e-01
5.478527489661797478e-01
5.478527489661804140e-01
5.478527489661937366e-01
5.478527489661830785e-01
5.478527489661839667e-01
5.478527489661808580e-01
5.478527489661755290e-01
5.478527489661757510e-01
5.478527489661708660e-01
5.478527489661848549e-01
5.478527489661852989e-01
5.478527489661761951e-01
5.478527489661908501e-01
5.478527489661799699e-01
5.478527489661794148e-01
5.478527489661810801e-01
5.478527489661739747e-01
5.478527489661806360e-01
5.478527489661775274e-01
5.478527489661726424e-01
5.478527489661838557e-01
5.478527489661708660e-01
5.478527489661766392e-01
5.478527489661699779e-01
5.478527489661737526e-01
5.478527489661710881e-01
5.478527489661781935e-01
5.478527489661710881e-01
5.478527489661786376e-01
5.478527489661888517e-01
5.478527489661747518e-01
5.478527489661857430e-01
5.478527489661733085e-01
5.478527489661733085e-01
5.478527489661912941e-01
5.478527489661699779e-01
5.478527489661852989e-01
5.478527489661815242e-01
5.478527489661898509e-01
5.478527489661851879e-01
5.478527489661808580e-01
5.478527489661899619e-01
