2.565796432320932574e-01
-3.504479464408691292e-02
8.381671538080173178e-01
-5.980790488742976363e-01
2.941197131391237729e-01
-5.920953172722610569e-01
7.470833784809161049e-01
-1.615405918866955060e-01
-6.124180994638942499e-01
-3.228772857922204143e-01
-6.077885119618220422e-01
-6.052104590279272500e-01
-6.207840520803398210e-01
-6.405593968762564039e-01
4.082438196630778782e-01
-5.972615562184995230e-01
2.938768925541500043e-01
5.311234951050868291e-01
6.833116988207059705e-01
3.411325388617980625e-01
1.712044797902609050e-01
-3.711392862043401131e-01
-3.651447715067800415e-01
3.906370967194933153e-01
-5.957946241293250456e-01
3.716225045298729990e-01
4.160070603798049493e-01
9.034994249514415321e-01
7.098133701525053407e-01
8.084321103895584226e-01
4.490323974378874761e-01
2.866858117992532873e-01
-4.429382678566620157e-01
8.338901517913890338e-01
-6.088411182587755155e-01
7.633337134301334537e-01
-4.599196633940963452e-01
-6.121625973562772050e-01
7.425545935458484070e-01
-5.925465109229705041e-01
7.136492811086903032e-02
2.071879696749567290e-01
8.310289322470576501e-01
7.126751968183627772e-01
-6.041269612936474021e-01
-4.829636381084904118e-01
8.676128757119844215e-01
-6.257106137833456927e-01
2.411745428927520030e-01
-2.799503055180094929e-02
3.969682239329853646e-01
-5.937562400996569956e-01
1.888126339860042302e-01
7.430754548777787072e-01
7.246462930809367542e-01
-1.042241617395511799e-02
3.302533324793361369e-01
-6.174938087989696456e-01
-6.179800803896182693e-01
3.245709099502691597e-01
-6.141187392404894307e-01
7.424497573057111666e-01
1.160920289067444156e-01
-6.077368079144003232e-01
-6.220326006637378891e-01
4.560904691409581879e-01
-6.068152000320842232e-01
1.332990307487803144e-02
2.108410543410258603e-02
7.606184810831368992e-01
2.472360961923066730e-02
-1.174782257930091223e-01
-2.006139739091846730e-01
2.249865429977518372e-01
-6.497620837384714410e-01
-5.537636644485721682e-01
-1.592685445620496409e-01
7.427245497233639915e-01
-6.173892168736326846e-01
7.215518069069863927e-01
7.394327651109551258e-01
8.489231232562667318e-01
3.638050439843384387e-01
-1.724727446110236317e-01
-3.439250444297254489e-02
-3.471051615324045603e-01
1.397496224301089940e-01
-1.659666009125485286e-01
-5.925326348199927429e-01
7.756462541268085431e-01
8.072433010806279174e-01
-5.213354101809044572e-01
7.868702265392562012e-01
-6.156017397292334881e-01
7.300622968182864936e-01
-5.279670809252078323e-01
-6.066412217443565291e-01
5.177580375510439925e-01
-2.790969650507292288e-01
7.476382824855963838e-01
-6.230208321716139697e-01
-4.733158103468855515e-02
7.159646652718910653e-01
4.499325799218167332e-01
-1.373217394488800147e-01
2.102603017754568759e-02
6.668677202417164773e-01
7.535491867590311532e-01
7.478621396972418012e-01
2.858203217734525681e-01
-6.522106681329261635e-01
-5.682844968675500041e-01
-5.945608124982970644e-01
-6.246838859706873581e-01
-5.791293309259804012e-01
-6.405012137874229738e-01
4.987289030241329191e-01
7.535475750148170615e-01
4.894665297503916213e-01
2.379959648962832741e-01
-5.774098334995807491e-01
7.532468202691814385e-01
4.255829354283263699e-01
4.266814829780197771e-01
-6.132241696400566600e-01
2.875248068807222390e-01
-3.530852263224267262e-01
-4.039774792770265549e-02
-6.117908127318957279e-01
-3.005905551917694152e-01
-5.645177960229101899e-01
2.630196556327000224e-01
-6.398927806782761518e-01
7.222963930898465001e-01
-6.334620434278694923e-01
2.603933210192754255e-01
3.612302005734899235e-01
-5.494680014461756912e-01
4.502812111917792737e-01
1.406389339862252896e-01
3.542297880054373627e-02
-6.047935525576351168e-01
-1.420546491135951661e-01
-6.223416406209772989e-01
7.960177364833462832e-01
5.006185415230532954e-01
7.547191614978683294e-01
-6.532806359043377142e-01
-5.197419459090275584e-01
2.884886357152073311e-01
-6.241659438298787776e-01
-3.582974612318930441e-01
-5.367834029977629484e-01
-6.235658614025751945e-01
1.408579576277407264e-01
-3.835945396382268169e-01
4.356468583509643944e-01
2.345318151172935683e-02
-2.399030949452213290e-01
-5.192647243162653581e-01
1.420287013879452109e-01
4.983507844354201355e-02
-5.627438541623945856e-01
-6.311456696794153221e-01
8.071392135303159243e-01
6.170192846464761516e-02
-6.094760331353387128e-01
-6.430201626869200826e-01
8.830576953025492948e-01
-5.898428868789520330e-01
-6.449346555965580485e-01
7.393905951956902811e-01
-3.669051858851167802e-01
-6.471094929160289277e-01
-3.655088227335522300e-01
-3.662395289145091715e-01
1.984858375320514845e-01
6.799752698107874860e-01
-2.592254517609625664e-01
3.708373416317040094e-01
-6.048081795788353698e-01
-6.365610817440663372e-01
5.285347858029643131e-01
-4.447396127261157295e-01
-6.275795637323632326e-01
-6.100528192152309126e-01
1.418857030453881951e-01
7.357627657725580583e-01
7.000525114680379579e-02
-6.243540524970739858e-01
-6.067639750809634691e-01
6.747293331866580646e-01
-6.072550416891537850e-01
7.661665336435732332e-01
8.783690177343773942e-02
7.462458617736977828e-01
-6.002893090788470332e-01
-5.879949111851417998e-01
3.614556812180304002e-01
-3.876044793217506834e-01
-6.199524112548113752e-01
2.443604262376750658e-01
1.179856768036430803e-01
6.592777388877646416e-01
-3.142116834178549922e-01
8.114242764111661010e-01
1.978363213355842087e-01
-5.631103208743415411e-01
1.744784141373447728e-01
9.178797993235343622e-05
3.367001392447918073e-01
-6.107181614444735507e-01
6.774137583458128553e-01
-5.832517178038391092e-01
1.204120121966919948e-01
-1.090377256064448130e-01
-6.039943843380748412e-01
7.215651409399613803e-01
-5.856672077621043471e-01
-5.600209923957968350e-01
-3.860335398839929710e-01
-1.673067459681567004e-01
2.799553015556879854e-01
5.014508494218777868e-01
1.923415860426296864e-01
-6.330135752054650844e-01
-6.173917233411824190e-01
-3.758460852032602384e-04
4.970715756364179616e-01
-6.166844948785408231e-01
7.633209711514515883e-01
7.833589285637052591e-01
-1.241213718551367612e-01
-4.985479708046296199e-03
3.343954783848057666e-01
-5.695828726830292482e-02
-6.058160863046286870e-01
-5.923527733090189207e-01
9.978256060685350426e-02
-6.083909861135424757e-01
8.011288355556622776e-01
3.437680376562028961e-01
7.422084041530606635e-01
-6.053584184523610467e-01
-6.088626324197570217e-01
-6.177269221421584078e-01
5.581745273202697311e-01
-6.115809903774316325e-01
4.577219814526917729e-01
4.320816841117618434e-01
7.201866209622811432e-01
-6.145627172986682929e-01
1.133145936710008295e-01
-6.291780175344803272e-01
-6.353678196498631081e-01
-3.662395289145091715e-01
1.456813535259683934e-01
1.989546083792525510e-01
7.619754406108467659e-01
1.740906952902633864e-01
7.623218759828248592e-01
3.095621613724041654e-01
-6.371974563570804717e-01
-6.043158940713799776e-01
1.581350858183177832e-01
5.185938177990245812e-01
-6.193783985232911293e-01
-3.589566780351626796e-01
-6.148055145946682565e-01
2.993117219484985325e-01
-1.799613539778299187e-01
5.043408982956212316e-01
9.153193949929847029e-02
-4.497696008961531433e-01
7.845253433992025460e-01
4.013704571004629851e-01
2.111169984173185132e-01
5.001390958383773455e-01
-6.338745170829220843e-01
3.715811159945320297e-01
-5.325562304083080178e-01
2.224456125328674871e-01
3.242912467664229581e-01
-4.157988609981045358e-01
1.602316036072645722e-01
-4.775002181974388193e-01
2.550360955736630797e-01
3.266469250912916733e-01
7.169894557462355156e-01
2.788607975276153894e-01
-5.291905558957778200e-02
-5.900138471296587639e-01
1.723570838730109911e-01
6.592777388877646416e-01
-3.074294698195871867e-01
3.294435420849630702e-01
-3.466177622488039178e-01
-3.124593563516041561e-01
-5.756353569196679398e-01
-6.317698425356768066e-01
