8.786176665306494327e-02
9.269208116885006010e-01
9.139879170805917941e-01
6.317068314282431318e-01
-4.096210682862231334e-01
7.193778945988157925e-02
1.658826678145803868e-01
7.391986742207421468e-01
7.549830715520886582e-01
7.502582078096931006e-01
2.913369275652506474e-01
8.877234264082625170e-01
7.268205906769584779e-01
-3.518061324174165394e-01
7.979835040081318942e-01
1.195793975973648837e-01
9.031829933123615151e-01
7.916156198896338037e-01
8.540083360140249269e-01
-3.732511930139298384e-01
9.286699335704058367e-01
9.248825192441626486e-01
-2.850835742734847411e-01
7.724574039585774266e-01
7.399125725944746268e-01
-3.251139944464164766e-01
3.699495563117777275e-02
7.238650853842807376e-01
9.093313569426844101e-01
7.805875405083840812e-01
9.314566035593018212e-01
-2.035250552035900579e-02
9.063558518083829618e-01
7.325227435239841656e-01
2.021425594321236696e-01
8.819318931002517736e-01
8.977948085724394289e-01
-6.115683271405927823e-02
7.387821824092153378e-01
-1.390333675107957023e-01
-1.552461534768327378e-01
2.827166275509454194e-02
9.415260710743726946e-01
-3.342933805651552293e-01
-4.605364485114393780e-03
-2.279272536660345849e-01
-3.462298691118535499e-01
-2.951686954132863305e-01
-2.611125296801493079e-01
1.656660069771419275e-01
1.653935726534592199e-01
-2.373439155391784128e-01
-2.796002735459240385e-01
-4.395301112261373877e-01
3.194958270105715537e-01
-1.438797664721491731e-03
-3.983531040871537421e-01
-3.759211411375915080e-01
-3.584572699827714426e-01
-2.646186371388762337e-01
8.391053044468768096e-01
1.688623823081963349e-01
-2.687561239957870773e-01
-1.181643627261417251e-01
8.139229081038708014e-01
9.238938307566101349e-01
7.504218237435424932e-01
9.013042308214325171e-01
9.142498328841259791e-01
7.303533601750176185e-01
-6.251268058087641744e-02
8.342509649872298372e-02
1.041905079475620999e-01
7.577222489795951699e-01
6.173391903415849369e-02
8.684243877761360642e-02
-3.275719068664461608e-01
-2.620393292836898924e-01
7.342445556508438997e-01
8.373880343018682559e-01
-3.095087591492560186e-01
9.036562339135351118e-01
6.523333431420255124e-01
-3.929371189862151392e-01
2.889709471022249287e-01
7.129577878933637813e-02
5.329565031535546393e-04
-2.399472028746222063e-01
9.187249910864346836e-01
7.771980707799112098e-01
9.404537576015015166e-01
-2.514960531057093274e-01
1.899232121946466123e-01
8.490788393678553314e-01
8.156927900719204150e-01
-2.852724418031309939e-01
9.090256841568358226e-01
-2.620360852129857143e-01
-2.785257768414979851e-01
-4.199819787700236895e-01
7.622310110543754069e-01
1.169479541925025345e-01
-1.119012167608895991e-02
9.137317837550303912e-01
7.519057657163602526e-01
-3.173185240478483271e-01
-3.885269544084068438e-01
2.009908012584870896e-01
8.748527193155902770e-01
1.690670941972713393e-02
-1.020227218407194769e-01
8.453739231928086850e-02
9.174660693885666740e-01
7.956226844609249893e-01
1.785193301636376628e-01
7.973434701756544341e-01
8.871808755352998954e-01
-1.824922968411966662e-01
-2.057734842186511037e-01
-3.530099615276355296e-01
-9.901023702629156709e-02
-2.219639840453432322e-01
7.502713154358690018e-01
8.875997232780123980e-01
7.837226590354312572e-02
1.032655690661094389e-01
7.444299996707849365e-01
-3.357934908363901516e-01
-2.112024576380970853e-01
-3.924182154700322500e-01
9.193407947829579374e-01
8.568653764504520209e-01
7.683910910043428855e-02
2.251910306726861155e-01
3.170665215711937490e-04
-4.637752741925554312e-01
-1.068481235674583196e-01
-6.567417852222084962e-02
-4.670618096402458508e-01
3.576071828657758495e-02
-4.072292589537331309e-01
7.180455496214584177e-02
-2.403309529516440279e-01
8.628940243119631592e-01
-1.266808422305301940e-01
-3.787949758878399464e-01
-2.746337865344640750e-01
-1.064274145745127895e-02
-3.015787950373574056e-01
-3.486755481255450206e-01
-1.420363734024119307e-01
-4.150544411050340332e-01
8.387313620645100443e-01
7.922458752441884355e-01
6.531792076053895002e-01
8.133984515469814269e-01
8.786582968384195613e-01
8.616386864365811471e-01
2.948525948287307186e-01
3.820634911484201979e-01
-4.248702808237471706e-01
-9.892767015015099807e-02
1.769189349799941691e-01
7.609047466376359647e-01
9.215392932660294578e-01
-1.460889109905712524e-01
8.873948307829464532e-01
-5.154368990429036845e-01
8.874809937466701104e-01
6.939405126091150455e-01
-3.981677919423511347e-01
-3.645620438554131315e-01
-4.421596717362489826e-01
3.083246975183120964e-01
-3.066885043754558615e-01
9.213529781919232997e-01
-3.330305873832942187e-01
8.092218496570957598e-01
-3.859529733336384272e-01
1.706243041484331313e-01
8.939825711655000617e-01
-4.103814094714723359e-01
8.070504184139905002e-01
-2.999371327330874193e-01
-9.149682350946219261e-03
8.329011332718612159e-01
7.231540049325930752e-01
7.378640561499395512e-01
-3.696278927137387482e-01
9.536605307360204731e-02
-3.840007034603277747e-01
9.093616946315892235e-01
9.396788954195457455e-01
7.839236454419289402e-01
8.001285179285827498e-01
-1.119653399985906655e-01
1.811955727541079142e-01
1.981646292197737358e-01
-1.905699603489368621e-01
8.930493309531495338e-01
7.657101364712695091e-01
1.434982257868296918e-01
-1.858850319921109551e-01
-1.149420586779953055e-02
9.241333291579942877e-01
8.306394954845210954e-01
9.170776758476090196e-01
-2.742495626494488303e-01
9.144765758401866007e-01
7.887900739398667760e-01
-1.714305789782880063e-01
8.786376559210661297e-01
8.627066887538069606e-01
8.038248061914928799e-01
9.168718315672064190e-01
8.396733210619640175e-01
-4.998869941157907393e-01
-3.709192609922666306e-01
9.484305777554198347e-01
8.276907889298927845e-01
7.610946045391331349e-01
9.050598323583814997e-01
-3.601818273228164502e-01
1.050172940877535099e-01
9.999891261344948101e-02
-2.903659406402002707e-01
9.284969560919840159e-01
7.084673853162488655e-01
-4.211956948162082215e-01
9.277805421700413557e-01
7.493574969859405632e-01
-3.849342230109582541e-01
6.200747218775216618e-01
9.436011423884311800e-01
7.400931359121978304e-01
6.488244793845823200e-01
8.829271132960855306e-01
1.645805232911303484e-01
-6.525280806052560778e-02
8.898137895100761696e-01
-3.227318741411159264e-01
-3.338576706365064539e-01
2.102225552844904921e-01
7.253173815454033724e-01
9.331696726364469008e-01
9.088194329083051359e-01
7.669043549308715013e-01
8.921066655322724692e-01
-2.589302947117850806e-01
1.790116857833528100e-02
6.900396899471985535e-01
1.075754273168722380e-01
8.224092536831314471e-01
7.083456455486145664e-01
-2.735442614274959383e-01
8.872020809392534568e-01
8.981376618121968969e-01
-1.052762265092252181e-01
1.981670047276094526e-01
-9.900522881980632073e-02
7.990723722462329537e-01
-2.386314777603503745e-01
-3.654445805258832447e-01
7.082284562542980888e-01
9.341176621819021753e-01
8.975112164594580832e-01
7.628154500187402931e-01
7.786745593934338849e-01
1.558855520063670008e-01
7.017795580124680521e-01
-2.174803921644406224e-01
2.283657727055826703e-03
-7.469158066638044435e-02
6.850809023329178515e-01
-3.329337755378166119e-01
-3.914404480248879770e-01
6.843177678009167986e-01
9.190519849263223406e-01
-1.254258378106784533e-02
6.076405355437089484e-02
-3.437749210965532209e-02
9.123385259134785263e-01
7.367263886792220218e-01
-2.679199647726512312e-01
8.237483325101366272e-04
6.636754815497033499e-01
9.111751387634833277e-01
1.474182166716818121e-01
8.860503994348829515e-01
-7.251319623942245607e-02
-1.549278698306906510e-03
-2.208309384800558051e-01
-8.888762126001190089e-02
1.165262492930745214e-01
7.315212720113677403e-01
9.108877503842349732e-01
9.143989093541128321e-01
8.992895577116988282e-01
9.278566297876092994e-01
9.163232104959493363e-01
