9.032327501919740209e-01
4.153980524824305021e-02
8.285866901846620225e-01
3.525611846641188984e-01
7.220524553938219292e-02
1.291638672613039385e-01
8.257353400485535344e-01
-1.986288585422480990e-01
7.670234531048952809e-01
1.827976682430357269e-01
8.591834339456334568e-01
-1.951471420848013005e-01
7.043237421988913782e-01
3.563807583877848240e-02
8.923779791137845807e-01
2.300156222872519751e-01
9.081793759072718242e-01
1.225753919502170081e-01
-4.150368625277731094e-01
-2.002938957322965841e-01
6.482763218819462270e-02
9.026321747709623589e-01
8.394418260010843014e-01
6.754510440598430199e-01
9.018521339248353197e-01
-2.960122522873567807e-01
7.250483832674642359e-01
3.830634752244428398e-01
1.458168243147032750e-01
8.239953048677902681e-01
-9.934264626268723974e-02
8.986084208714439914e-01
-4.991240481097488496e-02
9.128578161483891229e-01
7.039396512403502948e-01
-1.534612514261470828e-01
1.440703574647418106e-01
1.685494266232595295e-01
-1.992884196879085579e-01
9.271277086133773437e-01
-3.913296431912102191e-01
9.066073209695233448e-01
-4.619008410746744397e-01
-3.447947571533436228e-01
1.623520734026375478e-01
1.899481247335055301e-01
1.050805665670709876e-01
9.136709196171313163e-01
9.094508858689083208e-01
7.712516613699722523e-01
-3.196680926181497684e-01
-3.290453674882674040e-01
9.113721850823147674e-01
5.771780733898460893e-03
-1.102011711469564892e-01
-1.513774081932626747e-01
7.951401532403398198e-01
7.407445898729687617e-01
7.746302126300100843e-01
-3.223506118269602316e-01
6.576313831809699195e-01
-4.069854118061884130e-01
7.906359147954423738e-01
3.347687702445287239e-01
-2.193407254681969676e-01
-3.590416474429358740e-01
8.216021965930454529e-01
-3.838768293510360641e-01
8.113964593014911797e-01
1.018137584138120305e-01
-2.398282606216590312e-02
-2.816606545970798958e-01
7.982058370851391471e-01
-1.332306599146915460e-01
8.820095553876775574e-01
-1.224762698113221471e-01
-3.887561593710722185e-01
-1.508523263811574200e-01
-3.055883395330605268e-02
7.601423461647799362e-01
6.994901080326586529e-01
-1.814539724182154812e-01
8.711587200461027303e-01
8.840022161031756420e-01
-1.350615549168412421e-01
-1.562863404624161012e-01
8.753330322387633533e-01
3.163322300829492506e-01
7.345379756959643514e-01
7.566673920610113013e-01
-2.348047948677750019e-01
8.452064946151855995e-01
7.332383176099005473e-01
8.947634285989546354e-01
8.362602263564699046e-01
-3.539426353749640652e-01
-2.955819660912007985e-01
-2.891871195580623666e-01
7.418525394653008309e-01
2.811643537863789954e-01
-2.451574647516909788e-01
1.917399044441075728e-01
7.388497511763379988e-01
-3.275350287533382865e-01
7.054754981906221634e-01
-2.501651682689545186e-01
7.669561269209128618e-01
-4.451517212982707417e-01
1.052429371778612205e-01
-3.425800237737751108e-01
7.055740158261982753e-01
-3.506616215340224718e-02
-4.744294984149468597e-01
-4.721651808806363176e-02
-4.738469132854316590e-01
-3.084611414809558805e-01
-3.367010825209686975e-01
9.130501539450441850e-01
7.701081100996911566e-01
8.967523409940894030e-01
-4.197433941321512818e-01
-2.497230819732590978e-01
-2.573464394061820149e-01
7.822008942184500713e-01
3.623960903863798766e-01
7.436564453648218942e-01
8.567348386708310004e-01
-9.311622877919213670e-02
-2.942443872016009543e-01
9.204710530535276103e-01
-3.612465741341772674e-01
8.735694518074048620e-01
-3.036690943564286371e-01
9.072988434485559361e-01
7.338335447063130124e-01
-4.437229866313332494e-01
-4.113918883692257444e-01
7.458139911294072721e-01
6.983507445478500664e-01
8.970933112247287955e-01
9.301394699954674827e-01
-6.523516420306144092e-02
2.436513534136154624e-01
1.566162620455879284e-01
7.529534603019265304e-02
7.416752195979049445e-01
-2.473003569786371147e-01
1.060690788013085584e-01
7.448158458628261203e-01
-4.136398989885590183e-01
9.243060656667380082e-01
9.161241982878856049e-01
-3.297271503919491087e-01
8.151072907764689290e-01
9.242393701603310863e-01
8.094159859672606094e-01
1.587855606800583630e-01
9.194851200919533785e-01
9.133556453651600071e-01
-3.727762980524715331e-01
9.344237145181057969e-01
7.705888045746072113e-01
-3.523754105979157170e-01
-3.753599867630413311e-01
-2.824243480753165780e-01
7.591372825094039323e-01
7.661599305735724563e-01
9.013265571464477155e-01
-3.187626842604508459e-01
9.261854837704495136e-01
-5.574944554306605904e-02
-2.677112576456103926e-02
7.388672049562858835e-01
-1.104502634969257435e-01
9.220949018455124602e-01
1.832922162207693828e-01
-4.313054461792109606e-01
9.075024616053162241e-01
7.795824080995645833e-01
-2.942627312601358569e-01
9.009633120703376408e-01
9.083911559826105542e-01
-2.038860027003804587e-01
9.048176559751295311e-01
-6.867638330985789685e-02
-4.604468842154063601e-01
-3.723232390393227398e-01
7.696790599836471625e-01
7.978190360580064144e-01
8.991864567799826569e-01
8.610024768295957420e-01
9.504709446268123918e-02
7.266711437209127933e-01
-4.123110923601791544e-01
-3.161358933577790298e-01
1.105842447231097092e-01
9.261978624285772677e-01
7.655079147742003265e-01
8.926801509942781099e-01
7.821484765336916833e-01
2.089479718018962817e-01
7.742383722870291862e-01
9.449293009074163363e-01
1.397411044272662273e-01
-7.331902252421808319e-02
-2.949161427481283848e-01
-3.153277041451018059e-01
8.631594178802235451e-01
9.264506723843907166e-01
-3.911308949172146443e-01
8.209312887961350835e-01
9.264582602731561423e-01
-2.319327169226063357e-01
-2.272656944629456166e-01
1.459615430508452716e-01
-4.198949919408463960e-01
9.228078384908947607e-01
9.139606703509088881e-01
7.437027513717815452e-01
2.691119767065688895e-02
-1.737154564881540075e-01
-4.257319343443909943e-01
1.699627758517124609e-01
-2.915717959950658855e-01
-4.611856089952409699e-01
-3.084858893187160112e-01
7.339886067100853673e-01
1.299154584956052072e-01
-2.363425121382267957e-01
-3.037739685630568287e-01
6.591395220991888015e-01
8.481804619098595177e-01
7.283286632395105098e-01
8.065401535010257028e-01
9.234194990253654645e-01
7.675131267394056378e-01
9.220996951722262303e-01
9.469056233699453262e-01
-4.154934580433031210e-01
9.086115043963827187e-01
1.252875989183185323e-01
-2.862486086314016132e-01
2.171784336021558848e-01
-1.787800071229454224e-01
-1.596692871015090720e-01
-3.509177927860646085e-01
2.325033144781885053e-01
7.136070980920742324e-01
-1.641058775607600606e-01
-3.441635187999667056e-01
8.969290538043038774e-01
-1.356846653271596703e-01
3.932418064960267051e-02
9.075285260397945031e-01
-1.156054791811301635e-01
-3.897362755010633784e-01
-1.634940247980052330e-01
8.221423017814144529e-01
9.107064374335698265e-01
-2.267966636096866231e-02
3.904578130861059704e-02
-1.984209334887559462e-01
-2.141852804964427814e-01
-2.500804276310125696e-01
7.158491113237933634e-01
-1.789946324983029968e-02
1.343448472466374222e-01
8.764868783306941635e-01
9.183136936127318517e-01
1.059575869283487792e-01
9.410620820586980129e-01
-4.124260623003918047e-01
9.235769879619150080e-01
1.226477723769797135e-01
7.995734182247755673e-01
-3.774150493017766061e-01
-4.887628392564802859e-01
2.191110783159156417e-01
-1.009085913622065900e-01
-2.824148625531022749e-01
-4.459332037912121238e-02
-4.575384767852020973e-01
7.957951775918195025e-01
3.578416477118728789e-01
7.635729100369057498e-01
8.803963313187506134e-01
4.122896709105534907e-02
-8.296452904250618821e-02
5.612802725513353630e-02
8.518669125141342668e-01
-2.995902651473364986e-01
-3.554922123329141148e-01
8.196400331889064361e-01
9.400912865801591689e-01
9.431544202599981830e-01
-2.292450434318444863e-01
1.486844618989548450e-01
7.611964190074043124e-01
2.835071315084194410e-01
9.200875314533023541e-01
