-4.562887528431980311e-01
1.853061269752308282e-01
1.445403878584071156e-01
7.534030214976573658e-01
7.374116821087013385e-01
-1.187701272195096636e-01
9.272604273325381063e-01
3.224303796448633186e-01
7.577104957317212230e-01
8.825686197295237179e-01
-1.936922687340995874e-01
-4.418004649075760182e-01
7.928457032515310310e-01
-1.397670858901307878e-01
-2.766471641470213405e-01
-1.899859741163424653e-01
1.145938978002096209e-01
-3.397835224687090760e-01
9.030987607785762039e-01
4.999270903489994033e-02
9.237752579951648002e-01
-4.228271772624033753e-01
8.654822539177299268e-01
8.897439918905772904e-01
9.027291419020423424e-01
-3.547265229762287531e-01
8.439957558211825805e-01
-2.802242929344008759e-01
9.182289008044156597e-01
8.908178569603957264e-01
8.876832786100133932e-01
1.546516983977391790e-01
7.835364989616637743e-01
-3.210781794391564525e-01
7.127958275966561619e-01
-2.109781201642453585e-01
9.024363229855878465e-01
-4.430134983802752058e-01
4.858399784435586399e-01
7.547002601031995717e-01
7.175823219557116994e-01
8.092641741776385178e-01
8.830219644505742371e-01
8.478954583097397801e-01
-4.214439112094129913e-01
8.673217907636447954e-01
9.247951203116983043e-01
1.351523190048070366e-01
9.045914435971653678e-01
-3.163956823450214118e-01
6.755111067091911226e-01
9.053957893815327562e-01
-4.638005807446712314e-01
8.056300036695884792e-01
9.129986789104667100e-01
2.354858845067648032e-01
7.968791540110061744e-01
-3.768190280806097969e-01
-2.443074191819808172e-01
4.641589955893440228e-02
7.013569098832359572e-01
-3.449677130398358660e-01
9.206806665511795273e-01
-1.406746523076990996e-01
-3.661066400174258217e-01
8.871688528819848818e-01
-3.643707199154536669e-01
-3.635883487154963345e-01
-4.364181339220311179e-02
1.986188366427270036e-01
9.041507993019574085e-01
-1.543180570987778555e-01
-1.019727318327803001e-01
-3.078156539420826565e-01
7.753537624805818818e-02
8.157583798546468312e-01
6.921465077209751904e-01
2.913858175358547964e-01
2.524264827034074510e-01
-7.933539482897856987e-03
7.294986198325543736e-01
7.765926056119094589e-01
-4.138144886515223164e-01
6.846699296090792419e-01
-3.182534366100802092e-01
-3.741507299289315025e-01
-3.625056475517827170e-01
1.512155025599747349e-01
9.518317615126387077e-02
4.518931155573780584e-02
3.615068319126581858e-02
-2.797760451242758961e-01
-4.077699971148316394e-01
9.180098933296526598e-01
7.742570601956614285e-01
-1.172470132338122445e-01
8.012178154496726323e-01
8.935423983331669540e-01
-3.622893254512016825e-01
7.002223963418756636e-01
9.139049077782639419e-01
-3.334198451483202930e-01
-3.415272804846957166e-01
-3.210535368477308582e-01
7.343389463495494374e-01
7.445657175904129010e-01
8.341250210876581805e-01
7.991050547184853636e-01
-1.184544784497582048e-01
-3.793369301901517582e-02
7.194748865152315043e-01
8.073747214985840248e-01
7.245856106345665015e-01
-3.568896625365441944e-01
-1.528022312337615762e-01
-3.704683505905903007e-01
-4.214156490375158270e-01
1.833576896617509222e-01
8.865244986693210372e-01
-2.825471346615421320e-01
7.623446535991824646e-01
8.324981456381198575e-01
-2.024947181403032870e-01
-3.443658015528586192e-01
7.895191156308206670e-01
7.842619121058144183e-01
7.586396314666474794e-01
-4.177177763406962896e-01
7.503877647212578994e-01
-2.585234857970179490e-01
7.019280632386523111e-01
-1.520882156285928710e-01
-1.553303768316583733e-01
9.074002413843643700e-01
1.239883035208172099e-02
-3.303624072491302965e-01
-3.313605003835857765e-01
7.324337346782703317e-01
7.744991827863858536e-01
8.657795004037215358e-01
4.966484171604779868e-02
7.092918560510045323e-01
-4.331494763674449966e-01
7.204067103491380575e-01
-2.820488442420556741e-01
8.977930422244736475e-01
1.742332812937870956e-01
-2.758363539090348260e-01
9.285990147108031945e-01
9.196764270644256500e-01
-3.109503656005530026e-01
-3.503506442761850637e-01
-2.005485914151496074e-01
8.739263183499373921e-01
8.042235171270227800e-01
-4.191591400411451840e-01
-3.419960302026975874e-01
8.360539032118645686e-01
5.667003619045782314e-02
3.120738220335763646e-01
-2.376097131790961825e-01
-3.586842069875604277e-01
9.084093836599648197e-01
-3.292377890065010249e-01
8.627694395518393788e-01
-2.188110215021193961e-01
7.812676111053242778e-01
-4.314367690772822894e-01
1.857565475123378329e-01
-2.026606591626859133e-01
6.370608569901612395e-01
-2.168471044262329783e-01
-3.263093329335772230e-01
9.065007911573204069e-01
-4.132682366297813492e-01
7.662905519667031484e-01
-4.312872121954886562e-01
7.626029000525262891e-01
1.465961286565692356e-02
-2.021307593952715309e-01
-3.583303797973732552e-01
7.787926609766785413e-01
-9.005074413774422082e-02
7.497876931926673594e-01
8.506330918422674303e-01
2.406622544843127487e-01
9.148749950172236911e-01
7.538607671085251205e-01
6.371083221946762798e-01
-4.124114817143490486e-01
8.874057221999658296e-01
9.369361305331002088e-01
8.847027944776747477e-01
6.299444209606479550e-01
-3.059622759828996008e-01
9.261383290056991457e-01
9.411003236928620064e-01
2.253190653954464662e-01
6.969452387449619479e-01
8.769424743536492484e-01
8.561202323859059549e-01
2.145913897982529017e-01
-2.359030641108554871e-01
8.449815138621886712e-01
-3.149684944465472869e-01
-1.254160913023141810e-02
-1.053206827324843498e-01
9.156887137671573806e-02
-3.404156783411240172e-01
-1.377614297323498105e-01
-1.095956361507411381e-01
7.737879200480312081e-01
7.692856224471295024e-01
7.779157742371871631e-01
7.386663676412974500e-01
6.867731845249203104e-01
8.684800918149153670e-01
9.332116452836038967e-01
7.163646807166048625e-01
-3.635914206581604136e-01
-4.212576424841495415e-01
7.522924190716884230e-01
-3.013276287057016223e-01
8.556906300266297061e-01
1.621707474124521320e-01
6.425820249323499489e-01
-5.176751178984337898e-01
3.852196212489229082e-02
8.910208205183940411e-01
8.058222068009860406e-01
-1.312796294313624962e-02
7.661202999414562509e-01
-3.124414487283968533e-01
-2.830783418175398247e-01
1.020580607048421490e-01
-3.084101103437592029e-01
7.756345968619966502e-01
-2.582787840179116556e-01
-1.194977634151919710e-02
-3.312121108582302687e-01
7.627125934698352205e-01
1.334571240792201130e-01
6.041222124623381040e-01
-1.949616486994908415e-01
-2.360781800978290768e-01
3.489727682590991198e-01
-8.271658580451703158e-02
-2.608283239587950719e-01
7.480050090408303376e-01
8.255327080053900257e-01
1.529143050166039686e-01
-1.634076407953550386e-02
-1.371411938713830159e-01
1.975217588718701234e-01
1.951095464208079389e-01
3.073061168356216455e-01
7.517263822699499221e-01
7.266340743687840220e-01
-3.170439907215558684e-01
1.914689780175515277e-01
-2.568881143452316773e-01
8.126070009468836508e-01
-5.921855444185740447e-02
-1.239873210556329264e-01
7.211135781426477598e-01
-9.015422017421240164e-02
8.028860581168838495e-01
-3.348385703929695478e-01
-7.474130571087561625e-02
8.426123059558549011e-02
-4.583352174990567018e-01
8.998667228373021798e-01
6.556098069163903697e-01
-3.241613430174588584e-01
7.490778009639713630e-01
2.674755739989289616e-01
-2.555024647346879618e-01
8.719899647543229992e-01
8.732697319884780152e-01
9.186980499169654646e-01
4.155697300172331299e-02
9.208527877627165070e-01
9.203374313414833807e-01
-4.198424321081660193e-01
9.057929819173580199e-01
-2.893268937208531288e-01
6.978134958420983969e-01
9.124488464878524052e-01
8.936511039968413339e-01
8.756995136337131225e-01
8.036005449143390766e-02
7.601905811238501842e-01
7.681471933576612399e-01
9.202487785007359422e-01
9.390942146008438018e-02
-1.464077684889380226e-01
1.251913609205148048e-01
3.378088848529836596e-01
7.039464827383303813e-01
-3.499462355663567892e-01
