-2.299109438019318885e-01
9.286718839428732553e-01
7.079040456276357585e-01
-4.221014693515631189e-01
5.994129185401573245e-01
-2.628768750394568365e-01
1.832895489204543482e-01
6.956909981442929158e-01
9.255711219046997007e-01
7.663023084932076845e-01
3.370509651558154518e-01
9.442364290452599507e-01
-2.845459754588590684e-01
-2.676074516767239508e-01
9.079164768640226590e-01
7.404112722813642744e-01
7.501194945204047171e-01
3.791898268593638655e-01
4.477491988788149246e-01
8.014250962366780140e-01
9.081526321747235286e-01
2.448284700934720282e-01
6.916522385795441652e-01
3.564043489121253572e-01
-2.992812959646336535e-01
-2.602570214139828808e-01
7.749009868996560302e-01
9.110673306628213064e-01
-2.334487123239051276e-02
-2.926174180679723680e-01
1.909682546183451013e-01
7.834386669492174882e-01
8.653726724516668245e-01
7.516564119488274853e-01
8.798452901899384004e-01
8.614471833876798101e-02
9.246434363496492947e-01
-2.880769716812666692e-01
-2.344474941650862287e-01
9.201990474172550005e-01
3.598385992244362841e-01
-3.829236477692283813e-01
9.042393523192953086e-01
8.779697435499644875e-01
-3.074307989385001161e-01
-3.725259682874699774e-01
-3.261322793731631919e-01
8.897107112393669581e-01
-1.284187449151423244e-01
9.273951954654224838e-01
5.964264910555265864e-01
-4.156933530516296327e-02
-3.219058590665661579e-01
9.170030604720137424e-01
9.019124062280001741e-01
-3.535154922256790178e-01
9.302150066706750264e-01
3.764257210786097763e-01
9.171517911100007803e-01
8.865707321173176281e-01
6.579815922172512765e-01
7.759795056186756801e-01
1.363060938248691900e-01
7.571059185906761080e-01
3.858339327128788021e-01
-3.610934604632782402e-02
-2.426347854399671378e-01
8.378588409683769278e-01
6.972926940534772688e-01
6.512663686192191603e-01
9.235938241882000188e-01
-3.330299257674413926e-01
7.729379991309706099e-01
8.825421171666172904e-02
8.794419923124086047e-01
7.045530044286151261e-01
2.527556223527671272e-02
8.416077092132017157e-01
-3.021093889437820867e-01
8.618228570111187148e-01
9.174652959018944065e-01
9.222417020794414499e-01
6.837891190504832295e-01
-3.101688738376884302e-01
9.390904704503806322e-01
9.138154896511859748e-01
-1.985821167260129472e-01
6.686399167859949921e-01
-3.675131023624229054e-01
-2.988588334381200307e-01
-2.587083596381330453e-01
-3.473612680722442114e-01
9.192335279597505515e-01
2.075010729603876947e-01
6.800697915362508006e-02
-1.018584598692896526e-01
-3.360546004877109083e-01
-1.880563072319605539e-02
7.102153060125576678e-01
9.387813549936077084e-01
9.107562386238042818e-01
9.039033925030544037e-01
6.920162558945718301e-01
9.317603709732750206e-01
-1.204927437336431387e-02
8.219521164651050205e-03
-1.737931953047183731e-01
-1.368075697875499597e-01
8.178004410784487366e-01
-4.055261403140257292e-01
6.642711487980672569e-01
-3.621724625248742835e-01
9.082080897679716269e-01
-2.440283387891761246e-01
-3.861913561417742446e-01
-3.307674214122724998e-01
8.524059227709693820e-01
7.543728694342675123e-01
-3.253095585910366072e-01
5.878542954744339633e-03
6.962938960898690244e-01
-1.692975012715419725e-01
7.219032539423407835e-01
-2.040713352156631744e-01
7.422803499590229226e-01
-1.072688319206538538e-01
6.925177342998060093e-01
9.235720497644891447e-01
7.719270464000143050e-01
-3.583748742611868598e-01
2.831393874840767433e-01
-2.824331362797659062e-01
-3.041015376688420147e-01
1.751889126775978481e-02
2.633968641119995846e-01
7.569996983694586845e-01
-3.553581787917111101e-01
-3.738453130113957301e-01
-4.103029825198377112e-01
8.507521574859687741e-01
9.167695383753672322e-01
7.316116255070758134e-01
-2.697447767608612823e-01
9.028194633376990241e-01
-2.696341007793354727e-01
-1.623796913656785357e-01
-2.655131459438787589e-01
9.165282264272055501e-01
-3.599590627801561027e-01
7.541233493716995584e-01
1.732754572150891348e-01
1.017376636543760315e-01
7.293285689536781469e-01
8.490465913501351602e-01
-2.198634947348513391e-01
1.916484655742457799e-01
-2.996506755133326316e-01
8.393793721080158865e-02
9.227470615227817419e-01
-3.894312400788557671e-02
1.611128728937022414e-01
8.664326169676694889e-01
9.389154195845854645e-01
9.189043007236946670e-01
7.153822056376076821e-01
7.449618285826958841e-01
8.484084987125763977e-01
-2.846570628040661077e-01
9.539121780614855106e-02
-3.713569156423181528e-01
7.760134014944024550e-01
6.839819724634157438e-01
7.554543876087262966e-01
7.676090317216157644e-01
4.796488173468596572e-02
7.178730868434236578e-01
4.019074164906311086e-02
8.279150201023451894e-01
8.185268257187005014e-01
6.645261514641704892e-01
1.149250509588432417e-01
-2.998579982131586164e-01
2.160751296876342042e-01
7.617785173961428846e-01
-2.809569493108454719e-01
-3.214157498680724756e-01
-2.860750223484748167e-01
-1.417278473306894382e-01
9.216862238999676826e-01
9.256268563478564637e-01
7.656068549334804629e-01
-2.525487213101593187e-01
-4.305968441587823548e-01
-2.578779853528832544e-01
-7.514747510819246024e-02
9.338378153976976126e-01
7.888800997693239392e-01
-2.577720035200694593e-01
1.753202027918189798e-01
6.943034005881061344e-01
7.748227236269003004e-01
-3.839886246899341660e-01
-3.661441919538113710e-01
-5.317033131369303806e-02
2.422534859435364618e-01
-3.241510939654147494e-01
8.680077996531510021e-01
-4.229086583396998167e-01
8.312317839309492085e-01
-3.919959362164592287e-01
-3.069347427226324365e-01
-3.383655714005253667e-01
1.320683495832586374e-01
9.719438190112791864e-02
3.787572734028609722e-01
3.131790764116888504e-01
-6.207246767361734863e-02
9.258508004029911698e-01
9.083535951871901659e-01
-1.919011232433612824e-01
8.750275057843633908e-01
6.683379003717856426e-01
6.933069652593184529e-01
6.787954635809044790e-01
7.312624133955213379e-01
-3.638140484413734388e-01
-1.372091227749150100e-01
1.449798579327134518e-01
7.695906291929810461e-01
-3.093655196840861543e-01
7.244551342236420499e-01
-5.948117307696323269e-02
9.072861896644482949e-01
8.748730625793663673e-01
9.535956879066427305e-01
8.882868342067808953e-01
9.162595824635082487e-01
-3.337892350190012625e-01
-3.150976201350411676e-01
6.273279830763719978e-02
-2.546464157472687062e-01
1.161850523421344844e-01
-2.760361861879095380e-01
4.776826911597694542e-02
8.871794091734547250e-01
6.587663294978789441e-01
-3.184520349862991484e-01
-3.218987204773465782e-01
-3.637684488197335808e-01
7.392480844564367493e-01
7.461748612197895980e-01
7.233281814921972419e-01
-1.440963873203451873e-01
9.347789215170382304e-01
-2.779645803227754342e-01
8.887505437519299667e-01
-3.013549162175580692e-02
9.248271806531924710e-01
-2.092016303064167804e-01
8.467025655657751670e-01
-1.343821060248890503e-02
-3.969236545346239708e-01
7.809107472594607469e-01
7.108470533504910316e-01
-5.843294760808735722e-02
-2.121683489538367939e-01
9.199516766993773853e-01
7.786728669262990010e-01
9.227735851447083082e-01
-7.140523517654850938e-02
9.040729108185222573e-01
9.635439431985715064e-02
-2.129163632455489119e-01
-4.172948500601227351e-01
-9.993622137524986460e-02
7.390331892967101357e-01
4.052785877527380620e-01
1.712770366621397533e-01
7.336355068356260611e-01
3.219908432469431037e-01
1.023641145021212534e-02
9.025278645062080329e-01
7.756524123540677884e-01
9.098848193932423944e-02
-1.585007735104312920e-01
6.553780666034143554e-01
8.997035832812385614e-01
-4.038096242778286826e-01
9.473612820070671514e-01
6.927358867392108266e-01
7.927693832571369725e-01
8.873813746567724703e-01
9.016994572873817670e-01
9.241520450012692400e-01
9.236011594853085205e-01
9.011684730921715181e-02
-2.479416955635993236e-01
7.905492428607695521e-01
7.774903125484479149e-01
1.037694840129665119e-01
