1.311552393729641386e-01
1.216566650650568737e-01
-3.166245381192671071e-01
9.175225132873857659e-01
-1.131246179735297258e-01
-2.651361561428818292e-01
8.227423556216751921e-01
2.107592032910707985e-02
9.355025193184421939e-01
7.107637797569021920e-01
-8.425711951984750370e-02
6.429881062810531844e-01
8.807243725638712606e-01
-3.632286443328964776e-01
-4.716427134036953878e-02
-1.534196089806242613e-01
-8.031538764526197083e-04
-4.111280598710703726e-01
8.252402158162536194e-01
9.203337496321545297e-01
8.147675240327884039e-01
7.748176948541132258e-01
-3.232908335022269819e-01
-2.289561982781765648e-01
9.227006459730091592e-01
6.715168994448333928e-01
7.928397337518893195e-01
8.437519541847141591e-01
8.962370852396682464e-02
-3.888503586471680484e-01
-3.018038721870902608e-01
7.211415318686451581e-01
5.736488051597103954e-01
8.444437094122677623e-01
8.906310640490006092e-01
-1.734488838886167061e-01
8.849953564240111703e-01
9.176984767391470621e-01
-1.297393951325676309e-01
1.385553424309553527e-01
8.473648816124444982e-01
7.743161381149624711e-01
-9.302664701142598913e-02
-3.346709669957794731e-01
9.110306012201536685e-01
-3.937671107514728042e-01
1.565550405066207518e-01
9.174423841385812572e-01
1.735361245093706151e-01
9.170860657868017407e-01
-3.236978505339723200e-01
-2.184115245730769983e-01
-8.469338282090170533e-02
-2.352176243104327213e-02
1.552166640207378046e-01
6.710376597684828415e-01
7.887140081544924408e-01
7.568827644750152350e-01
-2.954586545802955211e-01
6.899077780007889515e-01
2.635229999932866066e-02
9.158294753098416008e-01
1.016836854195590778e-01
9.117370297270022128e-01
9.047922433524860919e-01
-4.189589142200728089e-01
-2.872602426482048776e-01
-4.627528847465074979e-01
7.484136371113353503e-01
9.281150269108793260e-01
-2.248394332456654099e-01
3.316282973704063886e-01
8.236122711903253180e-01
1.247728495009669050e-02
-5.797745582692191701e-02
7.520255896145044971e-01
6.170930676234082091e-02
9.032053828954732522e-01
6.514709596159833083e-02
-2.615128278591891120e-01
7.138137988602424322e-01
6.386564331522747162e-01
9.498770355357030182e-01
-3.741802582062762061e-01
-2.123214161855328519e-01
-3.846212171016865078e-01
9.517516070665074102e-01
9.177545394645595378e-01
7.221436887583796427e-01
-3.736605934085807101e-01
8.417586328798279394e-02
9.129196941373254326e-01
-3.380952098114836657e-01
8.963171637339154563e-01
1.473157751829174411e-01
7.116025283886073804e-02
7.268755946925009592e-01
-2.742153495420234788e-01
5.350160046754254273e-02
-7.646494100793417570e-02
9.350528142818154143e-01
-3.153102109772959460e-01
3.905087720722433264e-02
-4.564439265309336857e-01
9.065821860191439763e-01
-2.438574157584519897e-01
6.859208627224517851e-01
7.690127216103777030e-01
7.732548321904049171e-01
7.586146507882878254e-01
7.018641053518989148e-01
-3.356214799759484058e-02
7.670440450146556732e-02
9.249090486678592793e-01
-4.472430071964269560e-01
-2.222782796706553321e-01
7.353006784399280793e-01
8.972070186432060668e-01
-4.512045799337001117e-01
9.362813595555625756e-01
-2.384584087882406500e-01
-3.342281657767983694e-01
-3.147449164512572950e-01
-1.103386137096813990e-01
8.030698488131814416e-01
6.358524150030019362e-01
-3.803661882356342283e-01
-3.657872769598455864e-01
8.301823525971834261e-01
8.892722385287448184e-01
1.903877306846986084e-01
8.862357981117613415e-01
9.051752248554059133e-01
7.400648750137180931e-01
9.252247781859858078e-01
7.426164137102340135e-01
9.104372762873462754e-01
9.344617962900152452e-01
9.404360924881914885e-01
7.961244673171773423e-01
7.430541064876273749e-01
-2.078215326712391509e-01
-3.150990612305559768e-02
8.713383777227389215e-01
8.986372667072091147e-01
7.231250137095703856e-01
7.650465039754046348e-01
1.413926147392728094e-01
-1.339590516414830845e-01
8.400011051382185734e-01
6.821530686914049069e-01
8.885907719374426250e-01
-1.214193319348506606e-01
-5.053344212168627697e-02
-3.894540826757027507e-01
9.061787668614671443e-01
9.227168163758887598e-01
8.779213719615844291e-02
9.178164158720294452e-01
7.691375189955540481e-01
7.702707835576870776e-01
8.305167161743413073e-01
-1.076772862043707674e-01
6.611712662778727045e-01
1.890161118912624394e-01
9.092999177028162627e-01
-4.231663787148182143e-01
9.188109286370912399e-01
-3.163560804243479851e-01
-2.953367357923650793e-01
7.581477650273640290e-01
-6.742746750121594856e-02
9.287343211935311649e-01
7.663786917079516980e-01
6.625184313049141682e-01
-6.102624544718594085e-02
-2.820246179680714893e-01
9.239161901311014613e-02
9.260873052159604990e-01
9.132730016235491854e-01
-1.332197859885270175e-01
3.505191350975723763e-01
-2.790973426183661066e-01
-1.601942808064224233e-01
9.107824911575831406e-01
8.337719225397153266e-01
9.306061958371336651e-01
-3.425547695625419387e-01
-3.496661240500805179e-01
2.768672155933453727e-01
9.285106012215876836e-01
-3.089649378700425886e-01
3.995421985595515313e-02
8.710875335833534461e-01
9.293703914531178389e-01
7.364836227496439625e-01
2.601271815060477999e-01
9.016010782036831817e-01
8.736724254099240694e-01
7.443533982862194920e-01
-3.334998790570620764e-01
-1.104554747197979275e-01
-3.209381214729152831e-01
9.362135675480280916e-01
-2.413064450926376558e-01
2.727579553787679578e-01
8.628974787095572418e-01
-1.369929843912737755e-01
7.643558454346720543e-01
6.997807059600006374e-01
9.120110633976827863e-01
8.936747371207064417e-01
9.398545949862875393e-01
-3.295627388519393186e-01
8.504726475410799846e-01
7.929895282395568179e-01
9.117458724516007695e-01
5.161125317009558622e-02
-2.399334356721145589e-01
9.222809676108012500e-01
8.598039659606259155e-01
-3.500287710388054196e-01
4.063729669665893524e-02
-3.562894510417557448e-01
8.802961436002717521e-01
8.965226774566614765e-01
-3.875062209370318950e-02
8.085941821326585455e-01
8.007254610147965246e-03
-2.836160695389531305e-01
9.172664329951434325e-01
6.206132221076481326e-01
7.562324844671076685e-01
9.381889574964950018e-01
-4.023506865733128546e-01
1.797510801205040865e-01
5.789359658154001886e-01
8.352452335462564603e-01
-3.098596915283704512e-01
-3.020240819360858753e-01
-3.246728027333408151e-01
7.322316848902658826e-02
7.572953306860498446e-02
7.686947616102537406e-01
9.192104588383628316e-01
8.874676109191176332e-01
1.023942754688763890e-01
8.121437495518191163e-01
7.280322965706707006e-01
8.973942142069248895e-01
6.205411695155981233e-01
2.130105252979638472e-02
7.227678918742436176e-01
-3.113842498567447326e-01
8.328591648885776966e-01
-8.257056596041170704e-02
7.340623336275087230e-01
-4.274763390977999733e-01
-3.994167216085837135e-01
-1.113468686868842455e-01
-3.193453504386910002e-01
-2.725867493413501319e-01
7.686398457580363441e-01
-3.600593650541056845e-01
8.353070359621455054e-01
-8.308658713676095320e-02
-5.295890108956594761e-02
7.244172512699184052e-01
9.070707462281226707e-01
1.684333578686564303e-01
8.954432181771971866e-01
7.502930960798194215e-01
9.373549320555253361e-01
1.527940536907805291e-01
9.388347235919077827e-01
8.929775565416308014e-01
6.240233118777500643e-01
-2.854724527796583256e-01
-3.897244764245911264e-01
-3.990121849951248634e-01
1.790112719046651757e-01
6.908310644437843928e-01
9.001371711700728584e-01
6.434482225398292510e-01
9.243195897191733845e-01
8.740048733904801082e-02
9.407636231959624062e-01
7.884242931874102522e-01
1.267186729482899232e-01
8.561121326261189601e-01
7.248438428952350132e-02
9.233128763287722363e-01
-3.273402648551752003e-01
9.095788638608582888e-01
9.968134368870819328e-03
8.364516944441462432e-01
9.237725875688354571e-02
-1.100069038521605536e-01
9.357114690623659081e-01
-3.533566621879997705e-01
