6.562926284230260476e-01
5.822109302396171193e-01
4.682646796066570749e-01
7.037493132267043094e-01
4.844845885553814568e-01
9.259077030535256547e-01
4.525655354502090000e-01
4.348995492684796238e-01
6.911378771469123272e-01
6.554389172835903832e-01
4.259746872651324345e-01
4.473499107557299403e-01
6.000614341191125023e-01
4.512313741265412403e-01
5.075896049576745783e-01
7.339197165894021380e-01
6.876818442210332893e-01
6.309152673569590197e-01
6.378127905341399728e-01
5.433040485475059134e-01
8.031403860726673560e-01
5.882504884101941167e-01
7.116511223349240023e-01
7.943330714346829025e-01
5.022176836327658656e-01
5.037428237843900591e-01
7.154672082738895433e-01
6.621899196392095899e-01
4.858957157748055034e-01
4.452733936404172921e-01
4.923480224086411727e-01
4.730530147390192286e-01
5.495817576941134375e-01
4.914598058533274361e-01
7.972693538448571982e-01
7.409619122128416890e-01
4.547713035299121298e-01
5.375535178545465254e-01
4.557945506404766922e-01
5.209961447889459585e-01
7.243513079936801935e-01
9.143341632084297510e-01
4.502880532385193368e-01
4.324963569041117006e-01
8.092978673699672276e-01
4.518340193279760664e-01
5.887012959881090524e-01
4.350464880898148312e-01
7.607915826926630043e-01
4.555908765308004371e-01
4.821981963349489808e-01
4.924603387963659706e-01
7.629082890474764289e-01
6.599367722948303872e-01
8.388129903121074316e-01
4.728149842226049282e-01
4.803835803293855511e-01
5.178875630774607552e-01
5.240128325939712450e-01
8.231973111065540305e-01
8.697134761074352127e-01
8.692146973578542823e-01
7.724098004417490060e-01
4.390982106353138459e-01
6.448565877234060384e-01
9.334187716226343134e-01
5.865711978187188036e-01
5.664009360171515794e-01
7.357693162245438900e-01
4.677664176631559645e-01
5.290399512360401957e-01
6.629948805119344479e-01
4.514380058479094959e-01
5.418848989732163446e-01
4.758772171870434553e-01
4.697630724695605053e-01
6.332483969259221634e-01
6.391431942257410626e-01
8.941248238539577509e-01
4.540941014160215783e-01
6.176298894933738293e-01
6.953669823602565137e-01
4.648166933909649856e-01
5.943490679289713530e-01
5.341959408934199294e-01
7.399971326603951294e-01
6.429044090397603162e-01
7.767016590039635959e-01
4.556433066791125697e-01
5.942304717306617912e-01
4.757721960176048981e-01
8.639163011810897519e-01
7.444304125318267351e-01
5.334494722221916341e-01
7.154957306278022511e-01
4.297251009240179442e-01
5.448124455303826608e-01
4.936433709141024861e-01
5.691483808521301535e-01
7.632062521130915655e-01
5.218427355845257631e-01
7.327763320352373988e-01
8.141810355482623773e-01
5.769977344443122380e-01
4.940106587866237575e-01
5.008840695316623126e-01
6.832411885237312799e-01
5.566754727366511890e-01
6.516476553759522616e-01
4.861749272266461253e-01
4.585911821766796015e-01
4.979142955935648152e-01
4.829792589305037520e-01
4.539428641105741624e-01
4.712009375822146517e-01
6.642326034943775159e-01
8.225677343776791606e-01
4.297097175664629787e-01
4.852892705087552550e-01
8.428840255015270788e-01
5.898905805351069009e-01
4.652725187056910849e-01
8.165610692181216601e-01
6.273187216763147500e-01
5.122895775636080451e-01
7.471887935792034252e-01
8.944214885839492091e-01
4.488546170722491624e-01
7.690554899918335963e-01
8.483439638135890082e-01
7.445477198793379880e-01
5.728659250203941289e-01
5.343937151501340077e-01
7.614428056093124342e-01
4.843670997971879499e-01
5.055057712639392520e-01
7.082742423913798158e-01
4.173431249120600484e-01
4.542226093286813593e-01
5.316317965574668403e-01
4.474959760164350930e-01
4.830443067707866911e-01
4.777369531980778516e-01
4.520921895481079256e-01
7.916983214710966443e-01
7.085237727659777773e-01
6.863969838444949900e-01
4.855371653478103844e-01
7.729770461016737260e-01
5.382089441432085231e-01
5.561013628075837101e-01
9.076844260324383740e-01
5.662523252313466093e-01
5.523325769234983529e-01
4.558981300584137863e-01
6.022647047707397894e-01
4.445104359414358552e-01
4.752228154052968168e-01
8.254099299017610969e-01
4.469669814283345199e-01
4.562944544321779761e-01
5.880436596885525447e-01
8.711370149221199233e-01
9.222419132280866849e-01
4.362467933477249815e-01
4.741553579075210578e-01
6.476965945764026067e-01
6.403127936268626641e-01
4.891598765921817416e-01
6.088882047187592628e-01
6.147032654468924662e-01
5.716788230814661143e-01
5.716037462896637056e-01
5.060689955736648038e-01
5.537591629255557146e-01
4.566141491061208590e-01
4.783271221100682813e-01
5.222994517641975643e-01
4.750440768862826402e-01
7.207890575763075125e-01
5.393081616915131882e-01
7.863551839889568740e-01
6.229727488197202012e-01
4.398687104009370019e-01
7.260411909183934753e-01
5.451391972788918183e-01
4.533771731793360127e-01
8.990288416889237189e-01
6.077082211491726671e-01
5.410693981622101134e-01
5.173947952910206149e-01
9.410554530796180206e-01
9.077314797725495321e-01
7.763406372376828735e-01
5.025180443075664138e-01
4.909520896745456220e-01
8.539046546571885665e-01
6.783863795760107784e-01
4.521082672527301782e-01
7.170307332253026411e-01
5.190911799185141673e-01
5.367650549637618118e-01
4.938079876462890261e-01
7.403612810548692025e-01
4.690240396934286515e-01
7.866073864969532758e-01
8.026101956176334706e-01
4.892271970123200919e-01
5.033137735155208681e-01
5.191861510742935559e-01
4.800718864661774887e-01
4.526295023777187065e-01
5.163516331941166992e-01
9.066111708057446039e-01
5.160104440176112028e-01
4.926795429040329299e-01
7.569009972119860041e-01
4.639508590782072672e-01
6.331252016808091021e-01
5.291105132348463691e-01
4.824978741854587527e-01
5.476287078917210227e-01
6.333679076287259679e-01
5.131243858524254797e-01
7.102903235926428804e-01
4.251914456783214002e-01
5.789449864414274449e-01
4.660398782754734404e-01
6.501870013688624272e-01
4.868169540270629869e-01
6.100402853178373830e-01
4.160462641805710016e-01
6.008015721577832924e-01
7.976011085156778924e-01
4.364774003029688876e-01
5.918611055572884361e-01
8.127922933569616815e-01
5.046091321440014932e-01
6.253386084633112407e-01
4.350587190381715041e-01
5.445384244884590164e-01
4.525056786190893021e-01
6.214872991777627975e-01
4.455895627949896243e-01
8.691347480509475920e-01
7.028301517287180999e-01
9.609676931623358787e-01
5.710259251188003482e-01
4.998126884903609790e-01
6.252157382326042345e-01
5.557900982898262843e-01
6.874029503003442620e-01
4.660198449037417090e-01
9.065916362858748023e-01
8.765906101116669458e-01
7.280958958821456273e-01
