7.690259788986417711e-01
-4.581514833015388199e-01
-1.310177676563994975e-03
-4.962235445689947566e-01
-3.797949452049404484e-01
-3.970429109344553731e-01
-1.834749075071101243e-01
-1.607584716734500319e-03
7.349970829414915752e-01
6.644388731353565447e-01
-4.135813667946693362e-01
-4.955632280150550906e-01
-4.229869278731873683e-01
-9.288426059542158331e-02
-4.094766333955026649e-01
-4.754406929858943642e-01
-1.489762519493987025e-01
-4.642505860553898245e-01
-4.334410827446834036e-01
-4.690959933018938877e-01
1.109825866559356611e-02
-4.178042653584464472e-01
-4.372323893164277164e-01
-4.627601564690506653e-01
-4.419077683419514457e-01
-4.435075792085094726e-01
-4.590848396822962418e-01
-4.665232276524637900e-01
-6.592605695675968214e-02
2.991642418869370768e-01
7.478752292229328136e-01
-4.796511621720319640e-01
-4.703848714158729294e-01
-6.542632010342709636e-02
-4.436436415606965777e-01
-4.785196459011441528e-01
6.621380085258490866e-02
-4.777173916311585611e-01
-3.655742187462823201e-01
-4.658519888440322831e-01
-4.827123261039544255e-01
-4.692806273596482614e-01
-8.436889061469453333e-02
2.163994726536358770e-01
-4.648637209390645841e-01
-4.924348940129993357e-01
-2.942466080655136706e-01
-4.356627425118589358e-02
-1.970477301000391201e-01
-7.111866821880909184e-02
-1.143032986072617940e-01
9.828199645881685598e-02
-4.794733010011524299e-01
1.733502569270360949e-01
1.710082429749746336e-01
-4.501364405182383122e-01
-4.707935784327016981e-01
-1.091589368701821050e-01
-6.309768346125536886e-02
8.521765983816951273e-01
-4.487726142942279894e-01
-6.226718113137766353e-02
-4.712288677534237635e-01
-5.714176945095428284e-02
-2.348185135007726382e-02
-3.066422510877088448e-02
-6.403250917473331250e-02
-4.585890558435013475e-01
-4.566327534941370114e-01
4.679485009124043637e-01
-4.347771684602112496e-01
2.524861754256632618e-03
1.246500615478319113e-01
-3.007562881550054357e-01
-2.796984678733178964e-02
-4.398905193335500563e-01
-5.901348897447376840e-02
-3.422572930492996657e-02
-4.114701862058717241e-01
-4.549488669165915322e-01
-4.690809292107586681e-01
-3.902330725089983576e-02
-4.389649790690755005e-01
-4.705505237276507158e-01
-4.720433571866404776e-01
-4.810497487678907502e-01
-4.127134933955231566e-01
-1.004271782199119001e-01
-4.841363860919554174e-01
-6.731216880890966703e-02
4.396520034614825878e-02
-9.923816367823865003e-02
7.628832011389892198e-01
-3.240021801534129220e-02
-4.245193365202047930e-01
-1.109100799380513952e-01
-1.190249338869517337e-02
-4.840997442466897782e-01
-4.853000252601298858e-01
-3.241442729416503521e-02
-8.136747130758695268e-04
-2.472590764280732656e-01
-5.056953135608384109e-01
-4.686621761555666010e-01
-7.030524569202208085e-02
-7.656592491219414709e-02
-3.614370119507706591e-02
-2.210661973133428715e-01
-4.671850425406570140e-01
-4.583153457667638042e-01
-1.648129500087187616e-01
-4.650654253465897336e-01
8.899704883949945966e-01
2.369802291428627916e-01
-1.218523940329675898e-01
-4.713826501660631774e-01
-4.717426233736284336e-01
3.536087077453018562e-02
-3.351962342932255368e-01
-3.354624013087136314e-01
-5.169658447179463490e-02
-4.043027285871022419e-03
-4.866917225008130510e-01
-8.763940913399549670e-02
-4.894550630375299471e-01
-2.070006144574889906e-01
2.390138184427237356e-02
-4.756799910770666551e-01
-4.746423350362102278e-01
-4.678171256907426856e-01
-7.645172714906388334e-02
-4.683355544486141886e-01
2.086111342790927248e-01
-1.708973779990410335e-01
-4.547101138691382882e-01
8.209292179185928573e-01
-4.761206165577041016e-01
-4.754612137052437459e-01
-2.752751054390555896e-01
-4.843392180680570758e-01
-2.256622811872896761e-01
-2.245289141330053528e-01
-9.386163022824123292e-02
2.538722854552387387e-03
5.776573444091310794e-01
-7.506997449648716847e-02
-2.341395836815254872e-02
-7.803957848379704243e-02
-4.570956015901098124e-01
-4.286804655141148723e-01
3.186219090155098521e-02
-3.886981374521208954e-01
-4.855726207550781770e-01
8.472222404331390955e-01
-8.538152370153369308e-02
-4.592568310424411382e-01
-4.413791313952908912e-01
-4.500570028792424404e-01
-4.720418538775806305e-01
-4.671721345023969185e-01
-1.405646417217639582e-02
-4.485257852379216925e-01
-1.673426945251051401e-01
-4.067642435468927786e-01
-4.668735216128614418e-01
-1.043709440230416174e-01
3.774883782619603556e-02
-6.812911839187564544e-03
7.279796812048935362e-01
-6.910999420401917059e-02
6.416857466603602678e-01
-1.025990967727998249e-01
7.078515454233895443e-02
-4.556752112206014504e-01
1.031219967346217181e-01
-4.832230071389396198e-01
9.000498673326889909e-02
-1.437549160365999001e-01
2.698906797877700936e-02
7.286287415709764570e-01
-4.945852360361665395e-02
7.851700661331657560e-01
-1.022264109677612776e-01
-4.576211075309478682e-01
-9.223505355021591190e-02
-2.484940459773784388e-02
-4.816549487517346462e-01
-1.919337116071436755e-01
-3.271624675703440482e-02
-2.549069750342095042e-03
9.971092333958322951e-02
-2.719696837522680988e-02
-4.655019732383942621e-01
-1.468539159197593258e-02
-6.009795370472952036e-02
8.064717800365833744e-02
-4.662878196176604151e-01
-4.477550920340397922e-01
-4.768270207439052055e-01
6.952555329464968348e-03
-3.214692925592685380e-02
3.902259500685785476e-02
-2.752233143324931547e-03
2.301520719463822501e-02
-1.111582687245963597e-01
-4.753127125668766273e-01
-4.621918746977986547e-01
-1.306258983071386659e-01
2.709312906601080151e-01
-3.496232756681664222e-01
-4.713383050050852785e-01
-4.808368313635956737e-01
-2.156441246311796012e-01
-2.369825600731288728e-01
-1.352611281967827650e-01
-5.012919523774491681e-01
-1.072229468696740129e-01
8.433471202241968889e-01
-1.647359103017186355e-01
-1.367966301233827786e-03
-4.605877951651229374e-01
1.678862130221655050e-02
-4.307803836843669965e-01
-4.709243821497560711e-01
-2.826511595922185927e-01
7.769157737664629249e-01
-4.393773476953489743e-01
1.780527325864501159e-02
-2.527561021716128592e-02
-4.794176358523049575e-01
-1.004863197296738953e-01
-1.899063355431220013e-01
-2.674035108843056396e-01
-4.674069491347723759e-01
-4.846677113771106771e-01
-2.337843544234579074e-01
1.381546875155514886e-02
-7.401530848108206495e-02
-4.248135799202543139e-01
-1.115316935613312188e-01
-4.867829249858470209e-01
-4.752451116139795317e-01
-4.776919767139816697e-01
5.764919100125868306e-02
-4.829515143563916091e-01
-7.260341683538469593e-02
7.485691801418808966e-02
-7.094380852832973816e-02
-1.425044600563135366e-01
-4.783519430132116002e-01
-4.744173737311245809e-01
-4.352248313675258773e-01
1.426734450119242215e-02
-2.964762872130701638e-02
-4.787585082459244190e-01
2.503247300495898831e-01
7.392418716758608621e-03
2.132072263397057077e-02
-3.690795394656941342e-02
-3.543850149844831043e-01
6.939419778811156680e-02
-3.545180882209724715e-01
-8.378387240451684592e-02
-7.978630362397892695e-02
-5.078703816895021594e-01
-4.553176619869238051e-01
-9.477178141424073832e-02
-3.814511561152451602e-01
-3.407938146004247382e-01
-4.636586091805038889e-01
1.965784055467192926e-01
-1.339706108257815442e-01
2.367529559108612625e-01
-4.124429702856142743e-01
-1.938074076536581980e-02
-8.496022543720596620e-02
-8.909205654289489851e-02
-4.237088650875796003e-01
-9.981118702546334931e-02
-2.937444337556567864e-01
-2.811964666616691144e-02
-1.063506942268981348e-01
-4.491456722244459299e-02
