9.351267017758071454e-01
7.203070941316398468e-01
7.176962225756771119e-01
7.069929268913976994e-01
7.387828984115787367e-01
8.963265879894457555e-01
9.562846953662135219e-01
9.495547311758468778e-01
7.307856747337165837e-01
7.032057920502775561e-01
7.251613615587342299e-01
9.674709039646594011e-01
9.558754318721516263e-01
8.409288883542360704e-01
9.583595433263852881e-01
9.556263619814133747e-01
9.518013078196672083e-01
9.583756751657850348e-01
7.442345938507878289e-01
9.549518100695013612e-01
9.533071776699146849e-01
7.443206219224316467e-01
7.442999997955809244e-01
8.673415124928935960e-01
6.905779010784095506e-01
9.527942834104823344e-01
7.715820989304132960e-01
7.692980617854341396e-01
7.014541379033916169e-01
9.535014971922664007e-01
7.712660039374386045e-01
7.064880312510328775e-01
7.046538837600071492e-01
8.391839617157581532e-01
7.118876884662121984e-01
9.565156968353882849e-01
7.430555990372930131e-01
7.307327975311654900e-01
6.929437055457509098e-01
7.057770445295865613e-01
8.508520932839075401e-01
9.445840147185990965e-01
7.113834307280949565e-01
8.056995428202973208e-01
9.495730270991250555e-01
9.410761920989849649e-01
9.373103204817749834e-01
7.021678636575436894e-01
7.138674195276140111e-01
9.414500890930299626e-01
8.877948663376167282e-01
7.075435924330414350e-01
9.565900893956483797e-01
7.895379669108785192e-01
9.540290439694826263e-01
9.397196486730485798e-01
8.478764285598253680e-01
7.093356403775044061e-01
7.157921365491932697e-01
8.971303859281754001e-01
9.575553847446075517e-01
6.221908757943116486e-01
9.535096872676954716e-01
9.221966142172590697e-01
9.573601578617818575e-01
7.132641226393967582e-01
7.320116610969428228e-01
7.217244839943650625e-01
7.139418816130902457e-01
7.079422296814423810e-01
7.245681722912358236e-01
7.626016460391082941e-01
8.329000148118020919e-01
9.270171768105021082e-01
6.935300035877981495e-01
7.018791278299939540e-01
7.127973256653896694e-01
7.183022772544795931e-01
7.275972032727258121e-01
9.615163865949882815e-01
7.114202683032470054e-01
7.265245894730739673e-01
9.245051423311484440e-01
8.424276149704357231e-01
9.587054721853627282e-01
9.551558316833683726e-01
9.322885544145851355e-01
9.517615609420918554e-01
6.983738062589166518e-01
9.584798137562493547e-01
7.151990338063121122e-01
9.082508374770581483e-01
7.330543293236906344e-01
6.983380679573697458e-01
9.479188944882503964e-01
9.577130487243268320e-01
8.186765934772852749e-01
9.508476639379888073e-01
7.421020600265091360e-01
9.607918505073216320e-01
9.640992012215345852e-01
9.533354646933440701e-01
9.580662194026913214e-01
9.619928050875687919e-01
8.220237011374389446e-01
8.712787801617621897e-01
9.497133633808938491e-01
8.648926510843524262e-01
9.531141551628686814e-01
9.336388952333343205e-01
7.214855298302584874e-01
9.464738704245696521e-01
9.520209914849442345e-01
9.554097203441809238e-01
9.168327677600500714e-01
9.506988615684208721e-01
9.602143107592007176e-01
9.501452650664514721e-01
8.580431060840816304e-01
6.953557330585026230e-01
7.083804008021918897e-01
9.566043551694060065e-01
9.562094814310838631e-01
8.533590501765178082e-01
9.516060815288640562e-01
7.373013215768111639e-01
9.582148022973933088e-01
9.503450325963307410e-01
7.380652105020089060e-01
9.436563270754498856e-01
9.541753731128637117e-01
9.401313627241748572e-01
9.493168791732778944e-01
9.511820097531292761e-01
7.296474514710671322e-01
7.845414120243966449e-01
9.548717880938727420e-01
9.447781541915087899e-01
7.178510544273390970e-01
7.227272743244747000e-01
9.576537569325622723e-01
7.211414511662871396e-01
9.464343136363910780e-01
9.524965152431074111e-01
8.805456349833551410e-01
9.547820915573752565e-01
7.546689180925973961e-01
9.557479628640686009e-01
9.563528802137443163e-01
9.536418807657254249e-01
9.308380803149445271e-01
7.586715093668279231e-01
7.971909843109401539e-01
9.535543314478316379e-01
7.109087079278582078e-01
7.196517228714777170e-01
7.244215924671432161e-01
9.538425821263996074e-01
7.136375438232364088e-01
9.510789576755597219e-01
7.152592224464112691e-01
6.810463185066653047e-01
7.665466787117936054e-01
9.569573054401614431e-01
9.300042668075282348e-01
7.175146507350094183e-01
7.486476268902150233e-01
7.521680940575331542e-01
7.224451423939997063e-01
9.472131587123413521e-01
7.580745369434525038e-01
9.573990536571078680e-01
9.564116016437191892e-01
7.253224417609011043e-01
7.410143712634188473e-01
9.528845407954762425e-01
9.486067417022951975e-01
7.443702278953799878e-01
7.122714379419256003e-01
9.570118508261175050e-01
9.554048315317316131e-01
7.234181007331641489e-01
9.559551723879695651e-01
7.127750358646667284e-01
7.036456040576333226e-01
9.526754907290324592e-01
8.356348720098188965e-01
9.453977475716122125e-01
9.434234482587091630e-01
9.564152809810937406e-01
7.334342789040917410e-01
9.367679453325227223e-01
9.705261673812614065e-01
7.267032092529992493e-01
9.520746957112919961e-01
9.572916732928087313e-01
8.379024000697848917e-01
9.590732268608570532e-01
9.528199947851552221e-01
9.502839583753741604e-01
7.954979030804595341e-01
9.174042126951572618e-01
9.462798984815088410e-01
9.547609166559171134e-01
9.644675252163470436e-01
7.441076433780380306e-01
7.130348333730275323e-01
7.183345452038455425e-01
9.542731113470570570e-01
9.053973744247607591e-01
7.267794865649480629e-01
8.035822166456767501e-01
9.515370968369116778e-01
7.394008894337090743e-01
9.527832318637716735e-01
9.522595490317442568e-01
7.886906536714552995e-01
9.433313415154944703e-01
9.531165328050592578e-01
7.416460860105953401e-01
7.387444847988027252e-01
9.186372918588230352e-01
9.545848313983984479e-01
7.133901394181969557e-01
7.316664742863054904e-01
9.465773896721541014e-01
7.276307098448340227e-01
8.237150349380377712e-01
7.469108911828234998e-01
7.103059139136240763e-01
7.214170125968508707e-01
7.950187746682506607e-01
9.505478064877141975e-01
7.540435817267430174e-01
9.543934866392136396e-01
6.898280200833299958e-01
9.595171629392699186e-01
7.499138671512091125e-01
7.125230237182065274e-01
9.588448543409009428e-01
7.058106042106493394e-01
7.157011498485484902e-01
9.482624861375827940e-01
9.222689468008433700e-01
9.603457119751875881e-01
7.217220671713986402e-01
7.339536676716976737e-01
9.557759114690506097e-01
7.562937565241089066e-01
9.631272899355234340e-01
9.536178024583326085e-01
6.874776236956811060e-01
9.599685097550825219e-01
9.550218132866258314e-01
7.155482854646501023e-01
9.641772506514987295e-01
9.313247857482322978e-01
9.529797655747034302e-01
6.946432924340297799e-01
9.619579533564264207e-01
9.543042084375843448e-01
8.880904086807417386e-01
9.597748224895720215e-01
9.548266705332695281e-01
9.519965483875930667e-01
7.481485024644296544e-01
9.433498732312135537e-01
9.521379081442246095e-01
6.978473178280300004e-01
7.341742374554179884e-01
7.182420630770885994e-01
9.515378956962561308e-01
9.480481695585238899e-01
9.483087735638529026e-01
9.565757158977460373e-01
9.546438216296625479e-01
9.569269912580591342e-01
7.399402715762235516e-01
9.538828553200142668e-01
8.971800162873772022e-01
7.152989923625854285e-01
9.475812325436222538e-01
9.505116392268835313e-01
9.474055637718656886e-01
7.124318321972652468e-01
9.388939382296317415e-01
7.142931785329538208e-01
9.497447558442466686e-01
9.510809238788263675e-01
9.270618037628408636e-01
7.858137130549505134e-01
6.623928319028138390e-01
6.771932231099013766e-01
6.989302029208562805e-01
9.597788003189031691e-01
7.128725406731911685e-01
9.461515703081053719e-01
7.728782427198735983e-01
7.197573715710259279e-01
6.787883446684601640e-01
