8.771289659832166574e-01
8.862959801254660652e-01
8.854110908835655103e-01
6.248221142830551189e-01
7.068487476508992229e-01
9.331108789583492102e-01
7.844922193225314366e-01
8.717772363628358834e-01
5.278125111049459806e-01
8.868998902848869159e-01
7.294230380900199595e-01
4.668766076021665379e-01
9.357013493552308603e-01
7.914724519257250179e-01
8.995865242515543869e-01
6.483407147580757535e-01
6.707150006387656571e-01
8.029182289778957760e-01
7.215771903597868464e-01
9.459294127930735208e-01
8.774195155463231366e-01
8.716775409408503705e-01
6.573764889554876145e-01
8.813387308821332145e-01
8.551765406537392700e-01
9.541396878854584429e-01
8.177457658920338490e-01
9.355319989417076876e-01
8.142388544736094413e-01
8.901764523307846844e-01
9.226242923555227904e-01
8.274986745228145590e-01
9.245607539802671582e-01
8.679108578539318497e-01
8.775879327208087055e-01
8.535208583633380197e-01
9.455511244818851635e-01
9.281072502375766753e-01
5.011256072143575047e-01
7.576133232004149676e-01
7.582305040385588502e-01
9.505389484043292869e-01
7.165483329910642407e-01
6.548625066907831638e-01
8.372489558053159975e-01
9.107250533167835504e-01
6.232733701936190585e-01
7.956456298795278048e-01
8.324612101793933405e-01
8.557120087398638608e-01
8.785733170417291404e-01
8.185866201206066783e-01
9.437057473851857559e-01
9.184135688800537656e-01
9.429652811011219882e-01
9.207677971943843964e-01
9.107944745980012247e-01
8.476868520661022810e-01
8.769769816340367008e-01
9.443453832303083662e-01
9.065875584408594756e-01
8.670236502175171500e-01
8.713008334781657815e-01
8.714494148776232851e-01
8.065071953316662601e-01
9.462330634096811632e-01
8.579529375100563016e-01
9.487614381877653713e-01
8.854644764825847503e-01
8.589988783222617386e-01
8.710622328084607346e-01
8.089427358240814936e-01
9.012108219091918837e-01
9.317719603568235254e-01
9.312437375041504595e-01
9.321198783243448416e-01
9.155831376606531347e-01
8.788812129496430536e-01
8.818921607991996314e-01
8.009637827655746722e-01
4.562800689935594955e-01
9.025221689899588506e-01
7.703472367619469408e-01
9.361597981541895930e-01
9.510517074419235772e-01
9.523253449633610757e-01
8.746774824351482014e-01
9.297474690848264167e-01
9.378864369675411483e-01
6.222987546628646616e-01
8.464517056938219985e-01
9.046274017119999566e-01
8.580688180340932947e-01
7.477045195187611570e-01
9.378081427528001113e-01
8.401092553822682163e-01
9.192530228786575108e-01
9.401921609343913966e-01
8.927678537311654061e-01
8.957805868550036132e-01
9.066824961317542231e-01
7.345054982394865206e-01
7.686653651986318225e-01
9.502650661939906485e-01
9.360815600767834477e-01
7.912439967576077038e-01
8.652788006077178906e-01
8.848182634307206751e-01
7.288723111796122645e-01
8.942731700919128723e-01
8.182165263061682570e-01
8.809219910446544066e-01
9.225477509772853635e-01
9.016505247176953564e-01
8.331567543867619552e-01
6.762789071421095866e-01
9.496825071048901057e-01
5.689196493881214511e-01
8.945456690459798743e-01
8.715822285938229497e-01
9.652972224523821421e-01
6.994158254457849555e-01
8.500319539976159966e-01
8.634047903554658010e-01
9.556761792889012508e-01
9.485974986048071322e-01
6.956935492210780669e-01
6.840729313357361008e-01
9.455205055197850594e-01
8.253995375285269054e-01
8.065516436592192751e-01
9.279277318522578533e-01
8.705628009172342585e-01
9.218114455382151462e-01
9.538811822419770436e-01
8.737532770103744184e-01
9.140156718307445027e-01
8.636148667357981257e-01
7.956886921946766389e-01
9.511099628031437492e-01
9.408030445325203939e-01
8.912699509650889862e-01
4.081629726078909171e-01
8.769745454245215788e-01
8.088040130948932482e-01
6.585125267848510600e-01
6.406067501001350140e-01
7.079188505557267863e-01
8.372275645708122660e-01
7.572213669993169693e-01
8.915611240283594086e-01
7.555466700242224887e-01
9.281856380602987455e-01
9.476426649514748668e-01
9.289370159594358967e-01
9.307255222905762571e-01
7.859691307424747642e-01
8.548493831533839904e-01
8.555255061272856176e-01
8.674156958814072116e-01
8.976978900337041489e-01
9.413843611957619650e-01
9.317760162191024431e-01
9.109775373927336828e-01
9.446133504738498665e-01
9.365075995420182320e-01
7.238318778099912532e-01
9.370544840310256474e-01
8.443336415284090624e-01
7.724309800186348607e-01
6.530204244894924903e-01
9.094879907106010464e-01
9.180555019342564460e-01
8.201057152960824492e-01
9.184587225072885497e-01
9.289085294413010896e-01
9.302679165566729580e-01
8.600500629993470536e-01
8.388436868779864941e-01
9.502458484413021100e-01
8.483458817179484468e-01
8.691451068593099016e-01
7.556862492297911071e-01
9.538630645964303323e-01
9.257581683611755263e-01
7.260994972168279826e-01
8.500340407119766351e-01
8.695570403915398039e-01
8.528465662981740136e-01
8.239831523361946797e-01
9.353378851371547675e-01
8.367322217592803035e-01
8.695114907325429687e-01
4.230073632588342569e-01
8.780166884229910762e-01
8.544547707700227424e-01
8.618542189874811577e-01
9.341115482058894859e-01
9.305066909929136099e-01
8.809745761346916559e-01
7.418616989446050747e-01
7.628105505593778535e-01
7.281438382453757630e-01
8.520904341615724853e-01
8.053042520149686911e-01
7.280623429423882520e-01
9.450171078943507830e-01
7.194150971056773036e-01
8.797930216998034458e-01
8.263080543666689870e-01
8.651919494987008186e-01
9.351125548712571067e-01
8.666580867349333861e-01
8.320797110447748501e-01
9.062596996369924884e-01
6.891057843599426302e-01
7.668655194916116358e-01
8.736150286809061249e-01
9.439401511038217896e-01
9.526828682782737534e-01
9.536653522894196211e-01
9.003438089157165258e-01
9.513562982300052262e-01
6.387811956449611639e-01
8.313197552885882580e-01
9.289486106066565663e-01
9.476125862705968572e-01
8.797909707294451209e-01
8.388297484097558820e-01
6.575962904937829867e-01
8.180502770641815413e-01
3.680846229704677341e-01
8.827973826351297459e-01
9.154031753261095972e-01
7.915570370180300408e-01
8.978882364609377387e-01
8.688187687187468589e-01
9.613011326380276333e-01
8.995597648102218180e-01
9.258292014318931784e-01
8.320348419180363386e-01
8.801416011228762049e-01
8.648400484519582765e-01
9.530119183064346133e-01
6.030612896185890692e-01
9.059687982001400908e-01
4.658671485399459300e-01
9.251244459292342626e-01
8.868156045196058379e-01
8.790149522091990075e-01
9.210990665625994334e-01
8.987725940356707799e-01
7.666640428538724628e-01
9.338439845975005094e-01
8.853637296705811899e-01
8.438643718432622398e-01
8.541378182094506721e-01
7.122846043155824924e-01
5.900459594121933993e-01
7.285229878296005657e-01
7.561026741933207784e-01
8.295336351394080321e-01
9.501857088071451463e-01
8.745786105028738877e-01
9.381463182514788723e-01
6.668439374468132508e-01
6.556602750774783717e-01
4.630790546525782592e-01
7.379090472545295487e-01
8.997223478579843281e-01
7.697257678901905376e-01
8.985991510671536009e-01
8.864944876964607756e-01
8.901029894311619506e-01
8.130022769547501360e-01
9.492854628965734509e-01
7.543422985019918592e-01
8.778035988758108310e-01
6.676769186423130442e-01
4.938649792790494319e-01
2.564946563336658603e-01
9.455508142234914093e-01
8.899912530898677065e-01
9.335516614087649989e-01
8.858010965562072014e-01
5.638821888661914583e-01
8.824013125347216491e-01
8.920354774003611542e-01
9.341621339373241684e-01
9.115534924909722836e-01
7.943543229183610555e-01
8.961232585007150586e-01
9.316070198899030208e-01
9.339148591399918375e-01
9.517209033278453134e-01
6.169281142633828985e-01
9.212972394892247063e-01
8.368482118852884621e-01
