-1.589110908749488682e-01
1.603271556031805600e-01
2.281547396770356451e-01
-2.153752801665881900e-01
3.828696170573498425e-01
-1.233242225923066315e-01
4.593936875947784992e-01
4.258548858864295017e-01
3.996689019732355130e-01
3.556720527830189438e-01
4.723338043234808215e-01
4.572773992922232744e-01
3.956444763220631211e-01
3.654895788494790798e-01
5.084397440248275557e-02
3.423888378670255639e-01
3.017361439222384090e-01
3.738573366553371025e-01
-1.026528086686916419e-01
3.931577537164575031e-01
4.039157725517833475e-01
1.710824338760010277e-01
2.064628723540037902e-01
3.163828749774394988e-01
4.460728070371313136e-01
4.531151765271013154e-01
-1.675578724474957037e-01
3.648951371262535437e-01
2.466966266002459385e-01
-1.960179441533780320e-01
-1.049430392860205841e-01
4.701610317641293224e-01
1.621003495338572131e-01
3.320451675835170979e-01
3.913129429734607534e-01
3.391993741862207590e-01
2.511980306003137042e-01
-1.759931144634826194e-01
-1.258081577262621931e-01
1.450570055540454373e-01
-1.458117165096139978e-01
-1.265631750221368756e-01
3.466994955387627808e-01
3.727038261260183227e-01
-1.413105834816971718e-01
3.720826538515451531e-01
3.711814898273340102e-01
1.334175584038002627e-01
5.042145634269177279e-01
3.278958622361220487e-01
1.925711992052107635e-01
4.724819425657433847e-01
9.053047501047913059e-02
2.628605448233106157e-01
4.721450156504578000e-02
2.400823129757787000e-01
3.731832014010475485e-01
-1.936357438101278527e-02
3.031564983828173854e-01
6.663949826749637761e-02
2.896523557533854376e-01
4.910224766469745705e-01
4.995776663369617121e-01
3.450422729361867225e-01
-7.213715554729036028e-02
3.794722224589254789e-01
-1.390244519232932685e-01
4.708230986594420520e-01
3.688157577111697560e-01
1.560512501376452310e-01
4.704622004890950393e-01
-8.213685205593174166e-02
4.992983535970670905e-01
3.063446608794149206e-01
5.534274592528692915e-02
-3.019980325373856911e-02
4.016068517505783086e-01
6.132328624662828492e-02
1.449189892461153484e-01
-8.248021728132579056e-02
5.454458920941843703e-01
-1.179438903138290140e-01
1.746330325173991727e-01
4.504755741443924877e-01
3.783610039194135743e-01
3.754029362397365288e-01
-1.383565882769447197e-01
4.334861587846529640e-01
3.915502361612105409e-01
1.987612155645069878e-01
3.136839822578245673e-01
-2.212326457773125532e-01
3.969086191599827673e-01
-8.391936541189842780e-02
4.509957239946085772e-01
3.937034370171786923e-01
4.685738267691577086e-01
2.276054459835422927e-01
-8.333697048217175718e-02
4.175759749116854658e-01
4.598947017934627013e-01
4.682932884143897745e-01
4.360838939122069768e-01
1.546921600705525590e-01
4.477338014562562973e-01
3.795083672597742153e-01
3.230792274905702199e-01
3.992046143648831924e-01
4.102807952672939407e-01
4.209984716635025714e-01
2.937498966095244413e-01
3.721820159705323539e-01
2.418384452498284487e-01
4.342136582942619505e-01
3.839115717588479360e-01
4.352337843052069832e-01
4.729493575076138545e-01
-9.291161923322718841e-02
4.787911420108263982e-01
-7.186785793715878834e-02
5.427035678683926889e-01
3.750744321779299062e-01
5.044681178896035512e-01
2.624045978019770575e-01
4.079564818764760958e-01
4.575236039496918261e-01
3.694350861267492458e-01
4.365603522164883676e-01
3.159109702512751250e-01
-1.744791562947673735e-01
4.072672643015573524e-01
8.123015852347932608e-02
2.913052312683628298e-01
5.054995476186043835e-01
4.254790662988937044e-01
4.404634815833113892e-01
3.510883570997318515e-01
4.184185967765493563e-01
5.530349767218978307e-01
2.137181770988026142e-01
2.670732884276402208e-01
-8.590099998508514412e-02
5.084012225654759298e-01
4.511516645075279441e-02
4.715377398799871500e-01
4.819145072078888092e-01
3.487707125542922615e-01
4.051589054531770651e-01
4.047449071579890534e-01
4.897873802946097199e-01
5.086640242334447559e-02
4.234057261024946062e-01
3.342463105966202996e-01
4.092289841576800535e-01
3.819053750557735993e-01
-7.331523032703943232e-03
4.698833164545220820e-01
4.612809391147799642e-01
3.915828152249519745e-01
2.312628218621699538e-01
3.842133191254398783e-01
-9.705788002453984153e-02
4.356860780862665816e-01
-6.123467665804856186e-02
3.315525452004841056e-01
5.137136513462994269e-01
2.368713049360966216e-01
-1.084922528218896370e-01
4.726430571466386232e-01
3.107241830878744726e-01
1.446945109729362577e-01
3.731218457421433543e-01
3.815242104553286384e-01
3.587742961224875682e-01
4.292170673183315355e-01
-2.069050022771049546e-01
-1.182093325208608964e-01
4.051989032810455749e-01
2.107595152421396223e-01
3.964849211470131696e-01
4.824770794348853253e-01
4.104754601489259136e-02
-2.376313633135937464e-03
3.385635406922853363e-01
3.350150898133599786e-01
3.970202529731983176e-01
3.397751935431519987e-01
-1.065222434594669532e-01
-1.750007000393546674e-01
2.956483349723643683e-01
-3.839139108188670269e-02
5.042377941398933361e-01
4.271806482960247564e-01
1.621607599180023840e-01
3.689097461057154193e-01
2.505094314690179402e-01
4.051058728356505823e-01
1.300608666971489746e-01
-1.451008934474463108e-01
2.497268662207902945e-01
4.205546762870289723e-01
2.471492800898742459e-01
4.737895801651446082e-01
2.260964783053486804e-01
2.778502151888432858e-01
2.533725176528704992e-01
-4.947049683006188303e-02
4.308535835954323545e-01
3.080841418844896817e-01
1.264196035988701949e-01
3.301031801037163094e-01
4.833945353983346571e-01
-2.223605049727894745e-02
4.099659113510820685e-01
2.199382492778447773e-01
4.462353845275065511e-01
5.185613846797552107e-01
4.398581410358655130e-01
-1.310251256636495443e-01
3.651669004335952318e-01
3.576547426378814398e-01
4.779394503820401097e-01
3.629442792821130359e-01
3.038421736253570371e-01
2.885945542653614027e-01
3.987819771855495299e-01
3.081840848526157250e-01
1.271108963946045445e-01
3.089051695867526398e-02
2.991547110398078413e-01
5.614618011925351926e-01
4.715998200569036791e-02
3.799166526321707815e-01
8.270930057141127889e-02
5.335952335000914148e-01
-1.109407322979006211e-01
5.041301417983550248e-01
5.160025642222852982e-01
-1.712120758790982022e-01
3.903067709934587848e-01
-5.502217757970750966e-02
4.996478873424146094e-01
4.841911171020524818e-01
-1.836078920068334730e-01
3.799315431030937384e-01
4.419782405423818838e-01
-1.982047780065554488e-03
2.608153279448987005e-01
2.854766456427717536e-01
3.718608653656089169e-01
-3.072422078597794592e-02
3.659364652553865893e-01
-1.525465852154476165e-01
2.138997847625352944e-01
4.486619719831150266e-02
2.824428017050525375e-01
3.204214154175163976e-01
-8.051587626605814785e-02
4.400770367415876017e-01
2.202162513584602910e-01
4.003623764194049750e-01
2.094528262617991188e-01
1.893213016976025287e-01
3.642354434987900569e-01
4.023382433680398051e-01
3.332429502906978924e-01
-1.421672860058817434e-01
4.698236106643892684e-01
2.003793020019982718e-01
4.271452379385038411e-01
4.797267096921324359e-01
4.198176453582822543e-01
4.040371372326166943e-01
6.457342902164583953e-02
3.709734775073292301e-01
4.756512289615057454e-01
-2.496818475156748485e-01
-1.941757486631698615e-01
3.667050143223119507e-01
4.030112279387291219e-01
8.491733980283082406e-02
2.492678223695852791e-01
5.163915042029059155e-01
4.747003813440869302e-01
4.158841191186368746e-01
2.179858790246622380e-01
3.871705278726622068e-01
4.623258053876948548e-01
4.407767278174859471e-01
-2.062762852016354898e-01
-1.355343367118767017e-01
4.720649175563712552e-01
4.600549020979310955e-01
1.827541358840438779e-01
4.502565926689665599e-01
4.788532885704179787e-01
-2.043733395445587187e-01
4.168269429321440622e-01
4.226626140963378186e-01
4.365609403201017313e-01
