-1.744116062015094726e-01
2.164002336036272012e-01
-1.916970027545951694e-01
3.605208532076330519e-01
-2.472231146408868374e-01
8.586198311380119907e-01
6.770894544367910273e-01
5.192203832359192361e-01
7.332181868245767342e-01
-5.031747705555266181e-01
-4.622302737903431491e-01
-5.026370098388066587e-01
-5.087600235595637344e-01
6.219262743658666714e-01
6.731150842125461775e-01
-1.817400437427194593e-01
-5.166483291981406323e-01
3.079220135973799177e-01
-3.887470246913618532e-01
-2.465636847802398779e-01
2.942166833668728998e-01
-5.344264700175813676e-01
8.807909994830567246e-01
7.585783369227987460e-01
-3.812527840930469702e-01
3.677639222427820931e-01
-2.715043639343889259e-01
-4.935497163118370278e-01
-3.602482454772997222e-01
7.385666590555399758e-01
-2.835489246035700628e-01
-4.377914895970752007e-01
2.327499015383058256e-01
-1.688242431658113218e-01
6.207733838385796066e-01
-4.427708123392931627e-01
-1.927407856549308018e-01
-4.620334937167502876e-01
8.188357978808578075e-01
-5.520711463743651626e-01
3.563184280754170263e-01
-4.939048379458598759e-01
-4.899858110996743177e-01
-5.565742917630702724e-01
8.813960060349088632e-01
3.033021893510495781e-01
-4.474060196590604610e-01
5.545387382030972923e-01
7.004820524607793253e-01
-4.345143543709104605e-01
9.381294518904101931e-01
-3.919415766302571380e-01
1.959383640221663281e-01
7.577804683303279720e-01
3.964870191176409486e-01
2.685974518856658610e-01
-2.554484861308153332e-01
1.465727138289735776e-01
3.175098338858128311e-01
-1.913463051893760647e-01
-4.137823887576049242e-01
3.465686932366696116e-01
-5.758749524818045362e-01
6.402029358107264034e-01
9.324069854898827669e-01
-2.873547930611169421e-01
4.084996231480388929e-01
-4.358158657561446159e-01
8.720116105198050249e-01
-5.536282899242530586e-01
9.410757866343895106e-01
6.936843965584746918e-01
8.202174127966717077e-01
8.240413532367275584e-01
6.446504660050216273e-01
-4.156118435847891424e-01
8.172704850897335449e-01
9.012264489403594148e-01
-4.555358093602231984e-01
8.495268103987592134e-01
-3.996168493113186337e-01
7.120937719247206754e-01
9.693232486644915991e-01
4.281073567487621578e-01
-4.798938833209127064e-01
5.623572343294038767e-01
-2.666706857383784879e-01
7.902382993837486769e-01
9.440621422974908583e-01
-4.574211916907983677e-01
-3.987894147938140232e-01
7.003400449534832317e-01
7.961553013441922122e-01
6.678356538123022546e-01
2.129945066082927774e-01
-2.323286333726307107e-01
7.813209581918516555e-01
-1.213828396361139178e-01
-5.528167263277732335e-01
-5.792959309027926329e-01
4.617456503183988148e-01
-4.019922353904568091e-01
-5.832704783620882294e-01
-3.035886181281609586e-01
4.893568182302704961e-01
-3.031987502119116717e-01
-5.350878848545383981e-01
-3.540654373136087885e-01
5.446205500649851095e-01
9.527167221481720460e-01
-2.000486352548751512e-01
3.094152108800402035e-01
6.254494249029287634e-01
-2.702122163530470966e-01
8.373800717028205831e-01
9.245115427774373007e-01
7.256389671520383500e-01
-5.475939634913217224e-01
6.552663610021722818e-01
-5.466318346975780340e-01
-5.677659625937292454e-01
8.905664208262706882e-01
-4.637962382706388720e-01
-5.366687635861870920e-01
4.997255886264245217e-01
-5.003990455715804364e-01
6.421559171057815707e-01
7.569394994172746749e-01
8.411737714695964874e-01
9.490754837245539699e-01
1.980897737956701099e-01
-4.068061470390053058e-01
-3.172047336456834676e-01
1.905455799955376589e-02
3.467681351382052024e-01
-2.316976695741376213e-01
3.986590729322876392e-01
7.697957847902413553e-01
2.825195740642814091e-01
7.630936479978885079e-02
-5.712500805242946011e-01
-4.860150521781475552e-01
-4.335578357355296952e-01
-4.303718803230220935e-01
-2.300174823736712837e-01
1.536070887588607964e-02
-5.861894052812726130e-01
8.164401232005620290e-01
-3.928729322529835866e-01
8.588362964073039674e-01
-4.759436999876097141e-01
-2.640262115343917637e-01
7.818598669956140501e-01
3.136492780315008333e-01
8.065064916953608165e-01
2.015959726536961649e-01
6.043918538239126947e-01
-3.025194234463173815e-01
1.032992540047232843e-01
7.422197245824521117e-01
4.497936223862830096e-01
3.808577952889610763e-01
6.469558896893208289e-01
-3.191929010061964056e-01
9.514352639561999281e-01
-5.445429186657197995e-01
-3.463586579283054467e-01
7.424274427722055147e-01
7.657265812284781425e-01
-4.903103836126180282e-01
-5.850503373129929408e-01
-4.385063265910283947e-01
4.555681143069253425e-01
7.160239835561765798e-01
7.086623187462344209e-01
9.074313319394102795e-01
3.833959297029813085e-01
-5.399708849884286010e-01
-3.891315894574067236e-01
-4.871637369644244986e-01
-4.982088600635628528e-01
-3.602415812555772590e-01
2.611728568067737677e-01
-4.215221009885109504e-01
-1.837613631844961515e-01
6.711854006736086564e-01
3.221631740626323404e-01
2.890474591749436772e-01
6.648331806193693572e-01
-4.052534133450315101e-01
7.541838498268140789e-01
-5.102292372150176725e-01
4.356254833059600706e-01
7.892225397517536045e-01
5.731420596184220173e-01
-2.527998466308153391e-01
-1.258588669027284612e-01
-1.631917856254243571e-01
8.682897140779439749e-01
6.193894584328587527e-01
-4.065787087270621436e-01
7.604622436137358221e-01
-3.623878652788246058e-01
6.250267459334384323e-01
1.538130248676474188e-01
-3.619498460008452323e-01
-3.076137503705272391e-01
-2.398384749427460716e-01
3.042238314162415969e-01
8.552265581758498048e-01
-2.958620778096637260e-01
-5.218992027698357017e-01
3.194073446360361501e-01
-5.252785120662141205e-01
-4.563454733156144250e-01
-3.765594427151338630e-01
-4.068711900574746299e-01
-4.901159870838447952e-01
3.961402385443799079e-01
3.557370136268359073e-01
7.728573676088958955e-01
-1.473856292278892255e-01
-6.022759891100327723e-01
-3.819635618626512907e-01
4.595851093713689273e-01
-4.756830705042120466e-01
7.312631494306589541e-01
-2.070800422124878803e-01
-5.930179354686238025e-01
9.198530844755599123e-01
8.250564472759702728e-01
4.517146717120558153e-01
-5.058603799111276444e-01
-2.332822952377366088e-01
-1.500928303213457937e-01
8.929822221263985504e-01
4.716462909073844134e-01
3.971851023443658257e-01
-2.682102484323040659e-01
6.207360342760360750e-01
3.665503666626321322e-01
-5.444701039764088257e-01
4.659481030038488680e-01
4.299605028842264920e-01
8.478801007387846145e-01
5.392310663855008901e-01
8.058359769744289913e-01
-8.700467229744937581e-02
8.259203838458266667e-01
-5.319931978577852050e-01
7.612863375407001865e-01
-3.697632235610647244e-01
6.831045615156450257e-01
1.945811111743333544e-01
-2.140306970491698824e-01
8.064602408499483843e-01
-3.811981631749096766e-01
2.421798768122467027e-01
2.395730325359911317e-01
5.807398179586178433e-01
3.537020298383384276e-01
-2.576769762738176928e-01
-3.190354875967618131e-01
7.292431117730583390e-01
9.768397192640532190e-01
-5.135828713737455864e-01
6.769469351370387411e-01
-1.385364369737868140e-01
-5.076298763750339837e-01
5.723803755581563513e-02
-4.745606256644568921e-01
-4.938860514570164173e-01
7.251250127074512219e-01
2.515135600195048671e-01
-1.769796178023717026e-01
8.437407966279255600e-01
7.516782898399251844e-02
3.381877996306452694e-01
6.531957394748832968e-01
-5.337902558651237417e-01
-3.638685816724854805e-01
-5.100833837926532777e-01
-2.168282320549377862e-01
-3.314266286849615883e-01
6.485985532273867982e-01
7.141337615583657206e-01
-4.985476625424407615e-01
-4.286460082088960899e-01
2.442807621306241628e-01
-2.064324277107479066e-01
-5.518158072116619017e-01
1.422159930521381954e-01
-2.012928069294662725e-01
-2.643199392126129865e-01
-5.098332080437339986e-01
-4.042781504753503174e-01
-3.843212798147358500e-01
-4.087313380501514382e-01
-5.951971460536038538e-01
7.119501760721853589e-01
