-2.263774954515302903e-02
-7.792205518664716002e-02
1.923828742544791137e-01
1.079818073557322899e-01
9.048293072640370416e-02
-2.673531151705672571e-01
-3.330747710669973993e-01
3.216779881850615613e-02
-3.888573069443932995e-01
1.230111348386295211e-01
2.209972998602760530e-01
3.455412454979487902e-01
-3.974859077425088594e-01
-3.484574261152864061e-01
-2.917015141842716486e-01
-2.427019903641887133e-01
-9.811389372093054506e-02
-3.265170416329485903e-01
-1.819157727748338949e-01
-1.164862260610606270e-01
-5.594807185751520251e-01
3.971988984632440767e-01
-3.394952773354010800e-01
-4.423599787629289293e-01
-1.256832129876835347e-01
-4.577275632751173218e-01
-2.949859461652369341e-01
-4.162134762097247087e-01
1.392303746716969104e-01
2.527811357404314840e-01
-1.259714023602108157e-01
5.185194143609177519e-01
-3.292522103772038689e-01
-9.851378089545043126e-02
5.921728251955984956e-02
2.806610394293882482e-01
-2.345311528368807796e-01
7.247862396826977582e-02
-1.790160701936712173e-01
2.989039893202560805e-01
-2.320823198179117544e-02
-3.972730068840431006e-01
-4.307813339565767785e-02
1.788024726805484133e-01
-1.710690429534825752e-01
-3.023647294256772700e-01
-4.260923083830296942e-01
1.560508248781639073e-01
-6.153595373890571874e-02
5.643722576742802310e-01
-3.356512177391851592e-01
5.144742535843650488e-01
-2.285399783708311761e-01
-3.795854113666408125e-01
-4.021957908902549783e-01
-4.001604061064211182e-01
2.125629805809977069e-01
-3.558123435550992197e-01
-4.381429201109441340e-01
3.494733171060956378e-01
-2.277336908857141295e-01
-4.032187822240710373e-01
3.600666893127389967e-01
-3.638034004288607792e-01
-2.665096621175526703e-01
-3.580857386201002357e-01
-3.604794652357859452e-01
4.991798956319625225e-01
-2.080113042842151316e-01
8.765434910257037526e-02
-2.099194380693824025e-01
1.190058581869624932e-01
-1.251269763833399162e-01
-1.329495275838815660e-01
-5.957639893446645823e-02
-5.224905477955728017e-01
-4.573738073237506585e-01
-3.088573042815496716e-01
-5.780277800150344092e-01
-3.645424942964874959e-01
3.629470405816647149e-01
-3.516884280542025842e-01
-3.473250874598049487e-01
-4.706685301856272652e-01
4.294739426856850062e-01
-1.531985504655093144e-01
-1.895234143083684639e-02
-2.364640079889070157e-01
-2.629973586272122965e-01
-4.367543618340916645e-01
3.949007871051728458e-01
-5.416220421113059069e-02
-2.840168617919694438e-01
-2.443262315606576918e-01
-1.142610368337478310e-01
-2.872891413128868532e-01
1.906841200999549457e-01
1.676452555436891978e-01
5.581997188387033404e-01
4.767673892872678620e-02
-4.474292700509773235e-01
3.318564428299370928e-01
3.166473476925040220e-01
-2.585639263984018110e-01
3.169893118973122204e-01
-5.226930002108529649e-01
-3.008014676878495441e-01
5.880682704580124653e-01
8.661917504172131355e-02
-5.006380116934841529e-02
-2.874259160418919934e-01
-4.653574252133328704e-02
2.915126669173535162e-02
1.889225197409052370e-01
-4.301789951354283437e-01
-8.653381102178364648e-02
8.150999192620676792e-02
2.239925659752900478e-01
-1.456169093934577830e-01
-4.551431273680249245e-01
2.169649612534806649e-01
-2.040606439570943897e-01
2.139976373197533255e-01
1.367240730225368628e-01
3.195164048971322890e-01
2.532655183343184291e-01
6.345688943271030613e-01
-4.855367155743453567e-01
-5.471227794649426851e-02
-2.819907194130827355e-01
-2.304316189919528302e-01
3.832034990261547480e-01
-3.418063411900593707e-01
7.776402826854977857e-02
-3.971453721641637902e-02
-3.372562767669258221e-01
5.826135297609367214e-01
1.457020866544832816e-01
-4.694618518601957335e-01
-9.093175476782648647e-02
-3.709271195786505437e-01
-2.300343165179115912e-01
-4.349805714085204222e-01
2.212039863195626732e-01
-2.454673048437797100e-01
1.358326965499480343e-01
2.485006054871263803e-01
-3.171116820223973676e-01
-4.213118570070066848e-01
-2.779161704829118396e-01
-3.791792039057697572e-01
-5.832240270991289055e-01
-3.504451291839064675e-01
-4.290230905797503547e-01
-4.404068939902894275e-01
-2.076072389514775351e-01
-4.306043856276869364e-01
-4.596473007269817890e-01
-3.826679353520975324e-01
-2.197012770341817134e-01
4.100630613947474634e-01
-3.343311991779238102e-01
-3.615926242796332346e-01
-4.716883021406543808e-01
-2.745617685510377548e-01
2.295627995054194126e-01
-3.870687041044151844e-01
4.773262863650827859e-01
-4.317520343102642100e-01
2.725503108425502141e-01
-4.759102666685757210e-01
-2.794233647116873276e-01
-3.885016254291229210e-01
-4.078796768947543505e-01
-3.475093887162328254e-01
-2.776672404552201212e-01
-2.615042449891286092e-01
-2.752402087715906664e-01
5.257750578081332726e-01
2.205078721444755641e-01
-6.148165799097859985e-02
-2.946776979178666878e-01
2.028426346354081922e-01
1.606836686281056248e-01
-3.498727190008888432e-01
-4.176913264957398120e-01
-2.191139530154268544e-01
-4.073855086606249509e-01
-1.478556129633016858e-01
-2.183943372077543632e-01
4.798181975021519330e-01
3.699595551900614065e-01
-4.986941845632881787e-01
-2.675023997505950324e-01
-4.289511133776826579e-01
-4.677110892807876397e-01
-3.468537494150225609e-01
-4.882479364283152101e-01
-8.811092745308971019e-02
5.949818060437622735e-01
4.432285301860123816e-01
1.297292244943467621e-01
-3.076036710541101282e-01
-2.007344619289586629e-01
5.608930183890779020e-01
1.164830792958532341e-01
2.902874129470034426e-01
-5.865866599179625496e-01
-3.996207532301727650e-01
-4.857294338488594709e-01
-2.362979387233317408e-01
6.269174139779012389e-01
-4.737547172451356259e-02
2.730599186380217036e-01
2.341410523548292655e-01
3.375304702163500759e-01
-9.692141878878442196e-02
-2.678970189135770896e-01
-4.876204324998718587e-01
-2.941222978885179584e-01
-4.984009076192007504e-01
-1.654843495833716038e-01
-4.381025137358630639e-01
1.293241358348511949e-01
5.575167140043354452e-01
1.380109871584251358e-01
-2.408211586117418312e-01
6.483067272582838658e-01
2.514854125217210953e-02
-3.651234722003552369e-01
-4.917500126663349458e-01
4.174486422393204332e-01
-1.473215513652867403e-01
-2.596502020622006301e-01
-3.371118277179501743e-01
-2.637781766635629577e-01
8.139774339055584618e-02
-3.851907607435536285e-01
-5.789872718594923917e-01
-2.919079052249586859e-01
-3.260515911287917290e-01
1.246584121173864856e-01
2.666863721660973074e-01
-3.913251296981381522e-01
-3.384677075166943050e-01
-2.971526776775286760e-01
-2.956307037551746397e-01
-2.781276379409370336e-01
-3.347514890083634342e-01
-4.062422963768870243e-01
-4.046814915126603074e-01
4.685376582035395976e-01
-2.257935476240141293e-01
-3.281237703585890286e-01
5.265337080015650706e-01
-4.889670058724425727e-01
-5.898665576589222637e-01
-3.990794494067780862e-01
-4.205566274592041354e-01
-3.752466600536843444e-01
-9.108415890183468866e-02
3.248180769401637358e-02
-2.895935207965280589e-01
-3.728466687364155319e-01
-2.376849104648313393e-01
2.623809179081691423e-01
-5.193670002233254923e-01
-1.785696468658171387e-01
4.029924962996491167e-01
-3.917822240838709780e-01
3.182376367465883926e-01
4.534562548830970985e-01
-3.402239176131938159e-01
-4.029992787224515594e-01
-2.462021562014304055e-01
-4.234372391714063544e-01
2.818345803791907356e-01
-3.662023779075475050e-01
-1.804625562248323156e-01
-2.248688174316086918e-01
2.979511126060181425e-01
-3.383261873996566416e-01
-3.662215866321177904e-01
4.585398775575142416e-01
2.819847131557935427e-01
-1.157823862073236176e-01
5.431314426195343881e-02
-2.752415723990314089e-01
8.855376479943888324e-02
-2.807886557879966660e-01
4.799398904557080070e-01
-4.850276793494667782e-01
2.406165392912390233e-01
-1.496468349189837288e-01
2.581869214084120401e-01
-4.960272715710384306e-01
3.612667542114381680e-01
2.387304324474869011e-01
1.514300934630770923e-01
-3.701102169433903022e-01
