8.619508170739615949e-01
8.744124396235575247e-01
7.471150006744451399e-01
-7.086728515069129486e-02
8.233024177333654325e-01
3.608724733110627581e-01
8.572181578600425178e-01
-7.497432450019543559e-02
9.370528440234495715e-01
-5.708038014604800425e-01
7.241473692900713965e-01
-5.021820417403110026e-01
7.071439242334749409e-01
9.461952434803639900e-01
-4.785070690494758194e-01
-3.272712506592537207e-01
-5.662899245043540031e-01
-3.494072118498762203e-01
-2.684188526406165454e-01
4.298926946931886373e-01
9.029341476176562242e-01
8.007186918349369353e-01
-4.919061312739758662e-01
2.874568702716905344e-01
-4.954460456758951192e-01
-1.836726470732634453e-02
-1.277032155402322011e-01
-5.410862998933475554e-01
-3.256297848709286402e-01
8.290043462428122734e-01
5.940480394928195906e-01
7.426539673097687366e-01
8.517775437395040949e-01
8.383566263419850451e-01
4.229374023082462797e-01
5.463611795169566188e-01
8.345266965753483923e-01
6.471909166203414498e-01
3.220215411808377559e-01
-4.748596286030646318e-01
2.535743676684505329e-03
-5.871600299392594202e-01
-5.613423511039445923e-01
-5.332903448993515649e-01
-5.659245081266344179e-01
9.031528220590792078e-01
6.736406393276546112e-01
4.055052029660359270e-01
6.563522181414236378e-01
8.229545708854089092e-01
-5.894059231637991392e-01
8.101757918991097096e-01
8.951287294754042279e-01
3.098261239504780384e-01
8.791467747806008814e-01
9.081599818015944070e-01
-1.722468698434199141e-01
8.558698264375987907e-01
-1.229163888649712211e-01
-1.277638197171035994e-01
7.344087310378559774e-01
8.963484522429998602e-01
-5.850571954578548395e-01
8.668497684446405671e-01
-4.331844064648286974e-01
-4.319550385137650439e-01
-1.188249769786983157e-01
8.290120114170193011e-01
3.580707428946877657e-01
-5.765766168752115561e-01
-5.427079286305541705e-01
4.265746570767021684e-01
-4.842662550834790358e-01
3.105593284137503352e-01
1.848139439089191982e-01
8.125805736222813103e-01
4.038383494367983606e-01
-4.939490569763370642e-01
-5.101032467823642946e-01
3.900943745008385033e-01
6.936544800422330681e-01
9.201761279532280069e-01
-5.793478227825392679e-01
-8.399857964508751496e-02
-5.697108865899374042e-01
5.776755545440362405e-02
-5.409424929822539974e-02
4.410841383847074471e-01
-4.938913220473692967e-01
-5.859004169874810763e-01
8.015395404732903462e-01
9.332540803484421499e-01
3.830864672870535337e-01
-4.946552866464435372e-01
8.941752956296757926e-01
-2.202948324063245256e-01
5.953982381846613103e-01
-2.669028160849223896e-01
-5.306930864499291856e-01
-4.983067485484762305e-01
-8.411038480419626151e-02
8.202175595641032491e-01
-4.935703245703842446e-01
6.193120022153486559e-01
8.665809607864887187e-01
5.788778544632557921e-01
-5.990562018387928234e-01
8.076551953521458049e-01
-2.237635648464065263e-01
-2.363610685875860151e-01
8.079388835565911586e-01
7.229443647034557996e-01
3.724772636676962900e-01
-1.788247801252366709e-01
3.959115797745870191e-01
-4.592324988995856727e-01
1.379250100378572041e-01
-6.011659705852825386e-01
5.786736497654288991e-01
-5.735655458807916718e-01
-5.404533593024941629e-01
-5.865737292000681169e-01
7.221553154337078118e-01
5.779858093490393145e-01
-1.124454864875359950e-02
8.252734656221687448e-01
8.258286355212418606e-01
3.498448434674218399e-01
3.207189195584243535e-01
-5.888566521587115243e-01
8.138390932324178761e-01
-4.692662131452385865e-01
8.445636739943169768e-01
8.457541818577659631e-01
9.001437235352205413e-01
8.277045348128364566e-01
-5.156640961809242502e-02
4.271638549948114649e-01
1.640367090665492689e-02
-1.469168029337015735e-01
-5.444455224367650281e-01
-6.054238009331092130e-01
5.959382766381269292e-01
-5.196903258339963250e-01
7.340374939654740194e-01
7.335407110259037911e-01
-5.051653383402914255e-01
4.158601739997179747e-01
-5.375506159577982945e-01
-5.106522505701833747e-01
-4.870449829263254760e-01
-4.597340242688697787e-01
3.759882762664402689e-01
-9.489068632705272011e-02
3.765355883488664679e-01
9.060790436474372989e-01
7.267287091062635263e-01
1.029964581751789815e-01
-4.091004620431717420e-01
-4.650891648475107276e-01
3.114644270289288475e-01
-1.135511952153166054e-01
8.831351711231367752e-01
-3.365470756588692658e-01
-5.166512409947074946e-01
-5.455733424963942202e-01
7.332429642767517297e-01
-4.852295787347396874e-03
-3.624284629532956853e-02
-4.871144781437817817e-01
-5.912487770180696600e-01
-3.824233531380732409e-01
-1.378917431743341415e-02
9.273000838141360891e-01
-1.825127683509413304e-02
-5.638496590838969480e-01
-1.574051984286274353e-01
6.796835263345080147e-01
8.217621702742523571e-01
-5.534989632126778858e-01
-4.991054338249953926e-01
6.036368432135132966e-01
-2.881856283830201981e-01
-5.015169713939532370e-01
-4.045514202134028459e-01
9.813435372775105581e-01
-3.639766097409012635e-02
8.891145446135854113e-01
6.733942818017184251e-02
-5.245193416804905251e-01
5.739183709033708336e-01
6.654809775533931937e-01
-4.234648077004916911e-02
4.174159932188267752e-01
8.418327552757096655e-01
8.042408312676863069e-01
7.842436151690744817e-01
-3.607270645874461890e-01
-4.945737264800537103e-01
3.274607757605975666e-01
8.151072701821555633e-01
6.237431159143395076e-01
-3.833072814781048887e-01
1.291210086794059575e-01
7.991644122147169016e-01
-4.323823338516786796e-01
7.094628125567148391e-01
8.347237655693360292e-01
8.409828114508417496e-01
3.035485144951854952e-01
3.477627210639587796e-01
7.001403286514930047e-01
-4.397672083183550018e-02
-5.138885372676121888e-01
6.690735011124592235e-01
6.357568773361057524e-01
-3.239539842282833093e-01
7.129877926572646407e-01
-2.007684407662806841e-02
-3.591719822934980044e-02
3.703566928230294097e-01
-2.622610273195856156e-01
-5.581974271923697550e-01
-3.884757217406306640e-01
-2.215640412349411531e-02
-5.606092691769497538e-01
8.787268168690813841e-01
6.049292477269625490e-01
-5.464103706586658227e-01
-5.097285309137271625e-01
4.037793550442396739e-01
-7.823340036405342091e-03
-4.604610676727320939e-01
-3.884916708440793176e-01
8.589753160812531041e-01
-4.693693861568729586e-01
7.647695187272351980e-01
-2.352207001843151929e-02
-1.160831829033363571e-01
9.254983417001276802e-01
-8.795628738390134926e-02
-5.440908660296146504e-01
-2.580149747425513063e-01
-3.923618023755866269e-02
3.126201325687147370e-01
-4.398174144403316915e-02
4.086977719807189935e-01
-4.567258854725061434e-01
2.901740416679307599e-01
-5.366552617660991231e-01
9.164611814425407399e-01
8.274380870569674196e-01
3.063537375956176811e-01
-5.284052054581548502e-02
8.390081223936816102e-01
3.420907028201862210e-01
8.017682474913030433e-01
8.863938017907941891e-01
8.637180901953376289e-01
9.605274657969202767e-01
-6.299396702541960880e-02
8.234321065110259408e-01
-5.200522417249821006e-01
8.028557703605665452e-01
-5.047435275814059485e-01
6.788543343332886781e-01
9.757471309330487674e-01
-2.301283522538590809e-01
8.066982467548092783e-01
6.554367327039674063e-01
7.270687693534254592e-01
8.147354346232251743e-01
8.289206835024161002e-01
9.072438298173763904e-01
2.066155701763496694e-02
4.111620218931134607e-01
-2.336723480259865204e-01
2.818189285696825683e-02
-5.685543611603165459e-01
-4.929838915999402715e-01
6.521573794394595058e-01
-5.620984592586290018e-01
-1.497747353865254150e-01
8.046075940481238753e-01
7.509684903242636045e-01
-2.111005342190192535e-01
6.105518678616698169e-01
7.068769498370381932e-01
1.063440652348607851e-01
-1.763833075696604191e-01
7.242128861651779825e-01
7.996462266826805942e-01
6.805163420137894104e-01
-3.056390506076400726e-01
-5.681682947039332632e-01
-5.116204658370459013e-01
7.241668955644768868e-01
6.328267588229458118e-01
-4.138642774419373227e-01
9.136997290278731088e-01
