4.805493558198113968e-01
4.838110873401587075e-01
4.834445256146654990e-01
4.844970718391216069e-01
4.801716394194404103e-01
4.881238916693125818e-01
4.773022748996473830e-01
4.830291732882884825e-01
4.741524476216992245e-01
4.818318258774966778e-01
4.830706866607888950e-01
4.838518661720694336e-01
4.744455232405055956e-01
4.770803963335186748e-01
4.859898146535890362e-01
4.789046202698118426e-01
4.818124987099635659e-01
4.758673100554399737e-01
4.929821665425367372e-01
4.879410141331352868e-01
4.720570958051321098e-01
4.812673669755073158e-01
4.840331316595772870e-01
4.785365636379534937e-01
4.800266323722185424e-01
4.718244330212595372e-01
4.689893184939528670e-01
4.740853232385739413e-01
4.873131384215880768e-01
4.810614463457890677e-01
4.794217051579194866e-01
4.775812930257151701e-01
4.752896617866714801e-01
4.751473380454074302e-01
4.840262687944986153e-01
4.757042868205649810e-01
4.769052249258041720e-01
4.763154080076635877e-01
4.952015101327727487e-01
4.773328852709112224e-01
4.823551163740776859e-01
4.824032837864468681e-01
4.886811918369070029e-01
4.816256884061064225e-01
4.848591598731029628e-01
4.744991528126275560e-01
4.811417267621727056e-01
4.785345272295206676e-01
4.859896142543000397e-01
4.788082837247641388e-01
4.841496014709523177e-01
4.725769900013304659e-01
4.858239228355428208e-01
4.844622677378924158e-01
4.749367524058459855e-01
4.804402686688317159e-01
4.846157744849787230e-01
4.782872646499017888e-01
4.782593117268553184e-01
4.841038777891107370e-01
4.831799098629431244e-01
4.976323804162429143e-01
4.810597703905536981e-01
4.731408399060660352e-01
4.888096866889171666e-01
4.828424060326677036e-01
4.742782317399131808e-01
4.766024215367550276e-01
4.862204707048467522e-01
4.810559781857774997e-01
4.908343414746828559e-01
4.713150967547736769e-01
4.868525963538850032e-01
4.840195630469640298e-01
4.802029925920188180e-01
4.695868289378465343e-01
4.723568046824556665e-01
4.815530355101262372e-01
4.656439610709308119e-01
4.814026941666180726e-01
4.804158824623939728e-01
4.733459361802164755e-01
4.864963902344963120e-01
4.751125193348952336e-01
4.871537842843358668e-01
4.717147055503155273e-01
4.788017274833831771e-01
4.838680026129979495e-01
4.852899962886119134e-01
4.777804275647026255e-01
4.805400525837970060e-01
4.914676464912268727e-01
4.925871357247487148e-01
4.853477369830412336e-01
4.852375549925249665e-01
4.855351808910745581e-01
4.801268094528131636e-01
4.825055934370986455e-01
4.853496931591239072e-01
4.741500496706183010e-01
4.755380879676935346e-01
4.758340558930835851e-01
4.834202052135093686e-01
4.898865280176288861e-01
4.912157156730702079e-01
4.744753755033830900e-01
4.852444831514072798e-01
4.772432285798792750e-01
4.844056720015005868e-01
4.837230146802261599e-01
4.807512048732640042e-01
4.828335936573225906e-01
4.893305129756135852e-01
4.778336010731584205e-01
4.754603879057481830e-01
4.870779566314737963e-01
4.813754364164280486e-01
4.793854142001527374e-01
4.788445356185642154e-01
4.772639406001388807e-01
4.829404918309527783e-01
4.900962137851290201e-01
4.841382619562555889e-01
4.807538310139731763e-01
4.817082399464176490e-01
4.780493259210731316e-01
4.799490501983608715e-01
4.719004394891587739e-01
4.855928472024432785e-01
4.861146870753971228e-01
4.792269503698671773e-01
4.824121075477594833e-01
4.763182884489136071e-01
4.834153159140093248e-01
4.822151911073829789e-01
4.695458465105744050e-01
4.896712509033802618e-01
4.829673261289467723e-01
4.731692018168025538e-01
4.815752321604968023e-01
4.800441025506455017e-01
4.818364123619429673e-01
4.717002238028618621e-01
4.840384696133012143e-01
4.867218002826667611e-01
4.745553000935872068e-01
4.839749661208320175e-01
4.867695871903275351e-01
4.756103700078490037e-01
4.828019582797533626e-01
4.739822485743571678e-01
4.746655454617946246e-01
4.828082971309303195e-01
4.766831195169937696e-01
4.744326044570283396e-01
4.816537494952236043e-01
4.717123177680975221e-01
4.738829411542767600e-01
4.642769910558235957e-01
4.870903099918576507e-01
4.843583032369203067e-01
4.816178463076754568e-01
4.708908906386447546e-01
4.716974975818857829e-01
4.924512812658927152e-01
4.823796095665321415e-01
4.871087650350375275e-01
4.852341478929963481e-01
4.732051936296115535e-01
4.755267945254390560e-01
4.737238949685141920e-01
4.761755425798471775e-01
4.765588711167100255e-01
4.778923427843326799e-01
4.757221779112100202e-01
4.855114531009954715e-01
4.891709757511961132e-01
4.712147650373566532e-01
4.820661119431649544e-01
4.810606045261410779e-01
4.784751382467915537e-01
4.842482167964548001e-01
4.808165306738068079e-01
4.785848036083579782e-01
4.796175688634024548e-01
4.746874986336663271e-01
4.731381927977746926e-01
4.776237306456295739e-01
4.806123672705857608e-01
4.809986504246618888e-01
4.941538565125122573e-01
4.769756048342036481e-01
4.699079563930211312e-01
4.732559874851388626e-01
4.917553007949012067e-01
4.744465472545742468e-01
4.720650272888984311e-01
4.771693920808582901e-01
4.831923190067100027e-01
4.844068033416244479e-01
4.807521622261589078e-01
4.805413500637785718e-01
4.780274712486975996e-01
4.804330237168471518e-01
4.764097453068909527e-01
4.823674292921927842e-01
4.883087540563411655e-01
4.750371732127815494e-01
4.810831289879254902e-01
4.758691363178180200e-01
4.736058993204040890e-01
4.784666563840951348e-01
4.926995095536411684e-01
4.847966261832979962e-01
4.762994722785276469e-01
4.739655809364277106e-01
4.781538191703592622e-01
4.828269009351541241e-01
4.762871089646252276e-01
4.738784344944143023e-01
4.757016486476982609e-01
4.783858559042836189e-01
4.749015467611013008e-01
4.802606527681663739e-01
4.817578899120001923e-01
4.802177437588365239e-01
4.867380832847867378e-01
4.857509619222359354e-01
4.803291583540014731e-01
4.860259513221844574e-01
4.756916975665591574e-01
4.894612597053691339e-01
4.760972173834083776e-01
4.755231356058526870e-01
4.705670607187429910e-01
4.864019699076218561e-01
4.810530695360779596e-01
4.684615265252698446e-01
4.743885053774811178e-01
4.689243741775910301e-01
4.756977764934537944e-01
4.769258708131133284e-01
4.822995267682678722e-01
4.805814727549858612e-01
4.927004825676766786e-01
4.753602298689033612e-01
4.854466875083575106e-01
4.777425369210016037e-01
4.835212590089837947e-01
4.764712919508283240e-01
4.713715906824240687e-01
4.859142609443807270e-01
4.873708809321677382e-01
4.883025063396788101e-01
4.769733124185592810e-01
4.795967632160730298e-01
4.767909138279307069e-01
4.729073081319392080e-01
4.747452118485037120e-01
4.769780080965146385e-01
4.805199971905005363e-01
4.818971809878008772e-01
4.775185766464486448e-01
4.820196318676123193e-01
4.855304044971850974e-01
4.784777148958356263e-01
4.660280520999279807e-01
4.809225625133578541e-01
4.828598100547161209e-01
4.701817911324696619e-01
4.792446319883256756e-01
4.822986259613419868e-01
4.900026282370723574e-01
4.763740556212010535e-01
4.923190999488497033e-01
4.748770665421603865e-01
4.796289020356364619e-01
4.838833758486097425e-01
4.878606390670046644e-01
4.740628562554923264e-01
4.809662723867640377e-01
4.886419372487663670e-01
4.845012403969732317e-01
4.796747624699936319e-01
4.784776587239686907e-01
4.802167078084803031e-01
4.865118892836735598e-01
4.885005689261455730e-01
4.853850703340956141e-01
4.661426054264970475e-01
4.819133607606367331e-01
4.782448335005097251e-01
4.810451596345562408e-01
4.780383853366201308e-01
4.897423922260168427e-01
4.688206012536011436e-01
4.786899545122929034e-01
4.767842860352835554e-01
4.793477252311481585e-01
4.722080383022843608e-01
