-1.167565246786312905e-01
6.843240066319667969e-01
-1.350461703942070213e-01
-4.643129714650826023e-01
-1.316669496710799747e-01
8.831737438227293957e-01
7.726903595633811683e-01
-5.000641792629179072e-01
7.672024668685392124e-01
-1.719992671255213823e-01
5.596440546966363616e-01
-1.868438354964552794e-01
4.733924344392250738e-01
7.673694393584846729e-01
3.407836085618932143e-01
-1.779774935976648487e-01
-2.684553641761039944e-01
-9.857572582230765545e-02
5.180386093670277248e-01
8.815132719675751183e-01
5.558100481559757888e-01
6.647578977928981780e-01
5.906777966189076245e-01
9.028196532356099757e-01
-3.656721293461705491e-01
-5.663027461731597878e-01
8.972345165524846511e-01
-3.288412833627196163e-01
-1.414997052807446809e-01
6.950751466284798008e-01
-1.877233983605935963e-01
5.032778407369633555e-01
6.578281489412635130e-01
-9.172518195340620406e-02
9.077834288990076494e-01
5.924997605594910510e-01
-9.639295416462846655e-02
5.129976374035175590e-01
9.103316403448316052e-01
-3.090761353986617443e-01
-5.677853228310251188e-01
-2.111211105665442567e-01
5.262215607918651061e-01
-3.958838972377860532e-01
4.793681144645716152e-01
5.979018046340114356e-01
6.108807944380200139e-01
-1.034674625431975109e-01
-9.091975790077845565e-02
6.570697011527237841e-01
4.440164314895444497e-01
6.475455729176911035e-01
5.862359917382102825e-01
8.919324460822296574e-01
6.263016181924350168e-01
5.967302070844759943e-01
5.873231183683687018e-01
6.377750467476354101e-01
-5.796638677330067102e-01
-1.569172413332828309e-01
5.930944823048113212e-01
5.964365119400455439e-01
-4.687469143087910073e-01
7.347258554471258751e-01
4.638191641475877258e-01
5.647118332544711627e-01
-5.736767436108292095e-01
6.417714862933532327e-01
8.740164447007576776e-01
-4.305606612143160761e-01
5.807507638344823198e-01
8.994178567876438546e-01
4.323303621094427562e-01
8.997986244159303926e-01
-1.440616257825103608e-01
6.393665141474840219e-01
9.122979291531696511e-01
6.071385404614411119e-01
-4.037617230714839467e-01
8.986662122450252976e-01
5.413931294786431536e-01
7.113937690921569024e-01
4.629530108018903856e-01
-5.099976603690017374e-01
-3.169816303450154749e-01
-1.761974021056842699e-01
-1.817565003228868714e-01
8.900204785832617205e-01
6.075061175201937891e-01
-2.035769126246285143e-01
6.819358728981471662e-01
7.254992666223671893e-01
8.930695233242504916e-01
5.428080673897212050e-01
5.993315797178724313e-01
-1.767248515307954515e-01
-7.969151807785931907e-02
-1.509005143590958775e-01
-4.088952140674062541e-01
-1.190929642021221341e-01
-5.226806023386355582e-01
6.975264027542676937e-01
-2.858912153865894590e-01
6.007780311662096473e-01
6.700698408205617573e-01
-1.178934241232561797e-01
-3.834600097994033119e-01
6.836349956076233081e-01
-6.898390964778956802e-02
4.986766569695418871e-01
5.470840223188384588e-01
-8.216473106897154155e-02
7.623086689346100231e-01
-1.747380271412945774e-01
8.611656490675091424e-01
5.627886918541185057e-01
-9.517639906965121022e-02
-3.066888004159263881e-01
-9.694431119372165506e-02
-3.648775981015855985e-01
7.582394643196705974e-01
4.812794957275915442e-01
5.044840005521681325e-01
5.067061086001380943e-01
-2.744666789775908056e-01
6.774913701360909535e-01
6.206737071830394914e-01
8.995986751145228499e-01
9.108925134441872018e-01
5.101477680773431889e-01
5.757997707544888488e-01
-2.929878221386349457e-01
5.953396167246435278e-01
-3.750089711336973552e-02
6.079583329604687503e-01
6.910755844019851324e-01
-5.568280401133982593e-01
9.057581244801675702e-01
-5.854646655320256965e-01
-9.173343703355885115e-02
-3.155736443325811713e-01
-4.147589415015369152e-01
5.051625449741469209e-01
-4.018432288761429882e-01
5.460481816598010685e-01
-4.965115959641722698e-01
-3.876666091950740078e-01
8.625691407276604439e-01
-3.749663432371368454e-01
5.632771065076167538e-01
8.029014591516021593e-01
-3.152878281956487116e-01
8.758832738413216967e-01
-6.294416475373452169e-01
9.020081053679475103e-01
5.946191106729112885e-01
5.085720872982225638e-01
-5.004103138821044405e-01
-2.498124074526503757e-01
4.238969112421548946e-01
5.680418918269574124e-01
-5.320358498055235419e-01
7.912240905510893318e-01
-1.902927887107195848e-01
5.504621558484601440e-01
-3.391125622236189630e-01
5.189658550125911818e-01
-5.963277592194939913e-01
-5.726973868158279357e-01
-2.807161030824762427e-01
-4.472731534919071050e-01
-1.115319813016844991e-01
-6.304139852800527688e-01
7.593415918551893462e-01
-5.131699725138743062e-01
5.796295066805039475e-01
-4.287659447530318135e-01
4.718965708258149316e-01
6.888477805203107041e-01
-3.590467355259657212e-01
-2.742227289354351449e-01
5.027191981475002125e-01
-2.073872250666361772e-01
-1.213540113689333955e-01
-2.452242350190405040e-01
7.606291555171705854e-01
-9.849888798211735297e-02
6.292816568610204442e-01
-1.152489462122072567e-01
-2.578689938150547853e-02
-4.919263875322003599e-01
5.225671830752117719e-01
-5.956966282509135180e-01
-4.747449050775823243e-02
5.667387103596566167e-01
7.459881828643264434e-01
6.419757949582494128e-01
-2.223263065348613787e-01
5.145896021802019993e-01
-1.118204387853423964e-01
6.583479168505668166e-01
6.249126329236007749e-01
-2.696533994773469001e-01
-9.561870742135573920e-02
7.217137710462420142e-01
-2.753740778739083295e-01
-8.950581911423702297e-02
-1.288171829885880471e-01
6.081337741606515079e-01
8.700748424460564845e-01
-1.826114117358637601e-01
5.023444153751913666e-01
-5.630557465694912000e-01
6.601399794655737896e-01
5.552364812475316658e-01
5.728030373710943923e-01
-1.895545807597618926e-01
5.786065886247644396e-01
-4.327352569818220251e-01
-5.085275744889747873e-01
8.992505611114409714e-01
-1.286282491136480077e-01
-2.464831375374497979e-01
-1.132194179884241647e-01
-4.631181497339006414e-01
-4.158119370931729897e-01
7.083495798595126347e-01
-2.390053455617952571e-01
-3.675460734292109732e-01
5.555858305089852456e-01
8.624702236585197745e-01
-5.293284332280584481e-01
-2.681712397921386937e-01
-2.692536875464652257e-01
-1.633756247594958799e-01
5.452588900043737752e-01
-7.721426047228915901e-02
-5.132059850252900235e-01
-1.943060428413216911e-01
7.532818772907998728e-01
-5.439400612762012033e-01
-2.626322890456712078e-01
-1.015836095672173062e-01
-5.109029236412891972e-01
8.112465455889924515e-01
-4.939643402736036415e-01
8.791910186687095230e-01
-2.198365070816274691e-01
8.514964457492969485e-01
-4.307281869390485740e-01
7.554756953767205463e-01
6.919356282151294391e-01
8.990001505293763184e-01
-5.122332894826774341e-01
6.853728519068469360e-01
9.069018329775451193e-01
6.918465082640946617e-01
6.475634402015879587e-01
6.247407094674237715e-01
7.891001605675711517e-01
-5.681557603483035068e-01
-1.120120839953185621e-01
-3.776926898630046381e-01
6.998947921792146865e-01
4.994835497330649132e-01
5.543065033030556421e-01
7.716272251027913587e-01
-1.538366623617321571e-01
7.076994689950103501e-01
5.176065618614177355e-01
4.895012612164042487e-01
6.843198001791708229e-01
7.409763287688200251e-01
6.167932838407658158e-01
5.835886521040249963e-01
8.911470168426867122e-01
-1.427062537583774215e-01
-5.626135031854969659e-01
5.168597598124459180e-01
-4.372806078042335010e-01
5.536906353763714206e-01
-4.072613914162164228e-01
-2.252816397262653036e-01
6.102913954467087398e-01
5.348020585954507133e-01
-1.418906053455321614e-01
5.259541466449103586e-01
4.792040849684222614e-01
-6.249581229490894230e-02
7.636702096217076186e-01
5.072508440393084239e-01
6.221994641729174935e-01
4.993563646059866468e-01
-1.297091167176531445e-01
-3.435635125252124444e-01
-3.829959146563694516e-01
4.911123144429662135e-01
5.268888249931452661e-01
-4.215650764285452379e-01
7.078354500950370110e-01
