6.461282394131114826e-01
2.895981197722404255e-01
3.560199045401911677e-01
7.205229456642590069e-01
5.237434224057302412e-01
2.481176093663876869e-02
8.594262710812949901e-01
-1.912389038755663850e-01
9.488754930684963895e-01
3.584944109839505177e-01
5.618673220866462481e-01
7.233761480185687542e-01
5.250962238124767811e-01
8.986238306385208041e-01
8.749990069041525542e-01
5.759085906034525637e-01
-2.929096206506623390e-01
7.444790214651081373e-01
4.905636149217030839e-01
7.737799824135012106e-01
8.769996956134675781e-01
1.196295094600001441e-02
7.754427913851261733e-01
7.730553030873226206e-01
8.505765034010184245e-01
3.859842067988526471e-01
3.534509540801843430e-01
7.163539684374418126e-01
-2.398252614723127563e-01
9.624128994646203861e-01
4.945985716406638838e-02
-5.984678006041838083e-01
3.816586685646991550e-01
-2.972175408811447150e-01
3.316572447599434037e-01
-3.591916832892356748e-01
7.121815351607121425e-01
7.742930496685276331e-01
9.120214147842466978e-01
9.854087203512009729e-01
1.116079351356044289e-02
-3.690164668484159360e-01
3.330339940527502485e-01
2.761076234491646186e-01
3.012901383392125876e-01
8.410760825253502104e-02
5.747468031273647027e-01
1.554544359491147332e-02
7.704058118089129881e-02
3.145041049725567917e-02
4.686533574839737981e-02
-4.710645985509138711e-01
6.956368654770856974e-01
3.839139604799602368e-01
6.449354312831497849e-01
9.657368397453931497e-01
-3.203546404456714125e-02
9.509158845905695268e-01
8.159932584615274820e-01
8.984335266703311618e-01
3.494058905777308599e-01
-2.811801311888090793e-01
8.612905573993319130e-01
8.850800377327240342e-01
7.124226487612307368e-01
9.263447217544321655e-01
9.228109789836999033e-01
-5.076996107880511477e-01
8.769519049491903973e-01
8.391127956266852816e-01
-4.725256534026001792e-02
9.452359055168897406e-01
-2.041216970164772687e-02
-5.974720934386336113e-01
2.199598361809989439e-02
7.406746649861470910e-01
6.761330573325524673e-01
2.524683922742442313e-02
8.733238904852551610e-01
6.651678402419174407e-01
-4.518980754188516302e-01
6.562459644585414420e-01
8.441483166303804797e-01
1.258375523419108868e-02
5.547953806984491365e-01
-4.680938372699610106e-01
7.377969353541939945e-01
-2.490558286513906983e-01
8.039177092023757076e-01
3.705330693346003956e-01
-2.803859591258106576e-01
2.033404159455453122e-02
8.302565681383000662e-01
-2.042592802690276765e-01
7.474438386123639644e-01
6.358739601215324111e-01
-2.889718890255821293e-01
7.955943103755256374e-01
7.060060014842489684e-01
5.542694687430491651e-01
-4.605068778124321582e-01
2.713383798843222450e-01
2.525453471286274731e-01
6.751950327093878546e-01
7.453405477297052606e-01
-1.811121511081702218e-01
6.151119827209102775e-01
1.369225991002910939e-02
-1.785465508235147547e-01
6.658628200949050502e-01
4.908750051345856513e-01
6.847192589217245828e-01
-2.882442704532928723e-01
-1.271936702697058080e-02
9.089313884895475759e-01
-2.603156302865005101e-01
-4.585041364527173702e-01
-2.140700693247497496e-02
5.190906332353152283e-03
1.509885173523310142e-01
3.634102008385476368e-01
1.130638584923333023e-01
9.914231610376529336e-01
2.951613180570980544e-01
-2.910452450373454680e-02
7.257647253480608018e-01
-5.197839066634967198e-01
1.004095368520448450e-01
3.452815377562200583e-01
5.481421621376862952e-01
-4.499052108625313795e-01
1.055245773714105773e-02
-3.094430756647083558e-01
8.732651792942651703e-01
3.475526831736551747e-01
7.515280605970531269e-01
-3.159105297739436269e-01
2.892756310967427025e-01
8.068354067880851854e-01
8.503271514755266214e-01
6.593591088572547942e-01
-1.755228459747349978e-01
-4.143863019759369548e-01
2.699121063994455172e-01
7.528834264551306221e-01
8.798404355458692150e-01
-8.174512014271499705e-02
-5.148801668858693503e-01
6.574838830701112968e-01
-5.955593238758986052e-01
8.744917221858236056e-01
5.910498573300324715e-02
6.675740934332459187e-01
9.035028467714376621e-01
6.502425806085625482e-01
6.646093641119529272e-01
6.693241969449945650e-01
-6.180015366092168616e-01
-3.440537041789882844e-01
-5.383983445652524846e-01
5.382874198437266333e-01
4.831917326801545287e-01
-4.446849612463331380e-02
-5.255114278497277081e-01
6.101728020206218517e-01
8.579928138141734717e-01
-2.969914293883668677e-01
7.134871054070747176e-01
3.819272877287515078e-01
4.970264481209688001e-01
7.819481548244346936e-01
5.792301496020295370e-02
7.965368470297844450e-01
7.003417877349511489e-01
-5.156550230949820124e-01
1.170659206522828288e-01
7.804691317032539377e-01
3.090016474503899935e-01
8.356570677394168367e-01
7.591240497856179825e-01
-4.790843040206992920e-01
6.241026542774623653e-01
7.726162231693147753e-01
-4.790843040206990699e-01
-5.184093402194097505e-02
8.308363018895652541e-01
5.372122155677088173e-01
7.226860409330584378e-01
-4.781193921639422251e-01
8.921445399642381480e-01
-1.977027501244106242e-02
-4.186382337848336688e-01
-5.089983322643041319e-01
-5.554808094059311419e-01
8.574120876566684313e-01
7.671766131551402967e-01
8.474263962294994665e-03
8.174141407808188653e-01
7.338677512038831452e-01
8.720555868297927837e-01
8.797186299743874061e-03
-1.238999929588891213e-01
-1.413593094707767117e-01
9.140232604172582320e-01
9.163473777829711509e-01
-1.304676379050334067e-01
-4.231484022830934305e-02
-5.956643499410465559e-01
-2.034451162918782252e-02
-2.363232849247992595e-01
8.797186299743874061e-03
-3.745090610759223004e-01
8.764748739383436682e-01
2.768815573697114285e-01
5.537167285004969131e-01
-5.357588494631054798e-01
9.156915758200565580e-01
5.426608492875260037e-01
3.946570722076829796e-01
7.189005996282786803e-01
6.161987509206257041e-02
8.836802887467125611e-01
5.548761379364810509e-01
3.248701232071265488e-01
-5.672462882667961281e-02
7.100063826249518317e-02
2.696620683440085209e-01
8.739130509654187418e-02
6.948469916237203226e-01
6.349543032581349555e-01
2.995099454201043399e-01
8.685145380703149787e-01
-4.567093621139071136e-01
-1.086005729657261165e-01
-3.644687165210149793e-01
-3.539381745769653032e-01
9.594834031277927888e-01
9.604076899237353748e-01
-1.906561498973885146e-02
3.271995194170074228e-01
-5.850608089816048407e-01
8.389967250581578107e-01
5.501996804533445529e-01
6.770131139374928608e-01
4.077504222148473634e-01
-4.496360387762227129e-01
8.749838025041941636e-01
2.073943287121744403e-02
5.903863626366721018e-01
1.734752756539866686e-02
8.492208089501502855e-01
3.471999993788371652e-01
4.876361436445003084e-01
4.831335181332119255e-01
1.371886226629181679e-02
5.271747297811326671e-01
-5.466440586278024753e-03
5.742484750409669603e-02
6.824923909389910559e-01
8.842699186854989790e-01
-7.363627959670901446e-02
9.822461081494351376e-01
8.749950815737277399e-01
-2.079080759585934801e-01
5.047505818803164068e-01
6.547279805394156105e-01
9.190723141598191592e-01
6.886494705758645640e-01
7.092632710222794845e-01
-4.480142930889990383e-01
8.744796389782204526e-01
7.413056304170539956e-01
8.629742834908988858e-01
-1.216136843065525330e-01
7.152265285516987703e-01
-2.453087320696107354e-01
-1.874848084918505631e-01
-5.669303047391813788e-01
4.016638966988148596e-01
-2.693731391837060896e-01
2.622780635541657190e-01
4.292824765898616834e-01
3.884746667027870748e-01
9.066521442026651556e-01
8.264331747354631830e-01
3.275773726314184509e-01
8.784347150175527696e-01
9.520209727333008853e-01
7.837112414581690611e-01
7.518600648663835706e-01
-4.373684735339505858e-02
8.641283606831404729e-01
7.086185095416444590e-02
-2.839087054812188260e-01
-3.472843242546966303e-02
8.254486334821716786e-01
-2.581675213025881321e-01
7.192977898437495909e-01
2.959103926679143015e-01
9.431687625359725935e-01
