5.252527809263097813e-01
5.452705967683357802e-01
5.003782744046259001e-01
3.721809456604978084e-01
-5.604514866382733773e-01
6.301738898084141560e-01
-2.879863720475219213e-01
3.085836252411904290e-01
-2.918921362285392673e-02
3.933350812544237352e-01
-5.023020617905794571e-01
-3.176623052782308054e-01
-3.991808028312040513e-01
4.125667781201612927e-01
6.059523800979278452e-01
-4.442249970314216534e-01
3.370190023941962432e-01
8.701417446569226222e-01
-4.894286960181057911e-01
-2.365354866724261873e-02
6.675583019793014383e-01
3.882550159419933533e-01
-2.452966993261068707e-01
8.573218392021724199e-01
8.165858516929922484e-01
5.355879267137149125e-01
5.021797037745495684e-01
-1.570972994624885433e-01
3.703604690508056074e-01
-5.366131203795761195e-02
9.009158030134196693e-01
8.645580061732068833e-01
4.196429339748224407e-01
2.195606335432775946e-02
5.174595429595332252e-01
8.761667297401294352e-01
8.645557737830755762e-01
8.318751987212176235e-01
7.784141043339998234e-01
-2.796900935299903232e-03
5.721061712043850056e-01
8.982736665038735246e-01
5.079656707347307565e-01
-3.827801638479821911e-01
5.330387938366631939e-01
9.346998102970208722e-01
4.934832941083576729e-01
8.928317821874093285e-01
5.396422771876583369e-01
8.813820112769812365e-01
-5.246276871761781369e-01
8.607395989344204246e-01
6.719645421422526521e-01
6.269348709725180990e-01
3.720425861589133909e-01
4.128588114273701315e-02
3.896466622308344396e-01
-1.314681003221185307e-02
-6.737935659187122006e-03
5.454382960654180490e-01
6.343468707040118559e-01
-5.297640078233935290e-02
5.478520230583180384e-01
6.385658022054236937e-01
8.435964244688042291e-01
8.050052386033597351e-02
4.488404301929982410e-01
8.668195791852904009e-01
4.368753210439982881e-01
4.076344996453389879e-01
6.097807904458683037e-01
1.196626030915987765e-02
4.678329350315684199e-01
8.741094152527142391e-01
8.986514618073828675e-01
8.403373550956951821e-01
-3.461781127467141728e-01
9.878054049111428814e-01
3.228023224177592465e-01
-2.826052125848558805e-01
8.698395379464416433e-01
4.026951781374320527e-01
4.031389139335243010e-01
6.141255751620803283e-01
-4.832985186992695970e-01
9.428192770449639326e-01
8.181306069868361508e-01
1.337329694779273992e-02
3.852496023926831048e-02
4.699642234926293405e-01
3.690136183631692046e-01
4.729211849096625619e-01
6.177916191563049830e-01
2.425616241532481676e-01
3.694790264876491870e-01
4.754582456177746108e-01
8.462886163180203258e-01
4.218727253141835165e-01
-3.094327430644258636e-01
-5.499630962352417551e-01
9.114188317468632228e-01
4.239019153698833087e-01
4.574841185529595622e-01
-3.608961747636699746e-01
-4.379997874373731670e-01
2.798851003896084544e-01
-2.453961956028506419e-01
9.550523039808556103e-01
2.255615554081010221e-01
3.481829155904240247e-01
5.048691241574481126e-01
-4.083164811862768362e-01
2.574324642753335057e-01
9.864932390152023611e-01
-2.613859853399135708e-02
2.892647623936040469e-01
9.243083929423207001e-01
5.903418245951066456e-01
9.493219990167981459e-01
4.005152776714741014e-01
4.576012981377394762e-01
3.556983051683612618e-01
4.308121660449686363e-01
4.764113580281901239e-01
6.765043329270274963e-01
3.463231678740156250e-01
8.639598624529976068e-01
1.829637647217638441e-01
4.798492771356982489e-01
3.549590412400409623e-01
8.938874511718175597e-01
9.789746714811058403e-01
1.842467986770552346e-01
2.673166937166785440e-01
5.281638157504446873e-01
7.966595775370690635e-01
9.116339750945778864e-01
5.107870530090641292e-01
2.817759945963609902e-01
3.244142220690272027e-01
-3.903805244888922665e-01
1.300364627342948942e-01
8.811498412090514876e-01
4.688734749911476762e-01
8.555143363191120010e-01
4.038751246199050182e-02
8.722218497588239972e-01
8.718313994074081696e-01
-2.886073503923864969e-01
8.507163119590429590e-01
6.721934985785693595e-01
5.662073557129826407e-01
-3.636772295244945497e-01
3.820683501250572711e-02
4.643538363520332002e-01
-4.148462140998524506e-01
5.756403383007269170e-01
8.982760599809493929e-01
9.373911662692253621e-01
8.377368612544762172e-01
-6.213135313352127209e-01
8.450855543578094098e-01
9.378473915703178232e-01
8.701665241903133730e-01
-2.665281932034947454e-01
5.398487365969628637e-01
1.923881973030043546e-01
4.668805240809266177e-01
5.736728871574878763e-01
-5.845256871111763619e-01
7.480037904756819955e-02
-9.281488602601556392e-03
3.966319608858155932e-01
4.285113441017742164e-01
8.650813396609124961e-01
8.285112183841872868e-01
-2.998989156768291225e-02
5.693582859148624831e-01
5.136172804405396697e-01
8.140806278429889575e-01
8.658676392386776000e-01
4.417273108357773481e-02
8.102457037265695661e-01
8.897975558633857140e-01
9.228154646409637563e-01
6.364557267912840377e-01
-2.933784077077877805e-01
-3.329169497806984124e-01
8.435378547078853373e-01
2.745738721697517093e-01
3.775130714234082863e-01
9.239651603381531242e-01
8.530284516565278530e-01
8.599729178823252163e-01
9.602787201719071852e-01
8.167248049295208201e-01
6.484712162241696998e-01
4.180553263458895996e-01
4.275151527603788804e-01
6.006430500151690444e-01
9.249903849324929705e-01
9.358654571161220126e-01
5.922592144205920395e-01
3.235755553270856094e-02
3.323972889513582274e-01
3.113873616376719999e-01
9.747947661646035877e-01
8.736123360697771734e-01
9.643812014763143425e-01
-1.250907216357448892e-01
8.998049509846722804e-01
8.765002012742473259e-01
6.174144460284771707e-01
5.847489084297390338e-01
3.497745940149532551e-01
8.774745312003415787e-01
3.609608703281511621e-01
-5.892803330276781271e-01
5.218077457546606013e-01
-3.895536088976770950e-01
8.916126269931150539e-01
6.020582901540489917e-01
-4.682464150213196397e-01
5.290550480159623703e-01
6.120637405957496391e-01
9.192213081566313893e-01
5.089808175348737862e-01
4.424623620757694997e-01
5.223310140193925255e-01
4.660737222587361672e-01
5.261738726088640572e-01
8.096070557084980926e-04
8.501618640425870899e-01
6.290682574203797228e-02
8.377282572840243358e-01
9.451609438379522388e-01
4.362896937883036647e-02
2.888153393695345669e-02
6.717750629931275030e-01
5.881351825092671071e-01
8.555515743542236873e-01
6.137487027612367196e-01
5.225854675026186946e-01
2.945994201003302448e-01
4.103242772062430932e-01
8.652133129590191540e-01
6.771125773716659690e-01
5.990956029733964794e-01
-4.847338094530705410e-01
8.565874407572355853e-01
6.089572608322718628e-01
6.628901794820882820e-01
2.675151769310089855e-02
-5.993247183227975450e-01
6.074270300686028801e-01
-3.449898846239582983e-01
4.493752895708268413e-01
9.065057803274083614e-01
-3.933467472239731144e-01
4.294945343402002402e-01
9.398106991954784384e-01
-1.005420775981435560e-01
5.848641964191614306e-01
5.849287487186414225e-01
1.947287859958672998e-02
-3.254306944480414021e-01
3.156720985299347748e-01
8.074161460091755504e-01
4.963871773098116336e-01
8.985256914453683130e-01
6.021949714325254277e-01
-3.339453103486283436e-01
6.264773981632303368e-01
2.523911173764366023e-01
-4.069661254953087504e-01
9.267257266610030575e-01
5.868065298593040380e-01
8.594595095448607225e-01
5.622715640511883883e-01
3.196308114198535555e-01
5.838715115549888424e-01
-3.381354530715337536e-01
5.043540945176959722e-01
3.900648468496573096e-02
6.108533724524221054e-01
5.228099765558655854e-01
4.348189625545793580e-01
8.165666189455794699e-02
3.727892914184712803e-01
9.820929067918259259e-01
8.810021265810694668e-01
5.818722391682968897e-01
8.602529261261255833e-01
1.455589599487736030e-01
9.593864083383418784e-01
5.684385312655262368e-01
2.911919555186741615e-01
-2.793294143388143635e-01
4.407887979080181706e-01
6.047740519287546357e-02
