-2.680330091417137406e-01
8.786480222245678373e-01
-1.553219065492518758e-01
-4.783689313195499948e-01
7.607317337581196437e-01
-1.675813908238132366e-01
9.563492492631561204e-01
-3.297905032310022300e-02
8.580766261505528014e-01
-2.350258242327414870e-01
7.620620392763006734e-01
7.075593355434657283e-01
7.516866624826094023e-01
5.914314386706618354e-01
9.985790221387060850e-01
7.650642102629759966e-01
8.107755369234256326e-01
-3.773935225134913973e-01
7.667121208656666465e-01
7.907500309912827152e-01
9.932135513736456423e-01
7.986764867974746052e-01
5.650996865205075714e-01
-3.782795003962726721e-01
-2.068953127894324062e-01
8.900917005867972076e-01
-1.452478571296706433e-01
-4.216813670566835759e-01
1.283300322585161912e-01
3.213310512215730719e-02
-3.384866891159706848e-01
-4.110499987337466465e-01
-2.392806532026262589e-01
4.911211961644526558e-02
8.533243014932987425e-01
-3.835712204585610130e-01
-5.065400339321937118e-01
-3.697271443242998723e-01
4.681784721633672208e-01
8.232366623626157232e-01
6.735561601688229150e-01
-3.475132026888893555e-01
4.871719131429598226e-01
8.419383100031607725e-01
8.525936155063195132e-01
-1.352312151552239050e-01
-2.721083633054547368e-01
6.290139524533557847e-01
6.426371395814101106e-01
-5.585260883660804199e-01
9.467236240041167206e-02
-3.538466588760834364e-02
4.599212962071408395e-01
-1.191194948104012663e-01
-4.483392872696864151e-01
7.698010807134494371e-01
1.425432290922760276e-02
8.035713390169543224e-01
-7.076693989792198769e-02
4.946780248073141539e-01
8.219459570886427091e-01
-2.953959477810505496e-03
-1.341892545535512682e-02
9.846879832701367352e-01
-3.833593743561580780e-01
7.987258567616335458e-01
6.849315819827286322e-01
-4.290564345365471821e-01
5.405707194371500712e-01
6.378221756527204800e-01
5.882010853377553916e-01
8.009629073675847977e-01
6.598884344530535628e-01
-4.451191294468368476e-01
-3.824881597448605564e-01
-4.985692109831243446e-01
-2.012805971532466709e-01
-5.398217933792363032e-01
5.694692741758302645e-01
7.598499578895487883e-01
-2.236906612405605843e-01
-4.070505229181222706e-01
6.975795037977633450e-01
6.779497522346451532e-01
7.901837231720472143e-01
-3.096433930367684662e-01
-4.581351438509614904e-01
1.026031132956038011e-01
6.379133235398813939e-01
-1.747126391721828820e-01
2.834877649382723241e-01
6.744984326645351302e-01
8.647379037841635974e-01
6.451566098834346508e-02
6.104957002298342372e-01
-4.103764980206536794e-01
-4.126523390100195754e-01
6.482266770240763254e-01
6.503037140695068219e-01
8.247604633778258254e-01
-3.568502394757272489e-01
6.339651964680901308e-01
-3.698651063523659133e-01
6.108496420631207569e-01
7.801174565908982617e-01
9.344395832457114137e-02
4.982649017910934508e-01
-3.591394743355128538e-01
9.116611994602175084e-01
9.515849931018308672e-01
-3.560082950447012173e-01
5.586641701948018568e-01
8.664697876649861408e-02
8.008602612711992474e-01
8.257516597621282761e-01
3.019785699757869535e-02
-2.442589343660512835e-01
7.045513790662383258e-01
-3.843762907463037504e-01
-2.160331500103756519e-01
-3.369927385991450253e-01
-5.040500883906461338e-01
7.650441535572231055e-01
-3.078091950663190968e-01
6.800868489172364750e-01
-3.847296136698920566e-01
2.297890463640062664e-01
2.705533769489248952e-02
-3.483242470344769526e-01
-3.129112316235900249e-01
-3.274868884587477935e-01
-4.704445081309351906e-01
7.222608913432695954e-02
5.859651830905698855e-01
-2.899442622276717230e-01
-3.701890617827836572e-01
-3.265878205199568285e-01
8.702953220234317389e-01
6.049847215696054770e-01
3.954105388530840953e-02
4.720484663593560448e-01
-2.309624738363932894e-01
-2.694222259857131374e-01
-3.218903443860627323e-01
-4.860496107367850427e-01
7.796226136330346446e-01
7.386158528874762208e-01
-5.434634449539461620e-01
5.365257587926226535e-01
-4.941769385637949652e-01
9.774124352631889945e-01
9.758605891714258740e-02
-4.231502511335143435e-01
7.565312322311696924e-01
-2.940540907578095831e-01
1.694028243064285566e-01
-4.067374002478840733e-01
-3.564258972692179728e-01
-7.402919899102536339e-02
-3.951046057506946707e-01
7.581500053952190399e-01
7.897986734463090519e-01
-4.051552255309333050e-01
-5.215558747118733685e-01
5.611313437976757079e-01
9.166862731339082693e-01
8.604079159848013192e-02
-3.570141135253843689e-01
8.245299690136064230e-01
7.587154144909353803e-01
-1.527143074712784543e-01
6.662119944163671370e-01
5.586627002295927458e-01
-3.702823599188993509e-01
-4.277781188310498806e-01
6.805546242608988550e-01
6.600981369410767741e-01
8.412866311119107099e-01
6.578128883452202258e-01
-4.631901978869330527e-01
-2.873525543194548337e-01
-2.277578502566652008e-01
-3.310254301361425511e-01
-4.220947077613308451e-01
-3.272276451956234178e-01
9.945414458484626019e-01
8.215505361052604094e-01
4.509762084860913789e-01
-4.362807249755260020e-01
8.550638406439392547e-01
6.510737313706413953e-01
-2.655023451438405235e-01
-5.330343990568969792e-01
-4.979976860571170838e-01
5.748314464224522080e-01
-3.704964249213426042e-01
6.506856528167372922e-01
5.454069574141466870e-01
-3.096748723450288288e-01
6.215616517178694789e-01
-2.031272930662058884e-01
-4.271021351576551051e-01
-7.447350169866148728e-02
3.599921963462703878e-01
5.676320547835977948e-01
1.318873778525444795e-01
-3.417832373051410411e-01
-4.212332784212025061e-01
-4.872025631821381708e-01
1.104830452679939623e-01
8.092863631687483572e-01
-1.719570055203566705e-01
9.821615653121662515e-01
8.389444299260377935e-01
-4.359407017859257549e-01
7.621220304267781742e-01
5.780332116137176790e-01
7.266506121796143525e-01
8.627091538974120954e-01
5.853390062186947240e-01
-3.143924838485775419e-01
8.858629797602631806e-01
7.769656173958319201e-01
8.205943664708210683e-01
6.486023049767659643e-01
7.752868395447030103e-01
8.381583626477535631e-01
6.821462496220354055e-01
-3.850998655917039493e-01
-2.607634448742338629e-01
8.838033078244971197e-01
7.728551315726397419e-01
-8.892050751634975048e-02
-1.000252528078386313e-02
-5.330749545267957634e-01
-2.552977859971476415e-01
6.981683646641473340e-01
8.404617686986455283e-01
6.667155870127301487e-01
8.567791703652609669e-01
-4.407867879051017290e-01
9.155337292402194738e-01
1.847329606532385760e-02
-4.044379203212092877e-01
-3.936838796064091039e-01
-4.141697822751974067e-01
8.871233774190486754e-01
7.205737968308689734e-01
7.894596227847039405e-01
-4.449512648902215761e-01
8.810985647726982117e-01
8.444103506735980424e-01
6.920006204971174135e-01
8.004512121334876884e-01
6.958825779662305422e-01
7.522705732057269890e-01
6.863231185612957974e-01
-4.619530117688179227e-01
5.353243297891204788e-01
-2.436503620189849617e-01
-5.312249927783588843e-01
8.254188788806726684e-01
8.511104021457492896e-01
8.817422641344482281e-01
-3.724811155307086175e-01
5.197115218760306465e-01
5.420456165259133208e-01
-4.798312266775178747e-01
-4.255992478374110988e-01
-7.309518970585483777e-02
9.912671635056486963e-01
5.989615169749131773e-01
9.627705751529305189e-01
8.312033694793036220e-02
4.688491231983151764e-01
-2.213815140155875327e-01
-3.169536244914434864e-01
-3.614409780794896054e-01
-1.970926241458897943e-01
-5.835736852808158515e-02
4.071368176657944038e-01
7.489527233215302893e-01
8.513293411844065073e-01
8.468161645217463507e-01
9.665256867814601138e-01
8.723962295786547028e-01
7.161938316057370191e-01
6.991419360092037127e-01
5.504414187456345697e-01
-4.284796574219658094e-01
-5.629125251263680241e-01
9.878615054855106603e-01
-5.415167410736336784e-01
-2.809873750851649143e-01
-5.329564168861429252e-01
1.875010640471871937e-02
5.361996638186428132e-02
5.158967210401161907e-01
-1.516858568812312069e-01
-2.575911353765474310e-01
