6.948436708939456086e-01
4.637883457801407205e-01
9.460483770746586085e-01
8.518274726769914373e-01
9.147941753021645583e-01
8.622707784653886876e-01
7.919039127985638693e-01
8.028392799307300098e-01
6.785486294345837166e-01
4.055600593421694322e-01
8.457055897224130536e-01
7.726659291213076042e-01
9.272610236837262043e-01
9.135499081750048100e-01
6.895806951396644957e-02
9.020799357740234559e-01
1.530642621101138690e-01
8.517004219289616707e-01
8.806150719473149202e-01
6.825279623013391639e-01
6.383082139796528720e-01
6.207935230048049480e-01
7.064998869316043706e-01
1.529472413950321297e-01
1.531091175607462718e-01
4.151654327817563273e-01
8.477871443068651924e-01
7.863783471592660224e-01
7.731922922677334498e-01
8.568103969436624556e-01
8.749948196482806306e-01
5.855821482866596650e-01
8.699235829515594709e-01
8.368184679162702366e-01
4.742805716107210690e-01
1.362144617241130007e-01
8.488680029226380874e-01
1.500483397423302834e-01
3.702826161591011300e-01
8.179380294966901443e-01
2.509429001946925086e-02
4.105034954610546349e-01
4.717371383412829466e-01
8.139894635782960464e-01
6.124217596389782692e-01
8.205709413143620345e-01
7.183002674993610448e-01
8.093901524328721564e-01
6.571179481318568660e-01
8.028042800172228155e-01
3.825144110170417000e-02
5.912508637120799104e-01
4.715642448886789850e-01
9.523620327600486046e-01
7.156929966827243472e-01
8.161146431504595622e-01
9.204559467656194816e-01
8.679687341787796218e-01
8.690388413174190418e-01
6.244350166294059257e-01
4.262729388681399390e-01
9.444283110989577790e-02
6.374440497548097273e-01
6.984134205555765362e-01
2.012866988395956014e-01
9.037836889859347522e-01
5.895532643920748939e-01
7.472996454232581076e-01
9.044276733050787831e-01
9.205747186123915959e-01
5.941229705597903532e-01
7.233683827377481723e-01
7.055260064327186775e-01
7.244103695530473841e-01
4.284101495008827420e-01
1.051315788068834939e-01
7.901605812124454786e-01
7.852624648396944185e-01
9.032973426862480615e-01
7.271571124533980912e-01
8.780836727159138100e-01
6.266186568211891128e-01
9.391620997967624618e-01
4.806268623761736913e-01
9.212695087425650797e-01
8.333202574939335694e-01
6.554963981000159201e-01
4.291437685407095692e-01
7.624329323277654336e-01
1.372648067908507075e-01
7.882015509411750553e-01
6.845816156738298019e-01
7.005466165909461917e-01
5.511346028406318709e-01
8.697769539757191914e-01
7.096374558029692192e-01
7.216740656686068123e-01
9.223703561582070609e-01
8.617488052639283858e-01
7.851055812874749851e-01
7.131410588448156007e-01
9.397503131599911352e-01
8.255417576759742637e-01
7.699787406200644391e-01
9.104551339343006644e-01
9.549821701842318156e-01
8.141663926720701383e-01
8.874680948959711158e-01
7.822693789951664645e-01
9.217888870504626908e-01
6.452122265328292805e-01
9.317993246722979794e-01
8.029627028531162170e-01
8.218349335502166397e-01
8.808391204339389713e-01
8.839433510285580331e-01
8.723814235691423891e-01
6.732973578769486656e-01
7.619975487194041719e-01
8.128403560923203042e-01
9.757011644987918508e-01
9.501228024274668282e-01
9.098118652354150182e-01
9.166500418041760856e-01
7.070089769409919622e-01
7.144283054891743534e-01
7.110934641733044348e-01
9.443326058650922117e-02
9.763396466708206267e-01
6.287223236125505377e-01
6.287186266302888793e-01
7.450422235226349388e-01
8.925882567385391431e-01
9.153276044210583162e-01
9.693262494016373632e-01
1.588820958929781368e-01
6.597990720840627432e-01
7.370598091696030085e-01
8.402385322153931302e-01
6.699357226513978913e-01
8.959377361196438905e-01
8.911750586596167700e-01
1.092995278939162540e-01
9.578056498764033755e-01
8.054068949903760988e-01
9.500306780625586978e-01
6.885498630207538273e-01
7.688431627362790621e-01
7.828365812976658678e-01
6.279114976705929552e-01
6.291227552904021803e-01
6.913863206094956748e-01
8.836202345501054101e-01
7.685990781251614834e-01
6.834944701700196301e-01
9.121973207943858686e-01
9.536360697064731884e-01
7.123332084989894009e-01
8.991823370718710073e-01
7.187672982987820536e-01
8.464549320984631198e-01
6.308304700978366597e-01
8.966472801453928554e-01
6.839640242168048001e-01
7.827681770577545883e-01
6.954272273213008004e-01
9.389059398807844126e-01
6.700196303985794799e-01
3.364313633960931971e-01
9.029370164249745923e-01
9.340348550392560956e-01
2.755771359979016788e-01
8.498894960029261814e-01
5.764581807238844391e-01
8.185725775472596499e-01
8.261979173889193451e-01
7.843159265891925802e-01
4.334371321505996466e-01
7.583708845962702227e-01
1.196624262104871855e-01
7.947907982687062445e-01
9.073936475414581260e-01
1.165302442226648916e-01
4.396012126755938221e-01
7.625692567324593441e-01
6.805333657766546862e-01
9.255243572994906742e-01
8.316217841884907536e-01
7.346495819601089883e-01
8.902679366846150133e-01
5.442063898650408849e-01
8.591886597779260226e-01
6.597769473409307306e-01
9.005579613162519870e-01
8.532369256212264386e-01
6.447455675601701519e-02
1.292253206707692503e-01
8.577055856068480644e-01
6.436034600404322292e-01
5.634176969032946847e-01
8.052805366312061341e-01
7.211142105045753592e-01
6.672192653983084476e-01
7.874151727597858974e-01
8.494103918839530643e-01
3.105544161428610561e-01
9.160150797618309415e-01
7.254568608026872312e-01
8.646580106569873303e-01
6.934310424038486742e-01
9.401221607980089212e-01
7.114738175009676091e-01
6.284719904708842009e-01
4.977897682137175650e-01
6.849833572034925711e-01
7.162184928761790026e-01
8.107836932366624394e-01
9.314819875126711946e-01
4.149463892876431026e-01
1.502311411912885530e-01
9.056029841033539363e-01
6.102509399398002854e-01
9.295943963746537975e-01
4.434207021013987227e-01
6.234419614282075139e-01
8.881171448072305852e-01
7.762096694478177739e-01
6.382613057161550252e-01
6.298278809747517304e-01
7.602067216170180775e-01
4.633334400266202469e-01
8.526895025635572445e-01
7.204996317627548885e-01
2.543752995830616537e-01
6.619823129324909905e-01
5.919643270468681884e-01
7.720004574709207201e-01
8.547769074255959776e-01
5.730553219278453625e-01
3.767473479395053171e-01
8.356739848196157450e-01
6.935828136559398782e-01
7.081122684385230404e-01
6.969345203544754508e-01
9.401520719189047082e-01
7.972200874440439344e-01
5.889578352820067364e-01
7.121536545672044749e-01
8.556426909162150318e-01
8.936852326437745297e-01
7.107033146359703624e-01
4.648124728397090566e-01
9.208651047428678682e-01
9.240529537729124110e-01
6.514746889327498458e-01
9.220889466857169481e-01
6.889646020020552264e-01
7.737038583423200278e-01
8.414709765487990989e-01
7.426589863905810329e-01
7.740971385917225778e-01
7.936282535211247602e-01
7.116983580471198945e-01
6.185388590548841492e-01
8.777089370752151343e-01
9.161303736933181785e-01
8.494839682305922457e-01
6.432880615407365887e-01
7.143685409034703504e-01
6.226920310274444148e-01
6.368810590388102044e-01
8.432679972695502624e-01
6.696694341079718615e-01
6.898207231007993379e-01
6.748123192270553128e-01
6.772469923901209832e-01
5.029513820929260026e-01
6.702458898645669017e-01
9.010608431747038072e-01
7.147793298165123765e-01
4.394325782070624964e-01
9.412239392677624883e-01
4.509062956083426110e-01
9.214716545239733936e-01
5.957831576589769362e-01
3.671992296264343647e-01
9.100282335245211129e-01
9.370672685982167627e-01
9.289088767522069023e-01
8.937442663239609786e-01
7.694804107744146471e-01
6.445017091759399630e-01
7.148711318640488255e-01
9.311252093439064126e-01
8.161927128830595013e-01
4.724694049782408034e-01
9.082274310565513487e-01
8.574529612224783826e-01
8.610111664782145180e-01
8.030984912193803726e-01
