9.594139808357395882e-01
8.236235442323394107e-01
7.985464303783248452e-01
9.437945536070078134e-01
9.506152007663843939e-01
9.447192759301978882e-01
9.327335849832277814e-01
8.183659178186983851e-01
9.382319711545702434e-01
8.353182849520790487e-01
9.646341357209622380e-01
9.492632877482171105e-01
9.363403060313211235e-01
9.307592930694212896e-01
8.034997720722307779e-01
8.764311859951716688e-01
9.173893148589735702e-01
7.665576363160800932e-01
9.480055858272663505e-01
9.618942613580165890e-01
9.430069737320039280e-01
8.986157937930525641e-01
9.084076069476019200e-01
9.542040033302130464e-01
8.979219713605550712e-01
9.088503770405869098e-01
7.842886743917125703e-01
8.926109667955859361e-01
9.656715974599437979e-01
9.623050839792811617e-01
9.563582419090954634e-01
7.982984647718192051e-01
7.260685618407224373e-01
9.561356919812309396e-01
8.341139576254255061e-01
9.542762269517932605e-01
8.234803622273619839e-01
7.394033023586313869e-01
9.122026465191369615e-01
9.463832572962165290e-01
8.310243534651446939e-01
9.402124573401415830e-01
8.236241302890048299e-01
9.350883109368016699e-01
9.461208446047437715e-01
9.625027466430635670e-01
9.582932304915769972e-01
8.731483822402217321e-01
9.589148724574341198e-01
8.191315367872812336e-01
9.618436461477362087e-01
9.473908693320307606e-01
9.582301424562178482e-01
7.812873765101195911e-01
9.572825017576667150e-01
8.743367169621369950e-01
9.489641992337948251e-01
9.495993434791691890e-01
8.227418797111931692e-01
9.482068137008291542e-01
8.514232066552114286e-01
7.702437806825024325e-01
9.008341540843486372e-01
9.175075886280645854e-01
8.664665365497608018e-01
7.880726906040724788e-01
8.578186242579817211e-01
8.948064116275744606e-01
9.438801261520193275e-01
7.900655027048707479e-01
9.560411299883273539e-01
7.655079514784196570e-01
9.519035038528214088e-01
9.508138609571807898e-01
9.500570557093823698e-01
8.884715764658315251e-01
8.206966259071031278e-01
9.420609150604242199e-01
9.289430169412705718e-01
7.730176914901996099e-01
8.424252063587770456e-01
8.701620005429551163e-01
9.515968493950661689e-01
9.514126450799615942e-01
8.678356048561065572e-01
9.564007639866921595e-01
8.129052987559326482e-01
8.089811221637019933e-01
7.975423358927240525e-01
9.430823377785284567e-01
9.583165376559826809e-01
9.137688185450262290e-01
9.467152524623927423e-01
8.841142543910236462e-01
9.447246234511440521e-01
9.632213945520959886e-01
8.628898834109122173e-01
9.582606807279233641e-01
8.155852148038977845e-01
9.603982839799387605e-01
9.439477602093879760e-01
8.829653006261568571e-01
8.385845458768432792e-01
6.961393458575116933e-01
7.907291164927049421e-01
7.424271765872554329e-01
9.669321129117072200e-01
7.431161532487582377e-01
9.531369841692068912e-01
9.473042158116300460e-01
9.584461891778006670e-01
8.222852927415300606e-01
9.549685741371806147e-01
6.975068228035108397e-01
9.610657193536524812e-01
9.484084736492118806e-01
8.424225894370900303e-01
9.465843274005805164e-01
9.519024935574318391e-01
9.605282473816680877e-01
7.720465491780330591e-01
8.714327839963749156e-01
7.838025512111390647e-01
9.590903909820547302e-01
9.183587002236186514e-01
8.889850268021144419e-01
8.220252529622975590e-01
9.673219908046692961e-01
8.848991078644046215e-01
9.502396521360736426e-01
9.066828277963780991e-01
9.501443839202230457e-01
9.553022581639828426e-01
8.140559721781793767e-01
9.525195507821484497e-01
9.395037470255115375e-01
9.529122068640055732e-01
9.560792746636953554e-01
9.576562485919621892e-01
9.275899362848027963e-01
9.441247396243452883e-01
8.148869395465261345e-01
9.155072973309701378e-01
7.236895352533547765e-01
9.527412075399266378e-01
8.907811923405908328e-01
9.391602302611401498e-01
8.563550447168641888e-01
7.469648311823655629e-01
9.613949021891809998e-01
9.112606086173939968e-01
7.981331870490575575e-01
8.503338516564030725e-01
9.599869365064748195e-01
9.543050349364234908e-01
9.616278459718543559e-01
8.112444479256706309e-01
9.571975992227808039e-01
8.912108086320387201e-01
9.127016091431170430e-01
7.341203607240609497e-01
9.469719155401641331e-01
8.703583162745157642e-01
9.446576181965045116e-01
9.573420903380447378e-01
8.153658739413019996e-01
9.512315708053514784e-01
9.541791664296143116e-01
9.541701713921495465e-01
8.631406341167904284e-01
9.596015116410474555e-01
9.521367771171946881e-01
9.367368009277243779e-01
7.872651715719858334e-01
7.564780665706674068e-01
7.368893243507930180e-01
9.490305413758785003e-01
9.667823482939722490e-01
9.105397105974575300e-01
8.491263730869860193e-01
8.276875097929358160e-01
9.304884006139590991e-01
9.362551339260722916e-01
9.522827662796493620e-01
9.101154797868671320e-01
8.397817892907168957e-01
9.415027607103956253e-01
8.025074307913403482e-01
9.461775399406353593e-01
7.671424290529864631e-01
9.559346447045571349e-01
9.626520369673440269e-01
9.203686017367183059e-01
7.696233007440462792e-01
8.457278001891641583e-01
7.961281252748818593e-01
9.483957416303634425e-01
9.417171009338849430e-01
8.901440310238901699e-01
8.852489741320729300e-01
9.600933358097771819e-01
9.541089255631083343e-01
8.964637972784675890e-01
8.587745719570409886e-01
9.490449227114396979e-01
9.531063202994192185e-01
9.495034150846153320e-01
9.445784201976837879e-01
9.333171775351302157e-01
9.443559157115879454e-01
9.624342237666660971e-01
9.429638320018312037e-01
7.849258410020856225e-01
9.401998415205440329e-01
9.440825898109383996e-01
8.439092691526647316e-01
9.516354177754018373e-01
8.873157950079932910e-01
9.527293450837664990e-01
8.762723697467577066e-01
7.153544883280391620e-01
7.557624256621984227e-01
8.168003737215495663e-01
9.491778470321452499e-01
9.626284205956898710e-01
9.371583419109819069e-01
9.526586169050454966e-01
9.407126935478076213e-01
8.767553243535590735e-01
7.723550109286084764e-01
8.397800134295079211e-01
9.564155239469698255e-01
8.682871628675785658e-01
9.565033702317455866e-01
7.741637995412762319e-01
8.299049708416579296e-01
7.502723157153023958e-01
8.762707481225189277e-01
9.091217528209665222e-01
8.340348897305084330e-01
9.490628056160255177e-01
8.486191717541903268e-01
9.549747491277748024e-01
9.587784186036316658e-01
7.555257497762757346e-01
8.621212564887463792e-01
9.276478822496534438e-01
9.660982887790705576e-01
7.013864698586695923e-01
9.496833135072604293e-01
9.438097552506714560e-01
9.449130188311700707e-01
9.025293961152360822e-01
8.138317827789672831e-01
9.547115901309539687e-01
9.568003471896672218e-01
9.483166057968686058e-01
9.529388994043610506e-01
7.842189551031411021e-01
9.521278667469810220e-01
9.162506107100001351e-01
8.183047536942700262e-01
7.967477219544167877e-01
9.512174906766509563e-01
9.625277949045940584e-01
9.560265971923078698e-01
9.431793972722187780e-01
9.726848627761408572e-01
9.479897569124089429e-01
9.533247613930069253e-01
8.651626229944653357e-01
7.882622569714381466e-01
9.601616162726857029e-01
9.466028095755261162e-01
9.497443382829374725e-01
9.474983651340531665e-01
7.528973132502017052e-01
9.565753490747370691e-01
8.014252019938525873e-01
9.659977306193471280e-01
8.044146611145559511e-01
9.697930278056852149e-01
9.584457542131280539e-01
9.539351653995831182e-01
8.871904426120861276e-01
8.582104282995162148e-01
9.449934890320936809e-01
9.413664320826773402e-01
9.244833159017413760e-01
7.570351732368550968e-01
9.312714318228945132e-01
9.453791463779105397e-01
7.978537185715194324e-01
9.561329691504594219e-01
9.570735253492437256e-01
8.305499451063654837e-01
9.599295742904427886e-01
8.018181551029175402e-01
7.502003375944159558e-01
9.493916269469239166e-01
