4.695464987918170907e-01
6.485980728869022993e-01
3.151491310661655443e-01
1.980384655076122269e-01
5.366187653090872534e-01
9.019458108627045334e-01
4.431384156805237562e-01
-1.803464504045393935e-01
7.920781560782898245e-02
3.347334919238194040e-01
-4.806552254707940897e-01
3.356598801216902905e-01
1.110469192213816569e-01
1.560642493380539064e-01
-2.915910775608240302e-01
6.424683862027293912e-01
8.222639601774007767e-01
-8.806392556731273968e-02
6.985948912354872364e-01
3.719609061370585112e-01
9.603454031818855485e-01
4.893308791119930778e-01
6.212658539551731973e-01
8.494342723184514776e-01
1.311786288544636303e-02
-4.029103591480347468e-01
7.087645727374433102e-01
2.820757737805715260e-01
3.812350853167352227e-01
5.620673579178736556e-02
-2.514404130307947016e-02
5.973344074586355301e-01
1.357237936097298592e-01
8.637797450083446460e-01
-1.306190264012182384e-03
8.139835452688519712e-01
5.470968644789728774e-01
4.751294265122202876e-01
-4.392076892485684558e-01
2.573305483242209757e-01
4.702324161200748254e-01
5.263820977897043507e-01
2.354874718949380441e-02
2.003477111942063571e-01
5.709002092611588086e-01
5.165848434142416012e-01
6.797913086045670461e-01
9.812263414581267051e-01
1.120557337655042618e-02
-2.864992697816225176e-03
6.399560135910749015e-01
1.364353894834332837e-01
7.416846291568407468e-01
2.394152970171291861e-01
2.488367823136566903e-01
-1.118312680339575427e-01
4.449711653912044040e-01
7.881197501891097357e-01
6.810413117453677501e-01
2.008272684936244779e-01
3.344415726254153509e-01
7.814313575333953210e-01
6.045865171903199720e-01
8.448576731864931855e-02
3.363085157986129836e-01
-2.580347305106435729e-01
3.773309061042211532e-01
6.671571851444730861e-01
6.005674670050606956e-01
7.783666035787862869e-01
2.397657630688382058e-01
6.946437033068471045e-01
5.955220578141498522e-02
5.845247117182879038e-01
-2.236444753887465997e-01
1.797958032568214848e-01
9.030222129448074453e-01
-4.578399436126833200e-01
5.159926036538193816e-01
-4.070432597897574722e-02
8.871789854885314686e-01
7.434218637946210517e-02
3.014724014104293026e-01
6.243643392704854023e-01
-3.248587682028218904e-01
5.126121494187555472e-01
1.653593406695880452e-01
-2.810114850398079955e-01
3.786614644518051520e-01
-1.549457180691389824e-01
2.646970316806693813e-01
5.513175627064468287e-01
8.263920840166194548e-01
1.456418054287369479e-01
5.039860571691119340e-01
-3.569397746380824632e-01
6.766406935739683881e-01
7.525954693835799070e-01
-3.732425954547233804e-01
-1.718807075992235811e-01
1.223175785172763430e-01
5.590017248594675303e-01
1.822215825729168182e-01
-2.251322380958852842e-01
-6.692368541408927340e-02
2.461245900433227940e-01
4.426925365021275316e-02
7.897680986375457124e-01
3.622461414695049564e-01
3.627421391005697382e-02
6.753059190267487466e-01
4.154308822439336524e-01
3.447527594653605476e-01
-1.565598168000436607e-01
4.996757248298556719e-01
-3.904613076078068401e-01
6.074753443609051118e-01
6.298663034097945479e-01
-4.839997837843906248e-01
-3.024101054485344581e-02
3.261146731777123664e-01
2.626502932796142553e-01
4.798877047444069510e-01
8.545593760659375704e-02
-7.034238548428878302e-02
4.697646754106384881e-01
-3.591646803728836684e-02
2.599475219806470783e-01
-7.036028018440722287e-02
-3.120001432038538303e-01
3.590998812253865524e-01
8.972555546713938124e-02
6.260075128685329560e-01
4.001326528267510341e-01
7.643254688121496887e-01
1.975771012968531026e-01
6.863994341125552179e-01
-5.529088677637863936e-02
-2.339652261997181570e-01
-2.292657099680197319e-01
5.391107135044765908e-01
7.651869609849328846e-01
6.586008123574913498e-01
8.150739088317747461e-02
6.793571221253094095e-01
9.161982284702661072e-01
2.749062341360223316e-01
7.842729242990993388e-01
6.119886907909366514e-01
3.980623851011383940e-01
-3.047193336464660285e-01
-6.818901820864539665e-02
5.587537111411209345e-01
3.008579280573284720e-01
-3.831622654859989652e-01
-4.674712171202988903e-02
2.887105790564609142e-01
-3.714987141338187415e-01
2.712613271744798715e-01
6.777542264481535295e-01
2.085397850085968230e-01
-4.906992826443179467e-01
-2.025905068212912608e-01
6.508291891685749064e-01
5.007088460265284313e-01
1.409198381380510900e-01
4.631727372220298400e-01
8.853808397184906864e-01
-3.482929088946459806e-01
-9.506482325370879671e-02
1.879382903815727257e-01
-2.116843876890381060e-01
4.211526008449842373e-01
2.992800964908791106e-01
7.015575167651973976e-01
3.383830699957987020e-01
4.924138445652832541e-01
-2.367158406456089381e-02
4.836245242417236967e-01
-2.493446663371826910e-01
-1.031534323880612808e-01
3.711620598783013647e-01
4.151250593070374140e-01
5.445756531927832267e-01
9.259257376454534949e-01
9.388067507392272582e-01
9.602073710594287714e-01
-1.438611418655974528e-01
5.100268468911706155e-01
5.792011627512713146e-01
-2.802002230054331799e-01
5.180656863019263980e-01
-1.414512051893060673e-01
-1.016650576060963290e-01
8.618633024931732223e-01
6.527333154814791705e-01
-1.425144245784862596e-01
-3.381469846035102256e-01
-3.653748215123251430e-01
8.110441788123103901e-01
-4.420478183315843523e-01
5.243483480897381810e-01
9.266172355664813454e-01
-2.221795451181320380e-01
7.844388695245646526e-01
9.152899644706302684e-01
-4.036589914921281941e-01
4.840961937468951648e-02
-1.002909817340701670e-01
6.030325137429575211e-01
1.854427909511288108e-01
-2.595054811315499199e-01
7.933725491092709081e-01
1.253615347891899323e-01
1.107124973825884262e-01
6.068078994593537612e-01
5.831473669465712106e-01
8.040840070203196799e-01
1.029010858764118491e-01
-2.590111937268659709e-02
-2.651565653565305380e-01
4.757463399419031846e-01
-1.525137746040791942e-01
1.706414508507547723e-01
-3.612807253846967576e-02
7.345526763916156998e-01
8.581696898350812397e-01
6.187275802991748508e-01
5.420930206536714868e-01
8.857686698505404799e-01
4.924128731120600566e-01
3.809158979899021080e-01
8.503634090419773806e-01
6.584381113329103030e-01
8.039089966069234983e-01
1.398153746413763887e-01
-1.411989253267515176e-01
1.400501505250314194e-01
-2.363267966845147561e-01
-1.533364567043595250e-01
6.297973507750495026e-01
8.475181369547828136e-02
3.084919352243479240e-01
4.946537757760023357e-01
9.904427345138605565e-01
3.225702060325578713e-01
5.067503994114783694e-01
1.274484734062437119e-01
2.788359478212734111e-01
-1.705616518012950666e-01
5.733760747113337830e-01
7.166555924031425828e-03
1.212487928017209754e-01
2.851278078350926171e-01
2.703552455177172797e-01
8.280839191549491662e-01
3.594632591815263289e-01
4.933507255289340532e-01
-4.022310939642776972e-01
1.118401848785033625e-01
4.841596783166332019e-01
-4.744373955342602311e-01
-7.048801320068358300e-02
-1.937385344865680259e-01
7.162325200843795703e-02
7.903350997374387621e-01
8.062584506442620480e-01
2.806940323139537341e-01
-3.718141778200650394e-01
7.995577390078636437e-01
6.091165971656689049e-01
6.873742149439110438e-01
-3.394802732392074862e-01
1.161526953911630605e-01
8.397664483286957360e-01
6.080745086924976839e-01
2.381826599833815061e-01
-3.014794792087506226e-01
5.083100402493673231e-01
-3.636573457624279193e-01
3.110977385225826009e-01
9.340328052842314932e-01
-3.537018498971936653e-01
1.083678585184967569e-03
5.451927142172762197e-01
9.625733530934972582e-02
3.304906510507154005e-01
8.757594515467084229e-01
6.545988806054796605e-01
4.545192239677687263e-01
4.644869100962116248e-01
-3.105266298059512486e-01
7.722621361030071463e-02
3.640284737687913275e-01
8.827221440707969102e-02
2.466332659238063829e-01
5.208725695934534466e-02
6.898815384936823891e-01
-3.321620094962603464e-01
4.285426264679362829e-01
