9.521722699407439983e-01
8.502263532827381010e-01
8.459119136865633770e-01
9.059351733147432695e-01
9.629141776050456070e-01
7.324641033149035252e-01
9.336543065035762812e-01
6.777348831398752882e-01
4.820114522455724859e-02
-6.800046004011964240e-02
8.555174922005873706e-01
9.221237767853154299e-01
4.387943465538790555e-02
2.628458080255191565e-01
6.900858644363501160e-01
7.459332514139802583e-01
8.682449731852570629e-01
8.048186022069223622e-01
6.590299353821773565e-01
8.256958396538109923e-01
7.451564392163792516e-02
9.452650249002505500e-01
6.695103897857541675e-01
8.560221935740390808e-01
9.527640810756348166e-01
8.547755206655578419e-01
-3.618580979119966345e-01
5.081172184944200421e-01
8.130532881642373866e-01
9.168138229579758658e-01
-2.512660177566842234e-01
6.743505751474691001e-01
2.445376475229851243e-01
9.242151697925859999e-01
1.118471596624843051e-01
8.887679872901976807e-01
8.377318266077440345e-01
8.828639602792289764e-01
-3.102157178066027310e-01
-2.477561598473255466e-01
8.890576274877184382e-01
7.903646095901848412e-01
8.742591772937138295e-01
-4.863570027987144245e-02
8.915031746385442268e-01
8.814252475967052636e-01
-1.175491148236584293e-01
8.890463481133779045e-01
-6.246337867860971005e-02
7.757624982485555876e-01
6.891585983488945910e-01
6.892015298148622682e-01
1.158458662087190894e-01
6.989973175657758775e-01
9.362521768030903635e-01
-5.293275668374032572e-02
8.592790082520416206e-01
8.899879586956606081e-01
8.353306156199477028e-01
8.577197788224306674e-01
9.478150526006809962e-01
-1.183043246279560645e-01
9.461383129553668780e-01
-2.606264752449781730e-01
7.841746696989151388e-01
-1.795384914314708535e-01
8.891337468061559779e-01
8.939287585186150853e-01
7.044635253895055182e-01
8.861139990593960292e-01
8.424429298312290371e-01
8.718212119879927835e-01
9.523278332991358397e-01
7.319620858740576441e-01
6.893481815541664393e-01
7.881213588310527485e-02
6.833248088826144873e-01
8.482321149629823420e-01
8.630728933355054089e-01
8.847311696910471479e-01
1.283178777818502481e-01
8.522795645711794821e-01
8.782488530165108997e-01
9.388944952205529049e-01
8.667674310284970152e-02
8.279587386383019387e-01
-3.066471562002285878e-01
7.048185556223386383e-01
9.331688699128897202e-01
8.735789634589159469e-01
-2.700447432472825593e-01
6.957478618767973799e-01
9.074430594197753497e-02
9.312529614730780114e-01
9.275499344749562614e-01
8.780663603905535242e-01
8.494703206017072405e-01
9.151172030845607930e-01
9.356637800580472897e-01
8.775175773791039635e-01
8.780258107012206548e-01
9.360341580384506921e-01
8.433662751006905101e-01
8.107415569836778912e-01
1.077156460301000734e-01
9.428467109909903776e-01
-2.396435299100073413e-01
9.128761933985740651e-01
8.673341448112068530e-01
-2.728515157103833522e-01
7.078536613239365671e-01
7.514271694454479622e-01
8.540719132230749633e-01
8.892355967802201278e-01
-3.223355355939780953e-01
9.021120950336145583e-01
7.714901614457367884e-01
-1.219864272188299764e-01
8.394437357228119456e-01
7.802217495383800827e-01
8.619500602778686904e-01
8.027880543260347279e-01
-1.927384635125637680e-01
8.770979608990389087e-01
9.574497744945891231e-01
9.177153069325527657e-01
1.134736398528767704e-01
9.306428914386960516e-01
-8.957362035591148741e-02
7.060680684621607472e-01
6.992059167150967980e-01
8.977403229615905644e-01
-1.420767894812693943e-01
9.439271151381205538e-01
-6.389008270102423948e-02
5.349227869747871233e-01
-3.474146950827908809e-01
9.215215696828293890e-01
6.233385585141446583e-01
7.467261541914159695e-01
7.933063264108974888e-01
8.023090912746267955e-01
6.549127717280489591e-01
9.470421257131105275e-01
6.756437165777181564e-01
7.320315686192508942e-01
9.542528754363673871e-01
7.379397394748841155e-01
5.660161944672982559e-02
9.298494618893295982e-01
8.985231796384618441e-01
8.269438883197489654e-01
7.987531495511354107e-01
8.496498346811354185e-01
8.469132915543198248e-01
8.674138240866385852e-02
8.737195342235456463e-01
8.942968661827027654e-01
-2.745174463630282169e-01
7.465715560551098307e-01
6.535840684944439760e-02
6.655700127500758789e-01
8.635391221531020511e-02
6.655941812232751831e-01
6.984687056068432653e-01
8.642455075044802593e-02
8.777611795854318721e-01
6.215837897744037888e-02
9.136029601574781056e-01
8.788379482613977167e-01
5.338670351918236578e-01
6.545376780728253685e-01
7.520477835816941070e-01
7.673812127120840376e-01
9.324652633477473751e-01
-3.826968549769010908e-01
7.809779645784403757e-01
8.904011780716627467e-01
6.972529515109280318e-01
6.626101537019677412e-01
8.604834473640419201e-01
8.040059863980562049e-01
-3.732100841117484968e-01
8.016998704058252434e-01
-9.072847528019792329e-02
8.281974041925660446e-01
-1.004571745236733649e-01
-1.238950972056025723e-02
9.183634926192998371e-01
-1.318110515485834133e-01
6.661130907132051249e-01
-8.890124919336145348e-02
-3.284909440424807481e-01
8.550553624022712018e-01
2.149719247927488752e-01
-4.226092071184221477e-01
8.872874783947466426e-01
7.237026023084274229e-01
9.184030568539052197e-01
8.403341591601856120e-01
9.244169247647251453e-01
8.303247014371833989e-01
1.263193571344470301e-01
9.210252590926171212e-01
8.477061778337134923e-01
8.414405934601654202e-01
8.797031696135726442e-01
9.216399202799128165e-01
8.345753278711381951e-01
1.376744334252179292e-02
6.841434241583164155e-01
8.837817755344252735e-01
-1.001766063659068340e-01
9.410823663844622988e-01
8.345187608179446270e-01
6.872604603248139155e-01
7.665014510018970384e-01
-3.541038978822526606e-01
9.252339936740114901e-01
8.442597984108008990e-01
8.485615725845561119e-01
8.462322996312960921e-01
-2.885379554756049014e-01
9.314895350219272174e-01
8.528978169078742511e-01
-1.418518184327001441e-01
-1.514154785521611979e-01
9.628113623628478113e-01
7.329747477852674997e-01
7.949319756351493904e-01
7.746613962041372092e-01
9.375658854275741305e-01
-6.026833092878691039e-02
1.815306663768433415e-01
7.273711975610404057e-01
9.578834867066262637e-01
7.165110230852529405e-01
8.639743455295585406e-01
8.414266548225903808e-01
-2.902041394682146613e-01
7.664913415385198325e-01
9.268487978610469025e-01
9.617575078831558377e-01
8.572594011860870111e-01
8.820146965869555267e-01
7.964040802525083063e-01
9.370195548106350358e-01
9.363556390384160100e-01
9.384728766503167563e-01
9.529462063896907420e-01
8.047342612955836749e-01
9.159621146896790300e-01
6.882476860629973547e-01
8.169518125399850561e-01
8.193081159939941127e-01
-3.377533820043638335e-01
6.753920598914557871e-01
2.879437584544977113e-01
7.208678395428939900e-02
-1.780410952357467658e-01
9.398310722849372301e-01
1.096856595447032318e-01
8.697656444183500257e-01
6.921241185180808664e-01
4.516312933934965579e-03
-1.041416059969385299e-01
8.223053372329647281e-01
9.065590181281647508e-01
6.716974233248476089e-01
1.057689719304344550e-01
6.431966595163769451e-01
9.209689915720574716e-01
8.521608105693956325e-01
7.265569282061823397e-01
8.203200556876468763e-01
8.259724377436585829e-01
7.627821289535714477e-01
7.240363690259956631e-01
8.620876328601190242e-01
8.667522715513442666e-01
-9.435296494200062778e-02
-6.774174169757286867e-02
8.231443423941304793e-01
-2.805114025567039260e-01
7.761589225436014150e-01
9.386972346692120661e-01
-8.034968984728657615e-02
-1.787188935899838294e-01
-1.102637540760356138e-01
6.992166150221661436e-01
8.629068294182640209e-01
9.057186312354121860e-01
6.997111002053044704e-01
9.207866220057188134e-01
-2.515781931325895004e-01
9.079310288300757037e-01
8.149708110460809896e-02
7.538703454475164101e-01
9.425014025034621490e-01
8.252955170986968625e-01
