8.806509802400690479e-01
9.106342415460662032e-01
-2.329231318760250358e-01
7.009606074710623691e-01
9.524917760392647148e-01
9.945342521442785966e-01
9.391179761018635386e-01
9.709575645191046434e-01
-2.435408618831800265e-01
7.228903749882241714e-01
6.870225096936382059e-01
9.315620841645555483e-01
-2.487083624666385495e-01
9.348720564731338722e-01
9.687695753158442891e-01
2.498498545514673819e-01
8.949180192347285789e-01
9.569240353894556961e-01
9.699272252800494876e-01
8.186606201971661223e-01
-1.963257927364872590e-01
9.473963004202496929e-01
6.638052938838712169e-01
7.365897291556894322e-01
9.349372160041137247e-01
6.265016178125062396e-01
9.561643136127363496e-01
9.346441536124850957e-01
8.398379850561175086e-01
9.087380312484234501e-01
9.792782413452940649e-01
9.174525224262863876e-01
6.338057820220736049e-01
9.200659912261914819e-01
-2.311743029683636652e-01
8.965891764413471687e-01
9.247063249238526295e-01
9.515057654309213575e-01
9.804620733200826166e-01
9.836427542708672256e-01
9.357554327995463161e-01
8.432036706400132253e-01
6.787473699520588655e-01
4.847028671803510491e-01
9.395329675907634348e-01
9.868525201239843891e-01
9.027609206540749831e-01
-1.100448529421401422e-01
7.350655891785333740e-01
8.696562426365685994e-01
9.703690032244522978e-01
-3.636129828636969208e-02
-2.777056901405549061e-01
6.487804693178600424e-01
-3.796676174377949797e-02
7.166172868470925827e-01
9.343698927750866412e-01
9.019094992941059097e-01
9.224159318058611223e-01
6.915399661446000046e-01
9.369546088138729356e-01
9.103887740673080042e-01
9.481972195017004390e-01
9.505266821893411100e-01
9.252230251735711342e-01
9.348124074687063079e-01
9.063756995463727595e-01
9.892780234066445022e-01
3.717283948538641081e-01
-1.751211466970780672e-01
9.074223242678951529e-01
6.559259762762092993e-01
9.210325513591419710e-01
9.507457790606672621e-01
4.123051810908248682e-02
-1.245033946266658337e-01
5.340547977816423320e-01
6.994173395461987797e-01
6.459802294883960627e-01
9.327751821442307190e-01
-2.076978622246011263e-01
6.206147584703687325e-01
7.917119662333373942e-01
7.420829712631304975e-01
-2.148334316810138755e-01
7.608810217871537773e-01
9.101392230369484970e-01
4.640838256073511192e-01
9.261810333947523288e-01
6.439714528648896597e-01
9.779670501657237169e-01
8.347670287252961785e-02
-1.853506623126659203e-01
-1.628850414859873696e-01
9.125398594024989318e-01
6.720331607789504780e-01
5.937074722924429171e-01
9.384993131797351174e-01
6.100064900467054851e-01
-1.419052696761502197e-01
9.436804984067407309e-01
9.529877564801074730e-01
6.091965546627358119e-01
6.131966886561854846e-01
-2.081917152934688875e-01
9.361402144364601163e-01
9.061556834634734159e-01
-1.611769011569974819e-01
6.036563838961717110e-01
9.179848114478991183e-01
9.905074974147056732e-01
9.256037643207207788e-01
6.401988324726217705e-01
-1.141316585636486941e-01
9.310454345870358139e-01
-7.048266921144211161e-02
9.942657543556259192e-01
9.273545351930264635e-01
6.737357450017525951e-01
7.342046865493382368e-01
9.606130302615917271e-01
9.247833709841642991e-01
8.813004216636269872e-01
6.372502556525517781e-01
9.547225677782822384e-01
9.354326673631117028e-01
-2.043802241411329379e-01
2.923074181798464288e-02
6.675958651373072872e-01
6.717440742258916631e-01
6.018506830116712170e-01
5.987336824490864240e-01
9.885228261715313103e-01
9.470398145557956671e-01
8.924693330426937132e-01
9.317136673326000817e-01
9.747484065300351386e-01
-1.341503300919621444e-01
9.941557256740642945e-01
9.394278248610175019e-01
8.934719785872087261e-01
9.155106891814239756e-01
9.443449159987578057e-01
9.282148485185184317e-01
9.691584297088129407e-01
-1.405751548918912075e-01
9.522447506546161122e-01
9.280467001298136065e-01
9.063727702414430265e-01
9.502966043650513672e-01
6.435835350569487634e-01
7.827514154066061991e-01
9.197671950821071363e-01
6.160137024486385116e-01
6.059788843971380956e-01
-2.412964105280532290e-01
8.913858754967081133e-01
9.290666712103291536e-01
9.026287437749975773e-01
9.687551939314218430e-01
-2.688729914570055501e-01
9.917569528479102114e-01
-2.666618768957805807e-01
9.944006992056577676e-01
4.227985658556231152e-02
-2.290545045810498392e-01
9.351609198731185568e-01
-2.604057637940911940e-01
-1.493736924209444483e-01
8.639457551877922636e-01
5.942652021728493938e-01
-5.859119528776189634e-02
9.108160457481149219e-01
1.216930345700450444e-01
8.893050594177305257e-01
9.834118008468619720e-01
7.986370166596532538e-01
9.565214156240660071e-01
6.945448204898145850e-01
9.654933789064773508e-01
7.659096820467012900e-01
9.292395278605295461e-01
9.782414006042010612e-01
-1.179229941815017613e-01
9.042251382931669745e-01
-2.461087412941341812e-01
9.306390277217118090e-01
9.307646124039343771e-01
9.535949137974862877e-01
1.146753919974804747e-01
9.866616927165733353e-01
8.718568885310642447e-01
9.787620165738368794e-01
8.486363285082012542e-01
-1.565489667738087232e-01
9.823606919812772897e-01
9.178761693526795717e-01
1.624462511366142337e-01
-1.318048002919291473e-01
9.245395537127494290e-01
-7.904624347884389723e-02
9.204759041853163293e-01
-2.175372367073490354e-01
-1.665837384775735730e-01
6.549875760722718709e-01
8.487148414527168061e-01
6.436975603207865104e-01
9.304201939401042232e-01
6.320513530231088861e-01
8.729213614577677749e-01
1.538994843840277849e-01
-1.628842106591846806e-01
9.146198077377756253e-01
-1.871934000498903239e-01
6.956416427776519473e-01
6.376869310531600998e-01
9.060750414012734844e-01
5.868453518148619708e-01
7.647974902763825522e-01
9.543160746087477886e-01
6.529906819525680417e-01
6.728578172562125204e-01
9.871061296967464926e-01
9.099390406470588832e-01
7.999596998510885015e-01
9.285153015218780004e-01
9.110706193964577260e-01
9.436432959499492235e-01
6.736750399146149704e-01
7.599616299387723650e-01
1.938067383986426251e-01
9.443455824856842318e-01
6.306839157054897615e-01
-2.391032735703603751e-01
8.984010391129344519e-01
9.413546535952010963e-01
9.117585684378918254e-01
7.529096738203169270e-01
6.309956849900744125e-01
-1.515994963408355267e-01
9.796128795004818146e-01
9.508316660194600090e-01
9.526209854557681211e-01
6.759054915232074467e-01
9.336853779138242215e-01
8.823595543598961033e-01
9.326963531201838409e-01
-7.544682387571399751e-02
9.520494976024856948e-01
-1.263396314943453780e-01
-1.327362112325063959e-01
6.014031871466538615e-01
-1.224345156345413854e-01
8.815614503035447136e-01
8.540905178114583940e-01
9.081833755762565019e-01
8.490056134812506983e-01
8.872646868049043345e-01
5.086558912607308525e-01
9.198988774329807105e-01
9.224301019974068261e-01
-2.151156618996956649e-01
8.664768083259504206e-01
-1.271739676046494960e-01
9.408656656619799330e-01
8.817007875231873681e-01
6.193451610567846100e-01
9.320358242564652507e-01
-4.689049510232505547e-02
-2.167493149297297084e-01
9.817944157539114647e-01
9.666445943854027334e-01
6.920867564029977714e-01
7.407467960855300682e-01
6.669417948644595917e-01
6.773947929583084004e-01
8.143571091393786432e-01
9.937450597238439709e-01
5.017553483004940640e-01
6.571243151283969741e-01
9.115052495703250823e-01
9.102389224603326667e-01
-1.252819441736565120e-01
9.612613012513450128e-01
3.920707567486113598e-01
9.537565695353320550e-01
6.158436243404086241e-01
9.122547427246159302e-01
9.159784437913549571e-01
-6.264152283502565088e-02
9.150183380684504542e-01
7.148850570447526920e-01
9.883647986663127716e-01
7.913058498432916643e-01
9.589556962731586864e-01
6.531109970413664367e-01
-6.865222589416554444e-02
9.422747984079180572e-01
9.432057046006545598e-01
9.287781465959688010e-01
