8.330293334022442764e-01
8.644748962244075408e-01
5.022495817339900359e-01
2.540431726346803476e-01
7.557105723919188556e-01
4.169995374655851572e-01
7.656085190520214301e-01
4.822373655554291760e-01
6.378269707692196810e-01
7.141410317363972027e-01
2.720165484657908195e-01
7.867319423466792028e-01
5.110686539137716533e-01
7.414480539028234229e-01
3.366504078058885074e-01
8.540954755357411665e-01
-4.638624772908816474e-01
6.154783662492038232e-01
3.340793219412340198e-01
9.054151840367102855e-01
5.167928615113359658e-01
7.726382575082151316e-01
8.417145208020481162e-01
-1.858929581788724139e-01
7.848674270930009467e-01
3.098876444591650570e-01
6.010256630144563683e-01
7.589327273351407221e-01
7.269622160202880989e-01
7.973264316520261019e-01
5.638231941452735985e-01
4.857709622233609137e-01
6.506435499464156003e-01
9.233743390984578969e-01
7.541239157406767202e-01
6.343538343307920657e-01
7.765049604008610329e-01
7.387834511933926152e-01
6.149774582873309692e-01
7.379862652988875560e-01
7.782614243007218713e-01
7.017048018029912182e-01
2.980754689180264982e-01
6.888840293624975963e-01
7.656849141638963907e-01
5.844136525897501988e-01
7.052198361441561758e-01
8.420315112410501346e-01
6.687942791599880143e-01
7.209012340380128725e-01
4.691682664262275537e-01
9.142695043163387991e-01
5.458030261784418968e-01
5.389805010984469735e-01
9.556875587136650640e-01
7.077110994938108357e-01
7.365002692931666983e-01
-3.114273224958503672e-01
-3.172936833779328447e-01
5.547727029879494509e-01
7.291040986414187852e-01
-5.176895939879736508e-01
7.122025728370620090e-01
6.021002392165388795e-01
7.509130351614776711e-01
3.675995024849413317e-01
7.877977940615989993e-01
4.256939568501119098e-01
4.496882343388213799e-01
6.059300843078678778e-01
9.532013739136733221e-01
5.241882900196211947e-01
7.370878693697444639e-01
4.440797554653352908e-01
7.380792163805360850e-01
9.044412095948770602e-01
-4.658895294208664772e-01
3.861681925444103713e-01
-1.020476715461151873e-01
6.918764090003391987e-01
6.506320839142654133e-01
-2.069957709130442747e-01
2.148778904491186470e-01
7.278178262433920853e-01
5.433208102789838234e-01
7.193435094107832883e-01
9.208168578210337296e-01
3.040669460850635719e-01
7.820206851159521300e-01
5.739461205420407497e-01
6.199583233383223480e-01
7.584365377540165376e-01
6.167063208777376904e-01
6.083665610906175969e-01
7.511365471044302300e-01
4.272417695131244808e-01
-1.292886914215388705e-01
8.441885233729908844e-01
3.055663685051844825e-01
5.234483908735971802e-01
7.332259507443499302e-01
7.266219492246961398e-01
2.932418594743124163e-01
1.993088421014526934e-01
6.582437192277190707e-01
7.953143595631122498e-01
-4.562506951660960652e-01
9.405494579216517881e-01
2.509485048563426801e-01
7.234472688569372201e-01
4.625903238811009399e-01
8.354809895754340410e-01
-2.114787908494445978e-01
9.039947532072356573e-01
-4.791018322146346486e-01
9.105931773542316199e-01
4.310393923713180531e-01
-4.780066007674335649e-01
2.518551428064697006e-01
7.037400521640970741e-01
6.212467640479808484e-01
5.557751751913675431e-01
7.017689057797026342e-01
3.072039424060628576e-01
7.161819663794686264e-01
7.203258533472414182e-01
6.171529357546179373e-01
9.400827078895150901e-01
5.907544048072401743e-01
5.578653923778433832e-01
8.161452614476067957e-01
6.949137515361174522e-01
6.273425870971911511e-01
7.340014757276658308e-01
-4.296156041882752685e-01
7.202043011966774433e-01
6.879030032580975007e-01
9.532013739136732111e-01
4.125377329367546642e-01
1.982921066492766282e-01
7.730077160986668083e-01
7.960622446158833743e-01
4.320831976304414512e-01
7.258319026840693855e-01
4.417253893190863367e-01
7.985427572586776268e-01
7.395239132110820179e-01
8.529559954803158650e-01
-3.618488440299572062e-01
7.740408910861338310e-01
1.965683409954148420e-01
6.773246997539653647e-01
7.721263837759314574e-01
3.202319883718396376e-01
1.446216707330665874e-01
6.153808383235563895e-01
8.286278849200576779e-01
4.870394797372494256e-01
7.201251713725907999e-01
4.508273793984139965e-01
5.367666697612996085e-01
3.722060704929768260e-01
6.812944923993022872e-01
3.919753048225484982e-01
8.736049637915406230e-01
5.186425574006980899e-01
7.471838449401534410e-01
6.634852584590362756e-01
9.214491304130820737e-01
6.920082893903458654e-01
6.877867196538366423e-01
6.755943051867085991e-01
6.339589166326353720e-01
2.666200595070608026e-01
-3.301775097032576545e-01
5.579030461272669328e-01
7.126189878410184031e-01
7.620266994650295445e-01
7.313102824007056135e-01
4.751296775668880090e-01
7.069665002422949041e-01
7.700390580371445637e-01
5.783006364699108115e-01
8.783314598183783461e-01
-4.238306332910633523e-01
5.367571270957736118e-01
-5.198665475817461079e-01
7.209067588974807927e-01
7.374485284423116793e-01
5.989470072803951828e-01
3.820485638579532162e-01
6.051418768681436910e-01
6.112544699044195617e-01
7.104184274320806125e-01
6.444883643603038781e-01
6.414927887831638476e-01
8.214613695884702693e-01
9.082292729949927867e-01
8.780103270393134762e-01
-4.566167694380408038e-01
9.202929337393475073e-01
7.295015534432656157e-01
5.439148827673569997e-01
9.532013739136732111e-01
5.974742690236118925e-01
-1.693197477934733908e-01
2.439764653478134759e-01
7.812622264590138865e-01
-2.278682376842641744e-01
-4.036378342371282901e-01
3.684826530382188103e-01
9.015574030532389482e-01
-3.921604191552552354e-01
5.479253546769058403e-01
6.627439541150933477e-01
8.727273421287178312e-01
7.877378790354819804e-01
5.372563017976612620e-01
6.771985333584737976e-01
7.439412946266243942e-01
-1.682879871273428307e-01
-1.913936871370559012e-01
5.593898279404005969e-01
6.358084126083940468e-01
6.841276974454750803e-01
-5.272582596871940863e-01
-4.410381971638803744e-01
7.753475306520907218e-01
-8.059541542743772768e-02
6.173879268860953395e-01
9.021708312297804788e-01
7.384022495176444378e-01
6.758878824050061906e-01
5.216504104404497966e-01
6.263132394366768274e-01
7.349087138272543118e-01
3.842287230018081035e-01
7.242500754978986599e-01
2.509220412570866698e-01
8.928192648411059640e-01
4.712210298929504493e-01
7.714067946918138352e-01
7.479365321388684595e-01
-1.493459796878734425e-01
5.405750185949144138e-01
7.784265188858261464e-01
7.898899796910576754e-01
9.532013739136732111e-01
7.224497841933202880e-01
5.809357544498254811e-01
8.076878670391913762e-01
5.163051598807020248e-01
8.754344530939917046e-01
7.946252598230578723e-01
8.581950181558850588e-01
-1.484930809830885545e-01
8.871041073634973184e-01
7.240501329355184534e-01
6.691155272768749551e-01
-4.396633221946713022e-01
7.605734308690503820e-01
4.966560750098356625e-01
9.006743375483332592e-01
8.730789562401222170e-01
7.091948482889046668e-01
-3.090184675850830009e-01
5.601891028879548706e-01
8.341445344051063859e-01
8.800469590386124086e-01
5.548072012815880028e-01
4.102138748199884444e-01
-4.224301292213944459e-01
1.448134705289321478e-01
7.901191574711387000e-01
6.008051873661919284e-01
-1.951638053651552351e-01
8.610809193314394872e-01
4.038139578121573980e-01
6.837869920929721124e-01
2.511859750109420308e-01
-4.054132198157804901e-01
-3.691487715954939741e-01
9.626381825666667780e-01
5.506515882735748546e-01
9.093644844892503354e-01
7.332328624842685549e-01
7.545180653904119961e-01
-4.015562131634231036e-01
-4.397407720280099852e-01
8.029492288432149572e-01
7.764476008977030386e-01
1.417948654807874853e-01
4.455471788542690326e-01
6.973553945587203096e-01
6.848842966661081721e-01
7.006677261887440666e-01
6.965362894975982710e-01
3.754310875275503334e-01
-1.460566315590842712e-01
7.836139045991772356e-01
