6.014335371344776693e-01
6.012191115459158963e-01
5.971364442840241260e-01
6.000418678203601752e-01
6.011589170770732515e-01
5.983904183066306448e-01
6.007918859825236435e-01
5.950010330490778099e-01
6.081165467144609149e-01
6.018317832645263543e-01
5.994489641784451761e-01
6.019430368765914530e-01
6.037172969597386363e-01
5.975969943536960649e-01
5.991188652156911321e-01
6.002954504581858863e-01
5.977088539522142918e-01
6.059331426412735144e-01
6.044653329436933120e-01
6.007326120273377423e-01
5.937069578451903418e-01
6.003267315078745225e-01
6.095213575659765848e-01
5.952729420215838729e-01
5.978335253021346274e-01
5.983264157616955403e-01
5.957240965594515769e-01
5.984334849541842472e-01
5.984142985815565918e-01
6.000074486386722805e-01
5.955985758755690807e-01
6.026915717628176239e-01
6.022042371491747037e-01
5.984575221221581920e-01
6.031258711251579196e-01
5.941285582015056743e-01
6.017033884299165525e-01
5.988115313252262428e-01
5.992064587505925299e-01
6.037677073684486473e-01
5.984658124380214383e-01
5.983731819328806933e-01
5.959794629789982867e-01
6.002804770712614202e-01
5.990932677524196670e-01
6.023949248719082661e-01
6.052636717819057655e-01
5.958888444047183430e-01
5.988072521629556055e-01
5.981589958638102722e-01
5.964979697651816570e-01
5.997901854833496138e-01
6.045882418145644976e-01
5.962496163200708965e-01
5.992016122535690492e-01
5.968448766203224842e-01
6.009565460277388471e-01
5.944350891907206336e-01
5.998600547386592208e-01
5.986281998012967787e-01
6.013395194521453657e-01
5.984121833726908646e-01
6.034509530895916241e-01
6.017212986794248097e-01
6.000451766887858751e-01
5.981189762105811880e-01
6.000603400926030062e-01
6.060443786916285269e-01
5.993083885645562603e-01
5.947774868734349019e-01
6.020436446026122823e-01
5.974130240220945076e-01
5.976585278100664533e-01
6.015828868232696580e-01
5.991538028196665699e-01
6.054788106567320360e-01
5.971767365498747981e-01
5.970179639667316795e-01
5.983857111498620540e-01
6.003221936196694308e-01
5.924888419062884770e-01
6.027057717352604094e-01
6.054166245055250251e-01
6.025148630741309352e-01
6.006276829160279718e-01
6.027178987755106299e-01
6.023079129827398903e-01
5.937222709089451378e-01
6.019642445433969202e-01
6.010487686462376855e-01
5.989389672621636684e-01
6.021283715054714936e-01
5.967765426315436716e-01
6.074100307476290039e-01
5.978265664692787862e-01
5.964341758388977954e-01
6.026858960443870483e-01
5.963566454757228685e-01
5.961372970178226982e-01
6.050149672596523143e-01
6.002199760384450133e-01
6.007693634479865930e-01
5.987645617543245757e-01
5.971005166458006608e-01
6.046629101947171847e-01
5.984755433713863093e-01
6.055007184429115341e-01
5.943632450921809696e-01
6.005136257153212975e-01
5.998629236177337454e-01
6.034250621949699411e-01
5.997118332016360132e-01
6.006735110584398019e-01
5.962147682210194866e-01
5.953575122014630461e-01
5.985353299528113347e-01
6.005163782016326168e-01
5.969073217202434112e-01
5.976583827234018820e-01
5.965458745009271091e-01
5.970879767271544125e-01
6.037430824691082387e-01
6.041716744211318435e-01
6.037097813743665942e-01
5.993659657019936304e-01
6.024860769962840923e-01
6.009709500769075952e-01
6.018185547089884846e-01
6.039971428542045828e-01
6.028613371007929267e-01
6.013751632015611470e-01
5.974629440938231673e-01
5.957203582089576344e-01
6.011065786232481223e-01
5.940515969496147353e-01
6.029027379194100700e-01
6.026947968159002134e-01
5.969687276245717600e-01
6.010047781335000616e-01
5.995102811239343410e-01
6.009512063039880170e-01
5.973287904175894614e-01
6.031146288058074623e-01
6.045722443172962812e-01
6.019188170600044963e-01
5.960580479848964774e-01
6.009451426901049054e-01
5.953784808324382727e-01
5.958582395647751273e-01
6.020437989869159567e-01
5.983240193536072393e-01
6.048241121018549382e-01
6.000087423502258321e-01
6.009932936445880891e-01
5.988236448228528852e-01
6.013346326688971955e-01
6.039025761575187445e-01
5.946332518852885940e-01
5.944957198784116548e-01
6.042564981349184405e-01
6.071839137290586663e-01
6.002173289738090833e-01
5.958842513736355428e-01
6.001096025866314854e-01
5.986670258506711084e-01
6.056824652204164661e-01
6.035935581778945069e-01
5.989851743657107486e-01
5.972409521023656076e-01
5.991875292604497139e-01
6.028448687825733732e-01
5.998141522031441575e-01
5.985493514225788125e-01
6.022241885842150033e-01
5.952591282005250672e-01
6.054137589633228345e-01
5.989805730571271525e-01
5.984471742802515148e-01
6.005915872755316354e-01
5.974616118336288917e-01
5.975152893128053977e-01
6.029537978486163574e-01
6.004247949585248545e-01
5.998797622427106679e-01
5.951797502674969209e-01
5.980535870807826004e-01
5.988516300692260375e-01
5.996042837946351511e-01
6.006447270179251507e-01
6.022374201281532891e-01
6.031435541643186404e-01
6.009369098184265123e-01
5.973429212258785093e-01
6.060205114130181592e-01
5.913433196889670285e-01
6.070498516498544772e-01
6.046976859347131805e-01
5.981788957181536359e-01
5.978018318703144374e-01
5.968152456610709145e-01
6.007359756257764083e-01
6.017462491081210230e-01
5.987971045031246220e-01
6.014459840115522482e-01
5.945289729118442557e-01
5.942255068669926032e-01
5.981628067537031468e-01
5.958418845396848962e-01
5.965179049176785320e-01
5.950394624173698244e-01
6.024865588659213955e-01
6.008466420744531522e-01
5.976498995471508646e-01
6.013764554539147156e-01
6.059308252192281419e-01
5.996093885998685646e-01
5.998805865094504197e-01
5.964376660424008936e-01
6.024094360771985457e-01
6.019893642982063753e-01
6.010209310740297628e-01
5.987392704364302709e-01
5.945783942803699595e-01
6.045475234237451811e-01
5.981404554337547141e-01
5.978100350693114073e-01
5.969508477148441905e-01
6.002766659232913193e-01
5.998116167583135150e-01
5.936465565095052632e-01
6.005716164935983592e-01
6.003318666275447857e-01
5.920340653453342039e-01
6.047595724279402063e-01
5.938038900334337011e-01
5.987599980214326489e-01
5.967000256209074038e-01
6.038614807876637736e-01
5.989564536583044108e-01
5.968023873334382667e-01
6.023623011111258752e-01
5.987896223624739056e-01
5.990874843662929994e-01
6.013313634842687438e-01
5.958161603937122131e-01
5.995982409774343047e-01
5.980698644982584966e-01
5.991520281979336726e-01
5.997991569474684370e-01
5.959178046415716246e-01
6.003670753871432897e-01
5.993130234827663827e-01
6.002613641263064848e-01
6.009851912412513819e-01
6.023359910688970142e-01
5.945320469683630371e-01
6.000959121365596616e-01
6.000636005794820482e-01
5.940398506839401627e-01
5.945040743675797934e-01
5.996609371077414874e-01
6.088633980049305006e-01
5.984210816467028238e-01
5.985736280996336589e-01
5.987931506504884371e-01
5.962040445797152088e-01
5.940701921239499583e-01
5.956076346247765052e-01
5.971447166770800230e-01
5.933263325040862846e-01
6.033433658482891815e-01
5.969749575407599096e-01
5.955615304222641182e-01
6.018663531530712429e-01
5.980031863827750538e-01
6.000311879404434112e-01
6.050418102821748523e-01
5.979389105086034828e-01
6.011705507182951713e-01
6.048174903024627902e-01
6.030332478569555565e-01
5.960837195111339248e-01
6.023686683633338035e-01
6.046016880058648901e-01
6.031762359770596049e-01
6.004396386631778437e-01
5.992233390922967473e-01
6.004492913443333357e-01
5.959442453401930795e-01
5.992667193977392337e-01
6.020076246538661469e-01
5.987968857621726038e-01
5.972335565778309485e-01
5.989370306063899196e-01
5.966591546247850264e-01
5.997466710410582769e-01
6.086804129005910502e-01
6.025965160348012439e-01
5.970478722295606833e-01
6.055531993474548846e-01
