-4.002421026925865322e-01
1.639093915602714835e-01
7.382622978047994611e-01
2.830705611544964695e-01
8.244489480854516605e-02
-2.926027081884461367e-01
-3.215372427034452474e-01
-4.542633542765366350e-01
-4.061587746651106334e-01
6.803055684824019789e-01
-2.510671861294663798e-01
8.115450724952942840e-01
7.183900804898211145e-01
8.032224223876944791e-01
-3.920475478451571627e-01
9.142492807129950494e-01
8.915959206641576040e-01
-1.859646484550171452e-01
-2.703000162548835905e-01
7.423938692969413999e-01
-3.449141236852587555e-01
2.423492563003583067e-01
2.112051415110423880e-01
-9.898233962519301099e-02
9.225555574728918629e-01
-3.827328453763800820e-01
-4.328328776660619881e-01
9.207116165573810962e-01
8.281036479854766430e-01
-1.260300976723159883e-01
1.726039573309633146e-01
1.345397523118833927e-01
-4.224111617185177803e-01
-2.918902108502602344e-01
8.909692658730915538e-01
-2.102458524124028172e-01
8.085413549460374050e-02
-4.289008661691278701e-01
9.038721953327047975e-01
8.475192931128341378e-01
8.285683930434082356e-01
2.252449679933823945e-01
-7.360396148692890939e-02
9.113140155587724500e-01
-3.324356229772470472e-01
7.136388840910071751e-01
8.155743497552206955e-01
-2.059119487599814502e-01
9.153435970906140806e-01
1.294827653883501295e-04
6.851156051640923117e-01
9.205516520366733291e-01
8.173350179111084080e-01
9.267274890309683544e-01
7.430545810679083374e-01
9.274199347500133861e-01
7.358164122966417420e-01
-2.031630822010352111e-01
1.639973692477573464e-01
9.347148992729386041e-01
7.468006707808482192e-01
-4.429444675086435246e-01
7.863448824290433237e-01
9.175010772686428284e-01
8.988847786797021788e-01
1.345026342267184871e-01
-2.967066050462708326e-01
9.187600558954156504e-01
-3.132168814826991610e-01
-3.056097035936000683e-01
6.899191669377533476e-01
2.273947363176686831e-01
8.958535842578970732e-01
-1.949157363755158190e-01
-1.127584483705986462e-01
9.336900646115682267e-01
9.862460798314262589e-02
-2.377659649936126329e-01
-3.237474049628984857e-02
7.591031947342621322e-01
2.575940736948136300e-01
7.300497752436525545e-01
9.269535185740592764e-01
-2.245075254902025863e-01
7.410822328266458703e-01
-3.551808209885586320e-01
2.117667837321468016e-01
-2.655348144162982676e-02
7.007209367913935782e-01
9.188370955076401447e-01
9.248172924123899685e-01
1.716431631875885988e-01
7.330806028218292969e-01
8.846281271278978453e-01
-3.847702140813145655e-01
8.678175932605586285e-01
9.278807833389415283e-01
1.852572795015175189e-01
9.117140444425971824e-01
8.877937556101170857e-01
-4.548732165236011316e-01
-2.246821239365273393e-01
7.430115065077140812e-01
1.724958263375804823e-01
9.062636102608158106e-01
5.728999501333313649e-02
-1.474381903910465252e-01
-4.093322590797872640e-01
-2.693136570783979944e-01
9.230310933682344121e-01
-4.444426016692651915e-01
7.805687783438626237e-01
9.202196158135317328e-01
-2.593628557772194032e-01
-3.908597188413059920e-01
-2.342354144613298661e-01
-3.292665563460759337e-01
9.269672313151924303e-01
8.610181228508462237e-01
-2.739928734812501765e-01
-3.496578458697760516e-01
9.308745932013871016e-01
-7.094626096237230395e-02
-2.618055723787207079e-01
-3.847995359647408686e-01
-4.609230573705581646e-01
7.707150030564500209e-01
8.927164387579819005e-01
2.393943779298019492e-01
6.714100973562089347e-01
-1.884491138701256951e-01
1.635125279227296335e-01
7.360727531567017312e-01
8.041164877796215249e-01
-3.161457548049911859e-01
2.037388263816904965e-01
-5.358659288796974174e-01
8.975721506091626223e-01
1.689296633387306901e-01
6.593920293493942264e-01
7.659914987547193910e-01
-3.161855955532466567e-01
-4.147106224648193229e-01
7.049310370918016044e-01
-1.860990320853322666e-01
-2.051397036819318509e-01
7.929218952474407223e-01
7.594338082831894043e-01
-2.560245228215364266e-01
7.519881419195437733e-01
-4.109419696893174545e-01
2.996375969629320735e-01
1.700758155868284105e-01
-1.812757081104610646e-01
-3.147726959829754145e-01
9.142495827837722189e-01
2.343046426688318584e-01
-1.517376457303046267e-01
-1.150265575523103379e-01
9.140010813858332472e-01
7.683442815533353398e-01
9.256026276228825900e-01
-3.801380596392914812e-01
-1.197218030751948659e-01
9.134205700818782692e-01
9.126806527962938453e-01
5.853096355764964009e-02
9.238060660631889354e-01
7.016016692745703498e-01
7.651020814768082490e-01
9.168835390311054212e-01
8.939231462403997019e-01
9.078821911364890473e-01
-2.273527321707485283e-01
9.387317551490315104e-01
-3.568617450056866813e-01
8.277342653390858951e-01
7.564367047667088784e-01
-1.841770338191152656e-01
7.301792541271845405e-01
8.023817527140768568e-01
-8.147890947401079109e-02
8.412593857164988309e-01
-4.321134896574694850e-01
9.264019127071061455e-01
-2.349348533991742483e-01
-4.401956316900136612e-04
9.357944745938607811e-01
7.530483213828798039e-01
-1.152820660946465153e-02
7.132321445363006829e-01
-3.954487198691282734e-01
-1.988703443410814176e-01
7.250913398844571756e-02
-3.955773413379863324e-01
-3.982272029771821154e-01
8.910030919084223067e-01
-3.080610872976859982e-01
-3.670743572512055741e-01
2.084279494462898952e-01
1.638185197621070677e-01
7.587453563533683720e-01
9.255997062206230419e-01
-4.158504647341134119e-01
2.233204181225563190e-01
-3.586289041738847105e-01
-1.512249972009547805e-01
3.123902425158578966e-01
9.060410565291285856e-01
7.292141053810541340e-01
9.089979800754393047e-01
8.633464560547231548e-01
-1.431550948294860737e-01
9.251059026378213312e-01
9.184570667459124316e-01
1.492214620179484474e-01
-2.935690514977549737e-01
1.695765593288824369e-01
-2.224241790761160020e-01
8.999316438285488717e-02
7.964579971789916835e-01
-4.153801373528522300e-01
8.782070443335009413e-01
-6.801237664592552079e-02
2.954759206572516450e-01
-3.664303445032999207e-01
-1.052456944823164375e-01
7.009920507027204151e-01
7.789216230351043713e-01
-2.496447964728495394e-01
-9.820180563167260623e-02
2.910250820050892528e-01
-3.995840696755769139e-01
7.688202336955534122e-01
-3.617801699889224842e-01
1.753916480130014721e-01
2.548330271880798817e-02
6.755259404340294704e-01
8.920847226791592810e-01
4.885852584614037986e-02
-2.141976847651139992e-01
-3.280574452596740076e-01
7.878360223300538701e-02
7.411326332552962137e-01
-1.613959100481471287e-01
7.534966955375898001e-01
8.135468392042719543e-01
8.975775434506594319e-01
-3.882319828467755696e-01
8.038016427879706161e-01
6.220072171286865348e-02
-3.709455996118194432e-01
-1.054621237173166276e-01
-3.261478034440623008e-01
9.194725812053411440e-01
-4.302187946289534048e-01
8.568261658224733957e-01
-6.607655547682669828e-02
8.425898476292273953e-01
-1.991293290397888049e-01
9.317825960953924902e-01
-3.491051160938739573e-01
-1.481264225351699992e-02
9.032936979142643930e-01
9.225023343357061645e-01
9.148800564473407171e-01
7.590352918490347323e-01
8.374508647806309103e-01
6.852691098083375509e-01
3.394973405118058563e-01
8.870422833108941862e-01
-7.930423367651162625e-02
2.209016195628182855e-01
-2.475039559825975011e-01
-4.825244316086831076e-02
-3.572919793562049362e-01
-2.077540406442001109e-01
9.056933542486069744e-01
-1.666080742340634857e-01
6.517744695040205150e-01
9.111148057318174676e-01
-2.036002432489480429e-01
-2.222685890646993734e-01
9.198402706674378981e-01
-2.316274089369552980e-01
-3.456540584182642428e-01
2.964388004321418801e-01
7.209902364807750930e-01
-2.572174783449939217e-01
7.885426206116072922e-01
-3.872644270950011958e-01
9.265765256974360931e-01
-3.920496995479211266e-01
7.757749432337374129e-01
-2.604796311670529510e-02
-6.863875208644255876e-02
-2.718078034269317822e-01
-5.766058133252254664e-02
-8.054221209187729935e-02
-2.419565822876701133e-01
