8.613986981867834958e-01
9.425225660630466296e-01
-2.533794453137016012e-01
-3.136342301090013773e-01
2.021350598167713231e-01
-3.428149530634153619e-01
-2.306103957238253566e-01
-1.360076143017096006e-01
-4.098678143364960502e-01
-2.805298710096778003e-01
8.390255412022958881e-01
-4.157091302180905834e-01
9.429401760175112335e-01
7.446321316123406531e-01
8.109203332493188920e-01
2.667391250789537538e-01
1.213402548552935944e-01
9.299603285891125948e-01
9.140881903203955661e-01
9.267422772692650579e-01
8.309942998446510076e-01
8.677778403378875183e-01
2.443644237730636937e-01
2.836289570827127404e-04
9.099921217366574444e-01
6.674411985344735898e-01
6.782690468053935440e-02
-1.180189183868934760e-01
8.199041521618420925e-01
-2.817523203215287486e-01
7.540745411005910226e-01
1.448494101352115759e-01
-2.011381258919758830e-01
9.103728440135432365e-01
9.024659851998191318e-01
2.261859443963183114e-01
9.233668201879379200e-01
9.236193187798373838e-01
-3.670576760621166446e-01
-3.690991516739171030e-01
2.222869552259891524e-01
-3.513141940154856369e-01
7.428236710073563565e-01
1.611734415861440228e-01
7.403364605887035044e-01
8.420108772595200630e-01
9.160231824326601213e-01
-3.610249801186632412e-01
-2.144680728891067423e-01
-5.884707394191581592e-02
6.808264448444772965e-01
8.650963788919274755e-01
9.132977495624436948e-01
-7.310427741556668746e-02
7.206637881133897139e-01
9.068653418892034246e-01
9.272308452600105388e-01
1.179550854999152354e-01
1.074912319700709884e-01
-3.974876755013174168e-01
7.423444862763025620e-01
9.315132769940167590e-01
-3.756459622902064144e-01
1.439511397377433721e-01
9.261286490604926369e-01
1.220137330345961862e-01
-2.966040019434426633e-01
9.200610264792181692e-01
1.561727360653684671e-01
-2.418637086010141934e-01
7.065311824982919431e-01
7.927407377132574817e-01
1.325491364794917637e-01
1.091391675663312133e-01
8.851079698494661585e-01
8.373815220560935080e-01
-3.949819345123320447e-01
-3.544712096503188636e-01
-3.208735073683751104e-01
7.785956801870500543e-01
9.101419015337470775e-01
7.323056102645239540e-02
2.001086618294333208e-01
8.282257955295501128e-01
2.214082206419605292e-01
-2.655529080064492065e-01
-3.032655383405503668e-01
9.011132609279469685e-01
1.141778574214878939e-01
-3.781897616963149633e-01
2.076063892459181770e-01
7.800424934692140599e-01
9.018260940473525888e-01
-4.482164393278957604e-02
6.801564447604497854e-01
-6.850750255627612029e-02
-3.089487488775974899e-01
9.158712606756029828e-01
7.099343038904060155e-01
9.048191987085001387e-01
-1.100666900478359800e-01
6.346304786854889413e-02
9.471248085960050078e-01
9.078135836059924024e-01
-2.827600392847388067e-01
7.596667912483044960e-01
7.319875987023178876e-01
1.536701108581530958e-02
-4.275280640961327538e-01
-3.333602376887986329e-01
1.505291090234250895e-01
8.037492898818212606e-01
8.990151097619748510e-01
-2.293069789295561212e-01
-1.337018044551022133e-01
-5.024593300617501146e-02
4.520749561557563245e-02
-9.786009383024631136e-03
9.172224196628741000e-01
-7.784526759884868863e-02
-1.537514636261942402e-01
7.006112906754928815e-01
6.502970576628923360e-02
8.953162853026983559e-01
-8.707228866125354960e-02
2.504174510233859660e-02
-2.537839545957279452e-01
-2.285411879052273720e-01
1.405826613528926017e-01
9.211294917801153836e-01
1.856846357090343180e-01
1.054611518658408742e-01
9.384441310912469136e-01
7.823268385732273789e-02
-2.854926612618154391e-01
2.460590659000425340e-01
9.255873755194271579e-01
9.125257060772963280e-01
7.619216577404559487e-01
-2.050760719313982350e-01
8.343930736303991624e-01
9.084371713457684017e-01
3.648102942242068547e-01
9.027536876087753903e-01
7.538949692810659187e-01
7.728838445867811657e-01
9.236874541843927977e-01
-2.312053045381614602e-01
-2.418155360127598741e-01
-2.927961690620578539e-01
1.990357290155653214e-01
-2.907859973456909941e-01
9.214310303566267679e-01
9.414656119883815233e-01
-2.589167335794541613e-01
7.971274721463565971e-01
7.971401087997925794e-01
8.180365614385947115e-01
2.340703570494205854e-01
9.278118960383368030e-01
1.960184680261745777e-02
9.220210002053548237e-01
9.342941112301453854e-01
8.729283729468242381e-01
-3.481221011726012837e-01
-1.713903944502839088e-02
9.130524987087322852e-01
9.304367445352794697e-01
-1.075233514498170895e-01
-2.424330470649933011e-01
8.856307903370769230e-01
-4.353644982244346262e-01
-2.241835190943528566e-01
9.056310408374239618e-01
9.235750090445508098e-01
9.206985976148005513e-01
-2.943199142581911509e-01
-2.742298074053042267e-01
9.386842667971053711e-01
7.900920803165534245e-01
2.608270632275491024e-02
7.473501145386763911e-01
8.415444170510484323e-01
8.534337556032139949e-01
2.987173149646906167e-01
-3.906667992760949892e-01
-3.531278132591078034e-01
2.223484153533503149e-01
8.950572125282634239e-01
9.129209263075502845e-01
-4.229593431749378851e-01
-2.714945796810348533e-01
-1.626642481300538678e-01
8.516197277563332113e-01
-1.060297530149253986e-01
7.725349232413315503e-01
-1.298435739919208687e-01
9.220922179167426735e-01
-3.652814269774204980e-01
-3.398982039623058560e-01
-7.266259006559465383e-02
6.444060381269645088e-01
9.305253683832707123e-01
-3.387498904300882407e-01
-2.801169645200863867e-01
8.961352582943828970e-01
2.611291599366752370e-01
-1.164526890290874944e-01
8.220970810378583904e-01
9.283789440141090310e-01
-3.753633143187928844e-01
7.261229340165613610e-01
-3.194665144019757097e-01
8.843326444015244814e-01
1.715468954497661666e-02
-2.146006476506836513e-01
-1.809288898748550034e-01
9.212763222658658657e-01
1.307522004757824541e-01
2.965593628773250945e-01
9.346206991516705642e-01
7.242067141140581255e-01
6.831169544664754678e-01
8.486990168651517008e-01
-4.325149392045710139e-01
8.253483910566099535e-01
8.155269223880413643e-01
-2.662311160463559090e-01
-3.941664494426087018e-01
9.322127846503073245e-01
-3.732598015387822987e-01
-8.593591696529227775e-02
-2.060942574913175729e-01
-1.742191633008133567e-01
-8.694466718997498345e-02
2.227993646531324923e-01
8.335959612423982090e-01
7.778968213413239852e-01
8.311733260439811977e-01
-4.254897699986533999e-01
8.014013251582149389e-01
1.672282215692209584e-01
1.746061620780909318e-01
1.218469808619979458e-02
9.312813211581977280e-01
9.180220359859417867e-01
7.826326886542205319e-01
3.353953036769597440e-01
9.166176157948743297e-01
8.084592424025730528e-01
9.364996789740147598e-01
8.991930139088409879e-01
-2.537221774012018427e-01
-6.586110723711813275e-02
8.900321221824871731e-01
-3.579409395858607623e-01
-2.014233259345514226e-01
7.208560851028315009e-01
-1.672505474591735319e-01
9.238311914025945093e-01
-2.795105189580089911e-01
8.946683447810510614e-01
7.123028208478783263e-01
8.471134852515277425e-01
-3.490659942861809029e-01
-2.744365883483843582e-01
8.430058091128881381e-01
-3.114895960450822510e-01
9.345508627624372622e-01
9.366937059630183748e-01
2.961044282656448701e-01
9.254395584016429366e-01
8.412105780345217054e-01
-3.528920067703035790e-01
7.822608418158972787e-01
3.306045318859375803e-01
9.283497561190096059e-01
-2.884011263043340656e-01
-3.561669490970766350e-01
9.876827021088184499e-02
-1.330146939150052832e-01
8.211271211991320040e-01
-3.172488365133169230e-01
9.198308286258939370e-01
4.087700366915206218e-02
7.458948814086063805e-01
7.666228154162255670e-01
-2.535765745317882236e-01
7.007210992003921612e-01
7.678522668756880831e-01
-3.875025995031540493e-02
-2.912757229715143836e-01
-3.956706736999188179e-01
2.148737053224786947e-02
-1.835902727527800038e-01
-2.394513354998593080e-01
7.504027771986119255e-01
-9.958788320646438930e-02
8.809992353160114309e-01
8.654687042846441747e-01
