-2.876483057486617367e-01
-1.763649436263096670e-01
-5.586324834841143588e-02
9.263117561970150016e-01
9.157072960692376196e-01
7.309578163410508367e-01
-1.298413144987085599e-01
-3.593906607533379205e-01
9.074201725541780617e-01
8.960080554939977571e-01
8.940826739608672691e-01
8.770229322768774427e-01
7.261965660969503800e-01
-3.688276681803221435e-01
1.376036100180440258e-01
8.882471786362218236e-01
9.451134385253749937e-01
-3.579652652541546742e-01
9.242189159054082781e-01
8.738303379974682317e-01
-2.264531058389472606e-01
8.126936117322610675e-01
7.952622183245157128e-01
-2.670304129223359801e-01
7.186638879928193280e-01
9.178949270039483688e-01
9.126273979602320674e-01
-1.056344644520580411e-01
9.204308650886671161e-01
-3.871819244171257890e-01
5.696690623361251593e-02
-3.193298901617016017e-01
9.610130212340003975e-02
-3.955178221980066855e-01
-3.400514786070338302e-01
8.109096162778405281e-01
-3.695088956244211853e-01
-3.683181769669198191e-01
-1.226687836117387742e-01
-3.058424220762258616e-01
-3.971637153395099484e-01
-2.439310114452267197e-01
1.092128348789035870e-02
-4.441488112251100184e-01
-1.672154083247126277e-01
8.815600078005708662e-01
7.045091289106433230e-01
6.939724792536853260e-01
3.617839702611790054e-02
7.646331997084816479e-01
-5.660465549905386445e-02
-4.065906919024926958e-01
-3.444831812967772411e-01
7.644824499736274648e-01
7.327872052687883775e-01
-9.325441896589789503e-02
-3.154189662882784795e-01
-7.270742804248556124e-02
9.028957736409373158e-01
-4.070618385374626946e-01
9.063766953631934298e-01
1.112028552260404951e-01
8.186940906515373095e-01
9.809945331505760813e-03
-1.040111415679451090e-02
7.616412793041799079e-01
-2.327415585082539540e-01
8.614343806331632436e-01
1.115191758975547370e-01
-2.987971428033623367e-01
8.719575675767526901e-01
8.376049426816752907e-01
-3.748816008932072674e-01
9.194932948163270225e-01
-6.049205664507994323e-02
9.097284396102860438e-01
1.540560408100680179e-01
9.225341440375094404e-01
1.611572138889434402e-01
1.028078722891778707e-01
1.712730042729276314e-01
-4.435670963715325210e-01
8.914878856684789188e-01
-4.186634041189189470e-01
2.479224747218568281e-01
-2.824962856142860801e-01
-1.696866434236828924e-01
-2.418566202153260292e-01
7.357515399360279318e-01
8.324082801127354880e-01
7.346176514736731944e-01
8.741009571279043655e-01
-2.817404497333375057e-01
9.349903705207762705e-01
6.773684756211362235e-01
9.102390929862081981e-01
-3.413094655795065324e-01
1.964916814507244314e-01
9.233972962997555323e-01
7.797599647019533009e-01
1.704444637223472281e-01
-1.353832899810333834e-01
7.833082683369976262e-01
7.775994212515828785e-01
1.063346398734245912e-01
7.927201102731512572e-01
7.433795347314775537e-01
8.575776809995704353e-01
2.649892878636530558e-01
-4.775491621399315378e-01
-5.509107557572413133e-02
2.515628768241232605e-01
-4.047170622710538068e-01
9.110719783455719645e-01
-2.927923934958152619e-01
-2.655918182956296808e-02
6.800337645812287724e-01
7.955385160477844719e-01
-3.404554570399959679e-01
7.642187636806158091e-01
7.153839573189064716e-01
2.401544193052316811e-01
-3.142024847640201846e-01
5.404896623419419566e-02
-2.947912832327354571e-01
7.985348840785396751e-01
-3.991652096952938433e-02
-2.564574840166391478e-01
8.724460476515240037e-01
6.852903017910052519e-01
8.884392030447806343e-01
9.283096489243420901e-01
8.950476487277322368e-01
8.272144993338110819e-01
9.105492278682667528e-01
7.456325113491146794e-01
-3.289998815656372533e-01
-1.228627122963209667e-01
4.234795746818766082e-02
1.116516523040747277e-01
-3.585590372360620282e-01
-3.252228021588431939e-01
8.709139197495021634e-01
9.025456798831963390e-01
1.069489333756913907e-01
2.288356260923987973e-01
-3.399087847148450359e-01
-3.395054253441923131e-01
8.948191881017359961e-01
2.801561702221331829e-01
-4.022714758640207888e-01
4.582815266976244389e-02
7.672169743268373310e-01
-1.779748958598083575e-01
7.953815184184809262e-01
8.629729984334522097e-02
7.785177705745762733e-01
1.646146469183742966e-01
-2.031479366846589141e-01
9.392519990405574504e-01
-2.994627677340329641e-01
8.308869146105044567e-01
7.395569694064606514e-01
8.414078970284004644e-01
6.561721929218756744e-01
-8.656817454001908274e-02
7.276592233580012614e-01
1.728286311583133450e-01
7.834360757049690926e-01
7.744172906430721870e-01
6.933908189155020274e-01
6.761581396901077123e-02
9.300094302543272518e-01
-2.480024727461006551e-01
2.447994849843854459e-01
-2.842715565859429971e-01
8.514010471137417602e-02
9.208303000253793558e-01
8.082866597314177781e-01
7.535801773733985520e-01
7.483178191919519495e-01
-3.994411135532149881e-01
8.154937726362102568e-01
-6.216675797635914935e-02
-3.658841917449920378e-01
-1.996543740199197003e-01
7.511522051402814704e-01
8.080463204970906865e-01
8.208465038456336238e-01
6.877649633157825182e-01
6.295114983179526946e-02
-1.213621768102904619e-01
9.106127495939735361e-01
9.311125492324691111e-01
4.746868970469290266e-02
8.306303050761869589e-01
-2.219965561823110667e-01
-2.299300727775425712e-01
8.995583940675301315e-01
8.736668209303368737e-01
9.251032004404843301e-01
7.249959348168644180e-01
-3.981352351866790373e-01
-3.273593495650675700e-01
7.787881625290419274e-01
7.344993798288166342e-01
8.676675426653095435e-01
9.254270249583305130e-01
-9.335027729345239667e-03
7.638975541217974952e-01
-1.875807801430218746e-01
8.591196492234556281e-01
-3.136615046971332754e-01
-1.170306003808498918e-01
6.986241091639865120e-02
1.201338767349191261e-01
-2.469190888437807208e-01
9.032437637820280030e-02
-3.822098670500759798e-01
-1.230997996949353274e-02
-1.158056346383271873e-01
7.736534098913733226e-01
7.955510143141434343e-01
9.123775630638237821e-01
2.100744937443442539e-01
8.073514947989213209e-01
-2.441804155576957069e-01
9.198231240868699476e-01
-2.850466564820002269e-01
8.025775114563834522e-01
6.943437849545893714e-01
9.057445062366940025e-01
1.352811764562610874e-01
1.895832833237287227e-02
9.041314840283840581e-01
3.640089787263257881e-02
8.621028197781053226e-01
-3.218620984108205851e-01
8.723640351311996444e-01
8.631384206076732069e-01
1.896772414950324281e-01
9.314348838742475545e-01
-2.948214874574003885e-01
-3.384562845122442432e-01
9.210619707637235365e-01
-3.984548183447702563e-01
-3.075007669884013972e-01
7.261052697385570465e-01
8.633603308581175861e-01
-3.852409871568115984e-01
9.265119473427597674e-01
3.008158225387090878e-01
-7.521710710333480432e-02
6.998485129566285323e-01
9.162509029655722115e-01
9.156697942102571819e-01
-2.479341421602780371e-01
7.679031155982999346e-01
9.025167427736012771e-01
7.211909719440515731e-01
8.498019786480214277e-01
-2.620888900453443027e-01
7.340595279417493346e-01
7.094453624634357025e-01
-1.165459741600169130e-01
-1.571151364015191954e-01
-3.156527713922435141e-01
9.254851938700127123e-01
9.470757469862562949e-01
7.899902177840248951e-01
6.867050125251544790e-01
1.388084847047189596e-01
9.083630939824269834e-01
1.301614871622517287e-02
-1.180169437334135096e-01
9.216114290900635497e-01
-3.417965402883995085e-01
9.115897119793815451e-01
9.107125339281841869e-01
9.308444595233914542e-01
7.088757828763647684e-01
-3.705713803616487723e-01
-4.846492015215660143e-02
-6.651330622394119318e-02
8.461847417071604038e-01
8.011705327607707705e-01
7.348081896685080272e-01
7.395891486714684104e-01
8.005705925213314478e-01
-3.834933509206844282e-01
7.525837015348599834e-01
8.361735899024206331e-01
2.123239196134004414e-01
7.987590074421887509e-01
2.017844442512860270e-01
-3.386991801047544159e-01
9.457778760806041518e-01
-1.394919663877376426e-01
-4.199127694828336810e-01
-2.799741077145313506e-01
