-3.390220631678999563e-01
-3.780098810058305503e-01
7.049223105822818303e-01
7.841817936109122256e-01
1.521874269193443929e-01
1.016618256807708398e-01
1.195975476907321436e-02
1.272161499718494904e-01
7.667183477074627218e-01
9.059631851737687258e-01
6.255913648010963390e-02
-1.615050450172721974e-01
9.098541664561481390e-01
-2.047625518916494913e-01
7.869357806616957829e-01
-3.927142583598221548e-01
1.309627052338975806e-01
2.803007779965652202e-01
6.547303225036906760e-01
9.211423163022575133e-02
-3.494827870981667139e-01
-4.091379818197617424e-01
-2.398805138338022114e-01
8.651692158653737641e-01
8.094761162579503511e-01
8.276637620616049684e-01
2.077779806212889657e-01
-4.087945335032977523e-01
-4.181357026094891238e-01
-4.882493649221072984e-02
8.341956191951556410e-02
-3.476120060824601232e-01
7.957370208854985805e-01
7.458521420580614958e-01
9.229641196416082938e-01
6.691220581334974549e-01
-2.346719473363139963e-01
8.983568906695673650e-01
9.256491451349772026e-01
9.363204775864792939e-01
9.087598170843033119e-01
1.060547603636473324e-01
9.216642778373195233e-01
-3.979657841178982913e-01
9.256319620614580357e-01
8.463781303282946755e-01
-3.129308945513856743e-01
8.451895534280666755e-01
1.434789453588704300e-01
3.717976221909634338e-03
8.903101191097887446e-01
9.023774685135842466e-01
6.876875178159103097e-01
1.715512249960279290e-01
7.537349875078290795e-01
-1.509105025393098765e-01
9.442183914804397338e-01
8.189476417285189713e-01
-4.404082197110472663e-01
8.454951561451881092e-01
8.113078012991351562e-01
7.246377771515165600e-01
9.284132233626357644e-01
9.248116778374088076e-01
-4.534657164687097564e-01
9.225049441820269980e-01
4.009985699703174644e-01
2.324764761830801774e-01
2.082475800286110457e-01
8.879204961560618337e-01
1.186654892302816261e-01
-2.503358038321745749e-03
8.224078306879902822e-01
-3.403406784538381968e-01
9.210824621108621990e-01
-4.334910553871169636e-01
-2.155009123950563377e-01
6.749959335485558043e-01
-4.392535500727486886e-01
-2.772507877247302743e-01
-3.138399514942813995e-01
7.853562541653867912e-01
9.239867392529164114e-01
1.496774123004502854e-01
1.873039911038029692e-01
8.735559961998642375e-01
-3.938535138090464294e-01
-4.064265045361126760e-01
8.969954165554233638e-01
-4.614468063727466401e-02
2.306265250359932073e-01
6.767199937759755812e-01
1.916817554016176928e-01
1.079819008500303434e-01
-4.043874673565452937e-01
8.820463913890901342e-01
-2.064927724048149990e-02
1.612548820349797851e-01
-3.694650849661660907e-01
2.203822936428003615e-02
8.344779483959464672e-01
1.804038450936318871e-01
-3.624022716633805707e-01
1.358872937712431728e-01
-3.892798186312269593e-01
3.268870086380877837e-01
-1.422980514161836796e-02
2.046859020068815815e-01
7.333964403757453621e-01
8.271070084177041259e-01
-1.835082683288530858e-01
-1.931508758296073547e-01
-4.751254445620344269e-01
1.636051541855969571e-01
-2.990418777614846091e-01
8.084588549920044276e-01
7.676344104712333749e-01
9.119119054944219149e-01
-2.612687715910427810e-01
7.666903183859488102e-01
-1.251552503277110207e-01
-2.942527615418686904e-01
-8.906606996904800622e-02
-2.056077938147014839e-03
1.473753216481605080e-02
-4.337037041445558905e-01
7.825869397237029679e-01
-5.664456808750950589e-02
-2.129721033953572151e-01
8.541047346731071022e-01
6.991486556345655190e-02
9.281904677256123115e-01
-2.949066263134353383e-02
8.760350540542044540e-01
9.249316849719677602e-01
8.536932781717690988e-01
-8.703451882805403328e-02
1.651064458876542462e-01
8.860534537553069745e-01
-3.803311805889190156e-01
1.261844084195595239e-01
8.753679595769829902e-01
7.717590958182091176e-01
-1.758227762504057656e-01
-2.762655713319693840e-01
-2.522244475959553589e-01
-3.182019750269977076e-01
1.204228063261460480e-01
8.125560738452773935e-01
8.971893111829188916e-01
-3.491589217736570383e-01
-4.289670265064680632e-01
9.275848115360927348e-01
8.158943139771159814e-01
-4.007788976863203567e-01
7.454931519280590946e-01
-3.628998790925890283e-01
9.108522045698124181e-01
-2.443988883301718984e-01
-4.401592508372629831e-01
-5.204357622652200366e-02
-4.964579060646778230e-01
9.197612823981093921e-01
8.137778490660746433e-01
1.621683403064696008e-02
-1.384998502340225035e-01
7.412724337822907961e-01
9.860762432937952848e-02
-1.130879244894303776e-01
-8.767172559032831991e-02
-2.783484830953359968e-01
9.234443665361753428e-01
-4.464678956228896323e-01
9.205554057547713498e-01
2.602176281078790732e-01
9.646905824635228222e-02
-4.762962657329318783e-01
2.478618458608939368e-01
9.165804456038474379e-01
7.488152171875894769e-01
-2.706533569957541574e-01
7.721305658113054582e-01
-9.679901620459469003e-02
8.814858757429493430e-01
8.619116758979803450e-01
-5.220246791853773438e-02
7.568384999537586255e-01
-1.633031241926901911e-01
8.505800509978633794e-01
8.987602774295595509e-01
9.270110871982600864e-01
2.077250904564488243e-01
9.816959398192494357e-02
7.406723672183803675e-01
7.505694552119828167e-01
-3.444559153282352737e-01
1.531658632730308056e-01
-2.164178514959883282e-01
9.253842012861157595e-01
9.014651616237099319e-01
9.237341130232041841e-01
8.120279863228585526e-02
-1.836146938904422155e-01
7.345414385099643395e-01
7.838145714885171866e-01
-3.637532202782141066e-01
7.757134348828897963e-01
3.051761254982617855e-01
-3.397939813750515681e-01
8.383399073663391210e-01
-3.424363801464541668e-01
-2.664443815026050766e-01
8.344082457424455423e-01
6.599530477459694122e-01
7.390295812434487521e-01
2.883658155034054538e-01
9.323312468199123071e-01
7.919336920530672952e-01
6.972528735779611742e-01
9.129386383715328845e-01
8.020313783539966268e-01
9.242403591034097365e-01
-3.846105142269001798e-01
-2.231839538703014325e-01
9.335193671648556180e-01
9.035296333863570561e-01
-2.757847060605316258e-01
-1.947132019104391432e-01
7.639670709950505678e-01
-2.714971645254186661e-01
9.141950206804344559e-01
2.613368190309358075e-01
9.062563210158032234e-01
9.287673914145235798e-01
-3.088766298764529239e-01
-2.202318717667230696e-01
8.244845672133681580e-01
-3.525997608354564661e-01
3.165976514684838428e-01
-3.216571862467969001e-01
8.923021146933074466e-01
8.878402109692876132e-02
-3.718261732679036258e-01
7.588441147760325300e-01
-2.974867837528200609e-01
7.387916433725811860e-01
-3.711923486795292160e-01
-3.858185168467985759e-01
9.119942002120970947e-01
-6.871443026931399467e-03
-4.128435715171617781e-01
-2.014579714651091313e-01
-4.320509987128886009e-01
-8.634001757551634793e-03
-1.250087536735588756e-01
-4.316323599787102450e-01
-1.312036849472871802e-01
7.694426399553411233e-01
-3.124877225568973294e-01
8.026600913343904242e-01
8.844480618450891729e-01
7.713523563855184673e-01
8.207946134545629491e-01
7.870537687767487078e-01
1.699693948397561216e-01
6.908428118705136622e-01
2.386657936793511459e-01
8.673730388923456269e-01
8.414235648195430572e-01
1.086683300742992131e-01
9.030294912334296820e-01
3.684452783065208376e-02
-2.938519135395871174e-01
9.226857735014907247e-01
9.158935817295600357e-01
1.713512477177343007e-01
7.710598467953266866e-01
-2.371795883776564862e-01
-4.282723455408556923e-01
-3.597562451470405209e-01
-3.719165283100644981e-01
3.630869722814779044e-01
7.895679622238276352e-01
1.453248441318037709e-01
-3.604912575990861789e-01
8.895849380743670043e-01
-9.281089198207420621e-02
-4.814476178394075934e-01
7.868160083763613422e-01
8.960984849443717204e-01
3.224576446031049981e-01
9.337847165928794269e-01
8.892079115345949969e-01
8.710963034537120286e-01
3.154849690341843815e-01
2.061356375909996208e-01
-3.092560849097596987e-01
8.942770473421602917e-01
9.051002279097101200e-01
-4.162205651603020362e-01
