9.200787807228836268e-01
-2.386358234275916257e-03
-3.901076307309392366e-01
8.040908227025186927e-02
7.117033768006139072e-01
9.225269566257247034e-01
8.933306170201197327e-01
-1.319382217364158394e-01
7.985249007322855475e-01
9.138194413407791927e-01
7.378675755816642701e-01
-3.894941990170902590e-01
-3.819041574334594569e-01
9.062969167281846872e-01
9.066144097785503453e-01
9.157372916325419165e-01
-4.653898671095172412e-01
8.106157545922034746e-01
-2.060377786704490344e-01
8.736831417988381032e-01
9.271554332488891603e-01
9.133378840841174240e-01
6.500343602312057545e-01
-2.435663917060523209e-01
7.711797354317609932e-01
8.433491081925422739e-01
9.344739437233147150e-01
7.826326819865501994e-02
-2.517877371987451429e-01
9.126027508093249585e-01
1.407226232101129737e-01
-1.505094133946840718e-01
7.609281526021324238e-01
9.364602615157706644e-01
7.843394907159101370e-02
-3.861761723897493837e-01
-3.344268532228717450e-01
1.779789616524977691e-01
7.020845623923896994e-01
2.673762314555384045e-01
-3.401240529522366884e-01
-4.322840789606882117e-01
1.481531550878917303e-01
9.133092625534173781e-01
4.398885182380535969e-03
-5.391500754276899038e-02
-3.290455292281450062e-01
-3.148572672444810427e-01
-2.010809661485685879e-02
-1.837307102836232275e-01
-1.862971518648979807e-01
-3.609602532945828668e-01
8.702959893429329519e-01
2.032990942487079289e-01
9.051556681777439550e-01
7.414731786456734142e-01
-7.602408683728564820e-02
-3.237961750378982040e-01
-2.452179287126024509e-01
9.068500068948484039e-01
-3.780859640963005752e-01
-2.995552131627502584e-02
8.332228611503261773e-01
9.360181224323372851e-01
8.191862451764748698e-01
1.355006338050363246e-01
7.249634879786350794e-01
7.073792135945796700e-01
8.216654634934345003e-01
-3.776724977957097162e-01
-1.923506121516941059e-01
9.224613965951351524e-01
2.413051248161928175e-01
8.809908283052729772e-01
6.450498619391202837e-01
3.884303193260756765e-03
8.929182470053057541e-01
-3.569219854349044985e-01
7.601221102882391722e-01
6.758833588336183862e-01
6.911283308332895059e-01
7.713362704976189921e-02
-1.883651344569976238e-01
-3.901679347580120361e-01
-1.388542745410670243e-02
9.441095861137396295e-01
6.813210354815119052e-01
8.061782226456872813e-01
-4.043285749965692122e-01
-3.905713851744122000e-01
1.818508742582561344e-01
2.205785146580340958e-02
7.763735426446471966e-01
-4.276023316176246203e-01
-2.633163336392499998e-01
-4.474998949089864508e-01
-4.128857319720157792e-01
8.193883096749524642e-01
6.952804264139889057e-01
-1.941502869939474851e-01
6.652621762499099090e-01
1.580537231581989610e-01
8.965659397941793118e-01
-3.770830763894226223e-01
7.570756964640202868e-01
-2.894905096687879209e-01
1.476823748844341144e-01
6.739042659604213004e-01
9.097300807362486141e-01
7.237146234169387071e-01
6.599226410512473162e-01
5.363370941808658088e-03
8.545511069717053321e-01
-4.743132102344293499e-01
7.917196403262165560e-01
-2.848930893862359204e-01
7.105449472728582183e-01
1.951803179030190405e-01
-3.651912525560602751e-01
-4.070487747067492168e-01
8.977229784022596748e-01
8.444163454084878673e-01
1.956705866083052400e-02
7.023506868561364413e-01
8.147705092833938956e-01
8.588317062112558187e-01
-4.239204110809567938e-01
-4.241300397905113373e-01
-4.019774105596294889e-01
-4.151736887484618332e-01
8.630957687368697728e-01
-9.369926031694175705e-02
-1.075992656944063930e-01
7.109292918531906480e-01
9.418372812475488409e-01
1.622652128529337295e-02
8.783752273212879214e-01
7.378790595332879176e-01
6.814681751480065885e-02
-6.560689259773778981e-02
9.012351525663431229e-01
6.441239437610535301e-01
7.349196649850691099e-01
8.827687324226040078e-01
9.183699777169751499e-01
-3.760253590806691276e-02
-2.332132995969558031e-01
6.591458640045722017e-01
6.979818772743331401e-01
-3.775812681829242012e-01
-3.375409260525324973e-01
9.136195426073137060e-01
3.915922258877949091e-03
4.459711385011472240e-02
-2.269796159471096364e-01
9.134164487988417624e-01
9.150450178927742595e-01
7.813991557116608533e-01
9.232667935321405839e-01
-2.667041354470361392e-01
7.981269876906642580e-01
7.343503033839572369e-01
8.908976805123426379e-01
-1.535936829143951521e-01
7.623054401468276620e-01
-8.229740551346668986e-02
-3.153255697375535460e-01
-4.218622317651292697e-01
2.255195985144158866e-01
2.218267658264355124e-01
8.714372857290147989e-01
-2.857503432245846464e-01
7.947598051256966611e-01
8.996467204090049519e-01
-2.928322890759604835e-01
7.511647378681500786e-01
-2.661495636292663391e-01
8.391802119588761544e-01
4.400852934286075824e-02
2.004842417178324121e-01
-3.827674910077724091e-01
-1.918120455375756928e-01
7.361810493391766075e-01
-3.692489837800480013e-01
-2.533054773768921852e-01
-3.106431065991496210e-01
7.967523486834534596e-01
8.992117542386259821e-01
9.428899907554826321e-01
-4.083331195884544462e-02
-1.109840469398784557e-01
7.817775067306268477e-01
-2.955086123459034764e-01
8.784002940724706665e-01
7.568328451726554773e-01
7.170656922444689219e-01
8.559444112499288160e-01
-3.722377466814342784e-01
-2.620717884992219693e-01
7.450495928032471737e-02
2.442626244182424800e-01
7.189711410217012322e-01
8.105776614044934991e-01
9.161381980979496076e-01
9.150595381954560459e-01
9.291721284210116560e-02
1.505166402964692729e-01
9.256315011706387486e-01
-3.737388413753472416e-01
9.022368303131984568e-01
-4.348228053397186210e-01
7.122287719945668005e-01
8.099475093618881960e-01
-2.873631261681685034e-01
7.437580082416631599e-01
7.903066424713753868e-01
8.478316183706988696e-01
9.251565827458655411e-01
-2.921416553820614936e-01
8.929397542449293290e-01
-3.377983831550498417e-01
8.871714085082385015e-01
9.268408543240100883e-01
6.746744237615849293e-01
-3.990588067959014440e-01
-3.251088164186285434e-01
-3.982680507959253657e-01
9.192049917983134977e-01
7.446865744406413468e-01
2.426892647574285800e-03
-1.968566123990765082e-01
-3.608541117115133257e-01
9.154543109090503838e-01
1.283578313668878035e-01
-3.543402718272489760e-01
-2.521604050048049106e-01
-3.440955479516561444e-01
7.754813236532184795e-02
-3.215424022005093918e-01
-3.723617216616358361e-01
-2.105888024017590898e-02
1.046038424174446924e-01
7.348998731573731513e-01
7.415732587957569732e-01
9.328957453784597620e-01
7.272580561874426586e-01
9.038722040673388136e-01
1.838951443528578089e-01
1.243870468867371015e-01
-3.408865024456614323e-01
4.064729845117720508e-02
8.103379454486727695e-01
-2.780926861094081270e-01
1.611958555883149791e-01
-3.903067128670116293e-01
5.358484326631318684e-02
-3.673251091329338136e-01
9.348522239673878742e-01
-3.016508155049300588e-01
-9.680630310090543311e-02
7.254674001480371226e-01
8.495731978383458394e-01
9.258365265662023003e-01
-1.407284695397313934e-01
9.059699500507223391e-01
9.179090569220546003e-01
-4.331209937838645940e-01
8.086338219624428225e-01
8.813735203328513235e-01
-2.142847363838605301e-01
9.191048788821440940e-01
8.030412180918519160e-01
-3.701446205648699639e-01
7.639206421179693951e-01
-1.655632537327604570e-01
8.758007761391644053e-01
-3.821545708625507243e-01
2.428483003710114607e-01
2.153132423473151369e-01
9.046355149999277812e-01
8.436199335821302769e-01
-2.500606232420456432e-01
8.770971487059704419e-01
-2.891847879570729196e-01
-3.273777566262903171e-01
-4.280694817971821275e-01
-3.575892110932811785e-01
8.344054672546146190e-01
9.246741130394886543e-01
-4.309595128912783180e-01
7.323668230372619714e-01
6.741609568207966863e-01
8.775363546754305633e-01
9.403137210083897246e-01
-3.370973560057723417e-01
9.245148937449970683e-01
1.572322175111492970e-01
8.505158127309425664e-01
8.217404912724571853e-01
7.381781886887890387e-01
