-1.208145423218401626e-01
7.015591440729160855e-01
-1.813181698135898634e-01
9.387616456759616534e-01
7.525730519979368927e-01
8.777015002601041768e-03
-3.639969437414589115e-01
-3.140334882102424063e-01
-4.626540198440679541e-01
9.023927570521280694e-01
4.994424312748208666e-02
-1.519706572787231924e-01
-4.083795562926254008e-01
9.360106509054063606e-01
7.018588547407009770e-01
-8.771896155308517296e-02
9.445205233123318278e-01
8.064226932673459469e-01
-1.993796971802666296e-01
-1.215508221401394029e-01
2.840618222710101226e-01
-5.039470945539045038e-02
8.940591906370051190e-01
3.799215241317847186e-02
8.386445932763163524e-01
-9.331208711333807693e-02
6.093869580239915651e-01
-3.268894472800067952e-01
9.316675826566004348e-01
-3.759262478322021317e-01
9.447916658460892014e-02
-4.245170694089227537e-01
5.749371375964070635e-02
9.214448257662717356e-01
9.219202582938157420e-01
2.185734164216505404e-01
6.265411143899690671e-02
8.878166799726048275e-01
8.663758369501370904e-01
9.195344468119709402e-01
8.297991599675111907e-01
9.028435006401855922e-01
8.855851321921005548e-01
2.663310198564729572e-02
2.386283743008293240e-02
8.166801189098219504e-01
9.159877080172138530e-01
-4.880386383236885450e-01
6.656680254849867140e-01
-2.090161021759984750e-01
-2.614998127918903847e-01
6.650120105593144704e-01
-3.060028501661258282e-01
-4.308257260831953039e-01
3.683666810141164594e-01
9.127359259976229877e-01
9.090951575361144732e-01
1.442888278851156281e-01
-3.667350975655361278e-01
9.213383141467461623e-01
-3.667679231465126310e-01
1.727617883093504059e-01
-9.136673215128507386e-02
-6.479410988516408343e-02
8.674053899210699692e-01
1.859220890812797455e-01
1.876236777929130295e-01
9.064186980571846686e-01
-2.568960314979336634e-01
8.399971333819373775e-01
1.195342387616380314e-01
1.930289900153142058e-01
-1.732119219092626006e-01
7.775429380337464114e-01
-1.576133135510920102e-01
-3.691023798035292791e-01
-3.865804516130963986e-01
7.563303879121198170e-01
-3.024145621676214701e-01
9.549169530581452792e-02
-3.373246181169439195e-01
8.827186624333622778e-01
-2.998002226134406367e-01
-2.802283734545314986e-01
-3.215804066108461923e-01
9.392800514406427492e-01
8.924274962705085468e-01
6.949930701811652956e-01
7.664878173096112413e-01
1.039833979931465424e-01
7.089957705252748488e-01
7.217394160017539528e-01
1.047276295333144647e-01
9.371288527606161933e-01
7.726813145755048184e-01
1.053094059299065910e-01
9.011756555685368486e-01
-4.022515363504565178e-01
7.525903794151462822e-01
7.314633255196228978e-01
9.104048116644113398e-01
-2.101526120903490780e-01
7.706713036922547833e-01
8.319741507364541988e-01
9.123089203160908989e-01
9.245720758750304302e-01
8.953878916049857750e-01
1.152947540892799716e-01
8.301529716978602869e-01
8.818525440116736780e-01
9.039693777137821629e-01
7.861764456164616055e-01
-2.965307488273692949e-01
9.353137195090446276e-01
-3.176711899868794320e-01
7.576056771786714439e-01
1.513642729982203616e-01
8.939612860900425506e-01
9.047857268569580169e-01
8.160516125564323264e-01
9.243416654888204631e-01
9.064677754910059893e-01
7.181882278720609358e-01
-3.589684863607245369e-01
-1.712957374276674605e-01
7.993777116011949735e-01
-3.843107352914678088e-01
8.858023728225027371e-01
9.283982400033916615e-01
9.126784803837320048e-01
-1.631417896466984818e-01
6.868892475016907806e-01
9.384042080590169199e-01
7.435406449458643596e-01
7.583141233901631306e-01
5.470766784891524515e-02
4.661258356013275872e-03
-1.674014970125504431e-01
8.713207841221812244e-02
7.058615184045446966e-01
8.455098575430312069e-01
-4.154483876319853275e-01
-3.703602914378563704e-01
7.511214161096603226e-01
8.619605994631334145e-01
-2.782069535896464774e-01
7.140813062509614451e-01
-6.636253336647580936e-02
-3.472227155692192424e-01
7.825892278370510935e-01
3.333181199637915149e-01
1.387144546966985470e-01
1.548650803794227038e-01
3.102490685217652588e-01
9.615270754533900011e-02
1.683237125598713579e-01
8.491218011706311852e-01
-1.858220919207166921e-01
-4.111104716694604644e-01
7.743397727974844491e-01
9.314495424205969654e-01
2.524436212731528406e-01
-8.913240630512245244e-02
7.823104561209425212e-01
4.254891072508605876e-01
-2.672449787360099971e-01
7.861849604903419220e-01
7.767715883909465102e-01
-2.946682985260339893e-01
7.427292221905392733e-01
9.195524175146704282e-01
9.029568706096259278e-01
9.122189649788225996e-01
7.483126826309162150e-01
8.964838101016113781e-01
7.553959761025320629e-01
5.632353141030828070e-01
3.288714955650816618e-01
-2.913618085894865151e-01
-3.625194381649418096e-01
-4.055864598714819524e-01
-5.379334891545120567e-02
-3.984010567971853489e-01
-1.795138508405139943e-01
8.903808753714328450e-01
7.883854644387525701e-01
-2.625284725378910222e-01
9.024314585844376291e-01
8.217709705587677993e-01
6.772762937023070196e-01
-1.013916449012337989e-01
9.132249836564906298e-01
8.888179784389105276e-01
-2.634318712060229606e-01
9.464214831669189865e-01
8.388480115485626998e-01
-9.463821966946664443e-02
3.330937890158000569e-02
-3.717853803367230925e-01
7.710600485452860919e-01
7.261498786032626329e-01
9.173859909691055581e-01
8.996411882916256486e-01
7.456229023295734004e-01
-3.542552689271961652e-01
7.760080011651127041e-02
-3.489155776632479888e-01
7.409024741530492175e-01
9.524240423459534588e-01
-3.971818758622327472e-01
7.423768121618511406e-01
8.957372948887304398e-01
9.055530072421437149e-01
-2.736643634894427857e-01
7.545482608785403222e-01
-5.404291843621632230e-02
-1.238256174702662554e-01
5.894564012212538673e-02
1.428316739076948838e-01
-2.765795384704915483e-01
9.096743200731067791e-01
-2.729860520334199125e-01
1.215754763891876283e-01
7.810148428606958904e-01
-9.949887623498929190e-02
7.428762718221519901e-01
7.084574757875278239e-01
7.924547041214089482e-01
9.171058946109613697e-01
1.395248653987460896e-01
3.321840642382996311e-02
8.115819951640323993e-01
9.128181970164753745e-01
6.796421937935543944e-01
-3.490450454565225957e-01
9.000319476153921805e-01
2.298743047309185356e-02
8.244451421170593264e-01
-4.173683435227077410e-01
9.012377106700676377e-01
6.200031105645589236e-01
-1.151588217035707379e-01
8.269037127395985065e-01
3.781568529282550162e-01
-3.279537209417777155e-01
-3.377043572087515821e-01
7.944773320680160733e-01
2.731568439572987228e-01
8.730619870949416494e-01
2.595741464307055324e-01
8.821337962406608502e-02
-3.804727950701004002e-01
-1.636279585291984529e-01
9.100827934840535205e-01
-2.259141597694576398e-01
2.364070442692748353e-01
7.632989673792108798e-01
-2.754818213073866318e-01
9.007695526226244809e-01
7.234774422412841854e-01
-1.021425807962362681e-01
-3.419678454566668080e-01
1.536437458785513965e-01
-6.168794797549578823e-02
2.719324050591325620e-02
-4.578691744078380310e-01
9.186284440879334268e-01
7.075652702382679848e-01
-2.905643504565519342e-01
6.408445038734220667e-01
7.781436050955792272e-01
-2.843676559738078646e-01
2.808473695756757427e-01
-3.063027093578926663e-01
7.762705769031837955e-01
1.660034510927047291e-01
-2.455343097354691362e-01
-1.899004386055340166e-01
-9.540285459940829604e-02
1.217107635838366037e-01
9.241365780515646555e-02
6.903621960251459244e-01
7.957481839894195996e-01
9.118743488527494279e-01
7.595629693783964020e-01
9.435006065516712281e-01
1.115646745006231705e-02
-4.136906543003056047e-01
-2.687460341029112576e-01
-1.434100457755254354e-01
3.712349843104563729e-01
3.543439791945385275e-01
-3.928804985948000650e-02
-1.160913011141219420e-02
-3.778591986342066389e-01
8.723233023275750453e-01
-4.283254445575470082e-01
9.166110321522448201e-01
-4.855321779617053912e-01
-2.794511495671538892e-01
