-1.805261358678621197e-01
1.584490852080347456e-01
-3.882694406811774135e-01
-3.672946884445226629e-02
1.722789090868106221e-01
1.567307750934958666e-01
9.158452079678570668e-01
1.908021551174236552e-01
9.350337912728666767e-01
-4.667537706281765786e-02
9.423105876621559185e-01
1.207236520983484551e-01
-2.429768895128875117e-01
3.611508859049591957e-01
8.508716026094507168e-01
8.882284934611536231e-01
-2.023668590313730253e-01
-3.835189322409248147e-01
9.269847976278884349e-01
9.351447731147087827e-01
7.157330802748538279e-01
8.884697649658555019e-01
-3.126474501159373087e-01
9.012592509069996538e-01
-3.055506833881146411e-01
9.205732105261067444e-01
-2.350689202915572373e-01
9.057997157824041468e-01
7.399545375689144944e-01
-2.479210616939219458e-01
-2.588920015517801598e-01
9.167429851841648603e-01
7.339896377906943159e-02
-2.563919321498350223e-01
6.886497283330516028e-01
2.036042644480147712e-01
7.754899355025728358e-01
-3.471002978050406473e-01
8.938470545399354039e-01
9.166714022803978956e-01
-2.716705946950074280e-01
6.481366383559959976e-01
8.061801682760805221e-01
-3.109861477309203703e-01
7.151374901151724695e-01
9.184794453663225333e-01
-2.558799837062287752e-01
8.836217150428082867e-01
7.841477539388703732e-01
-3.492254701268086015e-01
3.628518024642188866e-01
9.144734330295127833e-01
7.526599124557393772e-01
4.118663570924382261e-02
9.415617196300254399e-01
8.977050118626196396e-01
-3.971261239889197214e-01
6.929118871711887895e-01
1.275833368744600238e-01
9.466206620838295560e-01
6.390564233397511007e-03
1.881507683727968311e-02
-4.189334992757884901e-01
-3.037147290399935806e-01
8.656736201909546180e-01
9.056965945545019103e-01
4.866675382100473651e-03
-2.308442940650348718e-01
-2.477486951987095676e-01
1.535741627194221470e-01
8.897959611829824311e-01
9.252870727578598187e-01
-2.547712321576844352e-01
1.812480522519642201e-01
-2.908398310595620290e-02
1.455624372069662109e-01
3.630892059981014608e-01
-3.313169768765691359e-01
-3.308666564994793835e-01
3.171869370106901176e-01
8.292330873242289568e-01
-5.223567529982431346e-03
9.089973174813668066e-01
-4.147516604732074952e-01
7.497766206387788124e-01
-3.854517840672003204e-01
-9.956184175960161586e-02
1.420505012020701896e-01
-2.797598657455100390e-01
7.566027607203480443e-01
7.524526103821340683e-01
-3.649155611767990748e-01
9.300272444626952462e-01
-2.306104381899634348e-01
8.069068987327175924e-01
-3.203388887062733059e-01
1.393783015393441349e-01
-1.316794371605533309e-01
8.266350155041555237e-01
-3.528754167954429866e-01
9.310804352552600749e-01
-2.915262403404617619e-01
1.788086559749691995e-01
6.601428202990073935e-01
-4.337613127773431998e-01
9.406910088983500007e-01
1.003620935695469368e-01
1.975311340557024120e-01
9.477952273166516672e-01
-6.803961121077573004e-02
-9.931718886085426357e-03
-3.584735087175168200e-01
-4.719829360771554683e-01
7.229474900715214813e-01
-3.416288184187034616e-01
-2.879136360353671265e-01
-2.793700854581543935e-01
7.817516289919209660e-01
1.785580633333682665e-01
-3.648052955795628993e-02
9.325798618423946085e-01
7.155865084564114742e-01
7.829433396558521663e-01
9.069778217592645575e-01
1.791523520207444764e-01
8.768638156817647467e-01
-2.002890623534766545e-01
8.749863179571355509e-01
-2.999576786113052340e-01
1.567861635703625967e-01
9.375579178457019713e-01
8.560854930448551503e-01
7.034525901069733633e-01
-1.587887754823961994e-01
9.192602239795870656e-01
9.067418370119559867e-01
8.643190065193083749e-01
7.511160793063019758e-01
9.854966467632872429e-02
-3.501137705044254922e-01
3.479724189330872797e-01
1.466141684310265370e-01
2.254121633330606889e-01
-4.481302244685915481e-02
6.655910917445710950e-01
8.122758105006055995e-01
8.290366127314441336e-01
8.125654575718026518e-01
1.233510031871756785e-01
-3.207436230403615807e-01
7.180262233473485578e-01
1.708998317539807410e-01
6.133884603943563774e-02
9.026867423910044375e-01
9.106315507870471615e-01
9.279783746095814356e-01
-3.598783662471265465e-01
-2.668752365752086186e-01
7.697753491328807041e-01
2.035556953889263720e-01
-4.165146257385998196e-01
9.137248461378852937e-01
7.389460513813324027e-01
7.583015460869713120e-01
-1.767418933662924518e-03
9.086458556461773917e-01
-1.643297843253801738e-01
6.378314448051928265e-01
-3.036838705827281104e-01
6.020696301286700136e-02
1.044438205006215370e-01
9.212612970979253690e-01
3.542246906367217396e-01
7.831092525627850742e-01
7.903771782757943454e-01
9.400414949595423675e-01
6.310260382469046192e-01
1.142894731575499895e-01
8.649910780708687241e-01
1.072920085218548730e-01
-3.507344290836656997e-01
-4.272434719720966112e-01
2.076136808902595832e-01
9.053282862193493541e-01
7.053032075737247775e-01
7.190772517595012125e-01
9.290619109900781769e-01
8.908439052414794945e-01
4.948923043175178227e-02
-3.932514354714720106e-01
1.440208743010981673e-01
7.003789879856872069e-01
9.186479561988549758e-01
-3.674568059545245680e-01
8.456829144573754231e-01
-4.618098996785908739e-01
8.535767436921659623e-01
7.226126848859416585e-01
1.178815198426116373e-01
5.379906212977653146e-03
1.441748532671434380e-03
-3.339854381724536858e-01
3.246187074899343772e-01
8.649526369697043693e-01
9.193928789513070576e-01
6.934178920937760227e-01
7.425282439939513424e-01
8.503009364422154936e-01
8.416145254187428204e-01
9.196859656315342635e-01
8.231716360190697301e-01
8.891989957190697957e-01
-2.308058388017080187e-01
9.196058641728959149e-01
8.555684110428929401e-01
9.151759087343248611e-01
9.358579443092176486e-01
9.341651266175058366e-01
-3.391620644052834588e-01
-3.606273711168007656e-01
-2.956115043013902710e-01
-4.833960419925912300e-01
9.238988466641945285e-01
-3.001804491824870968e-01
9.039845474216936516e-01
-1.997009357744007341e-01
8.215110233758619041e-01
-3.511571045658882784e-01
7.375561759342674772e-01
-4.484102133588427908e-01
8.981484097152070412e-01
-2.079244691913999590e-02
-3.743193324843223091e-01
-2.620922515393292462e-01
7.441617039279563306e-02
8.919581052438952939e-01
8.893791787924884007e-01
9.005429984829477208e-01
9.489089848113948511e-01
7.888782532424993832e-01
-2.409693587377504387e-01
8.545349048751620380e-01
1.389169927302396079e-01
8.913902854069829518e-01
-8.256358286787765510e-02
9.074687876261018360e-01
-3.737692378070212040e-01
1.195015048034170219e-01
-2.933920891764180139e-01
6.983165846924428433e-01
8.290327275656087513e-01
8.628192981897946368e-01
-2.918653723043611037e-01
9.233246185547868690e-01
-3.960834445828683159e-01
7.986464922873087735e-01
7.827565861195739938e-01
-4.712827616973414568e-01
-6.694003242906791662e-02
-1.331145490893465289e-01
9.130326366242216274e-01
-3.690526822377886984e-01
6.830628196804053309e-02
-3.170736513592358752e-01
-3.392625221617259212e-01
9.310538550776837896e-01
-1.686610300581028177e-01
-3.149687512071030343e-02
9.171347058962106003e-01
8.349759355767524260e-01
-2.136404156241382760e-02
7.282607010236100686e-01
-4.545922384553949813e-01
1.777609625812477320e-02
6.753242643157602032e-01
8.530549505544366973e-01
3.206375037528348959e-01
-2.434375762509322638e-01
8.865711765287834778e-01
1.044483560677283984e-01
6.700572027168516520e-01
4.353474287687123662e-02
8.193418545118545948e-01
1.244631055926015695e-01
9.244509356195694805e-01
8.419612947002546033e-01
-4.837536742003118451e-01
7.485928612769807700e-01
1.362380201099069599e-01
-3.705278888346352772e-01
-4.533148971507191538e-01
9.224813401357447873e-01
-4.431529217616637650e-01
-1.463391790044190899e-01
-2.445314867217711630e-01
8.889684209005490612e-01
7.836983860447210848e-01
8.459634247263591034e-01
-1.576547346072434408e-01
-3.249712838249598224e-01
