8.153755059271140526e-01
1.827098680105448958e-01
7.413900419120118823e-02
8.755069654553868652e-01
9.143837561219249066e-01
1.569914774672112878e-01
3.490065396928602737e-01
-1.698880037569402146e-01
7.423982887103669492e-01
-7.228291145148862951e-02
-4.537512998455240365e-01
5.886043416514699089e-01
9.096812007866345029e-01
8.797033684098553019e-01
1.359758311445427859e-01
3.071915300196609855e-01
-2.067642933182516074e-01
8.416078790778853680e-01
-3.422324109237181999e-01
9.192535706119020489e-01
7.782725662555519675e-01
3.078398056334513341e-02
8.010834342542951791e-01
6.910442454900019849e-01
-4.159480441508408566e-01
-3.323359279200215899e-01
-3.972113114156101132e-01
7.870954679346987559e-01
9.175801129462833883e-01
-5.032110326044376691e-01
8.928992063812085656e-01
-3.207199471140384506e-01
1.548253745074404941e-01
5.289705973380261217e-02
8.294057645782823007e-01
8.961455951957277843e-01
9.070414435168731027e-01
7.280275343712016012e-01
1.092979926444144767e-01
8.360288759350612553e-01
8.928193362362896179e-01
6.529114825843161940e-01
-3.741568656179161123e-01
-3.616451187267395451e-01
3.690859537455835060e-01
7.776759475876859895e-03
7.456303522352661917e-01
-3.165135210864014059e-01
7.674712750508059234e-01
8.668643947256738924e-01
8.717771227081967389e-01
8.860997092256531760e-01
-1.682315222736207802e-02
-2.327685162900093585e-01
7.184107685772519458e-01
-1.022739601173726365e-02
-3.507586210620251554e-01
9.327055090626155121e-01
1.292773171959240575e-01
-2.493815664069747029e-01
-4.878694292716698189e-01
-4.491842444473405638e-01
3.094021195119735501e-01
7.058744758639907690e-01
-3.359864987355766219e-01
6.992826746389660952e-01
-1.069062885969766646e-01
-3.165726267556865925e-01
1.423440895179352572e-01
-1.983024805488879105e-01
6.519878566074442661e-02
7.578774518875415200e-01
-3.020459521028064920e-01
8.450102724085500894e-01
9.297401878945648068e-01
7.534472535187249909e-01
7.756119629881457200e-01
-1.718882222750109379e-01
-4.125900117678156787e-01
7.268264166696650208e-02
8.778984479275758757e-01
-9.897686960133850187e-03
-4.506673489417629686e-01
7.316803158798269591e-01
9.083984356560845796e-01
7.335893678464043832e-01
-3.214136387865155764e-01
8.770659897445290953e-01
8.885927583049617606e-01
1.270607822313503388e-01
-2.927998610433737992e-01
5.819482453880335804e-01
9.049101698101748026e-01
-3.748118588888332825e-01
-4.364242245280544608e-01
7.558533699129841299e-01
-3.338632374009900539e-03
1.093059270870564426e-01
8.960094074656228536e-01
8.729486975162030760e-01
-3.605239789817851204e-01
9.171249115060874368e-01
7.694483768717055305e-01
-2.691824657680189636e-01
2.417301743674655778e-01
3.281507886568360011e-01
9.202112726937261566e-01
9.190076136846558885e-01
-2.438791445100977895e-01
8.923567464883859213e-01
8.875492587203591688e-01
8.434755807685928586e-01
-3.067324224363313645e-01
-2.639817644944788544e-01
8.705548989396399984e-01
-3.431957968951517834e-01
2.372587668256204707e-01
-4.214087624520188591e-01
8.868539233983261383e-01
-3.547543800211198639e-01
9.115793523739177395e-01
-4.139521169949076373e-01
4.435786015091989359e-02
-3.396845108347957276e-01
7.621771549797791145e-01
7.748516227579433924e-01
2.341346217688091425e-01
9.299339426892005989e-01
7.580865836820263048e-01
-4.580825082838933526e-01
8.277863794135303932e-01
9.575587868864838814e-01
7.954049305939555614e-01
-3.323272577226728530e-01
-9.393914946818474054e-02
9.274054355334661048e-01
-4.061257837525413250e-01
2.913728218788822488e-01
7.698386368486778153e-01
8.752704904215027337e-01
8.670545954932826760e-01
-1.177505688198163258e-02
1.218313539865447243e-01
9.429059874139994468e-01
8.187531726664301068e-01
8.900555342454121721e-01
7.787505586339663610e-01
-2.633771085539048373e-01
9.082973225895943914e-01
7.321584907146216903e-01
6.862338624939063880e-01
2.602595643746877796e-01
-1.822775444917933835e-02
9.078628145840681452e-01
4.834408697256836057e-02
-2.113206740195781308e-01
-2.193868310739773564e-01
9.288870921291164651e-01
-3.434587798512668821e-01
8.796675764626926686e-01
-3.258366447600773985e-01
-5.784352999009219343e-02
-2.612009629683648138e-01
7.458666620456435581e-01
-2.272465724263366960e-01
8.676589182659388833e-01
9.027235564403625068e-01
9.122311152528224110e-01
9.467271831056101039e-01
-4.677442406398770736e-01
-3.652392503262522072e-01
6.481303791126226399e-02
-3.305405812505329277e-01
-2.075110375841582866e-01
9.009487786390960595e-01
8.067717226401488473e-01
9.073052472506211164e-01
9.216087131717944914e-01
1.668426837575966992e-01
2.279421003206580643e-01
3.241355916796165859e-01
6.122298568412148922e-03
9.347406141220894193e-01
9.440405753653245968e-01
7.890132355616368276e-01
8.563752968747910810e-01
-3.241975478973990188e-01
8.306023794554802109e-01
8.876895551538357410e-01
8.677599151499644226e-01
-1.136623974040522900e-01
7.933992317188985899e-01
-3.139953432488744034e-01
8.575135059851950459e-01
2.436634924335109587e-01
7.662647339990483752e-01
1.856269220246808405e-01
7.711689616947104975e-01
2.771378647946953766e-01
9.361880600768740512e-01
9.229984292562531945e-01
7.670353324740247780e-01
7.365077288942389888e-01
-4.000990457876571482e-01
9.098451884593371508e-01
-1.489706026694155028e-01
2.685893715801049297e-01
-3.974450346618773611e-01
9.403747733727206848e-01
7.376206989862790220e-01
5.577178537066654340e-02
7.780204735322592269e-01
6.563035149386442502e-04
7.048050128065477815e-02
-1.920982702477474213e-01
-4.023193910842066123e-01
-4.692897587005127047e-01
7.906651409662912577e-01
8.688489074515249877e-01
-3.879983345896453328e-01
8.863074068633119973e-01
2.685509251897763919e-02
-3.740048789281772978e-01
2.222532591062644225e-01
-4.063931565273177782e-01
-3.110885997649992518e-01
-1.904680571187672422e-01
8.253969337230713244e-01
9.153364242785689830e-01
-2.401248331113071399e-01
-6.420210544564558530e-02
-7.714333598090639121e-02
9.254108958677016439e-01
-3.576827636349228512e-01
-3.291560092073720356e-01
-1.025400935702930200e-01
6.897934160698375450e-02
7.967491100015348104e-01
-3.066920854636102090e-01
7.787712918330812473e-01
-2.841581748936192198e-01
-3.373841474800481910e-01
8.993608018741919841e-01
7.345222471453645152e-01
-3.190085285743877314e-02
9.478310557467286568e-01
2.306592291446226684e-01
-4.494035955470628285e-01
9.036592639587162634e-02
7.693232778355582058e-01
-4.136869860751784533e-01
8.877525327455797477e-01
-3.721382633570693432e-01
-3.698723383520550745e-01
-3.427719014826099975e-01
4.221464646210609239e-01
9.146210921637701885e-01
4.086630402758034686e-02
9.360014682531435648e-01
-4.014103955072656493e-01
-5.197536712563158301e-02
1.899507744465092907e-01
9.124294675828814594e-01
-4.486130601751772695e-01
7.743365952021150633e-01
-3.652895517719643714e-01
7.730907314911130701e-01
8.983729596660623429e-01
7.362084717734931338e-01
-4.709664654115163218e-01
9.166896797586937540e-01
-2.119072817599342295e-01
-2.757292334354787267e-01
8.458885601126524545e-01
7.892361246784123097e-01
6.051444272412735970e-01
-2.204749102444112097e-01
7.791495085053931069e-01
7.496506640031480595e-01
5.994454809842171550e-02
9.255323504956496361e-01
1.216027648662193483e-01
7.849762016491048655e-01
9.071250402704613691e-01
9.051496539450571976e-01
8.405475804455736499e-01
3.895291944476164114e-01
-3.332328935835032202e-01
8.943891165307562563e-01
-1.653333151442950566e-01
-2.891892201207851287e-01
7.266551570710751973e-01
3.411381390724672891e-02
-3.114749161259209864e-01
-3.495523369920827683e-01
2.449876587464321909e-01
-2.868579123853900459e-01
-3.541631069538627163e-01
1.609312128487271065e-01
2.650154950246407237e-01
