2.183127786798038650e-01
-3.048909348638440542e-01
-1.396731179861818162e-02
-3.338507866730433538e-01
8.987436928053649243e-01
8.406180235552060953e-01
-3.534866974557353547e-01
-3.571420754583318757e-01
6.023638092177116543e-02
8.718410891595463896e-01
7.809147438011753151e-01
8.179608608321964347e-01
2.027027316008092883e-01
9.974448472114777475e-02
7.661834143474666181e-01
6.370423381013751163e-01
8.824962738703128196e-01
8.117102627697898587e-01
-4.225359490251718864e-01
8.842504768553285377e-01
-6.314622714727871622e-02
9.130132758354317923e-01
-4.816460443641413236e-01
-9.541207076059127212e-03
8.950196991072842945e-01
7.492233722815188068e-01
-3.470823849438309794e-01
7.163126080340321833e-01
2.845108236172371602e-02
8.876274824167016408e-01
8.770561456376120280e-01
7.868529839075624199e-01
-4.329607145803821000e-01
7.582454049276882158e-01
-8.017801817982644907e-02
2.886835326232872201e-01
7.758631187043532607e-02
9.048963304715451628e-01
1.944194798713376748e-01
3.016320281086325994e-01
8.522149086661885420e-01
-4.387668199859675600e-01
-2.334558838399292124e-01
7.496861789718163305e-01
7.278111558661018998e-01
9.177194593787547650e-01
-3.680772928325713456e-01
-3.820933943112606035e-01
-4.667300674511994790e-02
7.077366069282032823e-01
8.951853516998693472e-01
8.977786207042064426e-01
-1.259278392506157640e-01
3.014850999316620594e-01
7.480890969165712168e-01
-3.508020495254524085e-02
1.112947529581277961e-01
-3.321787078042143238e-01
7.159876519725651978e-01
8.831076865690962174e-01
-1.359808641484854808e-01
2.233191551193087765e-01
-4.949199609577857595e-02
8.885508145651220824e-01
8.473541741977124175e-01
-1.546098671015180143e-02
9.672789931156278165e-02
2.970135487755123926e-02
9.110811120787366546e-01
-2.769111716944490653e-01
3.731108719890226244e-02
-4.166923832820165208e-01
-4.044418743863248955e-01
-2.968800516110419174e-01
9.180785862105260708e-01
-2.977962827777245747e-01
9.195010710881532656e-01
4.457031728897926232e-02
-3.415522103109046026e-01
7.445330720563519966e-01
2.693847448989084570e-01
-3.858771169176650195e-01
8.846307255512649848e-01
7.254546284635672582e-02
-3.262192563452175342e-01
-3.209551468789434980e-01
7.001198479335475344e-01
7.637664664135630499e-01
8.914951736930144532e-01
1.995851538996858410e-01
-1.726605522137553417e-01
4.787738474438390374e-02
-9.530216541866438906e-02
-4.609671929328300610e-01
9.282276324615214014e-01
9.038245434099949627e-01
8.235833422683183080e-01
7.533054993883532280e-01
8.564810916388744255e-01
-1.551215539045844860e-01
-3.272682153256853965e-01
7.512858598007100541e-01
2.734587104465817375e-02
1.836164588566994993e-01
-6.316148666184784322e-02
2.945601118792611217e-01
2.956317938318336891e-02
7.708287821308612564e-01
-3.590018956017332341e-01
9.006212336802794649e-01
7.099318930272289219e-01
7.914634238537561206e-01
-2.387422481239489525e-01
-3.252544421938028951e-01
9.347099822938902403e-01
-1.889169956958662300e-01
9.028665575449321690e-01
9.163407169538880792e-01
-2.988732502551829651e-01
2.621605949411617287e-01
-3.063284933443471969e-01
-3.522895514671347539e-01
5.877521140878169681e-02
9.218792373099935489e-01
-2.683926862832165527e-01
-3.660153042105934729e-01
-4.309487888814042544e-01
-4.240969045118588299e-01
-1.851955323675888720e-01
2.521087214967523624e-02
-2.526376910221500571e-02
-2.001229471271478155e-01
9.032519213342792286e-01
7.148455138283404953e-01
6.783593708021679047e-01
-4.320274885414463473e-01
9.363563004412382984e-01
-3.711568701883276589e-01
7.154072410458486297e-01
9.045926398500563348e-01
8.224647582939257351e-01
1.162132113457910454e-01
-2.333487009558942171e-01
7.618650867558712791e-01
7.742467106325759962e-01
1.415051820225475543e-01
-3.039867111106330233e-01
-3.579619432887831687e-01
9.277424942061991420e-01
8.891711834056588160e-01
9.303731905935498370e-01
8.490364291253074125e-01
-1.025565929210359301e-01
8.678314667047247744e-01
7.832529362528157790e-01
8.962583555450005512e-01
-2.972261505357762790e-01
9.380268320684894690e-01
9.184759688785782972e-01
2.501947867529000918e-03
3.173222827383287981e-01
7.859824921695329758e-01
-9.600857825594898837e-03
-3.422570142053991682e-01
1.600858398483550049e-01
-6.197422529204855979e-02
-4.037362605227837187e-01
7.818396022740793372e-01
-6.819498894072137385e-02
7.629721713870184496e-01
7.882033979529001408e-03
-1.371344348475309061e-01
-3.761287242549306575e-01
-4.418710621458674104e-01
-4.305655807287318004e-01
7.586035027944404430e-01
7.602589657976212278e-02
-2.969050468109805108e-01
8.978807639618656689e-01
7.929754778023735406e-01
9.214226531730884684e-01
-3.008399814631543823e-01
6.820887501896345517e-01
7.144712609211116838e-01
-1.420034478035665793e-01
9.060964324565247141e-01
-1.832548102322772987e-01
8.871630372641757800e-01
7.445597427585485262e-01
-4.433367276982785182e-02
7.340553006123979873e-01
-2.791955717074225962e-01
9.390047407970915083e-01
-2.262379596852591157e-01
6.004143614041509425e-01
1.268561840022741916e-01
7.663011938255190336e-02
-3.797606517842567753e-01
8.766513126409177792e-01
-7.936518718208776524e-02
1.641656306521380726e-01
8.097115545663462477e-01
-5.042089156703420949e-01
-3.421538508435955084e-01
1.780337621139532756e-01
1.486119200352219727e-01
8.102854951647417980e-01
7.507157123193692883e-01
-8.133762554947047974e-02
8.524409380296951166e-01
7.039398253531422567e-01
6.886039337069757571e-04
-3.412108547683865289e-01
9.033352307966886485e-01
5.217134056912354351e-02
-3.790530316760025442e-02
2.792474784446239561e-02
-3.415668151846429912e-01
3.304651818612733827e-01
-1.986627872817146589e-01
9.048017168920797770e-01
-3.811651520628089318e-01
-3.829245727923480391e-01
-3.129883462085518708e-01
8.237881456644495781e-01
7.124442314005293708e-01
-4.633196973068281488e-01
8.011579278166045537e-01
9.253656630957385332e-01
8.878712439766475173e-01
1.060070997154142353e-02
-2.022075921073467897e-01
-4.569197359952045789e-02
7.456803600264372278e-01
-3.286590769471421369e-01
-4.295463034890708576e-01
-3.362134685022684644e-01
-3.933372730054495170e-01
-1.603848003601634487e-01
8.964720013340212734e-01
9.234420938921440447e-01
-2.916166493435639051e-01
9.215962873233254360e-01
-3.119427289052286167e-01
7.465060869510437014e-01
-2.973188258237041137e-01
7.723740426728573638e-01
8.609121445067942080e-01
8.631105058380569295e-01
9.171176598974443150e-01
-5.984991838224355820e-02
8.992402500567998613e-01
8.694525168931199754e-01
8.451381322224840176e-01
9.223597126371938515e-01
-5.102697532275336512e-01
7.789563372308708766e-01
-1.437974604490876440e-01
-1.625199740364625389e-01
-3.247469321914132068e-01
-4.027407661427805929e-01
7.362067638870484210e-01
8.385573340657301866e-01
9.383872201473130170e-01
8.695727575344961435e-01
7.453184056570906213e-01
-3.902136383123404606e-01
7.586397594670869493e-01
7.335155809704094754e-01
-3.623081348722568262e-01
9.019395132313771102e-01
-3.502605439368511875e-01
6.995883798677390297e-01
8.802182354785624829e-01
-1.427273901123862418e-02
9.534343562225182644e-01
4.793682161354786975e-02
-2.886618657245946240e-01
9.008371246885485961e-01
9.127529772675612163e-01
2.616833108474164726e-01
-4.012706874828007586e-01
8.479034652806707317e-01
1.348591661285822307e-01
9.279859366332104953e-01
-1.542356967723338551e-02
9.015892659247922714e-01
-3.557577170205051265e-01
-4.930825822594805952e-01
8.869783474942150026e-01
-2.129143209637135159e-01
8.894847230463727161e-01
-3.441882594210046165e-01
6.382985090436326114e-01
-4.561174123618107479e-01
8.897690275849627906e-01
8.493810947975354297e-01
-1.646446302328939404e-01
1.985590689390871466e-01
7.375565965424959458e-01
