9.055711675845863340e-01
-1.008755230907127376e-01
4.840402353402622343e-02
-4.683615781760522290e-01
-3.034236993024199136e-01
9.280645187630199855e-01
7.582321604536078619e-01
-2.105335044101692699e-01
3.334642791405069140e-01
7.377013686064191056e-01
3.196124055087667948e-01
7.875721265292354722e-01
-2.410076965982954067e-01
-1.535796064679918471e-01
7.263094695013420088e-01
8.602927248913470049e-01
-3.140044281407527449e-01
9.065121793152842722e-01
-1.864946550298877959e-01
3.081516797229350013e-01
7.719012987382627422e-01
9.576331913801614526e-01
9.417784775280122478e-01
8.231693768725767413e-01
7.612482256347807841e-01
-4.296691911274849729e-01
7.586141612276424695e-01
9.402804826661622650e-01
9.026628360609936230e-01
3.107908825143189113e-01
9.401871933835951323e-01
7.707279253053994639e-01
-2.615110443198648826e-01
-2.888890929244775085e-01
-2.752042786982049072e-01
8.980419028086383815e-01
8.853217813152185478e-01
7.330935915144594084e-01
9.313269067627715225e-01
7.606628522235199252e-01
-1.306360534845428245e-01
7.631052926847589069e-01
-1.555604854601924381e-01
-1.140593243191187212e-01
-3.698270152423775992e-01
9.298333846442011774e-01
7.446378796158815705e-01
8.029750195103244614e-01
9.550549169391724380e-01
-2.678702609287305081e-01
-3.271944130918794102e-01
1.724096396288706812e-01
-1.036076468111785942e-01
8.998648663321452412e-01
9.028182470609815713e-01
-3.026857684653449510e-01
8.049090239146352577e-01
-3.733574576627408104e-01
-2.958074735496650509e-02
9.366843088422283081e-01
9.851215135619666163e-02
1.921496356695974184e-01
1.076695627103575748e-01
3.647695361129221076e-02
-5.272078702663213212e-02
-1.740858383360561756e-01
-1.483999449839843165e-01
2.123564286660099554e-01
-4.339934198456248948e-01
7.374413968065334224e-01
8.596038937607952679e-01
-2.989518419134084004e-01
9.063860568080434055e-01
2.932723486879925678e-01
-2.253412545107648102e-01
-4.135412065107977320e-01
9.159210062325003898e-01
1.784043331435289925e-01
9.027071554405290410e-01
-7.883220594683072735e-02
8.614522786365959028e-01
9.175872665306588072e-01
-3.639329008028050483e-01
1.639428415302099651e-01
3.193331600068201603e-01
2.808066034098162245e-01
7.756472025367968648e-01
7.095120604847496293e-02
9.108490260100735592e-01
9.068155055232094419e-01
7.556430358927451740e-01
-5.351886414932324754e-04
8.265396500462641738e-01
-7.133961051243482843e-02
1.568510759046036207e-01
8.250452407936628152e-01
-4.362011767000677498e-01
-3.917828488328342629e-01
8.216570845245416699e-01
-3.594648157843037262e-01
8.416670238482216737e-01
9.313778339918241111e-03
-3.498270460547556748e-01
-2.872397989964961540e-01
-4.510100157310251157e-01
9.174073207602755353e-01
1.516921240953381100e-01
-2.732835661808752925e-01
-3.121167010574059653e-01
-3.297504030972957523e-01
-2.011275935779265334e-01
-4.972046516445455255e-01
-3.066453114206588171e-01
7.355496681281993299e-01
7.432339181182361365e-01
-2.463335591871567698e-01
9.177567127883495823e-01
3.538905566598275487e-01
-4.057865853706226766e-01
7.776335755033314534e-01
-3.493962636520158704e-01
1.818223774096956388e-02
9.100425066731129276e-01
9.538532912085528892e-02
8.101859978355306913e-01
8.201734736752678279e-01
7.105193432824956634e-01
9.269764350066238556e-01
3.969357058093773150e-01
-3.524097812214859182e-01
8.600799196899014953e-01
-4.050464268851107219e-01
-2.045027018653541306e-01
7.969325900270112228e-01
8.064744118303428522e-01
9.077075051995345256e-02
9.145474067880214886e-01
7.830850286588872944e-01
-2.809821759024362930e-01
-3.015871966785689806e-01
-4.358305548254256534e-01
-2.466913093385563471e-01
9.255380258381622482e-01
-2.012651614772929254e-01
4.466814988928231589e-01
1.552907737699282253e-01
9.613297901145456681e-01
-4.147735863650193200e-01
8.710521870460715688e-01
1.008904987045952523e-01
-1.361997068237323638e-01
2.014815004843194257e-02
5.348675680655710224e-02
2.945400708652359256e-01
8.959868859538969721e-01
9.216907804093210643e-01
8.741790487054142966e-01
1.644179306945611485e-01
8.196000040195771108e-01
9.098068630485531827e-01
-4.509168910473895231e-01
-3.118690815660524751e-01
-1.524361655222637724e-01
9.086065730645390692e-01
8.906513350980458377e-01
1.146169580473830191e-01
1.856426621907752428e-01
9.120405646645763920e-01
7.620676943877887632e-01
9.368551378150227205e-01
-3.553841494712173255e-01
6.146044980806604219e-01
1.453093160123810346e-01
8.419226587095376413e-01
2.046117509443815818e-01
7.686170878484179791e-01
-3.548612509814733085e-01
-2.727633895192568270e-01
9.027564807468623220e-01
2.696718144744335022e-01
7.319460942982787266e-01
-1.169854819021360348e-01
9.158591028313359805e-01
8.228948235404602574e-02
9.279661557901893731e-01
-3.237120002054283407e-01
-4.392305038645873405e-01
2.303139918864828273e-01
-2.907800053605904544e-01
9.128629365554377095e-01
9.466504396649069175e-01
-3.655461070412430180e-01
9.159151474051129282e-01
6.914855202548804147e-01
-2.277092852466753442e-02
7.559128586603504063e-01
7.571286440212915414e-01
2.831492567324572218e-01
-2.052736994381782198e-01
9.435655245894799537e-01
9.606437511280688235e-02
-4.356888785686869325e-01
7.646028626218975832e-01
-3.100819562758124759e-01
6.584319922997314278e-02
8.672847342247014257e-01
7.984535321235826100e-01
8.156820382249443391e-01
-3.914695467323199285e-01
7.599844409775978749e-01
-2.801930714230564945e-01
9.131497084201740666e-01
9.261484243953062023e-01
2.082275801067897669e-01
9.203570328171428727e-01
8.252367203899614312e-01
-4.290172941180648847e-01
-2.986178990605971584e-01
7.845490485805997061e-01
-4.500849303789334899e-01
9.168764611673576592e-01
7.804949452331167992e-01
9.074082869015966946e-01
1.053780839382352230e-01
6.936516011321989250e-01
9.206358310280831070e-01
-4.689113931034936955e-02
8.372606432469600346e-01
4.202105822396057233e-01
-4.663180713820738732e-01
-3.153665856098090137e-01
7.404398740205563323e-01
8.338290513663478842e-01
7.858713754090632664e-01
9.323826768265719434e-01
7.926647405603018948e-01
7.573136792713184295e-01
-3.346004689763928397e-01
7.843129788546528980e-01
-3.537877390437160208e-01
-1.789056800352579191e-01
-2.408640858174277422e-01
-6.821962984840843069e-02
7.067714782854674915e-01
-4.714823128060639523e-01
8.786798496235229683e-01
-3.503512277826642540e-01
-4.162915734853677163e-01
9.265151102997206678e-01
-2.963171903616829833e-02
7.418514071623995010e-01
-1.219892990164435712e-02
2.781099820049527938e-01
9.061382926804592008e-01
2.308721820590976803e-03
9.243806876678444251e-01
2.293767577758544507e-03
9.351732111603974218e-01
2.964172136615429998e-01
7.708988969352950082e-01
2.691914214292211449e-01
7.547616540566325360e-01
-2.828858386291265292e-01
7.758604927165403398e-01
-2.181737134353015084e-01
-2.910372808935915434e-01
-2.473670578167109502e-01
7.052349457506764674e-01
9.191843003741818618e-01
9.513467548312070088e-01
-2.440266332328244192e-01
8.383711654781560441e-01
8.989317873799201886e-01
-1.054956811907790254e-02
2.849401938032802284e-01
2.810744267177659461e-01
2.073817395748552284e-01
9.276762764365009684e-01
-3.827162758768017370e-01
1.880677962740035236e-01
9.295513142725987388e-01
1.913932847450404429e-02
8.983058941127576302e-01
8.219878204635034935e-01
5.904763172469516125e-02
-2.611842085102782374e-01
8.268929101233063461e-01
1.998726442840222939e-01
-3.409697881574981215e-01
-3.935319254002194178e-01
3.278425207043758616e-02
9.318252482404911774e-01
7.803617395926869538e-01
-1.493498484556824435e-01
-1.879949424863549823e-01
1.833309878409903060e-01
7.087486421117978885e-01
9.383294726184301382e-01
7.610827402761517479e-01
2.179883167435437419e-01
