-3.537754848867563084e-01
-5.172371721303092862e-01
-8.896888422188430068e-02
-3.366364725513401601e-01
-5.361347290478573058e-01
-3.939019078241314809e-01
-1.098405657871404095e-01
-3.494868675132929425e-01
-6.890571727986563588e-02
-4.221029349247213958e-01
-1.485407850780860461e-01
-5.036497895938273350e-01
-1.674796465230577597e-02
-4.950153633672533804e-01
-4.166996166798085932e-01
-1.353960879083580815e-01
-4.852102046158141002e-01
-1.258493314690528608e-01
-5.478654567845354650e-01
-1.995970607032568345e-01
-4.499214570064727359e-02
-3.087810500526838586e-03
-4.049588313369858472e-01
-1.125230768762029709e-02
-4.197007457096596506e-01
3.127113469410497393e-02
-5.266593951698371745e-01
-5.051439024103396846e-01
-8.874154774606290985e-03
-3.776998657985001229e-01
-3.454104719965633286e-01
-4.415897083995934391e-01
-5.104124854560778690e-01
-3.126643702570676142e-01
-2.989529747775218071e-01
-3.922864864856259182e-01
-4.368528819001128438e-01
-4.193777720181984248e-01
-5.265479471516073540e-01
3.234096462022682805e-02
-4.736469403373568254e-01
-2.435217098609139541e-02
-4.395687951752053069e-01
-3.779980680206136701e-02
-2.419971507548925038e-01
-1.991800853287221257e-02
-3.576618554504001346e-01
-4.456751274296230081e-01
-2.572736926241974698e-01
-3.875130818550235334e-01
-4.207658504367153274e-01
-3.809137361688421652e-01
-5.065556819869020400e-01
-4.820793622065526196e-01
-4.588204988963308084e-01
-4.418185654156235320e-01
-3.579910136897264117e-01
-2.752853786392561730e-01
-8.409252823636459429e-02
-3.472038972242999511e-02
-4.645879327647457480e-01
-3.747557256968674366e-01
-5.323370886398618440e-01
-3.280201046049270874e-01
5.753700677545675601e-02
-4.552536111075362601e-01
-4.812497280912513276e-01
-4.482571479356214361e-01
-3.555685634268878070e-01
-4.224450251478807372e-01
-5.102069714602305295e-01
-4.870110039605856089e-01
-3.095213144742645639e-01
-3.230446980823164504e-01
-2.601716872689335824e-01
-4.337236237416783324e-01
-2.301443330080414906e-01
-5.130811178060218358e-01
-4.755910692338581602e-02
-3.229416977363049890e-01
-3.123143515696219508e-01
-4.500871844697949542e-01
-4.723040194478092535e-01
-4.928401260758555891e-01
-2.014614078571443090e-01
-2.905629981404884710e-01
-4.770636860973702098e-01
-1.581862055803961442e-01
-4.722026138357691694e-01
-8.656786851991020437e-02
-5.584682515494050481e-01
-3.547788972349045777e-01
-3.923787887862298929e-01
-4.379567012784467139e-01
-3.958037972471241117e-01
-4.523779697101069086e-01
-3.562323544083349502e-01
-1.688069668949756519e-01
-4.853933081046097331e-01
-2.971842295105251441e-01
-4.236966831368946251e-01
-1.325481228210895202e-01
-4.039762626048812311e-01
-3.243390566172972278e-01
-3.736908850688869244e-01
-6.327574931543823722e-02
-2.930165773542539598e-02
-4.719263627871317923e-01
-4.587211678186398633e-01
-3.938439220380814954e-01
-3.460040896281690315e-01
-4.594765809126156730e-01
-3.855345959469502759e-01
-5.578159899333421379e-01
-4.939876481805176578e-01
-3.720094393607860095e-01
3.866953734201767495e-02
4.257294104268563584e-02
7.911817549338337474e-02
-6.070708163108057276e-02
-5.344631355853765031e-01
-4.386027991292156258e-01
-5.036864733160898444e-01
-5.526237140038844364e-01
-5.223465846410363378e-02
-3.934925481506735268e-01
-5.003100572756503661e-01
-1.566019354434272648e-02
-6.092516377258506283e-02
-4.670843888958919332e-01
-5.121237201969675024e-01
-4.931050432427434016e-01
4.535768245408731969e-02
-3.187285833675958246e-02
-4.663295438624621703e-01
-4.553459491434048156e-01
-4.269882651403707902e-02
-4.964567234225694126e-01
-5.243904412452220498e-01
-1.278545918660719816e-01
-8.888118315962972860e-02
-2.616652281703940597e-01
-3.694036483441193869e-02
-4.424556739739179956e-02
-5.077097634340428378e-01
-3.085736740715736559e-01
-8.421879232855238040e-02
-5.758861819893265621e-02
-9.627357322126985084e-02
-5.840917931630507098e-01
-5.035332898299953452e-01
-4.080503384859793248e-01
-5.068101320706236423e-01
-4.298934384679136134e-01
-2.525452652656025587e-01
-4.902263090137186641e-01
-4.464763288649877815e-01
-4.661140316875604372e-01
1.800215486480856442e-02
-4.802786601189935611e-01
-1.585419683080436792e-01
-4.466644782596456142e-01
-2.281237534677938994e-01
-4.176499472022607851e-01
-5.437728627485081123e-01
-3.569828505063391555e-01
-4.510344403208849662e-01
-4.580179813301098468e-01
-3.992709041806853654e-03
-4.316864892303478030e-01
-6.411264733769586610e-02
-5.120575852354972701e-01
-4.580152573258515769e-01
-9.351241689136481627e-02
-1.270327336836275522e-01
-3.648234483902459968e-01
-1.208240482180030773e-01
-5.337444100793208301e-01
-1.433433101841983248e-01
-4.390292577190151868e-01
-5.331151582020343671e-01
-2.074712837943801236e-02
-2.389621323660032215e-01
-1.107216098911502355e-01
-4.000418649143230865e-01
-5.001154736848538729e-01
-4.294818266785319638e-01
-5.137749442246505316e-01
-8.513342991597182274e-02
-5.096649098494628882e-01
-2.671374792990169333e-02
-4.621536383326085851e-01
-2.545617260982346308e-01
-4.715050300313249898e-01
-4.245626617181895157e-01
-4.487150453552788965e-01
-3.438713761570806327e-01
-1.412920858172863336e-01
-4.784374908858694542e-01
-6.463788525527744411e-02
-4.521364763432155764e-01
-4.674637352102572474e-01
-4.641128991539406057e-01
-4.778828689151974896e-01
-4.668250228912524946e-01
-2.638242095661962050e-02
-4.707259785064150659e-01
-4.685080739232997393e-01
-5.633788833116999406e-01
-5.073279386785914946e-01
-1.235593271940367555e-01
-4.776495128601581097e-01
-3.004764709998066982e-02
-7.695281244360706319e-02
-1.086735986248051206e-01
-4.972186477239807778e-01
-5.248831153533862759e-01
-5.551445571447977123e-01
-4.100856800674426705e-01
6.567028002234895356e-02
-8.846143607767752159e-02
-9.021183823879304342e-02
-1.165078671428083773e-01
-3.912996758329868596e-01
-4.462750749712963705e-01
-9.133497055531328290e-02
-2.588308538935765041e-02
-3.440016610091168880e-01
-7.538448089506169514e-02
-3.065682238717540309e-01
-5.118395672531882157e-03
-4.895055640864531821e-01
5.684368462036806097e-02
-9.188085513244605151e-02
-3.003813228248011225e-01
-2.006372113908261867e-01
-6.092241513423944654e-02
-5.321733509466138878e-01
-3.978019103882745044e-01
-1.734794182353294467e-01
-3.326164788015203433e-01
2.169399206975769490e-02
-3.465998773366175678e-01
-5.091720206492698075e-01
-4.346664456681331723e-01
-1.229109461441443979e-01
-1.079451359910429953e-02
-4.569450807062955255e-01
-5.154642158049749234e-01
-4.643194881276236363e-01
-2.127499697776339127e-01
-3.566084264428660000e-01
-3.530417399801983880e-01
-4.390170045905038010e-01
-4.848618759178559001e-01
-7.579437329447269445e-02
-4.764695119418314584e-01
-3.758022691811320204e-01
-3.687559575377028498e-01
-4.176251080939443194e-01
-5.461902956520282848e-02
-2.390481831022741449e-02
-3.950021242655686327e-01
-5.386103367600247882e-01
-1.250550480961798439e-01
-4.491297630507404270e-02
-3.094810830053865702e-01
-5.430555276779458485e-01
-4.337843944809928187e-01
-1.262981925392992755e-01
-4.086256906490320362e-01
-3.016544770696688027e-01
-4.390417068696990111e-01
-7.649726267882842046e-02
-4.411893046514288041e-01
2.095828926770229583e-02
-3.835634597110868516e-01
-4.376090353770367702e-01
-4.443499651826765540e-01
-5.222458850530974361e-01
-4.443542977093193347e-01
-5.209878332378914401e-01
-4.537656433830067337e-01
-6.651075107064831349e-02
-4.669556793462210642e-01
-2.884379288710042233e-01
-6.540963128461639575e-02
-5.291063648387714924e-01
-5.068748400425482359e-01
-4.964426490561233418e-01
-1.085686023981636550e-01
-4.967114804936045291e-01
-9.787718013512360093e-02
-4.394420680578633442e-01
-2.046091458788003026e-01
-4.161036189671612484e-01
-2.981225224934132001e-01
-8.202005580597580836e-02
-5.452315633874097456e-01
-1.159522934413188822e-01
