-8.459556980077805044e-02
1.584767798887812829e-01
1.878746031802649430e-01
1.547815307302465027e-01
5.569748746997973954e-02
-1.962409011712373808e-02
8.174506544124912066e-01
8.385884319513483565e-01
8.371011069356962819e-01
2.051269497537069886e-02
5.141918129056655129e-02
8.231972781135397099e-01
8.370109360669849563e-01
8.217193707352965504e-01
5.149916011422452089e-02
-2.198724439705027067e-02
6.235005879378607840e-02
8.415055061711034234e-01
-1.525202497092124909e-02
-7.499039773208801551e-03
8.299063140973153008e-01
-9.669650058299478212e-03
-9.555922574054177832e-02
8.288594037519099178e-01
-6.230857574670703447e-02
-3.091781668615285750e-02
8.455229392801537625e-01
-8.569486744205059847e-03
7.967627643010238847e-01
-4.973489855792405379e-02
-7.009246323836113013e-02
8.192632939738833109e-01
-6.911106674855829746e-02
8.352701875691117550e-01
1.559990130482325488e-01
7.689366337792660211e-01
7.678582345160663847e-01
5.579098903338757659e-02
1.753571296411077229e-02
8.113594103730215057e-01
-3.655464695312996004e-02
8.483277439616612181e-01
8.349090131737730847e-01
8.247238250548208915e-01
-4.107839294185072765e-02
8.344846902807552258e-01
-3.915757950449183511e-03
-4.457954371230946067e-02
8.257404921895280525e-01
8.256165285203571624e-01
8.175616559446566844e-01
8.333294429812079240e-01
-3.970641005964072046e-02
8.375230290409810818e-01
8.429485966221808013e-01
8.527158862983076348e-01
-2.768847369558510851e-02
8.007635316256718205e-01
8.547368497270004806e-01
8.453630684149768815e-01
8.478985195165558153e-01
2.674566636882931558e-02
-3.952458463392238830e-02
7.384030659527252016e-03
8.375136658972304193e-01
8.079415445667041951e-01
1.957458247630625425e-01
-6.816125458255498093e-02
-7.831816460312185368e-02
8.220385957974882807e-01
-6.375000865064828215e-02
8.537314755735170291e-01
7.393323377606887403e-01
-3.704121648841864067e-02
-2.016694292710445591e-02
8.313054146844149894e-01
3.866911397058905853e-02
-7.168242350088219195e-02
8.471790583391071161e-01
8.264605844505785726e-01
5.495415007171630672e-02
8.301403533145164104e-01
1.722105843003643444e-02
8.450031907581725399e-01
-3.261304870790601718e-02
2.284688829753637462e-01
8.325590746093074479e-01
-6.005793775820576080e-02
8.452666151252996585e-01
8.155426216021491870e-01
8.314684354157465540e-01
8.266799500749641982e-01
7.971557583633329669e-01
8.355296686746105372e-01
-2.919782027870873597e-02
8.620669492942688583e-01
8.261148854181266099e-01
-5.400426220239436248e-02
1.569426972949557186e-01
8.072657509740532866e-01
-2.885571271324667564e-02
8.303105707126016144e-01
2.186020643815726472e-01
-5.230324129572476444e-02
5.384141625400337694e-02
-3.766763638085124377e-02
8.344001086452312865e-01
-4.107639006779952029e-02
8.515718919006128873e-01
-1.946629985435462118e-02
8.522297086327484950e-01
7.898208927021961312e-01
6.477421234692201657e-02
8.261727429871937867e-01
8.322347131743762505e-01
8.511713206839370827e-01
8.226402378965411710e-01
-1.863550447623636697e-02
-2.567938754817961078e-02
8.367541649638109424e-01
8.325079992773068982e-01
8.165907873199347300e-01
2.086604409771750102e-03
8.185511271637281316e-01
1.059026640991003188e-01
7.503879169432351448e-01
-7.545472042563394766e-03
8.418783035171260032e-01
-5.457769677831127153e-02
8.334068065307154161e-01
8.402320308763852053e-01
8.396934537979457991e-01
8.362480142289483442e-01
8.354415157984864670e-01
8.443172257109510248e-01
8.229830301100311551e-01
8.416488548598927144e-01
-6.451078183387801146e-02
-6.085525082828699417e-02
-4.921941652223521535e-02
-1.776516200996181016e-02
-2.752481773051432268e-02
8.448611614061062314e-01
8.282252288704756715e-01
8.385533559616034638e-03
8.259865407626629796e-01
7.703160503366157652e-01
8.180399759922565295e-01
2.225802612433933070e-02
6.638881043861022402e-02
5.422192352271679172e-02
1.420539228757923544e-02
1.802336722835398142e-01
8.556345367629788479e-01
-6.109879912803130309e-03
8.277944931883929325e-01
8.365090155943915029e-01
-5.402371577238863909e-02
7.870091364286667668e-01
8.100955936054640150e-01
8.239263932472513652e-01
5.359116647808556677e-02
1.616294599488161954e-01
8.311131433522614964e-01
2.096018784836722604e-01
8.133205982874425199e-01
-6.035817176786953397e-02
8.393837007478553991e-01
-6.194288169207557565e-02
5.025417272491347620e-02
1.067426818833340507e-01
-6.633274002288633286e-02
8.494734843137067282e-01
8.404191733368185924e-01
7.815951540420296162e-01
8.327829639091404168e-01
8.456768006312678221e-01
3.295179270468207022e-02
8.352956749662038272e-01
8.120634536988814434e-01
-4.427866382706674431e-03
7.972895700437243605e-01
8.032703028273877610e-01
-3.382817574766222579e-02
-7.435715659694570878e-02
5.153937769581007355e-03
8.545271112450097961e-01
-4.269770153579516281e-02
7.653572138047057272e-02
1.242708082418660653e-01
-5.146015874241587074e-02
8.231636198171162766e-01
8.379245507467891763e-01
-7.741434679871161961e-02
8.074995823384434335e-01
7.483851473313866132e-01
8.335222100600558903e-01
8.403965858677298062e-01
-6.472204214502215447e-02
1.269038895929347488e-02
7.889293465444178199e-01
7.435600526717196512e-01
8.391509961330471112e-01
8.120607278553109154e-01
7.792236348725435358e-01
8.235617133493877695e-01
-9.292595673176348714e-03
8.312839726517944339e-01
8.497681273236138422e-01
8.380476789575290741e-01
8.358448895330458095e-01
2.616151911002576047e-03
7.850879410237997513e-01
5.480273903510532452e-02
7.887482280229646259e-01
-2.719137015195385865e-02
2.053409489445547353e-01
-7.546703521073599985e-02
-3.216543098078421259e-02
7.522809023455171440e-01
-1.229903671079543570e-03
-5.057768704641248114e-02
2.959616255383080985e-02
8.168985613389816436e-01
-2.450935214470845169e-02
8.234311529957447640e-01
8.698335438391491259e-01
8.124482619884711987e-01
-2.068660228861027295e-03
-2.922623326647125208e-02
8.147009023685880535e-01
8.161565335189482351e-01
-3.880220173869119993e-02
8.247715448756893775e-01
8.331135168342977959e-01
7.749953801352622573e-01
1.108977057403778693e-01
7.905111944175317040e-01
8.060942053995467926e-01
8.307735192920906453e-01
7.849062599120013584e-01
8.348558780831589754e-01
9.798030205757839450e-01
8.197308811906451886e-01
8.159958451641616817e-01
7.546061004003185024e-01
8.276942312882794583e-01
8.342612072195512152e-01
8.537410893180212845e-01
-3.437544822359067664e-02
8.170848272950352875e-01
8.271788714095908990e-01
8.361116174741655138e-01
8.446578782416445108e-01
8.290242088404549126e-01
8.351235776383107989e-01
8.321682961336318574e-01
8.292660854850976149e-01
8.456154290036766996e-01
8.412769034914956423e-01
8.209060914031157674e-01
8.430193309727053164e-01
1.807842365524866546e-01
-5.341012736353283746e-02
8.076490587547386912e-01
8.310143204308695353e-01
-5.672414976760223326e-02
8.347230468279754900e-01
5.653241325303638015e-02
8.220064732974381450e-01
8.169451699235930064e-01
8.325222803234008095e-01
8.500094230944126306e-01
8.169587839500918047e-01
-7.362089324809784063e-02
-4.019297354081651646e-02
7.221354490374370938e-01
7.252270875186713761e-01
8.373551177393525613e-01
-3.493243160710896023e-03
8.292740501891678884e-01
1.253012152454350825e-01
8.471175005392997948e-01
-1.656898567912973297e-02
-4.469154093253842330e-02
4.535130427110053986e-03
-1.280865951018225757e-02
8.158552243117870306e-01
-9.329869304160906540e-02
7.156517485179944571e-02
7.430910312683516317e-01
1.318108721682403617e-01
7.054179685452013349e-01
8.434206383086679804e-01
8.763508138377684720e-02
1.138195937244206729e-01
8.341992662287355254e-01
8.305255556062486333e-01
8.187683251006944163e-01
