9.803397514058601603e-01
9.601325975759775755e-01
9.677248642158062797e-01
7.678720624754824531e-01
9.355781258485138530e-01
8.903741219098842974e-01
9.832830600510646946e-01
8.374806757965072013e-01
9.706421573212574705e-01
9.491593986406452466e-01
9.259055990618587639e-01
8.738976447108949275e-01
9.606098346416618305e-01
8.727521292137216946e-01
9.119497995909497945e-01
9.695405987360585787e-01
8.478172877961853704e-01
6.711787703144075357e-01
9.185377691480102191e-01
7.732282423884462297e-01
8.692826200404399906e-01
9.665766814614841218e-01
9.626489382447566134e-01
8.499232523792200622e-01
9.283363755514483229e-01
9.617085444245084824e-01
9.426238772897240770e-01
9.338969318880603332e-01
7.734703487561886970e-01
9.498584929308566682e-01
9.462366875043968228e-01
9.685673272090495889e-01
8.519911363723127184e-01
9.710163760826384660e-01
8.651205720619761230e-01
8.999199490076990049e-01
8.359532451967703892e-01
7.418181457733808992e-01
9.354438348207646525e-01
8.184883898668835478e-01
8.946670795258210296e-01
9.169511883481366032e-01
9.788539487871449341e-01
8.222859012860888051e-01
8.154578784196395702e-01
9.568622175965012522e-01
9.595613690805554485e-01
7.687458383038540122e-01
8.318115732963644593e-01
9.715139591228181271e-01
9.093782011675063393e-01
9.680184679074032017e-01
8.986512644591926335e-01
9.218716070453761846e-01
8.943582264024418915e-01
8.249539197533313217e-01
7.800104612698925965e-01
7.671026434058397792e-01
8.029876539773501687e-01
7.817421157433024348e-01
5.011239430866035738e-01
6.571834127745008747e-01
9.542664377614505922e-01
9.655266269654936284e-01
9.494632972511131142e-01
8.678111613902137478e-01
8.503366548354365229e-01
9.674723066710018138e-01
9.465858813161505125e-01
9.372808402209651391e-01
8.436769452460227692e-01
8.503770790736642216e-01
9.655912981569803044e-01
9.649234531860705344e-01
7.988215075351863259e-01
8.426663177085196299e-01
9.133745862335904686e-01
9.725340199225831483e-01
9.637084777970449379e-01
8.807359030961676716e-01
9.309774278749916032e-01
8.321015751378449954e-01
8.167141477840139663e-01
9.609698880355620476e-01
5.902448750119193566e-01
9.755127442647447689e-01
8.818318222541475793e-01
8.859025115449422616e-01
9.576588222941371242e-01
9.613141109388392280e-01
8.087745684625717857e-01
8.372125455440311281e-01
9.483790556586715326e-01
9.813580711208719221e-01
9.309551460105597309e-01
7.906070865619218013e-01
9.548744091490739549e-01
9.306176133411994122e-01
9.531915357366361752e-01
6.973562088687446092e-01
8.113836670531859863e-01
7.543017722542253445e-01
9.354178579370804325e-01
9.828772203240228045e-01
9.436242521970374941e-01
9.235793887018155512e-01
9.374312168632183973e-01
9.667650244490613165e-01
8.927820270912443235e-01
9.498503445306595294e-01
9.153268358717274733e-01
7.932041488149725872e-01
6.876789136603289609e-01
9.335759594242568626e-01
9.096213666536009379e-01
9.783862941863268325e-01
9.548469707567699416e-01
9.209513512303146854e-01
8.598111382111697232e-01
9.647960941804978319e-01
9.597323021128758569e-01
9.130479725745584973e-01
8.008779699468302482e-01
8.836397850098538509e-01
6.911580909314137822e-01
9.276650054344319773e-01
9.612108855551472208e-01
8.757773366158794204e-01
8.462396515855574730e-01
8.482990015831900488e-01
9.035351297752849398e-01
9.009318725108019787e-01
6.758367550544386315e-01
8.795361615346735107e-01
7.886484960363645547e-01
9.193230294832341887e-01
9.663287235612176840e-01
8.423321597268231820e-01
9.576610392636442093e-01
8.949194451596125255e-01
9.554522926730284471e-01
7.036601893462548496e-01
7.950725843650967573e-01
9.316197919454198839e-01
9.647985221285448887e-01
7.964515381376288117e-01
9.134273926987950265e-01
8.660520900779247189e-01
8.579359781052320333e-01
9.189396896656059077e-01
9.238886337270710847e-01
7.954904123743056221e-01
8.794491467532232765e-01
9.049261180080401257e-01
6.888264720847345757e-01
7.295753261047690508e-01
6.067738225937465701e-01
8.469275764634397463e-01
9.650081762632736204e-01
9.631946631321477437e-01
7.935569555088421989e-01
9.360702453418792146e-01
8.824808274546359632e-01
7.303658593419950495e-01
9.437742497976691070e-01
9.392437531403561302e-01
9.603340693809447881e-01
8.947590481563465481e-01
9.224144878547283488e-01
9.066654053181731898e-01
9.198907111066905173e-01
8.964358960897237383e-01
9.213911134798207225e-01
9.564596319686798909e-01
8.250344066188710634e-01
9.405432504043871322e-01
6.914060063107831944e-01
8.642094175581420679e-01
7.896443369408495672e-01
8.267755791927029474e-01
8.903329156318962045e-01
8.116156804652858714e-01
9.593742368814308641e-01
6.887778212827556645e-01
8.632835487479602055e-01
8.662656972505471398e-01
7.362272864313854637e-01
6.941913036102713708e-01
9.587236417508776531e-01
7.939960585285288364e-01
9.488825424401061692e-01
9.404407416209431547e-01
8.852315375639362438e-01
9.195309424842836865e-01
7.804272375951856189e-01
9.452521508070740319e-01
7.763000322390433139e-01
9.151029816099307546e-01
8.331109669401686180e-01
8.688685964907816306e-01
8.923569862461757651e-01
8.388079665011853869e-01
9.640235510718742074e-01
8.383542513938312402e-01
9.295016509838271990e-01
9.605575336111296103e-01
8.682797652011364775e-01
8.384016044908622067e-01
9.478490179643168645e-01
8.771074701840828602e-01
9.669395340982971376e-01
8.995604236241865337e-01
9.619577776944817638e-01
8.060321809739415810e-01
9.733715743356210481e-01
8.888245295636176824e-01
9.698470947087938221e-01
7.222111721873352153e-01
9.461576649205738487e-01
8.693977697014491079e-01
9.019968159795637153e-01
7.687161231437049658e-01
9.337885713957438938e-01
9.610710367813775079e-01
8.888611621267757945e-01
7.534318786537254065e-01
9.136260542228763493e-01
9.699411969853760640e-01
9.354289818753209751e-01
7.057650000385538025e-01
7.706956126757888992e-01
7.719846698466396040e-01
7.211042129368940845e-01
7.085994345533892513e-01
9.337148066790330603e-01
9.564832067968263019e-01
9.683119704956051343e-01
8.254200406482525842e-01
9.116167607026046671e-01
7.923422355498803693e-01
9.690870293205378072e-01
8.385816629741587036e-01
9.730917061740425034e-01
9.650030446058867062e-01
6.426906468539858031e-01
8.846627488150038410e-01
9.251820741967631267e-01
9.409808971898310226e-01
5.276450163363777257e-01
7.179114764239918900e-01
7.043070947450387198e-01
9.205837979216466849e-01
9.659280524190427819e-01
9.430497252056700974e-01
9.608468767165518898e-01
8.842187368436902339e-01
7.162338969043973158e-01
9.665933897722285284e-01
9.596276047224547856e-01
8.440637233733688793e-01
8.021371188241943617e-01
8.931289677414734340e-01
9.687810313587743583e-01
9.347863422878122108e-01
9.672948617667775917e-01
9.203235914307028587e-01
8.864582720557392381e-01
8.948794996670856872e-01
9.335910454233984357e-01
9.173211264967370271e-01
8.774591937407004716e-01
9.362565593222568205e-01
8.220859174284598225e-01
9.614142735682973395e-01
9.615247068416785670e-01
9.682608332797388861e-01
9.561510899246399298e-01
8.827136737635461472e-01
9.333886098050757640e-01
9.517487722361160918e-01
9.597211194747344853e-01
9.607781713408469759e-01
8.500713117916817163e-01
9.296399389072537156e-01
9.690347963978976908e-01
9.391732706529534180e-01
9.636975765178007469e-01
7.591849883458153814e-01
9.678145129892868903e-01
9.568264709896852072e-01
9.388372880884039429e-01
9.125869668114365840e-01
9.528755802409689668e-01
9.385097103497938020e-01
8.795098200129338739e-01
7.934668943925820006e-01
8.594289974959714584e-01
9.663092925820822021e-01
9.648436251831493671e-01
8.837431430642700425e-01
