-5.154637789564973094e-01
-5.369245334517054324e-01
-3.748381917032734267e-01
-1.560992462055617869e-01
-1.261188884322388126e-01
-4.230732206502132997e-01
-5.284073567840392727e-01
-5.202644535836754569e-01
-5.541962624547370764e-01
-5.294911688949190953e-01
-5.146151326302862428e-01
-4.947966897430544631e-01
-5.477342853450707372e-01
-5.914410106940171108e-01
-3.791922549367952588e-01
-5.621651806204467361e-01
-5.691047371480399963e-01
-1.889458475009817007e-01
-4.287178779005063611e-01
-4.909462973485069215e-01
-5.017431179371487637e-01
-3.382373668833204561e-01
-5.740870141590749265e-01
-4.287949560720655251e-01
-5.501007871218303036e-01
-5.372562141948080683e-01
-4.667181837113351106e-01
-5.924025830850909724e-01
-5.345456059571378482e-01
-5.083680397594251277e-01
-5.290119499089830368e-01
-3.531585537208248304e-01
-2.345347399933698784e-01
-5.374050520659570118e-01
-1.354854029429462536e-01
-3.671640195065768442e-01
-1.555370145484056277e-01
-2.420792654916761877e-01
-5.062205880971251126e-01
-4.207325387861072241e-01
-5.066687565459069287e-01
-5.853842343157683592e-01
-1.432513369386434476e-01
-5.736187390296689781e-01
-4.869915872744176588e-01
-5.645344334149542398e-01
-5.356537764443090044e-01
-5.465657907987109265e-01
-5.908321536121643458e-01
-1.883304351558314216e-01
-3.928693454623935488e-01
-2.451093630046854988e-01
-5.243346447871717331e-01
-5.934846284355508317e-01
-4.834779782936862169e-01
-5.467989791334318950e-01
-3.734340409313094966e-01
-3.346790715259204130e-01
-4.989343172877712673e-01
-1.698775877276253732e-01
-4.892242927913054151e-01
-4.747606200145088051e-01
-6.053663631297058201e-01
-3.434352903488137043e-01
-4.723148144201739784e-01
-5.352871921624434703e-01
-4.287356847912645597e-01
-5.173781227780895886e-01
-3.228462700102109895e-01
-4.746096784919013878e-01
-5.890496294852924919e-01
-5.541353652625216064e-01
-4.330595659512385676e-01
-5.598002927852435695e-01
-2.718870320408102170e-01
-5.871644845980470429e-01
-3.012871041655602045e-01
-4.601000730910944636e-01
-5.049231193796703820e-01
-2.747722829347611917e-01
-3.652089798508387775e-01
-4.682044969281046742e-01
-4.645235852330528714e-01
-3.593007937607997082e-01
-1.779202420465848811e-02
-4.081508608097577095e-01
-4.954669502759917465e-01
-3.423363441481732661e-01
-3.695156967973297624e-01
-3.973116180922959817e-01
-5.393175523346098732e-01
-3.641822361219032578e-01
-5.253690901730706520e-01
-5.520884249504380836e-01
-4.248937938876271581e-01
-5.529579205982622092e-01
-5.355952318704242376e-01
-4.694325876388628083e-01
-3.152040167339236199e-01
-5.219963323694840618e-01
-2.383064940179730473e-01
-4.890910944915072833e-01
-4.234443714306982409e-01
-3.908556512820121620e-01
-5.849583842741721273e-01
-3.192949602583659008e-01
-5.094503793088851484e-01
-5.747553689298030566e-01
-5.464728271540193472e-01
-4.448738708384439855e-01
-2.814969607311231803e-01
-4.922203472934423840e-01
-2.698457660595687257e-01
-5.672568810228131309e-01
-3.177278839919785436e-01
-4.628714104779598215e-01
-3.605808367474514498e-01
-5.985549648769995512e-01
-3.795549509690734347e-01
-5.552585934619547192e-01
-4.040155611932728097e-01
-2.887529175358473643e-01
-5.143938269521308726e-01
-5.029716663976178115e-01
-4.796505215416100310e-01
-5.398290955469203789e-01
-3.148496183273705729e-01
-3.844271482579647015e-01
-5.001642942580633022e-01
-4.357441386449109055e-01
-3.333672551564578201e-01
-2.672243273340190739e-01
-5.236087612960332871e-01
-7.653886012785374171e-02
-5.805424751493148960e-01
-3.917415816164034892e-01
-3.800736287056669660e-01
-2.408062506177659767e-01
-5.179090754921893414e-01
-4.863618806976954811e-01
-5.248757753187145436e-01
-1.901855664983293226e-01
-3.748888422071690596e-01
-5.404167302210296508e-01
-2.503096831258177501e-01
-4.814051841678876897e-01
-5.570552808115784016e-01
-5.975499296562356566e-01
-4.355314030511621692e-01
-5.930682236018792741e-01
-5.717040850221242199e-01
-5.566808145361922255e-01
-2.928972625488980297e-01
-5.274223878447547031e-01
-3.141653015932333037e-01
-4.718867419949964725e-01
-5.074094876254733322e-01
-3.115781637213336230e-01
-1.354895196936371782e-02
-4.630250664551675555e-01
-9.755545381394667426e-02
-4.865007293800558408e-01
-4.022023429544392403e-01
-5.077631529610373562e-01
-1.072406210799374954e-01
-4.247358684349541447e-01
-5.004528063360473844e-01
-4.758806845749519177e-01
-3.780954048380585908e-01
-5.645869029975862929e-01
-5.288640323812401345e-01
-5.714205827450187236e-01
-3.990898118996456523e-01
-5.663328468556912965e-01
-5.527490010610942583e-01
-3.987126879610730645e-01
-4.121644729549941433e-01
-5.735648541034360504e-01
-2.227299396344517290e-01
-5.322436187274842689e-01
-5.121035097066906072e-01
-5.756299522081979037e-01
-5.105436393036992815e-01
-5.651847655653707836e-01
-5.186892321013248930e-01
-5.746163905035275299e-01
-6.076260077553197192e-01
-3.653842179131007173e-01
-5.391118210048679860e-01
-3.425725604266450786e-01
-4.364811257681440182e-01
-5.083301371960837756e-01
-4.113567468269048177e-01
-5.269877372390214809e-01
-5.554629675940926381e-01
-4.710474143196278773e-01
-4.501703164606859486e-01
-4.598115507773460342e-01
-3.937044250831660541e-01
-4.267525487969930920e-01
-4.543460461196173750e-01
-2.820339965280090899e-01
-5.347547672715518008e-01
-5.283485113782848686e-01
-3.309431436815182259e-01
-5.110305510171999632e-01
-5.578319277546934796e-01
-5.360906405778500528e-01
-4.273846933080315824e-01
-5.406319329551344532e-01
-4.346444222702698368e-01
-2.456604419076723889e-01
-5.211294261336776312e-01
-4.912313346416126714e-01
-4.128715598211505355e-01
-3.118552614840660597e-01
-4.221286904782667326e-01
-4.779453112350419142e-01
-4.413674903801224070e-01
-3.359918855704956964e-01
-4.696984136006913113e-01
-4.112562599925419504e-01
-2.986305595470055696e-01
-5.448701109805944576e-01
-3.163666377296035503e-01
-4.229636690028227841e-01
-5.072023233617756199e-01
-5.586897669847930015e-01
-4.358474866551524940e-01
7.839622817436298075e-02
-5.662859641308131131e-01
-5.204261394998919155e-01
-5.839818480434323389e-01
-2.099199664010310828e-01
-4.571820822209203827e-01
-2.963165914067263373e-01
-5.707354492721554706e-01
-4.023750085068916738e-01
-4.058274389093805556e-01
-4.935831220142253839e-01
-5.157902320197074175e-01
-5.370918488378639832e-01
-5.146220292906584781e-01
-4.830328340025344391e-01
-5.289757437463856737e-01
-1.582216567336617585e-01
-3.371787585173695589e-01
-5.752464735702607079e-01
-5.017011730676932402e-01
-5.230121428698186747e-01
-5.075196338788349193e-01
-5.985006106666445058e-01
-5.693729195815842026e-01
-4.898259773575515119e-01
-5.619264474378480312e-01
-3.586593558083394084e-01
-5.893066713300388892e-01
-5.866870048457845099e-01
-5.012351547338027569e-01
-1.442607461641361166e-01
-4.927493595548084193e-01
-3.406307903895511857e-01
-4.756378173927960917e-01
-2.526171663378612431e-01
-2.518133243984246872e-01
-4.863565451655855187e-01
-5.898178185276301555e-01
-5.881598264982188518e-01
-2.134482165477024074e-01
-3.546378136885778853e-01
-4.449327996260007412e-01
-4.937076847285973846e-01
-4.307765894487833869e-01
-3.123940046201506560e-01
-4.160964466300143827e-01
-2.016582760615827641e-01
-5.358094801809136776e-01
-5.139399215220694650e-01
-3.088226193623100357e-01
-5.929616120846812333e-01
-3.974821658565022009e-01
-3.374176821967226347e-01
-5.675345884425009313e-01
-3.831123409136356628e-01
-4.150583429919603162e-01
-5.160911436780218908e-01
-4.765682116133693746e-01
-4.635033613415323606e-01
-4.137196214998078991e-01
-5.174386980265746061e-01
-5.492503076619059676e-01
-2.801509905803701850e-01
-4.996525618064012186e-01
-2.618776357046422865e-01
-4.889193572021818812e-01
-4.896243272893116560e-01
-5.270758652093704422e-01
-5.613427409832407733e-01
-5.442853154400453253e-01
-5.717913746704075262e-01
