4.518326442745011773e-02
3.953274546609107931e-01
2.114497896596671256e-01
2.253322290497349889e-01
2.790216997618171213e-01
-1.451434055934444911e-01
4.003198266318929721e-01
3.629729001330321281e-01
2.440671694866650698e-01
4.115933719132600643e-01
-1.174213118949444523e-01
-1.646651014259992996e-01
-3.713496103845247420e-01
3.050853281632189828e-01
-2.072833252206211507e-01
-1.937596039470751152e-01
3.102036578547926471e-01
8.733770105119606497e-02
2.731053657092217257e-01
3.970191276471327635e-01
4.500329602171882493e-01
4.026455966202439063e-01
4.131135911285638285e-01
2.646968074175676255e-01
1.594520651731506922e-01
3.517641061360288202e-01
3.956825506504541012e-01
2.504041106542178041e-01
1.773260235496247339e-01
-7.245178135388040397e-02
-8.918368093714709732e-02
1.543322937602245315e-01
3.725832990269600242e-01
-2.517028192533535963e-02
-1.719365929928850234e-01
3.502238475658904227e-01
5.919428184327433368e-02
-3.442274769883840735e-01
3.366698853064642449e-01
-3.246480708324840925e-01
1.757195806986157349e-01
3.591030357346183810e-01
-1.297003946537803598e-01
4.096385025828425119e-01
1.423198506938901653e-01
1.280350082228580988e-01
5.016996059382499151e-01
2.918593316455695974e-01
-3.678694619031406265e-01
4.925678505732150603e-01
3.112401899628716162e-01
2.737166382861391245e-01
-3.642747547853277257e-01
3.516673685349748224e-01
-3.076828982109992006e-01
-7.216816326607554399e-02
2.254846138965175273e-01
3.196055536848645962e-01
1.566002469403599828e-01
-3.482930507676934018e-01
2.313282032955660539e-01
1.144242026486490260e-03
2.802871957247857759e-01
1.248078158827614914e-01
1.383149428351756749e-01
-2.255443820375290787e-01
3.292183851454331123e-01
3.140472661923986442e-01
3.533181288375092377e-01
-2.649379101802510905e-01
-3.843907283386059359e-01
-1.591732222370845218e-01
2.697077259743593247e-01
-1.048898137697734795e-01
-1.702405087655941771e-02
-3.148190175586917383e-01
3.822286542639605766e-01
3.686099354409640982e-01
1.884332790557341486e-01
-9.389880733770736287e-02
3.032117456036639291e-01
2.636661282111256166e-01
3.906816322163423477e-02
6.299996255416590030e-02
2.152620357400873985e-01
-2.951346529158331289e-01
-3.903125435643287622e-01
2.653871251743765702e-01
1.568478027432763100e-01
2.045372613999437428e-01
-4.809543074875939628e-02
-2.705476347458012354e-01
1.864359447884569865e-01
-2.359589317153848453e-01
1.132971529376130271e-01
2.865715580957175490e-01
-5.475229247944690680e-02
-1.192865678091167281e-01
-3.019199213159383111e-01
3.313129331323344529e-01
1.585335940934304855e-01
-3.759887050029944722e-01
1.479908807593752762e-01
1.030693269384168193e-01
-2.914014961963027894e-01
-2.079694849642102772e-01
-8.824012937324687833e-02
2.827021268478751015e-01
3.108411136097613547e-01
-3.071493687493801472e-01
3.626858674223725765e-01
2.077195476114119810e-01
1.164374544794707644e-01
-1.465324565765382669e-01
1.247587408511024176e-01
-3.071407455257031405e-01
-3.285658164555713134e-01
3.615890993960235167e-01
2.987195998719099355e-01
-3.119591873424976680e-01
2.323988024317774626e-01
4.795952761404527753e-01
3.548598708435807270e-01
1.464876766413920894e-01
1.919256409806330832e-01
-2.048773691670810748e-01
1.540237665793062483e-01
-1.841178636882119246e-01
5.143103893604429322e-01
3.546822379444548035e-01
-1.603154942222485002e-01
2.237277990596593658e-01
-1.335791837931018800e-01
3.719108300868497752e-01
-1.962661569281415885e-01
1.994326882091172204e-01
-3.707627169731460559e-01
3.958654740428323437e-01
4.069419252196764814e-01
3.274070756372648994e-01
-1.997215226626503637e-01
3.504523114022209396e-01
3.878724746171698379e-01
2.900544596476740261e-02
2.359219875705257929e-01
1.025021591860595660e-01
2.370268875754666937e-01
-3.116984057296040000e-01
2.024002803775004078e-01
2.160009481827726840e-01
3.356795369565259146e-01
3.448919808996274705e-01
-1.751488272719072536e-01
2.913076321240122835e-01
3.707959205219650833e-01
4.334052730980289536e-01
-3.321169817693702675e-01
3.379473550160384532e-01
5.721626181622158080e-02
2.780374175156800631e-01
2.683043468373231266e-01
2.507318005452466858e-01
2.224099955353336100e-01
2.206797653607296683e-01
-3.180738742749327774e-01
2.317743486607367898e-01
3.548425597799088616e-01
3.908161372474492912e-01
2.144227299375863760e-01
-2.260399302597796978e-01
2.474589335477145879e-01
3.032763935414028306e-02
-4.535945789892689706e-02
-2.271575944420645143e-01
-3.193798025070035407e-01
2.397353544777571788e-01
3.541401845025717865e-01
3.080322887022844958e-01
4.650135353041556230e-01
2.990916689691985875e-01
3.567048137715372880e-01
-1.845126643034306624e-01
6.721897237203940112e-02
3.312067776508649808e-01
3.060423364028532767e-01
3.866767957350800144e-01
3.613652669222281455e-01
3.766900589495222884e-01
-1.562719552248928723e-01
-3.077775933752807114e-01
2.342204374791314880e-01
3.477761463234159689e-01
1.646102008941693617e-01
2.355926568555403444e-01
-3.247645465904212547e-01
-3.131574321367278646e-01
-2.074464162598602390e-01
-3.588568843734183944e-01
1.500917856680089313e-01
-1.544063278075980539e-01
3.370174201573168382e-01
3.450237358034806134e-01
-1.844641595794887512e-01
-5.024298834487234827e-02
7.272229480548121627e-02
2.845713862060928953e-02
5.554426576143212113e-02
3.200132293975749831e-01
2.781620602021148136e-01
2.700897013129966440e-01
3.085219259416884796e-01
2.480421628782215199e-02
3.935616207972975067e-03
-6.099515102722145865e-02
-1.542705660042238136e-01
3.941468609891480845e-01
-9.824142956316073150e-02
9.793374556875443504e-02
-4.019128658682508126e-01
3.712425484229379125e-01
3.763146510615662521e-01
-4.391008181165757807e-03
3.123959062450560320e-01
-2.748627805730355367e-01
3.366551939009145844e-01
-1.429961195340879176e-01
3.379698915998587960e-01
-1.289098385225147803e-01
-3.000506923944076254e-01
8.956722194028038375e-02
-1.778379163120299977e-01
3.637566619608192386e-01
3.607072628244962775e-01
1.246805290646229025e-01
-3.991670637911055586e-01
1.847854626844793180e-01
1.241784403110998969e-01
2.532953800878360862e-01
1.060996929544383294e-01
3.024582537577161778e-01
2.942459188580145990e-01
-9.551402357873717275e-02
-3.601493262387822636e-01
-1.936495316843785952e-01
8.401650737343230313e-02
3.364097050573645609e-01
-2.169621880918554402e-01
3.811407567839706356e-01
2.547792778295156491e-01
3.522083100162893277e-01
4.413254253315204156e-01
-2.628844176847254244e-01
-2.203278101476348338e-01
4.898351267077581395e-01
-2.740628087036969807e-01
4.393056077914607727e-01
2.629886049333477471e-01
1.807337787148237396e-01
1.464930952251952134e-01
3.679696171453420983e-01
-1.689791742504686417e-02
-3.828995011105900126e-01
4.686673422409274314e-01
1.521437599360952186e-01
1.665922848299331294e-01
-1.554442620599639224e-01
2.570506347069167474e-01
1.845171249605348784e-01
-1.488291872039210553e-02
2.737014659887637702e-01
4.016500900902001403e-01
1.985848798191272579e-01
3.422583592681974207e-01
2.553645883972254227e-01
-1.028009812688365499e-01
1.921783678350678926e-01
-2.340836631589221783e-01
2.590330111408637448e-01
-7.836099905893285922e-02
3.763093424742866011e-01
1.066261570287594107e-01
4.319087767225516239e-01
-2.954001074908005897e-01
-4.519271614327176334e-02
-2.787371488353597715e-01
-2.481164418200123289e-01
2.934538268760804591e-01
2.288008201007935699e-02
3.792356683619056423e-01
3.052954251492615012e-03
3.080099711857928746e-01
5.206153288943256019e-01
7.537470616164855530e-02
5.032693986421075127e-01
3.306246717422645087e-01
-1.039427731332933647e-01
2.037953582879922509e-01
6.357988283469442892e-02
3.812344209219398761e-01
3.213748163795321355e-01
