8.865787406143033067e-01
7.520340969391339225e-01
6.813074946837427426e-01
9.958454748833917014e-01
2.272816108446454320e-01
-8.035036415111322661e-02
1.712018341145769840e-01
2.058492064095215207e-02
-3.897646729540036326e-01
9.241460940613995811e-01
7.653927140114101801e-01
6.774202219422146287e-01
8.406898302391021538e-01
9.185343733623474449e-01
5.846602160350800048e-01
5.024822332859278928e-01
5.640439140417802255e-01
7.843073432606496587e-01
-7.954460947656763481e-02
6.440252371587997793e-01
5.959885695422728613e-01
9.025429549973966459e-02
7.646634152524282024e-01
-2.237079426569850080e-02
9.496187350191649390e-01
9.560161887095790512e-01
1.563147873965992085e-01
8.335637440066605564e-01
-3.061675694545185067e-02
-4.266572935646939513e-01
-5.018585134225894695e-01
-3.014099260008960002e-01
9.830590337355891162e-01
9.403181453956425129e-01
7.855339813643217317e-01
8.898001328315767733e-01
7.089644649966309053e-01
7.012868402470475715e-01
6.544734174346867883e-01
3.720990979476233168e-02
9.118501607639789563e-01
9.376188657712994923e-01
-4.286765903728442795e-01
2.455210739362352623e-02
9.170311945214958405e-01
8.495243434605208588e-01
6.722221168817962278e-01
7.201949093217073772e-01
5.660019462285372782e-01
4.071632961243689119e-01
-5.250613408666922055e-01
9.117097252311852085e-01
4.039313888736331126e-01
1.568489261623385311e-01
-8.674980788936391407e-02
-4.776913040248200598e-02
6.275310814535537407e-01
1.269476649400078649e-01
8.432680435519932516e-01
3.296200891586943404e-01
9.878285772838332202e-01
6.497767525390314436e-01
6.646784916127412846e-01
6.765834628799387573e-01
7.503272251409005555e-01
8.413073450473036452e-01
-3.508065196536404584e-01
-4.241957189468067435e-01
2.186761588568278403e-02
7.952686742241145135e-01
6.497258603452342740e-01
-2.627680041367761454e-01
8.886574656643220216e-01
4.158055521056806536e-01
-5.920045293315960577e-04
-3.829326690545592493e-01
9.390744048654495191e-02
9.067274587479541292e-01
3.110284869202172287e-01
8.360588312148662382e-01
-1.753128409477874156e-02
1.144824642326136566e-01
7.094270325255893628e-01
1.194743490647121598e-01
5.052466520053062737e-01
5.782876165167080140e-01
3.368595630275157404e-01
-3.939609467450280178e-01
1.632270267455095958e-01
2.364874133274227352e-01
8.252858712845674294e-01
5.832384453272163594e-01
5.696222346942320103e-01
-3.637932982333155069e-02
9.863304185532805191e-01
6.578252934778960892e-01
7.986700045689703042e-01
6.424611922632950112e-01
8.322929172276012366e-01
6.809007702895992775e-01
-6.807246632125174557e-03
7.084662765667185669e-01
5.634271124594699698e-01
2.123235784309718960e-03
8.563411004129896087e-01
1.264509786461211552e-02
8.313447883006388484e-01
6.852792107053590209e-01
5.855704737432436691e-01
-6.038065724837171633e-02
6.969257588504598200e-01
8.167633096611344179e-01
9.555892399745293808e-01
-4.408874445685895260e-02
7.939040003249735189e-02
7.207589656652195753e-01
5.907916208547331349e-01
6.184529770918270053e-01
-5.862370213958558729e-01
7.530930075550363867e-01
6.086596509479514916e-01
9.019724748628004107e-01
5.172351254161539069e-01
-4.115511564018509150e-01
9.090810394850808995e-01
9.876256777476349891e-01
8.402617398005020055e-01
8.943951015544654437e-01
6.815347977867489693e-01
1.937257357335231966e-01
9.048933803293435219e-02
8.777861607160716284e-01
6.832906591638125970e-01
6.771427730809496115e-01
-1.829076924311952984e-02
-5.515294705225722016e-02
7.231047754063646416e-01
1.886175430699139899e-01
7.576510120741120069e-01
9.608916335357751137e-01
8.778923872170696363e-01
4.913961081044624368e-01
8.942255822456841585e-01
4.366050330518425060e-01
6.199628184289165400e-01
8.017467505375133197e-01
1.356459535203407840e-01
7.313438843377599863e-01
9.585068937338943051e-01
-3.528069271898240378e-02
8.004797154848085350e-02
-5.140262436733344237e-02
-4.261699683986225340e-01
-3.477768042946894345e-01
2.938941045069650912e-02
2.519429953827071467e-01
7.234949521706885989e-01
7.680101458039758633e-01
-4.434541585490104909e-01
8.257331178279057049e-01
5.793395519995176990e-01
2.039913292116112345e-02
8.148821955443246168e-01
6.377323843567079820e-01
2.604558939584628585e-01
1.707836434618160426e-01
7.899392066048362970e-01
1.486739466908411911e-01
-3.188094734622957116e-01
3.608890173473625618e-01
9.963660177831052955e-01
8.755155825072784559e-01
-1.028117643510492313e-01
8.675759785377743505e-01
8.243548738446224711e-01
1.881179722258562448e-01
3.745568878170332794e-01
7.581640583102000619e-01
-3.483724521369453986e-01
6.888298828775994975e-01
3.712948578818252021e-01
7.520951167845874030e-01
6.180607159255661898e-03
1.468661110868579867e-01
4.053094121140488060e-01
9.364335127320004837e-01
-3.366503396259588055e-01
9.256843702929816731e-01
9.312220353624676150e-01
-3.558854819439463135e-01
9.432997918031640339e-01
-1.523689935068383294e-01
-1.256935350167607580e-02
1.843540088203901861e-01
8.240867249504879588e-01
7.373824272957820725e-01
7.097079838168507404e-01
1.584431788427282939e-01
6.074474861950494020e-01
5.679209228906172413e-01
-4.272434435681130571e-01
6.120116432780646765e-01
3.216034445536865016e-01
6.382646707044821177e-01
1.724350035793375535e-01
7.728842529684155638e-01
7.463351873193482255e-01
8.188774686049794527e-01
8.009969555608651426e-01
6.633075840392356204e-01
7.152389542096281305e-01
8.182744663709032862e-01
7.430194215374172906e-01
1.837561833946394219e-01
1.308322248271480415e-01
7.998014044466039696e-01
8.405835553540226268e-01
-2.347719493154618031e-01
8.180045234024853062e-01
8.148761571034113249e-01
7.790190566755751389e-01
-2.644054948946836237e-01
-3.422961387305944667e-03
6.266255468874620815e-01
-8.157011557120101564e-02
5.919973913693623579e-01
5.605092567317520036e-01
7.094743419729736544e-01
7.885778319231553368e-01
6.149519452223524141e-01
9.374611081444403915e-01
6.770864419041170423e-01
1.274394953091216587e-01
9.524369716060457902e-01
6.321166991743977226e-01
-4.651657282410989747e-01
-3.044563475775702299e-01
6.125380752118838590e-01
9.827688096791074024e-01
1.514135312471329153e-01
7.916458152184996377e-01
-5.004199978456825848e-01
9.032087711411305175e-01
-3.928825404060943827e-01
1.383945215076922974e-01
5.734143118915826509e-01
8.954818458687077154e-01
9.469956113036532841e-01
9.220506706169887545e-01
-2.507708404416298942e-01
3.876374109173510440e-01
5.894339755126194458e-01
2.505455764861345136e-01
6.026134720933760125e-01
9.630186332386206916e-01
7.052643800427342846e-01
6.984593537240022521e-01
-2.329544383150203568e-01
9.323840725778802518e-01
8.551526562628853911e-01
1.025995444297882336e-01
6.577916610568488309e-01
9.145973461081808864e-01
3.226565037634636646e-01
7.456944199244330829e-01
-1.866479208976329074e-01
3.627602000896609225e-01
5.766329350823473643e-01
1.697111219204070487e-01
7.129978828643857014e-01
7.568724254939644958e-01
9.180606135368851728e-01
6.293367518326387078e-01
1.486189896878068739e-01
2.930939927006535051e-01
7.893046224725115412e-01
-2.165569935876077157e-03
7.002532681416836491e-01
7.396608020437519526e-01
8.349586711698172570e-01
9.313406771339447499e-01
7.035950209470503980e-01
8.989364249671447649e-01
6.971513575360133164e-01
5.910162717908959973e-01
8.674327874499603297e-01
-2.158418535666083993e-01
-1.770722930408069606e-01
-3.623630598643704653e-02
9.429394982048211471e-01
9.962539139782786712e-01
-3.677735806565008980e-01
8.063466118879023536e-01
6.515357411665804177e-01
9.308718260115091958e-01
5.796891808377432898e-03
8.322469575451940660e-01
2.107726707684089706e-01
-2.520369289768865650e-01
5.783267806605663086e-01
