-1.663824916114705066e-01
-4.444604718147219247e-01
-1.627054784093336925e-01
-2.596381267716990071e-01
7.027579456600009378e-01
9.437308291531891491e-02
-2.133903552636420009e-01
6.539865999856863121e-01
-2.542775460031106993e-01
6.969722593001341782e-01
5.221822782699605536e-01
4.088220973219355847e-02
6.273620939545021535e-01
-2.989772567288701555e-01
-5.477067969374825596e-02
-4.137891493421583800e-01
-1.420234091279906907e-01
5.385591899062882604e-01
-3.967954819010544032e-01
5.956606363390832826e-01
-8.319416147832588149e-02
-2.735791715156094539e-01
-3.707535921300063597e-01
6.669997503183435761e-01
-1.487806852958838688e-01
-1.513734174584962233e-01
9.521130840902692904e-01
-2.102243188893951897e-01
-1.073509293380060931e-01
-2.915579328100857959e-01
-9.491490650548499441e-02
-2.674599286295922806e-01
-7.389808272967005043e-02
-1.338429835216229935e-01
-1.114966287711185444e-01
-3.125232800957792323e-01
6.755423286861754473e-02
6.673288621113115937e-01
-3.885551418824770287e-01
-4.151981182763817557e-01
-3.714185088039941851e-01
-1.795029175384071363e-01
-5.920740295862227803e-02
-1.771115851557043541e-01
-9.992536448302979935e-02
4.758671573410951927e-01
-1.008974551468349856e-01
2.729153076971039815e-01
-8.368546138527788170e-02
9.104778709743679421e-01
5.991565884046884394e-01
-1.919975907954765693e-01
4.945142221212101563e-01
6.303817700230849308e-01
6.375254997421730963e-01
-6.361113466986377529e-02
7.579584601877258354e-01
-3.548452594781300595e-01
6.150643889129117081e-01
6.911138911628074144e-01
-2.734777460733345267e-01
1.313514513626121150e-01
7.547905739108907719e-01
7.714643969245748023e-01
-2.856325637257047245e-01
-4.062896363151782819e-01
-3.921949443718306116e-01
-3.002702251716158344e-01
7.042491290883527988e-01
7.429820497664239021e-01
6.859875274606292983e-01
7.566434817405875979e-01
4.924961010780630755e-01
8.872329911558809457e-01
-3.962252540316477667e-01
6.201826397296321680e-01
-3.338791861766091662e-01
5.657373473264043495e-02
5.537459903891095436e-01
5.936183817655045214e-01
-3.079533639932029443e-01
5.625652797780819059e-01
-1.766305930197150376e-01
6.640262282993156795e-01
-3.264188883114017559e-01
-3.820135391056500018e-01
5.596045394662008121e-01
-3.350164306881227017e-01
-4.202485628687731567e-01
-3.164429853409279625e-01
-2.277868553103615801e-01
5.280702090295773532e-01
3.343948358888172712e-02
4.037553685734463493e-01
-1.083096838774564308e-01
-2.563887729240363345e-01
-3.705939560324343907e-01
7.107101898619796465e-01
5.788954207219170200e-01
7.094676093229272951e-01
6.487500663654848232e-01
-3.137479579958399878e-01
-2.480021784074837032e-01
7.669676056883707460e-01
-4.182488283408630214e-01
5.555633948684779444e-01
5.521817533514120635e-01
6.547960207232759178e-01
6.610814967608813486e-01
5.466631119618172718e-01
-2.901153303822694429e-01
-1.999609816026164111e-01
-3.899315164446287008e-01
-3.156541461889930678e-01
-3.357288327758733981e-01
-1.567969091742488774e-01
2.601899728956539801e-02
-1.487830033502928750e-01
6.077627130998878302e-01
5.107827411912613247e-01
6.688009739669331655e-01
6.883425119307571283e-01
7.380998667530653812e-01
-1.012849661087546899e-01
-7.296322541983327192e-02
1.834157153810342389e-01
5.271781488988611653e-01
-2.371800750959520421e-01
6.661652494915750733e-01
-3.403682057943253070e-01
-3.121776975984162927e-01
-3.953530736502930409e-01
6.945011212657908883e-01
7.918037715403543342e-02
5.674772763404538622e-01
-4.482532879866419906e-01
-3.608976475766312308e-01
-2.906465214146933262e-01
-1.434785537202453998e-01
-2.200166032138851924e-01
-3.500562741538909561e-01
5.600844304463512557e-01
-4.161356303860256345e-01
5.723700824291351186e-01
7.221259108826745265e-01
6.468422621933863637e-01
-3.941544609130813726e-01
-2.140959633675017237e-01
-1.362457463308958672e-01
-3.053799462048254476e-01
-2.833275502436785054e-01
7.009519473443351911e-01
-2.831385566078010174e-01
-4.444501395054649695e-01
6.572272900144867647e-01
8.808937464108512749e-01
-2.317556548025426211e-01
8.884993933818976508e-01
-2.412522734439678795e-01
5.255941813857162304e-01
7.487735004081317314e-01
5.675078824944963518e-01
6.547113780161444296e-01
-3.325147690816994406e-02
-3.701266689082959860e-01
-1.636066973490417076e-01
-2.499112166611233143e-01
4.532644876246367249e-01
-2.623769465547148294e-01
5.990099876908449028e-01
5.112709617638349080e-01
-3.140473933845475685e-01
-7.205977481612179519e-03
6.472565507846812505e-01
5.382580779299610541e-01
-2.159720040055353729e-01
4.922131506716571625e-01
5.297860796152771279e-01
-3.055904936067478372e-01
8.240466152037425607e-01
-1.292348381358789933e-01
-3.335864683490627480e-01
6.209587223001513667e-01
6.079237779851682788e-01
-4.183846180033234385e-01
-1.371122154723942721e-01
-3.698396982819246448e-01
6.679483595711874777e-01
6.858308240589933158e-01
-2.983042905466803951e-01
-3.049887632413635918e-01
-3.499181120533483291e-01
7.274208603397764872e-01
-3.229413350022781182e-01
4.906774762376684973e-01
6.757260183511379914e-01
5.004527223571283295e-02
-1.786348738855267348e-01
5.452771531517422998e-01
6.060318834886252448e-02
-3.466339394379649441e-01
-2.981471310828128218e-01
5.334455381980418576e-01
-7.399079629545651793e-02
-4.476333845824910229e-01
-2.527897851780996907e-01
-2.650263895814359838e-01
-6.974918276135674833e-02
6.202686566259881795e-01
1.225114252758878891e-01
-2.842956580174452741e-01
-2.839196981764054994e-01
-3.434520318741045575e-01
-2.972159270236491846e-01
-2.643806285329487471e-01
5.565859476826069407e-01
-3.710260948784607771e-01
5.474822523175135874e-02
-4.390781002174446446e-01
5.012350520856675429e-01
-2.342957089062964182e-01
-4.092698746894412043e-01
-9.892296483521825778e-02
4.192069689235931179e-02
6.317064010933370888e-01
8.978484437841768306e-01
-3.132002188420769384e-01
6.284466710285483426e-01
-2.986510033028651478e-01
-2.927475797420057146e-01
-4.131307092287851424e-01
-2.136732085568519568e-01
-2.692041300732658793e-01
-2.646749017834282847e-01
8.364784059267289518e-01
-2.209476725838748212e-01
6.178385671484765140e-01
-4.088500982389192684e-01
-7.104871833332490616e-02
-3.758671812013449354e-01
6.050084759174045868e-01
-3.399794422924173332e-01
1.059535121954030823e-01
-4.094673835097663028e-01
-3.678156034498454297e-01
4.269301396079511202e-02
-4.201148975862407653e-01
-1.979803079259781495e-01
-2.112474448558160633e-01
-1.104966289825182746e-01
6.005135980427480646e-01
-4.072972901549706259e-01
-3.567182300883695589e-01
5.243040469395851000e-01
-1.128521185536846272e-01
1.155596146302392963e-01
6.393784417081904703e-01
5.633270351792286634e-01
-1.432793607444034223e-03
-1.478426423607122620e-01
-3.516706919775653972e-01
2.959432118158191946e-02
-1.192867601703565955e-01
6.249658334805242577e-01
-2.974126204934224305e-01
7.901541442628355894e-01
5.564321447117890340e-01
1.153489949700821776e-01
-3.047484287059404329e-01
-3.155178207479716196e-02
-3.496443221616722941e-01
5.799130706375952293e-01
7.461794520896996019e-01
-4.472892288351307255e-01
5.279014318524737348e-01
3.911712107818328399e-02
5.606450988203210972e-01
2.041540773449868063e-03
-3.110947552297261831e-01
-4.614583773380831477e-01
-3.147890232861429993e-01
6.857669616528507817e-01
-1.377042018152491720e-01
8.423545927146356416e-01
3.019822283480672054e-02
-4.179172086848831347e-01
5.234656340528069940e-01
-6.530880543554450079e-02
6.499409201165895489e-01
-1.574488238401721696e-01
5.705922991811245293e-01
-1.672804406464689919e-01
6.288888491880989529e-01
5.225772562550791145e-01
6.804776003034012088e-01
6.394273170694640962e-01
7.605271366278465450e-01
-3.804975038915954233e-01
-2.563668774889552582e-01
-1.359080041875509182e-01
