-8.578646722324244356e-02
1.205818530567779601e-01
9.434537446139866501e-02
-1.214591836872796170e-02
-1.162222109937726122e-01
-7.232473371897756020e-02
-1.596962491181984634e-01
-1.103103288054605030e-01
1.466973131726827945e-02
-1.272402897920274778e-01
-6.533675619266249290e-02
4.823999116021571165e-02
-1.353657335666182682e-01
-9.886881829702010016e-02
1.945283053601310486e-01
-1.816096516851154266e-02
-5.455594055509907503e-02
-1.217312991549393264e-01
4.588986130526859913e-02
1.365870482204481207e-01
-1.460297364554482002e-01
9.373378909895581368e-02
-6.959788624696136572e-02
-8.382529221320395019e-02
-1.406066239510802007e-01
1.091420002053951344e-01
-1.748100533054271211e-02
1.449451449376294443e-01
1.523745061816425203e-02
9.199787393816173664e-02
-8.654159970134860103e-02
2.405563584781279796e-01
-9.030676607235352260e-02
-1.144906173219807366e-01
-9.348203401524168843e-02
1.102439981753013457e-02
2.697514295227423364e-01
-1.377602284143863709e-01
-1.020005631782880048e-02
1.992325738297663282e-02
-1.920855052602393753e-01
-4.565757356493572658e-03
-1.944529920131102263e-01
-8.669280799759429557e-02
-1.549191381942579548e-01
6.251084582637542186e-02
1.314816961927771644e-01
1.028509474153623537e-01
1.442024915003421170e-01
-1.270180010750971422e-01
-8.762013884400403352e-02
-8.380239808099410048e-02
-2.238860296438084652e-02
4.955825931098770641e-03
-6.684989464619228716e-02
-1.526457595237327713e-01
-3.887470822622874841e-03
-1.442608882415200300e-01
-1.512636506936520242e-01
-1.414224600723813507e-01
-9.148697643690029135e-02
-1.283705723005674759e-01
-8.187131650017334672e-02
-6.378960953565097902e-02
-1.150756391184151461e-01
-8.343049163363963627e-02
1.104169526401169339e-02
-1.455566495490724921e-01
-6.774296833795050155e-02
-1.257580188361157036e-01
-9.653896727366895192e-02
8.326159581263048448e-02
-1.043670897343071113e-01
1.352116624657893201e-02
-6.715463028870539974e-02
-9.866227670660189519e-02
7.182937874174466497e-02
1.277241876312370517e-01
-5.831970081806779616e-02
-1.673645708831918433e-01
1.464075561740094955e-01
-1.182216016970144001e-01
-1.064766796077183525e-01
-7.172603337461277984e-02
1.391603066858756732e-01
-7.275004166362897262e-02
3.060154106250205508e-02
7.595846722623386671e-02
-1.086146065720241666e-01
-1.470143662401889317e-01
-1.160169530660443704e-01
-7.502069003293089511e-02
-1.088460090180494722e-01
-1.222323842684700790e-01
-1.391545122719724525e-01
-1.462164139786137074e-01
-1.317066599071547994e-01
-2.311422536611515421e-02
1.605675634813732988e-02
-1.528509462065523808e-02
-1.100127323921385736e-01
-9.435981939450145684e-02
-1.188379631727505548e-01
-1.495982930687957679e-01
-1.579681263594072127e-01
4.693054424921189183e-02
-1.587464214873470780e-01
-1.463417887326737277e-01
-3.699400063360068491e-02
-1.286320566477452132e-01
-1.713470164274515095e-01
-1.231544702527507945e-01
1.344313898047266587e-01
-6.524248950167661765e-02
2.966860020961451308e-02
1.197985741463889892e-01
5.817857651321706181e-02
1.079906133127263163e-01
-4.276829742612134333e-03
8.736601767933610541e-02
1.142024116852754789e-01
-3.613229504172188467e-02
2.720695612946691724e-02
-1.248882794640240879e-01
-1.202563610222243673e-01
2.087012416582251575e-02
1.119710252253082877e-01
-1.589978532281607626e-01
-7.806995406014130556e-02
1.045925709123286286e-02
-1.402260140437616709e-01
-6.946215086078520728e-02
-2.903887109222713994e-02
-8.586691477367798531e-02
-2.245969804630657332e-02
-4.908219658474077124e-02
-3.732295515326162008e-03
-3.050864535658467588e-02
-1.407925538263973264e-01
4.124324065780398535e-02
1.967473934890873188e-02
-9.618436469201019356e-02
5.753594681166057656e-02
9.868010219160897739e-03
-1.379133367474283112e-01
-2.942660854537748963e-02
-9.779756160576569268e-02
-1.498963033780194021e-01
-1.553045482390418008e-01
-1.223020465595147932e-01
7.039445093406318521e-02
-1.501797061399066935e-01
-1.212953724457343646e-01
3.645234810864034919e-02
-1.343741272357225625e-01
1.281470378673968957e-01
-1.642902847113483222e-01
-1.482045357909235750e-01
1.913079257395532140e-02
-4.842872863844301101e-02
9.236691936410193482e-02
-5.042878752326374059e-02
-3.544133822102176617e-02
7.277245630236761631e-02
-1.675036792102895800e-01
-6.553724198385731808e-04
-1.269531865180879571e-01
-1.319368982577392435e-01
-7.364503853537009148e-02
-6.838604062635189607e-02
-2.603563786776879468e-02
-1.906923939319288275e-02
-1.235082694362320266e-01
-4.736205541168497790e-02
-7.766596087955018879e-02
-1.099055869593268536e-01
-7.522830919604793498e-02
-1.076752542522008693e-01
2.243508855708858593e-02
-2.816331773256058879e-02
-1.131489183642119534e-01
-1.072553599599855162e-01
-1.373681302584442154e-01
-1.060413879114375096e-01
-6.714882429426792532e-02
-3.479178889296828669e-02
-1.317553882590027370e-01
-1.361348180572254651e-01
-3.363550856096734348e-02
-1.498547286131710621e-01
-8.350630464395462915e-02
7.134629236343298375e-02
-6.810709710407372719e-02
-1.470829994851837186e-01
1.214433571144612894e-01
3.058809227355498150e-03
-7.623025234263712535e-02
7.624650941777444402e-02
-1.537555224502086537e-01
-1.371978583382021388e-01
1.234920029242676104e-01
-1.442772740898594711e-02
-4.325377809171926380e-02
5.370885952318822480e-03
-1.425430009735016434e-01
-1.071235763463073143e-01
-1.292203341099066871e-01
7.127358281154141939e-02
-1.084444929565776261e-01
-7.981754126122699022e-02
1.226774000266813019e-01
-3.381825343387305505e-02
3.680375671428257056e-02
-6.302737432635936721e-02
4.168421059595181499e-02
5.043170361883052982e-02
-9.620015487771944873e-02
-8.878322972429580906e-02
2.975118815404343905e-02
-9.835120243119829797e-02
1.046264295204528960e-01
1.297751664942583538e-01
5.852462238789952337e-02
-1.223450348598563164e-01
-1.684512229759173481e-03
-1.523907304206608415e-01
-1.043526431433973722e-01
1.353223192827147092e-01
-1.033381463011539547e-01
-3.814686743784329037e-02
2.566046951300359966e-02
-1.437260335628121055e-01
-3.259854687652809224e-04
-1.244203192662024227e-01
-8.126397993472693482e-03
1.491328015733098811e-01
-1.377522838956303786e-01
-6.549555934135618818e-02
6.196463638799802609e-02
9.594998851265137962e-02
9.096033312570242502e-02
-1.361944951870641130e-01
3.272894185432472652e-02
1.082184525151318466e-01
1.523483254951319421e-01
1.009186278346510951e-01
1.259897089166906736e-01
-2.249832821605507460e-02
-1.045047778761513946e-01
6.141579380728776766e-02
1.296953633513115711e-01
-8.373294570559525196e-02
2.244385888408413632e-02
-1.258228569479538650e-01
-1.107427816675214671e-01
-2.213592670219281452e-03
-1.218220873228070406e-01
-1.060974864238184989e-01
1.882547046526573398e-01
-1.102488625461342520e-01
-1.956376602881005483e-02
1.534910666359861620e-01
2.237514169808108716e-02
-1.213128069409962206e-01
-6.305568732558546052e-02
1.065018609231149771e-02
3.305611462224910396e-02
1.089008530419258158e-01
-1.227754766623943561e-01
7.117676795020323743e-02
6.822777931525450534e-02
7.968636591274165515e-02
-1.068042322992261983e-01
-7.864900361623505809e-02
-5.539621658887999844e-02
-1.416438021310272299e-01
9.418011408114840971e-03
3.192072064595841835e-02
8.872966589300189388e-02
-9.144427584743103354e-02
-5.806386681515832149e-02
-1.451762060320620495e-01
4.958540982999449370e-02
-9.609350118814243003e-02
-3.791013944155951533e-03
-1.033485534837544073e-01
1.119332989392402833e-01
-1.405524019796415280e-01
1.453533236167395271e-01
-1.260425350927090182e-01
-5.361976870876435097e-02
2.401936517335980653e-02
-7.102678300722417570e-02
-8.484503197815625175e-02
-1.003192974231732482e-01
-1.005389445953807775e-01
-5.427092865582934522e-02
-1.425921454491230478e-01
9.285710785299060993e-04
3.253751434378140267e-02
