8.642594156611171918e-01
-2.706830534205599270e-01
-1.612904804995016761e-01
-5.060793035710326598e-02
-4.349664569473100928e-02
-8.248240711129350977e-02
8.351558980046095426e-01
7.748148221008772756e-03
8.500118598583308316e-01
-1.839918431595058967e-01
7.059983648038328230e-01
8.330144937344426959e-01
9.814874890953233511e-01
-3.084755796483937829e-01
-4.596648470560377175e-02
9.444029008485688159e-01
9.049194456980499401e-01
6.874191519293182395e-01
-8.790331391507044678e-02
8.926090878592486400e-01
9.625239858833971596e-01
9.098377569637027262e-01
9.838906661816748667e-01
-8.789374757019835505e-02
7.341651618586317873e-01
8.040041804625220889e-01
8.972809383977919939e-01
-2.611328666576305801e-01
-1.148647090103796647e-01
9.980149060412606410e-01
8.481433206080609688e-01
-1.824721380196654141e-01
8.818798679522535933e-01
8.563809263263101323e-01
9.484039145441878205e-01
-1.333839455396674534e-01
3.490862003915007339e-02
7.858394186275936555e-01
9.488227971275220440e-01
-2.621876318244579229e-01
8.618148009887586225e-01
7.353080574881094567e-01
9.962877532190657082e-01
-1.641907665840207642e-01
-2.095373764439675268e-01
-1.746142934536012714e-01
-2.400994672476044756e-01
-6.003899842721003299e-01
-2.465845874958035311e-01
6.168335805542191075e-01
8.318884063312292909e-01
-2.164389747131885144e-01
6.946213594877819197e-01
1.607766841556499127e-01
-2.718525315070352000e-01
-1.758839395299585662e-01
-1.902823071211453276e-01
7.562763551727217370e-01
8.706196949478262059e-01
8.276980481211809737e-01
8.905631634944516373e-01
-7.841154836410159368e-02
8.438160904076736912e-01
-1.614168029702176543e-01
9.231414088830856013e-01
-2.058183966484291583e-01
8.066224749648815973e-01
8.582738913943204206e-01
8.735934182329774256e-01
8.668879787314600627e-01
-3.079032749930067925e-01
3.326358942131019125e-02
5.574029111930921543e-01
7.251883159511253174e-01
-2.005175043004156499e-01
1.157112068016339923e-01
9.470827952617577594e-01
8.843518815145079426e-01
6.832135408046648983e-01
6.886074264095852770e-01
-3.054314790461707396e-01
-5.132749451866754770e-02
9.176362509650803911e-01
-5.607223070541527549e-02
6.693715962237842820e-01
-9.506579605061189764e-02
6.741607460913288108e-01
-1.872475133816608461e-01
5.395162888749821528e-02
-1.187884719845788278e-01
-4.181767460644413015e-02
-1.409488180179997996e-01
-8.095263840398385369e-02
-1.873640747370456106e-01
9.529358509440882807e-01
8.872931089229392221e-01
-1.504164431769946519e-01
-3.118954598980215320e-01
6.416513606760515520e-01
-1.996965107473703260e-01
-1.006368039495526001e-01
9.151789050703049710e-01
-9.812262041915259525e-02
-1.256277897106774788e-01
-2.697421958601427527e-01
-3.757436710600128293e-01
9.256630301183677023e-01
-6.020675176282601626e-01
-2.101383580788089844e-01
-2.699686126227406335e-01
-1.002092637354021487e-01
-1.745953171472840459e-01
9.037413623193457646e-01
1.546193279565372947e-01
1.124282368475284233e-01
9.336446040716918082e-01
-1.447485244678316518e-01
5.870568727175689006e-01
9.219021403565745842e-01
-4.976311879951947903e-01
9.169817413924040705e-01
-1.784775491006100612e-01
6.835549672633918217e-01
-2.260898874383409640e-01
-3.019892088246546313e-01
9.893596611865702606e-01
8.573010237478118079e-01
-1.293742173992759870e-01
-1.950970583104998102e-01
9.423459624501812071e-01
-1.147779388527349481e-01
4.879042735779338669e-01
9.546080278953625875e-01
-1.606337760683250460e-01
-1.422727075028546451e-01
1.079108424702962879e-02
8.548872087253827079e-01
9.564011999074764070e-01
4.042867268828087557e-02
8.614217395406065236e-01
-2.437492690609088797e-01
7.169128069324419705e-01
-3.050978629485970317e-01
6.821277075954246261e-01
-5.894890651475835908e-01
-1.864760332816186583e-01
9.259627355935751147e-01
8.595490430890144751e-01
7.261449508799873165e-01
8.412837443160057216e-01
9.979474983229119633e-01
-1.521822882550984413e-01
-3.947717341769758637e-01
-1.913372782142148398e-01
-9.251554634326746018e-02
-1.675720413191431057e-01
9.488710556131587648e-01
6.828362534291720909e-01
8.168975604428028170e-01
-2.682603908730395448e-01
-1.610823243254895787e-01
-1.666107295968405344e-02
6.763543386337074192e-01
-7.647993722153534346e-02
9.479059569605949864e-01
9.709740888367923706e-01
8.118372015223285221e-01
8.890217119270782398e-01
8.288497321307597421e-01
-1.170352346765183987e-01
8.165704906609053682e-01
-1.514479886062713443e-01
-1.594409459814606911e-01
-3.609160238735815707e-01
6.560467338498479073e-01
7.921310266891815610e-01
9.350629904004765791e-01
-2.321742232049763266e-01
2.166453210947705266e-01
-2.012188637457507090e-01
6.607519384870468304e-01
9.284871415847282261e-01
-2.211057740094065083e-01
-2.077628632844253087e-01
6.727802380418451689e-01
-1.658617515170668910e-01
7.812666132719878753e-01
8.831390505017316928e-01
7.812108325913124096e-01
-1.231155706340264916e-01
8.425499680291784754e-01
8.287617374063060982e-01
-1.268073433553690565e-01
1.373578484412621425e-02
7.307152246064889667e-01
9.725797794082413628e-01
-4.790822482875242150e-01
9.154942670407690830e-01
-1.202597601598792559e-01
-4.506881869827471243e-02
9.718641557725429259e-01
-7.616339548182879393e-02
6.916936915461373570e-01
8.118060564275630941e-01
9.396853638483972926e-01
9.415657609776959536e-01
-5.804735271756222836e-02
6.434381742624546430e-01
6.172849443278141113e-01
-6.092818455730129867e-02
-5.948659790156960447e-01
6.155218805025740592e-01
8.982661427293514578e-01
-1.997942398853205515e-01
-9.722105696641447636e-02
6.641993826560419478e-01
-3.310903737117220080e-01
-8.819311194681156429e-02
-1.481958574130187722e-01
-1.880961587065131113e-01
-1.262946761461298251e-01
-1.994442699898172355e-01
-2.101635747395980414e-01
-5.687714092335512950e-01
-2.426206004983982867e-01
-1.472131764907901874e-01
-1.111637599475679555e-01
-1.732202146494259964e-01
8.207455891099298961e-01
-7.105539367428623243e-02
9.217526990414925958e-01
9.625864680066825718e-01
9.897503656236374958e-01
7.053273013138046110e-01
-6.041811848325147061e-01
4.960556756920691396e-02
-1.984305388671117609e-01
-4.449007514817971548e-02
9.314682271811873804e-01
-2.048618607561333502e-02
7.047757585546818859e-01
7.779088473724036223e-01
-1.327858651469120688e-01
-2.009349513922471520e-01
9.722258395539962184e-01
-7.912921132662600887e-02
-3.689038396475848303e-01
7.086743351761131127e-01
9.976660725353072579e-01
8.107813212207797271e-01
-5.986839822392824306e-01
-7.456483653445403204e-02
6.759873831473599270e-02
9.456377405289417837e-01
-1.272007248127556521e-02
7.649897195866643962e-01
2.165812942318294243e-01
8.071633497800615453e-01
8.935617717604737997e-01
-2.320608328014775457e-01
9.978932850396455834e-01
8.816910211081055992e-01
7.117908363968201702e-01
7.509012954680227558e-01
-1.859537824769704473e-01
9.802504606439932378e-01
7.093691958072445569e-01
-1.069157229242423263e-01
9.389614525944287582e-01
-4.217031395225646628e-01
-7.259484294735882304e-02
-1.876590227037668035e-01
-3.739738406115208358e-01
-1.929017677297027444e-01
6.364720035200963633e-01
9.885561851930141364e-01
2.537901078674867361e-02
-1.760604283687398630e-01
-2.484629946804910450e-01
-2.894226995537237945e-01
9.859738662336662296e-01
-1.053366130837869036e-02
8.504677869507650811e-01
-1.968758351301675424e-01
-5.674921157406630223e-02
-2.784144572775469895e-01
-2.024737949908251844e-01
-2.119014977829916102e-01
-1.228143109827209423e-01
6.695583931642684616e-01
4.493259127724441582e-03
2.598302444192581578e-02
-2.825497473351547967e-02
-2.893422696004526173e-01
-6.578806631171149610e-02
1.593971781923241710e-02
-1.601742298898972405e-01
-2.458226245230801243e-01
4.516874009083798186e-02
-1.070631381326866555e-01
