9.226111392534981359e-01
6.869034720229292290e-01
6.456842883800941735e-01
9.332567963247451193e-01
8.524111057454553109e-01
5.508352387554089624e-01
-1.146485544247549948e-01
8.575296246970773861e-01
-3.061712445221057566e-01
-5.271597460464007012e-01
7.129146711208413922e-01
7.552388276313943827e-01
7.859824278869966818e-01
2.419434938645668165e-01
7.432120891811766494e-01
-1.018265558975486595e-01
7.701055818713669066e-01
8.072940775523425039e-01
8.202395043103734018e-01
8.587212585050838509e-01
9.070011485204134694e-01
-1.985938408450085291e-01
7.140233927502341871e-01
8.135258130683649114e-01
5.704782552070423174e-01
6.757460107199433352e-01
8.764602290207583746e-01
3.221759260675653991e-01
8.067732506802229864e-01
-1.350745766762156963e-01
-2.208631868531996667e-01
2.524423449255391305e-01
9.437873399312395328e-01
5.957237311672585189e-01
6.850712992343825913e-01
2.515311925934572423e-01
8.418119960880025010e-01
-5.516951394033005052e-01
-1.452850963025880682e-01
-4.765238200092180021e-01
2.938730161249360484e-01
5.343187237226392217e-01
8.709845968078999690e-01
5.749140831947936459e-01
3.125208323268604538e-01
7.855259136711429946e-01
5.053861087282790487e-01
5.132449566639118999e-01
8.687866805775457113e-01
-3.379497837063230037e-01
-1.756430113795716119e-01
2.860858203786910137e-01
-3.382894185328121361e-01
8.874553083024394606e-01
8.011694980703385482e-01
7.989627265605390161e-01
8.356246701216200057e-01
-1.789406381622729580e-01
8.319070126507661644e-01
-4.948686935532936593e-01
9.409676987621155009e-01
7.048419395985523472e-01
9.480964130239708521e-01
8.824425203824337594e-01
6.862072228964744003e-01
3.099170378544404136e-01
-1.899547482446347635e-01
-1.779784652546519963e-01
8.973453082802336223e-01
-4.572632168772465810e-01
5.495355113428972427e-01
-3.231477162443354700e-01
7.584654282847924645e-01
-4.417039834350319216e-01
8.851495207664519249e-01
8.557231357617833822e-01
-7.274740643906538184e-02
8.982624165781090131e-01
-3.949643121906601384e-01
8.218987671186366306e-01
-5.664527189394236162e-01
-3.110918147999249261e-01
7.169002382667398754e-01
6.268991606131133487e-01
-2.271928002096265387e-01
-1.841169644160153551e-01
-4.330778336195626466e-01
9.161375393856883154e-01
8.047689926273472460e-01
9.019422854822366498e-01
2.487142357573803031e-01
5.123711077870596320e-02
7.484155497945476077e-01
9.207510121294365524e-01
8.383787028313445244e-01
7.497581232297459986e-01
7.011642030933381564e-01
5.535205015752178159e-01
7.529464908053378203e-01
8.756032087370604344e-01
-2.528089055401323004e-01
6.582703809907022308e-01
-1.002807701707251475e-01
8.273162529374229468e-01
-2.995242298720474095e-01
7.719009238523989458e-01
7.786169183567649421e-01
5.264315393282852362e-01
9.249948447835010246e-01
-2.695186453378086711e-01
-5.767701788810795094e-01
6.155909657792932865e-01
9.445971470793522728e-01
7.833584434589284662e-01
9.124559005355488139e-01
7.410268764610388192e-01
8.299114481564919821e-01
5.579627578040110558e-01
-3.044415272574196862e-01
-5.499082157655279524e-01
4.842289551335995368e-01
8.170067978324765390e-01
-3.611050510668956104e-01
-1.799924352306270792e-01
2.542865808970598551e-01
9.503830302030510380e-01
-4.722012395982561062e-01
9.086639404448496604e-01
9.067251764237894696e-01
-3.759110172103968806e-02
7.475372822751666924e-01
-5.222317593564926863e-01
-4.769806277112865756e-01
-4.057729395795699467e-01
8.139170531091386440e-01
7.891572007649185760e-01
-2.831309299744664831e-01
-2.580101482333331253e-01
6.497603209469686725e-01
6.138675760607140708e-01
3.221007733518805871e-01
-3.996142376951167807e-01
3.255031246596744587e-01
-3.894349478158909417e-01
5.983092419420390495e-01
-3.681936556723760523e-01
-5.018434706223964120e-02
7.027361426382816578e-01
6.838005861582864275e-01
8.882193991341947870e-01
1.944720801929654408e-02
8.721953852111018479e-01
-2.336100873479975415e-01
3.336697761443709886e-01
-4.799952561133482010e-01
9.366689012876030507e-01
7.575237378448272940e-01
9.463158194507435006e-01
-1.091142512901517037e-01
-3.823723215005380704e-01
8.692685249640899059e-01
8.380217406836101279e-01
7.483891904018580288e-01
8.195901417398769873e-01
-1.646859672190966739e-01
-2.242173862991583833e-01
-3.692842701898972346e-01
8.855600190988592857e-01
-2.535138933662651195e-01
-3.657945135386362345e-01
9.016725281390469693e-01
2.196267055801392754e-01
9.176725972899493211e-01
2.930128527673654393e-01
8.011888058507248278e-01
7.583702548060309301e-01
-3.479619562411760958e-01
7.585946092901640903e-01
6.080685803191980821e-01
9.426144690685296368e-01
-5.946462231246785191e-01
6.126488756003642955e-01
8.474423013645531189e-01
8.301205100111640478e-01
-5.712080407247379643e-01
2.358501165778082165e-01
-2.900561106275704737e-01
9.316367446077491454e-01
8.838810457871956183e-01
-2.313935978762171053e-01
9.274372656868683507e-01
-9.645241016154096347e-02
7.787119222280943776e-01
3.124009491849695785e-01
7.903774582773291923e-01
-3.699666347731199734e-01
4.289780360962142103e-01
-1.960268358123100352e-01
7.360617365492705400e-01
9.065385651766383335e-01
-3.085522971008746729e-01
8.334577885849926426e-01
-4.624087743766522318e-01
5.026676657751432131e-01
2.515602663671240857e-01
6.978203711100148254e-01
-5.578079800963723356e-01
6.276526502177777189e-01
9.238573826422091795e-01
4.342737396634781533e-01
5.140348042554578889e-01
-4.529375437443087238e-01
7.208824911234792410e-01
-1.554504149567088045e-01
7.903888823376605810e-01
7.937512493581870832e-01
2.465784032900819878e-01
9.151259684587852439e-01
6.778285126707648267e-01
7.662047612546611930e-01
-2.621919366342704283e-01
6.931082006335388401e-01
4.498376657616476315e-01
8.355262958993159295e-01
8.728983467320642342e-01
9.329927444030031713e-01
6.840553481870786934e-01
4.855740557239390243e-01
-4.700775013391410018e-01
8.126034613028265685e-01
-1.130939152026931016e-01
-3.771429148801174192e-01
-8.387097923082798001e-02
7.473738200075135119e-01
4.193023595317452723e-01
-2.323432167801273707e-01
-2.226867474734272045e-01
9.315562073185383873e-01
9.097780405598949738e-01
4.239573639639271918e-01
7.686473587569764288e-01
-3.096532504255969931e-01
4.791698521059294946e-01
-2.030792711230604841e-01
-1.780136040538940478e-01
8.804992453452834544e-01
3.498166715700646301e-01
7.098720525311961183e-01
5.856320243596100372e-01
-2.787084761947732914e-01
-4.183123605807855805e-01
1.975190090683210387e-01
9.380915650548697915e-01
4.507425965664157985e-01
6.337183688503900125e-01
8.535200068870583134e-01
-5.445254564764693272e-01
8.388844256780795261e-01
9.485622623948373189e-01
6.937963542370866321e-01
-8.004098582124175021e-02
9.116873324882346363e-01
6.421267061216027194e-01
-3.956176353164300719e-01
5.875690860114687331e-01
-5.220271472641707655e-01
-4.371371687030863873e-01
6.632015057401505764e-01
-1.052041122110327492e-01
5.417870960101711653e-01
7.483689765149685869e-01
8.592557973037450170e-01
4.743839629457609064e-01
9.168632549226938266e-01
-3.778502490927385660e-01
-3.775331952324382789e-01
8.105676087402655661e-01
8.619759014978839451e-01
-3.595406450054039471e-02
3.163940641153349942e-01
8.831074601563805304e-01
4.704522525937369637e-01
9.134211868750206076e-01
9.004463171777015162e-01
7.210320844598174794e-01
3.580149804363036425e-01
9.716184890560386478e-01
9.055829157591807066e-01
8.993719250147540478e-01
6.715328701410013812e-01
9.240552175584300088e-01
6.917636922086385365e-01
7.914392380447139441e-01
-4.600137188655601950e-01
-4.100081940293887062e-01
7.792500494495004926e-01
7.821063153241243349e-01
8.922724719641936808e-01
9.353840738126509846e-01
5.290505798892972678e-01
