9.139340165187347376e-01
2.265124215875535252e-01
7.564977558006832359e-01
-2.501022561530765187e-01
7.420708415588904705e-01
-3.523398990635314698e-01
7.600973922752841672e-01
-1.666046188352022783e-01
7.677429131914024207e-01
2.658239329700664566e-01
9.202109623270785521e-01
-4.157693870821895787e-01
8.843142942030098874e-01
9.125823832099290156e-01
-2.539960962433416292e-01
2.784566693126626635e-01
8.855589104589889349e-01
-2.076108824307316969e-03
9.253650360243680373e-01
8.738676830679663610e-01
7.399647688762692743e-01
7.503567659425761649e-01
-3.193007597636424166e-01
8.723955546193158384e-01
-9.943545166860294493e-02
8.064587378255265726e-01
-3.852519396170726029e-01
2.745710858289250322e-01
9.182414785036860927e-01
-9.405546336380757322e-04
-4.694861161066753441e-01
7.056472661196562246e-01
8.857511930109414067e-01
7.068944356716615474e-01
-2.490286141213252646e-01
-1.138564244103467404e-01
7.505035340614831796e-01
-3.634285167578109599e-01
9.171492220259437333e-01
7.537808129813012847e-01
7.204536137493819936e-01
-1.996617495178728829e-01
-1.317337377085313344e-01
-3.321442677573204771e-01
8.836662655020387502e-01
-3.385925180748431407e-01
-3.731584732599056986e-01
-2.109414951858619158e-01
9.242077907250945135e-01
2.447908069860750546e-01
-6.065380731317050744e-02
-9.259649605156973495e-02
9.261821840691324415e-01
1.411818735670803127e-01
1.985565575156464924e-01
2.918874089685201678e-01
9.292653723414778799e-01
7.816323956731882072e-01
7.668217068519900259e-01
2.976411343739684967e-01
3.643280468815336404e-01
6.812277134558471225e-02
8.857891699537276953e-01
2.910894229498734997e-01
7.335624640250102413e-01
-1.759373867933656799e-01
-3.150068571397043882e-01
-8.950800673883047009e-02
7.870625308048556645e-01
9.255547938296583288e-01
8.686769904699352951e-01
-2.668710884950576401e-01
9.051016280426613658e-01
-2.453475279011256560e-01
8.868262233156617436e-01
-1.397717495341895683e-02
2.291749300530637745e-01
8.975570420266920646e-01
9.089952958470512989e-01
-2.325185260070501692e-02
7.782364502922736182e-01
9.822547325840622068e-02
3.167945754030533356e-01
-3.601607374469428108e-02
2.786430956375277046e-01
6.844879072538232467e-01
2.990698411290372283e-01
2.075325119054814427e-01
9.122902032037228937e-01
9.173068550096683538e-01
8.844565279473468045e-02
2.521186930842828633e-01
-1.975491464846001743e-01
9.281268245794810356e-01
-2.474397780427229354e-01
8.907301519562030312e-02
8.076660329043398034e-01
7.434581109476192662e-01
7.407494768098435989e-01
9.093320948963159456e-01
3.911849900100812794e-01
-4.464887442130571760e-01
1.312108951278888047e-01
3.332786100642469163e-01
8.041371862404113058e-01
-3.421361710238928211e-01
7.796199071100093914e-01
8.686216810797718901e-01
9.343680248932689780e-01
-1.259079330721368795e-01
8.735371340818779418e-01
8.923591327964799369e-01
-3.061818260256877755e-01
1.150554480048021633e-01
1.594746300804268380e-01
-1.148851754249888557e-01
8.620760116670406203e-01
-3.744075105351606370e-01
-8.101749439393644836e-03
-3.007087368908488156e-01
7.299951351641833508e-01
-3.508383851573781409e-01
8.031016782912512308e-01
-3.327256899467888052e-01
-4.131884386762664230e-01
8.793776673461920490e-01
-1.932054994820464611e-02
6.966988815377460620e-01
-3.157143302574186849e-01
-2.650506876532500722e-01
-1.457633871624615940e-01
2.433551651367331370e-01
8.921334149197938101e-01
1.954928237533689883e-01
-1.320409891179945838e-01
9.062539661855579798e-01
-4.380965382816209286e-01
9.074371016779597676e-01
9.060099439836909463e-01
2.403792881244670165e-01
8.805574351167049230e-01
1.278784205171385607e-02
-3.437212309086215556e-01
-1.629415525613551186e-01
-3.840285777829186009e-01
9.083010949460235128e-01
-4.179122217463981936e-01
1.259952393112747926e-01
1.037174019721615326e-01
5.315357622818830952e-04
3.042048236454963361e-01
9.249414547039266354e-01
8.699872124859672762e-02
1.934042175202832850e-02
9.310018292229907955e-01
-2.543707614244473669e-01
-3.025545023174165404e-01
-1.185902258804873988e-01
7.145995157676867660e-01
8.095203605173428851e-02
7.702025618071932644e-01
1.041678139048707319e-01
2.034502904598603223e-01
-7.390788104300649586e-02
2.798219049208870435e-01
-1.825882075746879385e-01
-2.849133960329323090e-01
7.995959310962512667e-01
1.107624953917796806e-01
-2.044175912895239700e-01
9.068761700662296699e-01
-1.795431368209269574e-01
9.212915085052861830e-01
9.116324481305947414e-01
7.689535940974937533e-01
7.926935974681453834e-01
-3.628118688217471521e-01
8.490903635132215355e-01
7.641116354954486933e-01
7.873321860127298066e-01
-2.231476827303020272e-01
9.354669346903211613e-01
-2.235633124112397230e-01
2.423284452111237053e-01
-4.336414960584804024e-01
-3.041539703082868015e-02
-1.156147398845756430e-01
-4.413065734088802428e-01
-3.184654903992034103e-01
8.744850688280028095e-01
3.386097534424297728e-01
9.141783079321760264e-01
7.544534085980036942e-01
9.296795816431718817e-01
2.679285804138685778e-01
-1.547408197356325565e-01
-3.252624075886347277e-01
8.888397713392220956e-01
3.117336318815988050e-01
-3.712698834640229539e-01
9.138618647279357354e-01
-3.305942636601933438e-01
7.897136079236901640e-01
2.076392133221248090e-02
8.061188245744235759e-02
1.636441797359251271e-01
1.027279116257028141e-01
3.414864194406054820e-01
-3.483891541446301754e-01
7.563219161805310176e-01
7.523223787455238787e-01
9.140099073578455968e-01
-3.081496162358406954e-01
-2.838048485179677227e-01
-3.044711877052940774e-01
-2.248279641560266273e-01
8.339417800217739651e-02
-4.172056175919886534e-01
1.972421823085359141e-02
7.930434976786310264e-01
9.225780540456641754e-01
7.557464107404400222e-01
9.354837272474104681e-01
-3.742767390613481182e-01
7.090165460311886880e-01
-3.936124614747420897e-02
3.230507684787796430e-02
7.954869787513991763e-01
9.207586011754864685e-01
-1.553901638978372191e-01
1.578009593516326303e-01
7.930502490410857863e-01
7.118868137256907369e-01
9.153070237386465857e-01
-2.828281637678526916e-01
-2.306638807903733102e-01
8.294290921463133293e-01
7.166766005115436933e-01
7.469212280566170925e-01
-1.048981165547643590e-01
3.863761055904114117e-01
7.818461491710835265e-01
-1.592606925999472400e-01
-1.124792659693960584e-01
7.532416441367973947e-01
3.365596211911277003e-01
8.915031642742696771e-01
7.604032154046155290e-01
7.311262007605950908e-01
1.731896626956038188e-01
7.293866190298384788e-01
7.291394902711750836e-01
-3.968813157219192589e-01
-2.862863032684134779e-01
1.826883872094091088e-01
1.892511774601502994e-01
8.937860838412925446e-01
9.216725403152105089e-01
-2.739981377239555926e-01
-2.658449677723312976e-01
-2.507960760359614905e-01
-9.922277477020019498e-02
-2.186810123693364583e-01
7.599633607920561196e-02
8.939679989382286474e-01
-3.535363037311823331e-01
7.454408678711198499e-01
9.096884367860768039e-01
2.334482039172070533e-01
8.100152302762488876e-01
9.340319242086156937e-01
8.442586838284593664e-01
1.483916065579082288e-01
-1.499813117811610585e-01
-1.551414401577846380e-01
9.120221945917397210e-01
-2.407427730174073743e-01
7.798471015016006369e-01
-4.176663059622984786e-01
8.152149220727333834e-01
1.835113148433765162e-01
-2.725238597684774833e-01
9.547923945902653253e-02
-4.380120153233031666e-03
2.291471318322213513e-02
7.187248300020560032e-01
-2.919797852498602908e-01
8.868130688434991971e-01
-3.233182968310316374e-01
8.952959396397504044e-01
-4.448023825319298852e-01
8.252909620198254359e-01
8.681913711831915625e-01
-3.440210205442705838e-01
-2.592243517448816204e-01
-3.612986248375333886e-01
1.149915314691557500e-01
2.948180375550448207e-01
9.112818335556808202e-01
-3.190540631073882083e-01
