-2.517615140647343486e-01
-3.110543337959625898e-01
9.216164896955449937e-01
8.653602084696577768e-01
-2.362570987288972191e-01
-1.902839935505827862e-01
9.305336170524610706e-01
8.085249464763969440e-01
9.174338796155638853e-01
6.874585094281584485e-01
9.400996819527980275e-01
-3.024635925397056169e-01
1.410182195907344060e-01
8.363520484372473085e-01
-3.083106218919151598e-01
-3.208030900047978418e-01
-2.107933260492637906e-02
-3.364059594076570514e-01
8.781422710210944338e-01
-3.172799311633519026e-01
9.108041297718006968e-01
7.811144421422008266e-01
9.033068310196975537e-01
8.823827733972987586e-01
8.981269006343638450e-01
-4.669070606363522752e-02
-3.305890550984582621e-01
7.742391235279367789e-01
1.883646085718184149e-01
8.887607975117892689e-01
-2.211111928352536560e-01
-2.950933031886309732e-01
6.613990533283553575e-01
8.855093677133626384e-01
2.094365264441478899e-02
-3.911333113525065630e-01
1.851797170251285041e-01
-3.507953580826774775e-01
-2.176015007021163683e-01
9.272657777143428204e-01
9.066325742196045256e-01
-3.016714653534209312e-01
-3.949681346984964536e-01
1.328426650753224414e-01
-1.766312913489810621e-01
7.645243268494102129e-02
8.777825724977905697e-01
6.356520223093238275e-01
-3.439804737008091973e-01
-2.156802542467959050e-01
-3.679698465291433296e-01
6.402923083147579741e-02
8.841001150461329505e-01
1.562873364588940051e-01
8.795017956340774878e-01
-3.763737595739372055e-01
6.835387110203006156e-02
-4.279631118983345806e-01
-3.858195019125050251e-01
8.007024606475676709e-01
9.327327376909949619e-01
-2.939903310755714316e-01
-3.777890871518422844e-01
-2.281378828220179122e-01
7.341463039701661142e-01
8.860346830995677880e-01
-4.582542621790024195e-03
7.682394843207872581e-01
7.720880067891585652e-01
9.168651432618265540e-01
9.348030902603211567e-01
-3.546124259352039787e-01
6.986150086803541992e-01
8.070434341743909501e-01
7.487188075113500041e-01
6.712045237245497509e-01
7.230724461741513398e-01
8.074826277111717410e-01
9.866028785795968870e-03
6.902781470969483468e-01
8.897977629500813945e-01
-3.938705369040474968e-01
8.481359875739182819e-01
5.461681092426357020e-02
9.373549432006236248e-01
-4.229866511387364580e-01
-3.560490679222135246e-01
1.929251421696428770e-01
9.252287558234829623e-01
9.366893533031882546e-01
8.563608217053980676e-01
-3.609250790698830813e-01
9.299305335550411833e-01
-3.872369013697782858e-01
7.037891370678327485e-01
9.232983765432316581e-01
-8.848780923414811816e-02
1.414610595900960555e-01
9.256181920957317066e-01
-3.732505453523135563e-01
-2.776920844563321444e-01
9.022458231255112704e-01
8.251521463123875355e-01
9.348333750110112694e-01
-9.958504965998699054e-02
-3.636530358173879485e-01
-3.142284813809061994e-01
6.806919709927480855e-02
1.095315701679207554e-01
-3.937703912588464417e-01
6.882410965024509109e-01
8.247739179931129483e-01
9.371708510321844487e-01
9.089015256431861589e-01
-3.019237047942449625e-01
1.845276010923937726e-01
9.064766597363894673e-01
7.808513836863657520e-01
-2.970494635387055382e-01
-2.932347246642491578e-01
1.560899081008310652e-01
9.012806002239885927e-01
-3.571921894976116674e-01
9.320446657992855766e-01
-3.137539291159133215e-01
-3.180782335881746081e-01
-2.686272297164622458e-01
9.369581161858461793e-02
6.734185568461689697e-02
-2.621418482966029750e-01
-1.259981981013918451e-01
-1.325564196519753435e-01
6.898957136837785553e-01
-3.702195213575683042e-01
-3.803621486480731062e-01
7.587191392752919983e-01
-2.418994873280344571e-01
8.109792787104450618e-01
7.574772801281618451e-01
-2.681705442031889208e-01
9.271791075905334578e-01
1.873292895607306663e-01
9.176381852894980318e-01
1.887139409193804851e-01
9.001884033617202352e-01
-1.723129527825262020e-01
9.109851811223859119e-01
7.335724166262871382e-01
9.043714362509213123e-01
-1.673114802864041351e-01
4.725348402777096446e-02
1.068884956943158548e-01
7.280823342695837974e-01
-2.863701078796972999e-01
7.132255803448981357e-01
8.079965374900800468e-01
8.930403931337009826e-01
-1.347804054677277097e-01
-2.440275029649364991e-03
-2.758549227459957676e-01
1.351090552138379808e-01
9.077033658006705696e-01
-3.536876035067200719e-01
9.134625877675699446e-01
4.781377266854157371e-02
-2.620573959826893451e-01
-2.454720707080327025e-01
7.559126722363779249e-01
-4.082224415850115307e-01
6.954954737071673554e-01
7.688414537423201578e-01
7.632171621397652039e-01
-3.138505894014135822e-01
-2.417883477056294583e-01
-2.769389890774489604e-01
1.631614526063345227e-01
9.274917295906720538e-01
-1.364329279023062114e-01
8.786701530974411201e-01
7.619709369879136274e-01
9.035277496170106559e-01
7.742966169253232556e-01
-3.936397905791796381e-01
1.800980472072008509e-01
-2.188511852886982356e-01
7.537668487865689659e-01
-3.111819841860410940e-01
8.418824985841896202e-01
5.396299257005758576e-02
-2.652296210601838289e-01
9.130547131167984221e-01
-3.597277852724136138e-01
-3.653002631564883362e-01
8.918635720972254433e-01
9.137401444373806081e-01
6.711241927242608263e-01
7.102555413389683991e-01
7.695541925068104527e-01
8.432100267084748912e-01
1.348427324172820352e-01
7.939742126593396510e-01
9.496344862246830498e-01
8.635954463614670118e-01
1.130335761278132289e-01
7.779173198611785134e-01
7.934665393529583000e-01
7.740775553577177170e-01
6.961757653172040428e-01
9.113198635570405326e-01
9.295445871717651354e-01
-4.816533297431893623e-02
6.836919395049551040e-01
7.252849293084813187e-01
-9.644030550687746062e-02
8.509964678965443730e-01
-8.495298197889072922e-02
-2.178254270217802324e-01
8.606779936346515836e-01
8.507995533821880452e-01
9.096949336078138382e-01
8.202205595803658822e-01
8.719180605290195452e-01
8.025725627058918343e-01
8.174419332893985146e-01
-1.905940211912005022e-02
-4.942241091534516073e-04
8.022756147329966891e-01
1.270007678558262021e-01
-3.507413775651395671e-01
7.167611004729013136e-01
7.071094223434627457e-01
-3.722270146041423700e-01
8.606213487516093386e-01
-2.858597851304779669e-02
7.283692732960740379e-01
2.614968216798367884e-01
-7.386098614982261612e-02
8.797055234673645252e-01
9.347935571436609692e-01
-1.485125439596464703e-01
-1.559580485074248124e-01
8.295614920350672383e-01
-3.318247206167725810e-02
1.127145635412256930e-01
9.345727811431190357e-01
-2.018284399143795982e-01
-3.606724333513846026e-01
1.772282474074306502e-01
8.035788956931904092e-01
-1.836687400658060243e-01
-3.262131027520636106e-01
9.024228631481255869e-01
9.072472599603881305e-01
1.629351798778952698e-01
8.985592849875305710e-01
-1.476548703178323096e-01
8.761513539778293946e-01
5.399815614323872498e-02
1.230546853112295946e-01
-2.775526952241151313e-01
-9.716373752996060320e-02
6.863358706161968303e-01
-1.925374044133058016e-01
8.568230619543613091e-01
7.071852301185089784e-01
-4.123596842000266105e-01
9.271122738645890538e-01
7.359386165524798296e-01
8.118669099897377617e-01
8.230888273102602293e-01
-2.791050956920073101e-01
-3.767216641807113464e-01
8.525753774043246525e-01
7.044621454188800813e-01
8.102482586459567315e-01
8.654894789130414268e-02
7.207342227976559768e-01
3.061029141436739098e-01
-2.545324489956698466e-01
8.446638885255411955e-01
7.022918066148630123e-01
-4.323915850577950831e-02
-2.907797722924200176e-02
7.969790874446772699e-01
1.853420245669534089e-02
6.955665951300240568e-01
-2.990443831656029450e-01
-2.631095589750126473e-01
-4.014534572791364497e-01
6.893928402980195047e-01
8.864544206550880601e-01
9.171674724314575755e-01
7.101938714085799242e-01
-3.264782732562614975e-01
9.278559859505123297e-01
7.036666704355459823e-01
9.049809392677492514e-01
-3.742724532859075803e-01
-6.791751875775924041e-02
9.180402744328888254e-01
