9.208923510731701345e-01
8.915234800333324827e-01
7.084440866218526534e-01
9.320925238336745799e-01
8.869683433657702398e-01
-1.822847749229727643e-01
9.136832769594358528e-01
9.032006962124453642e-01
-1.659523042007380322e-01
-3.954517327693466422e-01
9.055928654318958770e-01
2.890624999270079432e-01
9.352351792419472121e-01
7.386966278773073880e-01
2.833126249403414287e-01
9.183044525727998009e-01
-4.043235109277606987e-01
2.072326375358653910e-02
7.477305505887581472e-01
1.061534383913329965e-01
8.460769927532928447e-01
8.173569297591145588e-01
7.216908949242740734e-01
8.882244621853360167e-01
8.477479215959211611e-01
7.646005268675080124e-01
-6.593025636436246339e-03
9.157607218561525375e-02
7.075730099413303220e-01
2.456205181564071194e-01
9.025833178754159025e-01
-3.649078045000982429e-01
-4.199929735412792353e-01
1.212149238380805238e-01
7.610135966316942113e-01
1.446344628056382420e-01
9.051366305760643050e-01
8.534676641050846779e-01
1.119034050286181470e-01
-2.837707889569774378e-01
9.260099796273383310e-01
-8.184420318329384270e-02
-2.188901961769497695e-01
8.927929328247059537e-01
8.954220234620893226e-01
2.369640525592190405e-01
-1.096210333166748319e-01
1.050243158027348578e-01
-3.806737511103290839e-01
8.973357325354053282e-01
7.550663871088236778e-01
-9.753374271210799029e-02
-1.419867609246401041e-01
8.909388115903350558e-01
-1.381666861196307883e-01
7.373794990490367685e-01
7.770021924655110546e-01
-2.964496155830710356e-01
9.121000317540659541e-01
2.724818813594501732e-01
-3.795551332245054865e-02
-3.293798448278123514e-01
-4.270630460351601543e-01
-1.108579318207790765e-01
8.100336693737961169e-02
-1.686317020593924298e-01
7.994998191666862208e-01
-3.829558291264979764e-02
8.920698350724820536e-01
9.219584537277701886e-01
-1.929839805426675492e-01
9.140960968788416352e-01
8.007317803873186257e-01
6.458036111604380236e-02
-3.547897094746362834e-01
1.170060126453553451e-01
7.453151192244452661e-01
1.910563692141657444e-01
8.887462641538529384e-01
8.896587360712978620e-01
8.968984062100429089e-01
1.997149233494616427e-01
2.044664315271877975e-01
1.439309971750547534e-01
7.549660994477638276e-01
-4.731761618385321028e-02
-3.765030047883501929e-01
-2.583684618535513344e-01
8.247334133126928979e-01
7.264222869606835609e-01
8.927386041647502601e-01
7.731002158964392912e-01
-4.127227550392300048e-01
7.905752998294101053e-01
2.804081003994433607e-01
7.377289209854070995e-01
-3.405283846382362034e-01
6.933768936912771963e-01
1.160618402660586190e-01
-2.825278220567424281e-01
2.455689077037102319e-01
6.179708832643188848e-02
-1.985941895716673844e-01
7.801167359364127307e-01
9.387349171563552641e-01
7.486956240700460841e-01
-2.073532149699726934e-01
-3.891550412145386439e-02
-4.259820323197751057e-01
9.371733586223376933e-02
-1.302919396111560379e-01
2.314032837841270562e-01
7.835282402855379136e-01
-1.355773460936739727e-01
9.291738273979994744e-01
-1.622527095897121907e-01
9.030872294704526126e-01
7.882959455302210872e-01
-3.803149969315068879e-01
-3.178815128090102249e-01
1.588084664159113701e-01
-1.868522859948990866e-01
1.086806631752147700e-01
8.941258966558308652e-01
-3.171811004589429883e-01
7.494034688462508642e-01
9.163851187351889083e-01
7.586809050861520465e-01
-2.745254304717614779e-01
-4.010966947237905589e-01
1.002698077276361621e-01
7.973157977239228034e-01
8.745331741994309960e-01
9.292919128410510599e-01
-2.761528907457847515e-01
-2.241250234775443162e-01
-3.756897702884046675e-01
7.097690429478910046e-01
1.782019535832945201e-01
9.279838565694321639e-01
-1.313780530297458393e-01
9.117944567292802782e-01
-2.786568903809105713e-01
-6.978712712801371509e-02
9.284771901471656763e-01
8.028544962045085498e-01
9.255389397928618367e-01
-2.949976792365521100e-02
-1.697353970698939618e-01
1.459972494446403202e-01
8.082478954857400533e-01
8.949458431697578931e-01
-2.161383661063404904e-01
8.717542474069186476e-01
-1.890289646165483339e-01
-3.077381527319048016e-01
-2.887581052772172918e-01
-2.110796038261917862e-01
2.707075289888872249e-01
8.760946298667330323e-01
8.957609005782299905e-01
1.979060082870182369e-01
-4.272472837982350113e-01
7.731284567455148915e-01
1.929549786317154014e-01
-3.936805382454229840e-01
-2.630962074864343636e-01
-3.932415239473728286e-01
-3.497532841996899844e-01
7.277497525583929150e-01
9.097922014909383126e-01
3.946802298916422813e-02
2.931059272975811703e-01
-4.240249714573678386e-01
-1.933884677142983788e-01
-4.170462401164620192e-01
-3.647432660342636024e-01
-4.547732550611774394e-01
6.950391983245890470e-01
7.259588019139009418e-01
-1.441557846496092643e-01
9.225629436313501630e-01
-3.667487458479526952e-01
1.772890957304437132e-01
7.343082700960840148e-01
7.573552626392696663e-01
-3.660379937141234885e-01
-3.210930199398474016e-01
9.254657851782732703e-01
9.280366414340976977e-01
-1.463110361582495300e-01
7.276916966082381810e-01
9.185065607959841394e-01
1.822978114799672644e-01
9.171389203407566137e-01
7.393671706854207937e-01
-1.332981648770314442e-01
-1.491085198417781144e-01
8.241613818857225215e-01
9.289134515258791192e-01
7.969403197695132945e-01
7.568969501993247917e-01
8.465976154427753420e-01
7.231097998862343612e-01
2.767885624074628570e-01
9.218869106552091131e-02
-2.033351599120056252e-01
9.469593998201892848e-01
-2.150447227031094255e-01
8.848182219514412195e-01
1.064771058571185314e-01
3.043876258602667972e-01
9.105625625786651911e-01
-3.758616609221072102e-01
1.260060131323188781e-01
-2.010411509879243552e-01
-3.292893782784194201e-01
9.001969051497233920e-01
7.593829516464387641e-01
-4.310930285775561588e-01
7.628981752721541998e-01
-1.062537646224601118e-01
-4.804475323850500995e-03
2.936484697637737895e-01
9.245721773366749607e-01
8.782780457796109941e-01
-2.442622478000516795e-01
7.764504333238214651e-01
-1.015902658221765412e-02
1.718912717716299388e-01
-1.208114339492692979e-01
1.620597417542423702e-01
-3.651798315348772084e-01
-3.938649858397934578e-01
9.220325010203765936e-01
-3.270954221643160298e-01
8.199429715905132143e-01
7.526415646161302986e-01
-4.043210703878094003e-01
1.962440789001242691e-01
7.163453883601378358e-01
8.348621729756728893e-01
9.088359979818457779e-01
-1.925987316195081622e-01
7.844746236251944893e-01
-3.553900342201750662e-01
-1.883070148152182210e-01
-3.926116149363504393e-01
2.848621647818964098e-01
-2.029565562840467685e-01
-2.540217996461047734e-01
2.778275619331946888e-01
7.428158016445416401e-01
2.254764687233184461e-01
7.507470121013940512e-01
-4.082725706808846278e-01
9.081298429105966186e-01
7.385881731279996254e-01
-4.047496759206912764e-01
7.950129360923904320e-01
7.443334610570603305e-01
-3.856558939086831561e-01
1.849316264504014540e-01
-3.052946158912929753e-01
-2.357063835757140513e-01
9.311981045452006889e-01
-2.602156069565730312e-01
2.845707544603198746e-03
1.958493852789157386e-01
9.339582243713907550e-01
7.530303550130961199e-01
9.126345848814192419e-01
7.759274944027736431e-01
-3.387200260917007100e-01
7.272436402922570764e-01
-3.763510265533233645e-01
1.960728459084197239e-01
-2.263230336146130339e-01
7.331731768448307429e-01
-3.996308669385724710e-01
5.729709931512436821e-02
9.125447053080661952e-01
9.117966422335120891e-01
7.031883110934580294e-01
8.019688103824338388e-01
-2.061557065331866279e-01
9.158690676635271588e-01
-4.681110755780559796e-01
1.493475990579214430e-01
-3.252990648530636464e-01
2.558249246749261796e-01
-1.214438827156656686e-01
-3.465064717322156040e-01
9.314222520266515204e-01
-1.848495219408679280e-01
3.441269936695585119e-01
9.203567952423900023e-01
7.643417327297348240e-01
-5.505958548810356568e-02
2.293977173767146327e-01
