7.647524569993673360e-01
-9.794624436644265575e-02
2.914494424153349014e-02
9.179040958552826535e-01
7.151707480139090078e-01
-2.598873880849025264e-01
-2.774729158644313465e-01
7.626745976781748593e-02
8.836303289718518972e-01
9.330481970110569012e-01
7.585385302087621628e-01
-3.647183471885396822e-01
9.250020763659807521e-01
-2.487338021315371739e-01
9.212069456068928686e-01
9.306503554174404558e-01
-3.964068826267015400e-01
7.415387095468165546e-01
-2.539150648758977113e-01
7.276115799016217300e-01
9.035378592349800897e-01
-4.178213017202534463e-01
-3.014956249464783022e-01
8.559416371418085978e-01
-3.118275016761291596e-01
7.730200691127434576e-01
7.781394485218567914e-01
9.129521663915662888e-01
-4.167907345054689405e-01
-3.228098017640635975e-01
8.919882111017410908e-01
-3.512201308268250166e-01
8.833759506943742457e-01
8.403581848009619160e-01
2.817062828511834871e-01
-2.553805112829287127e-01
7.752111787402152787e-01
7.888005130769685236e-01
-3.394532787436512766e-01
9.234739401458653685e-01
-1.609868937241196729e-01
-3.188512527265741636e-01
9.106698491393497852e-01
7.672826617837280594e-01
-2.154474971338887768e-01
7.325654549361336754e-01
3.463216444390446735e-01
8.034805819313816100e-01
9.211677502025894526e-01
2.651557954250123306e-01
9.151221541346845623e-01
7.636319842812633318e-01
8.675613736039653467e-01
-2.704016292577879899e-01
-3.574849202740093546e-01
-1.323428564789592143e-01
7.201028546052603563e-01
8.778552175710679917e-01
2.110649006465105393e-02
-4.089716630485638049e-01
-3.871576045427748136e-01
2.361246455645584497e-01
8.573603378299152755e-01
-3.061071399811954863e-01
9.298466259718388693e-01
1.208895754898114405e-01
9.173119393288001744e-01
7.717137822343510534e-01
9.133253599075662477e-01
-3.844427043293897062e-01
7.210545677336390735e-01
9.021990110124751272e-01
9.311077076132149299e-01
8.793180642069673425e-01
-2.319945016290811401e-01
-4.082633849158893713e-01
9.208519512052842915e-01
7.503337844552012692e-01
-1.529126621589998736e-01
-4.212688149946381966e-01
2.365508286915454783e-02
-3.664451952560495163e-01
7.689774150623447380e-01
-2.442522676108308810e-01
-2.835789302123349898e-01
9.055973084027788556e-01
-9.892499996521458838e-02
8.000298638073607416e-01
-6.776333669693895834e-02
7.162902205765192543e-01
1.964164263890328943e-01
8.035432870718988152e-01
-3.089293095895485619e-01
-3.727301205743945300e-01
-3.093534012882387940e-01
-1.780722248506317468e-02
7.090271963139291866e-01
-8.605675128558418208e-02
7.348363215821859251e-01
-1.547234642735279553e-01
7.121025262853474258e-01
-9.439799830813570825e-02
-8.839413095022885525e-02
1.511982133858310318e-01
8.597629424472552628e-01
9.316956115343373312e-01
-3.841749340717515726e-01
9.278382927540148595e-01
9.079704791071590009e-01
7.089064290899349530e-01
7.433119170958994992e-01
7.439570809521379724e-01
8.962930996973117459e-01
-2.635963075468834016e-01
7.150480325838501905e-01
7.580697180048755479e-01
-3.649903135493186013e-01
-1.245324618730108690e-01
9.289290360699361537e-01
-2.221210089235456375e-02
8.144791122554122520e-01
-9.723539380847574798e-02
-2.703424641527604755e-01
-2.805325162246659065e-01
8.962795013802709043e-01
7.248890625068427074e-01
1.489283019009788878e-01
7.034750445889327297e-01
1.280838161863011582e-01
-3.267087135246498630e-01
8.800451575415252359e-01
-3.165645395732765155e-01
-1.717924214864431920e-01
-1.955937265055910368e-01
-3.789905106628935760e-01
1.723618990474581614e-01
9.127276149098940694e-01
-2.957528439033320078e-01
7.603956422470553589e-01
-3.178758888893646328e-01
7.843755466974641211e-01
-3.804565327242236394e-01
-2.772410560812702540e-01
8.820658784169619349e-01
-5.817278027018393805e-02
8.831118322493382022e-01
-6.844786849340225854e-02
-8.512847330668138479e-02
-8.313158973476231228e-02
-3.901488096751468126e-01
-4.113436138138910625e-01
2.344859955264443907e-01
-2.300110435745792575e-02
8.062298614272749298e-01
8.119402208264359100e-01
-3.193252872968750378e-01
-3.745235856361301408e-01
9.057242247813479530e-01
-2.055423754852826190e-01
5.388629269714584336e-02
-8.658685957002390521e-02
-4.026067309619506540e-01
7.946562694582515185e-01
-2.762808689724050581e-01
8.066246092001561063e-01
2.298739829743619290e-02
9.194273174965226225e-01
1.903637024750814977e-01
8.809329915421635349e-01
3.966023017590385169e-02
-1.584370073712297877e-01
2.190712403933415819e-01
-1.905638057581943434e-01
-3.576267999003383546e-01
-1.983817379416303317e-01
9.260003769880158497e-01
7.343901663930689772e-01
9.156634335588067497e-01
-2.801666271490836357e-01
8.480269272080934728e-01
-3.070199879386220077e-01
7.734043156246150907e-01
7.784261016481370810e-01
9.029821544375372655e-01
1.452762955024323732e-01
-1.857556594820671536e-01
1.174614247126910815e-02
-3.013872975026700707e-01
7.158104007951607839e-01
-1.453115925326695923e-01
-4.406798099028111926e-01
1.434632209577342554e-01
-1.321688775821040496e-01
2.317026631320756591e-01
7.562519680237140829e-01
9.264269941798227714e-01
7.495826672260047507e-01
1.973068581030928414e-01
8.985252344734052654e-01
2.431810967017297709e-01
2.786182253831860911e-01
8.479810010864125003e-01
7.514918585578579391e-01
1.176483813926440525e-02
-2.136995632087621555e-01
7.501767311125606685e-02
-2.825574298003729057e-01
-5.211238794214831382e-02
-3.077395039500377405e-01
-1.015619518109724950e-01
-6.156205766222718617e-03
-1.032550759098007365e-01
9.096984599228971069e-01
9.218684220684162378e-01
-2.006197878562042403e-01
9.161204908739211117e-01
8.005232420407630833e-01
-3.685337135978783429e-01
7.986478173873958752e-01
-2.615777206789356990e-01
9.178884019431738928e-01
5.097693249613007710e-02
8.797493151566440073e-01
-3.983575428775815164e-01
-3.179541556752199516e-02
1.057354850161096455e-01
-1.534283302541769312e-01
2.838417193470513245e-01
9.213977388424655635e-01
8.936905150452593150e-01
-3.633913129519785734e-01
1.098257021635960645e-01
-2.478127673832406230e-01
-4.111132189477697541e-01
8.349961693856416955e-01
9.168026153688819679e-01
6.159848685662968476e-02
-1.338478233000186257e-01
-2.746809229314208789e-01
8.829627590765176670e-01
-5.529473838049026035e-02
-1.743721968543121559e-01
3.458859867232949026e-01
-1.446635437909712940e-01
9.195454208658814244e-01
2.511085510519702746e-01
1.027093787433279309e-01
9.201964558219882795e-01
1.947153696096084186e-01
7.700716790965047576e-01
-2.256932517909142344e-01
7.031981270208436108e-01
9.300497659464476152e-01
-3.338197389632793777e-01
1.293361020763548197e-01
-3.848687832879584825e-01
9.083441858633496402e-01
9.255327307989991148e-01
9.194499189690320540e-01
-9.058778693671477866e-02
7.309557098868756375e-01
7.888001863101279376e-01
7.405554511542526974e-01
-1.395027316842498422e-01
9.179856947028304237e-01
7.804233173855095185e-01
8.893299618560320807e-01
9.250959244250214208e-01
1.960761456264749000e-02
-4.323812824021590062e-01
-3.532118160607425339e-01
1.154770543994651788e-01
-1.939769547544247241e-01
-3.258210247361149059e-01
4.242808201384989236e-02
-1.431591466093201370e-01
9.031565535344245887e-01
1.105922858068606740e-01
7.325108688262552681e-01
2.912154504548367107e-01
-3.308750942800238182e-01
8.823514011030724191e-01
9.116683012822746068e-01
1.463257298635676357e-02
-1.140560275353521280e-01
7.620611974536920519e-01
7.181130256905057102e-03
9.052713647387394813e-01
8.159756533097610454e-02
7.857556641119238794e-01
7.439192094535241884e-01
-3.202722538924813733e-01
7.599892555652477677e-01
7.127438710946845113e-01
-4.116461383445478295e-01
7.642820510288712565e-01
9.411596126290484865e-02
-3.163816122465639702e-01
8.929954696105592005e-01
-3.475035009785366058e-01
