1.662841815328708617e-01
1.868690116179765603e-01
8.018846049414016797e-01
-1.927707247150415859e-01
8.891667942298964178e-01
-6.689070305675054451e-02
7.515985515197257660e-01
-3.177058363438603483e-02
7.701856083742341097e-01
9.473203437846439146e-01
-4.091922911654168882e-01
-2.690305754665741622e-01
7.509271071036113243e-01
8.704119764617616051e-01
8.700115361177355178e-01
8.739219808451025306e-01
9.136172140497039740e-01
7.142757465334033107e-01
-3.251881192399863618e-01
1.158622621640537642e-01
9.313186900188240580e-01
8.112525056747762475e-01
-4.255755533418604797e-01
8.497022209634819134e-01
8.927921519459185440e-01
9.184329973984662887e-01
8.203387308547031020e-01
-1.843937082507158265e-01
8.759073389188387626e-01
-2.285295420889545404e-01
9.163119019214301941e-01
-2.464207969633134404e-02
1.017435892165148847e-01
3.665919685046307996e-03
8.452393750421430818e-01
9.256026996046613498e-01
-3.698536243124266321e-01
8.844115760573907359e-01
8.786133857652725920e-01
-6.014586700590959789e-02
9.175906993694493696e-01
-3.337077357501266883e-01
8.572534572666985486e-01
-2.117069969422412656e-01
9.400187305919124325e-01
9.000631959093036150e-01
-3.564427266895014990e-01
7.853306581611134707e-01
-3.006354623723909297e-02
8.216075143466067265e-01
-2.667719725992428459e-01
1.676028837512972824e-01
-1.526384833268126240e-01
-2.370350931835676356e-01
-2.691442261673755443e-01
1.502145341251438504e-01
8.985895100654404111e-01
8.181118616881054573e-01
9.358958733112709982e-01
7.534264041096279119e-01
8.411322266646809043e-01
-3.495910634217652135e-01
7.669273549886801433e-01
8.876410063252235805e-01
3.131645433937133016e-02
1.478475995256476327e-01
8.165047357738883793e-01
6.654888883826354240e-01
5.926367011701395571e-01
-3.660467632168633578e-01
7.485992989925421837e-01
8.498572935463227784e-01
7.597721171049421907e-01
-3.608684953241896309e-01
8.299283975367968136e-01
-3.199365207302520830e-01
9.071470943820976185e-01
2.505009915441070434e-01
9.443217072952309055e-01
7.718839227004761216e-01
-1.942386613808089468e-01
8.946933195575212938e-01
-4.287539564206055420e-01
9.434794511720246968e-01
-1.657547944520788158e-02
9.022734128940829157e-01
9.351691663318306702e-01
8.595232523510101252e-01
9.163130899463542978e-01
2.374675839075621880e-02
-3.655486442139000980e-01
7.555246016073358106e-01
8.850443055672053694e-01
2.223842141762205626e-01
8.937238216660761125e-01
7.963188121524232832e-01
2.070927485869011042e-01
9.117587396920893150e-01
8.780515122412025919e-01
7.167590909105828745e-01
7.144154992704027096e-01
1.540070395046220508e-01
9.235223701532443430e-01
7.472709051629665422e-02
6.597469784981147001e-01
7.298827261329362548e-01
8.765509194686800232e-01
6.846780981601287008e-01
8.991042814208094480e-01
1.934118576019180358e-01
-2.982908390169632384e-01
-2.792591229114123608e-01
8.718515044220335186e-01
-8.033267032846597155e-02
8.067029408924516476e-01
9.102953126258492844e-01
-3.984703096284151203e-01
-2.555279203721326844e-02
6.614984249147805306e-02
7.984310961348417557e-01
9.085244664178154794e-01
-3.001597477509064804e-01
9.194471332415151688e-01
-3.845696091084299106e-01
-2.698647580167663484e-01
-1.994793753517739021e-01
-6.461641217165173257e-02
-3.926576346429067610e-01
9.316129413310222374e-01
9.228137864189381867e-01
8.926528503042480134e-01
8.892209488359062997e-01
-1.359157163962065040e-01
-3.375157809332334780e-01
-3.444629023074886054e-01
-4.154372783797831148e-01
-5.644537478198981967e-02
9.231557034665239803e-01
2.546987498730939325e-01
-3.495035287915320560e-02
8.963914543770802323e-01
7.544432971632891727e-02
-3.950281039947202144e-01
9.221422031284721710e-01
-3.595908202063458625e-01
-2.771285726664077242e-01
8.776171822658760391e-01
-5.098046863417819013e-02
8.908855319015069885e-01
-1.874040316204773071e-01
-2.231373771572746634e-01
7.245429931007588698e-01
8.338989377744822074e-01
-3.347786626814153177e-01
-5.766241945328624829e-02
8.792742749020586723e-01
-4.295215260124918832e-01
-5.833245691833276875e-02
8.984606924551566953e-01
8.803204023312986015e-01
-3.533164853704270914e-01
-5.358244731649579318e-03
8.753094317747420749e-01
8.872319981411924683e-01
7.387281443102184930e-01
7.419191306147401299e-01
9.279366635317165546e-01
7.504087631366566091e-01
9.346932458421391976e-02
7.095637722493981503e-01
-8.615341724951403046e-02
8.854816495263468923e-01
1.651088464940745626e-01
9.370669830759792429e-01
7.785872608328262556e-01
8.634476149379802790e-01
-3.632527261328373225e-01
2.471835845627827766e-01
8.840875978033365667e-01
9.203830182932044579e-01
8.380727896459123638e-01
-3.250848219677875961e-01
1.985696775243488421e-01
2.089080713240470677e-01
-3.991072483859328113e-01
-6.702201827109313670e-02
7.267923358089884989e-01
-2.046717162060011086e-01
7.196873526499075746e-01
-2.484949940433565652e-01
-4.257313117012115899e-01
-3.279167019822064599e-01
9.273150361997126723e-01
9.136117404935626407e-01
9.118477296213590710e-01
-2.993747545553446798e-01
7.136127989107653447e-01
9.238909760791106374e-01
-1.982532980942445788e-01
-3.857230895095073442e-01
-3.890251428320739002e-01
8.582781640439585136e-01
7.239729954576031856e-01
7.798606815216688748e-01
-3.110227077372080262e-01
2.290620287982626790e-01
-2.507210277396575981e-01
2.910453544372521018e-01
7.254785431889537728e-04
-1.803682564093210539e-03
7.019847845343030190e-01
1.518285451105124140e-01
8.364852794054474794e-01
9.025109272069381516e-01
7.138795914877124060e-01
7.137106846759029288e-01
-3.328944017198418592e-01
-3.684051873955500045e-01
1.406097521441595499e-01
-2.752360334683680021e-01
8.510208027621807281e-01
1.434634309652136341e-01
8.669602441456610853e-01
8.669792979154054002e-01
-4.992984759809161038e-02
-1.905297320672333372e-01
9.273080096374178849e-01
8.584888520504713183e-01
1.344875573547591463e-01
9.276634746389612607e-01
7.008931677008596317e-01
8.835815655402197155e-01
2.061504797775076114e-01
1.536363805648357506e-01
-6.596500548829195565e-03
1.558698038002306607e-01
9.282166396022725197e-01
1.531727243789359760e-01
8.973027975866000594e-04
-3.880464305503696365e-01
9.341973997713748368e-01
7.514330006113199012e-01
-1.810496790413172186e-01
-2.579003007752269649e-01
7.959294843234187011e-01
-3.224793445705206874e-02
2.609693747362331478e-02
-3.795207491666702793e-01
9.327497302404021973e-01
-4.222217802806046416e-01
-3.018354261703021790e-01
-3.643165698060372715e-01
-1.149552882913056212e-01
-3.203765531338461092e-01
9.522948108421354085e-01
7.582368016633277419e-01
9.052354248144300897e-01
1.451219551372898153e-01
7.321859380092430314e-01
2.134720946016084309e-01
1.409689370373249338e-02
9.235059926033126754e-01
8.061482181370089872e-01
6.936146305494910180e-01
2.114065981544503703e-01
-3.093276837316719652e-01
-9.960393560314743933e-02
7.796115492901375399e-01
1.342326067758509156e-01
-3.347951175646195904e-02
7.154659007909593971e-01
-3.737660996382104472e-01
-2.545771422875801049e-01
-3.092104650696086976e-01
-1.127001238927393956e-01
-1.088024734193040743e-01
6.982678202256586975e-01
-3.471519429169253046e-01
-3.625750549079981844e-01
-2.976825978662340222e-01
7.702945130843253940e-01
-5.204737177196114978e-02
9.294501775753876149e-01
8.547075672027302229e-01
6.923077553006722340e-01
-3.423811824761581191e-01
-1.714845558474258347e-01
8.874933779814568879e-01
8.840881274890235453e-01
1.892174681318971596e-01
-2.602610818691167283e-01
7.504608021736047796e-01
-3.755764495271132208e-01
6.913074234621494618e-01
-3.122341929932225257e-01
7.833254315468551887e-01
-3.709534870919339866e-01
9.272978605518730211e-01
8.291972271607692679e-01
7.126785630853111897e-01
