3.098747404014852713e-01
8.282529481380881409e-01
-7.521412632992049985e-02
9.153537827401022620e-01
-3.035831353710761737e-01
-3.212967856323208915e-01
9.197246128248771635e-01
8.101239178108704531e-01
9.180298169847431744e-01
3.368161406239911781e-01
8.917409606683001089e-01
9.073055543165777781e-01
1.966113439682795616e-01
9.206598992591212838e-01
8.741328429842736281e-01
-3.776195142770795710e-01
-1.215176943372615059e-01
7.211785888810272604e-01
2.085485874729240893e-02
9.211184179044847875e-01
-4.579414143189362019e-01
-2.716076316616260478e-01
-3.320113246977201560e-01
8.890881035845332736e-01
6.349279728095985620e-02
-2.512623955752746330e-01
6.933537921563810436e-01
-2.640583524255122883e-01
7.470352505380621899e-01
1.030305776729323053e-01
1.067481480363794560e-01
-9.311933297061875114e-02
2.794989959994607087e-01
-2.496356470214467493e-01
1.137794422943749634e-01
-2.648281278242302639e-01
8.951477165951385873e-01
1.072377468097105400e-02
8.420343927220007574e-01
9.093580534313931985e-01
9.119131455678614051e-01
7.431155777920462890e-01
8.300936379016614630e-01
7.729621596034480513e-01
8.927569809784491328e-01
-2.224490575032316564e-01
9.074252715023477522e-01
9.002858139810812066e-01
8.749642178928651592e-01
1.914563780445679986e-01
-2.076892635095737016e-01
9.094097763905659715e-01
-1.824270471559574502e-01
1.097454381567773973e-01
8.947838339467251156e-01
6.558627163400670979e-01
7.729093405338949285e-01
-3.894953735314477528e-01
9.313489578483720166e-01
6.762176817337115509e-01
-3.068791708130986784e-01
1.375008428769471935e-01
-4.250963182120281458e-01
3.391063579643140979e-01
9.195195166210861082e-01
-2.252657818186579730e-01
2.260891955011020138e-01
-2.341101599976841419e-01
-3.442740207309689104e-01
7.105165102677538647e-01
8.376353152443443140e-01
9.420015639829640852e-01
-2.704215678270965317e-01
7.116626573189402394e-02
9.206733763205964260e-01
-2.445240666007175712e-01
2.419390194199482758e-01
1.290080302860099892e-02
1.000726224293271155e-01
-4.300623765029124024e-01
8.483923635534901253e-01
7.448846153444619311e-01
8.275991359581483797e-01
9.362500444061532257e-01
-3.519362698608448081e-01
6.748700364660520368e-01
8.528628864953486932e-01
-4.142842883848817936e-01
2.370888241015513265e-01
1.589698729908786690e-03
-1.403852641367957788e-01
-2.557207362568892361e-01
7.888171195714670514e-01
7.139733657322143712e-01
8.729741850296328654e-01
-3.508567278706427595e-01
8.129463080273089393e-01
7.895547872740879547e-02
2.291912513905408344e-01
9.126505564857884112e-01
-1.053192575195155412e-01
-3.672274655118002440e-01
7.418946904943287679e-01
7.405664790699704181e-01
7.457828416683027761e-01
-1.443195877016542061e-01
7.488750441890630327e-01
9.058000679296707158e-01
9.099282272964086538e-01
2.638994164808554643e-01
3.559224060299712167e-02
-3.192598753292343328e-01
9.525398556825106500e-01
-2.766338984827644287e-01
-1.817831259715842473e-01
-3.233302998600932621e-01
7.139193602862754506e-01
-3.954967365164708260e-01
-3.947943841801923037e-01
2.312862217820089716e-01
-3.190617944949093454e-01
5.784626947682745823e-03
8.790981833078594931e-01
1.132590474290489924e-01
8.959476042201047763e-01
9.200820064773576057e-01
7.107417055717837329e-01
-3.914066165865967006e-01
-4.049979308814277701e-01
8.453704415622024237e-01
6.960217860719494221e-01
9.277475034731749171e-01
7.638486712103182974e-01
-3.479310745386687831e-01
8.749692287659138756e-01
-3.822694861470591343e-01
9.033415412338952066e-01
8.101051893612497556e-01
-2.581538244848622932e-01
7.665640002931082275e-01
2.485890175148287029e-01
6.886258423122856853e-02
-4.388155341210149274e-01
7.364189253243330624e-01
1.809685664925149429e-01
8.842791483080156834e-01
9.077874944774515509e-01
-1.511707873190592522e-01
-3.586660878341610403e-01
-4.802681826651464259e-01
7.474475342974737924e-01
9.383974449259032680e-01
-3.898019755494156469e-01
7.791335341102127721e-02
7.906471348751102912e-01
-3.491552647172737056e-01
7.145658772768618272e-01
9.345427092591257479e-01
8.163345134636132983e-01
1.962928653798160228e-01
-1.701741580932929765e-01
-2.789861401952317688e-01
-2.414048278749483245e-01
9.137169610375227569e-01
-1.951546698242406785e-01
8.687741947060142467e-01
-3.983818450777486531e-01
-4.223081598484099697e-01
8.889518090358962121e-01
-2.140662449513236476e-01
-4.258891440104692339e-01
7.650491611155038063e-01
7.119163657517832977e-01
9.133911868676649615e-01
7.029971071241361003e-01
1.617108370084913149e-01
-2.222144806540022888e-01
6.495201176632711682e-02
-2.820644403124599187e-01
-2.017140984439830531e-01
8.941156037356646769e-01
8.880061180757188311e-01
-4.243760554862089363e-01
1.262626382322916130e-01
7.015364226837668138e-01
-3.913794991986235816e-01
1.105483464729959675e-01
8.709022161430899356e-01
7.205687394429395320e-01
9.233097461683381635e-01
8.713236500824137476e-01
1.610855161966554538e-01
9.092729624924714704e-01
8.443376683746648403e-01
-3.572131500441109719e-01
1.509028097383192102e-01
7.300740556991834884e-01
7.825815038291615844e-01
-3.203113012032618445e-01
-3.248461394958696707e-02
-1.981920525923367427e-01
8.067076148363271360e-01
-3.524074761391066818e-03
7.574799347732543708e-01
9.186630018928130248e-01
-3.687924388530459119e-01
1.172453391713090820e-01
1.310227949240334588e-01
8.413011724935711699e-01
-2.919489757264097096e-01
-2.648006360046200602e-01
-3.031585451130132114e-01
7.550769619636257257e-01
-1.845003302775479748e-01
-3.088939186019756811e-01
2.601047548613452665e-01
-3.656894687619197115e-01
-2.315369367024981417e-01
8.399793742225277748e-01
7.395865865161463937e-01
9.152366231210357084e-01
8.055791624085630875e-01
9.102701643564784506e-01
5.938288295291584140e-02
7.782651992932834162e-01
-4.012132826464066548e-01
-2.947191687324480225e-01
-3.759246502187563177e-01
-5.941094280590142329e-02
-2.020714704913522675e-01
-3.896118236953258207e-01
-2.344338047871924458e-01
-3.776476736486120145e-01
8.158345422197835761e-01
8.565006987427866703e-01
5.515017771697101195e-02
9.089779769226492556e-01
-9.715356917835391015e-02
-2.856968532111747172e-01
8.771889686781165762e-01
7.683997490850431600e-01
9.239899041341358421e-01
9.164907304615677042e-01
7.152587751112468029e-01
8.106042896972044387e-01
-1.341686631994065682e-02
8.596339606598827343e-01
-4.176959653031598885e-01
-4.352358911924397167e-01
-1.413624114700715584e-01
9.195006587025752465e-01
-2.197544256036194910e-01
7.734791670524604479e-01
7.168206800774111764e-01
9.228873301402937823e-01
2.403138128415073793e-01
-2.468031183503773540e-01
1.748453476580096033e-01
8.204911805083495713e-01
7.259332943417464712e-01
-1.051924805779875516e-01
9.109899052188125124e-01
8.978778819290578195e-01
8.953803443730659062e-01
7.952800456694043840e-02
8.746664772174869151e-01
7.239832787013850135e-01
8.924145079463139396e-01
-7.658723861724378579e-02
8.337403635526349222e-01
-3.999074381711474335e-01
1.368043606834541959e-01
-4.634709820786241385e-01
6.461300646527222413e-02
8.678952699426338846e-01
9.048808347195407276e-01
1.689118383373475196e-01
-4.442597425511271014e-01
9.170877518084278313e-01
1.679112343473594948e-01
8.344084367248805201e-01
2.988794234773873848e-01
8.426620515510301335e-01
-2.336464718954766595e-01
-2.531726552285653020e-01
-1.381175830554686734e-01
-2.240491703458032391e-01
-4.459569482589730849e-01
-3.729523098988052898e-01
-3.387911844090871205e-01
-1.358519524641110532e-01
1.927947385119043733e-01
9.377967334484874629e-01
8.995946348492769307e-01
-3.575223863795556900e-01
7.044258272527552656e-01
9.333766087934431965e-01
-3.796036288161321881e-01
7.251149952687763189e-01
3.075154066479471315e-03
