8.560557017416148273e-01
7.144069696869853603e-01
8.943322389867937039e-01
7.176094500415428623e-01
-6.525412402610125673e-02
-2.738117275126531469e-01
6.249845270334714042e-02
1.250794913202490088e-01
-3.951860582495193008e-01
-3.282493414198157100e-01
-1.817460872605416999e-02
7.767669587519011598e-01
-1.138018985060159638e-01
9.195461927907327970e-01
-1.814247553247749223e-01
8.826946446177215133e-01
7.254501088163276545e-01
7.412295063267521078e-01
-3.403671418435002538e-01
7.514339170172009696e-01
7.462632306426237871e-01
9.239884756677587685e-01
9.307962571345855807e-01
-2.731305927791022881e-01
7.312621985438819694e-01
7.520259012545268407e-01
8.455532754768629866e-01
8.150680349042501716e-01
9.375874219110809094e-01
8.353853561014269458e-01
-2.453878526687909567e-01
7.129438548260802477e-01
-1.870707846991341294e-01
8.238043319935716147e-01
-3.102927614531509892e-01
-8.626055312776451101e-02
-3.669472739768778746e-01
6.879787565536554794e-01
-3.422765673337771486e-01
6.706962217981501939e-02
8.960802290463968367e-01
1.124499995656640383e-01
-1.485925567177949214e-01
9.033008975346553671e-01
7.803952951010253436e-01
-3.312459567881987921e-01
-2.898266845059553898e-01
8.871644564657572563e-01
9.233086480811516505e-01
9.196121244313359977e-01
8.413270395104837096e-01
7.112351606508191537e-01
-2.891562672759903641e-01
-1.710775670015008687e-01
-3.373253685459879914e-01
8.045899484840950411e-01
-2.299469153618624584e-01
-3.163473008375380369e-01
-2.922934127401710103e-01
1.770292531453310780e-01
-2.363866819219305193e-01
7.115872538094704103e-01
7.371863246208616438e-01
6.840222762287089253e-01
7.446226601762737651e-01
-3.801205552474438143e-01
2.581146197210021712e-02
6.441426949952606673e-01
9.174419888134540679e-01
7.248656662178689647e-01
7.357471164540845265e-01
-2.534540880747047087e-01
-2.393865909299519312e-01
-3.741917666550159671e-01
7.643559317623779270e-01
9.111640951273559663e-01
7.831835832802132025e-01
9.211073054341081257e-01
-3.763546966264370019e-01
-3.589204950013051842e-01
9.408623617509139780e-01
8.066589658647621564e-01
-3.558801299679905106e-01
-5.814058921173190231e-03
9.237090823818298879e-02
6.337962463295414572e-01
-2.788261228570926287e-01
7.907045386397445474e-01
9.249863477785780219e-01
9.358816862286091220e-01
8.805580354576593161e-01
9.290515681004261062e-01
9.278789267729092849e-01
9.060868907999805044e-01
7.457309543198642476e-01
9.297136458934359693e-01
-1.447284189862159676e-01
-3.462644864173431980e-01
6.933714587872124024e-01
8.566093987610832183e-01
-4.244901236842543168e-01
-3.730176330332815038e-01
8.705286642041291101e-01
9.201248297359969630e-01
7.301062004751941448e-01
-3.884783030382025215e-01
8.686033751241605261e-01
-2.217899827942624580e-01
7.040779500306397765e-01
6.174925004111730259e-02
-3.657856939684336339e-01
-3.387382104579060305e-01
3.598914411811942465e-02
9.308239651372988144e-01
-2.263471356406420443e-01
7.921095683051483372e-01
1.562795100943380894e-03
9.117617213346350669e-01
9.027129822769019984e-02
7.402930536499824354e-01
9.247534196635890380e-01
-3.616343507384902622e-01
1.262887547869104843e-01
-3.831519990208006599e-01
4.039491713716367172e-02
9.130490228222635229e-01
8.957516329921604292e-01
4.593463771084112524e-01
8.538696580457998397e-01
7.326674225595033452e-01
7.803999331666930384e-02
8.152420612124717803e-01
-2.797327686303418548e-01
1.979378693318882276e-01
9.171961749769985683e-01
6.974641675173565147e-01
-1.139175067399460783e-01
9.414834323792620197e-01
7.639562070020562423e-01
7.518578898275919409e-01
-8.841180282486658937e-02
-2.875400959161811820e-01
4.129420774228528823e-02
-3.605069395594704962e-01
9.032015748569848235e-01
8.142957249953419741e-01
-4.586306660810808844e-01
8.978318889568184247e-01
6.511059572392811079e-01
7.145436633079399469e-01
9.129339096727598912e-01
9.014217055720686878e-01
7.919171536719260551e-01
8.193421931013660231e-01
4.716829073985831511e-02
-2.810427933569956682e-01
8.547631216331211812e-01
-1.227116172286328022e-01
-2.240030829997888551e-01
1.255859246910396021e-01
2.091155176061884058e-01
-2.688535219040674717e-01
7.952424501773780463e-01
6.797601259481572678e-01
1.053745297771518513e-01
-3.555236709249386950e-01
6.763820211120412651e-01
7.425067703487892024e-01
-2.083639571593706719e-01
-1.626007541489009334e-01
-2.864808675263159632e-01
7.313995975354975476e-01
-3.359940134693653047e-01
-2.795048124043709170e-01
7.238566897861085092e-01
1.258069048984169491e-01
1.448400009670693378e-01
3.985546179084674401e-02
3.171652569766045815e-01
2.253489273762515621e-01
7.882279351110190735e-01
-1.112191365040789831e-01
9.338176433181065716e-01
-3.418512834248546017e-01
7.159636974893343053e-01
-3.887335759658859247e-01
-1.675382123813067281e-01
9.032554990389162208e-01
7.610710314583536418e-01
1.542232464223461386e-01
1.156714819990999621e-01
-2.535559891105455543e-01
-3.179574664979619159e-01
-3.954427163610361173e-01
8.450794117852703513e-01
8.025471386593147072e-01
-2.041838690524944155e-01
-2.933291875929476267e-01
-3.979225203006803158e-01
9.276383787764098665e-01
-3.584093545979126216e-01
-3.232751920371350618e-01
8.461985737726294143e-01
-8.304122614174686001e-02
8.985337096874141949e-01
9.356267309472500182e-01
9.354664223899311626e-01
-5.307947679165242461e-02
-3.738526635786789676e-01
-1.221376634776735193e-01
1.055466441378744846e-01
8.539645149163022086e-01
-2.651806993810311708e-01
7.579666633186147306e-01
6.687038833937497539e-01
7.384349537626506699e-01
-2.792465897488570770e-01
2.052421783228115110e-02
8.805022116711553881e-01
9.089901432177341922e-01
1.698910532555145958e-01
1.700575172978701644e-01
-7.798709036688798724e-02
7.632394025780877556e-01
-4.181914750519857282e-01
9.198262985362166688e-01
1.526455872701979466e-01
9.138640995384466059e-01
7.660075907487455815e-01
8.960839608423499802e-01
1.866146292863474498e-01
-2.381200699250684005e-01
-1.066945233855050856e-01
-2.828952066244200259e-01
-2.598588403244910250e-01
9.458137989127988199e-01
-3.822297686916741877e-01
-3.574203169418513348e-01
9.229408110709147461e-01
8.896005827251202147e-01
6.433547122784106786e-01
7.706792416942636059e-01
-2.517880142115979519e-02
8.020582301678721437e-01
9.052560821140063219e-01
9.250310241135769607e-01
-2.585664862645447593e-01
-3.074926684630203133e-01
-2.845943543624231409e-01
7.652617763186346789e-01
-3.078666074326749658e-01
-4.426190774638935066e-01
-8.621194286273271834e-02
9.281279642402532337e-01
3.478861729907732625e-02
9.157154997355729797e-01
-1.199827940635792289e-01
-1.594369524852718989e-01
8.124260491181940769e-02
-9.685453709370941966e-02
-2.567914659561892354e-01
-2.205421931430972537e-01
9.300666089739031417e-01
8.297074741789169927e-01
1.539220314382244159e-01
-3.277624464234030754e-01
8.742885120384327191e-01
7.865328790481602717e-01
-3.220662067290634423e-01
8.304560006077098544e-01
-1.165524658490700582e-03
9.211174305520860583e-01
-8.036099549022830690e-02
8.835461953574998972e-01
9.277472094109117107e-01
-3.746528448624610319e-01
1.662526175155165098e-01
1.590761073511313961e-02
1.323038599706169716e-01
8.703013574930595908e-01
8.344785067530865463e-01
7.512534305608440377e-01
1.757615092641223731e-01
-3.426884705132755837e-03
-3.963742777305048204e-01
-3.264716067397411270e-01
8.495418498587824496e-01
-2.498663531723427367e-01
8.078553679525403153e-01
9.170176895520332216e-01
7.962625542386582156e-01
-3.733600771618321712e-01
-4.222892251516601192e-01
8.121151373540662632e-01
-2.607752056448157940e-02
8.954548472341640197e-01
3.409088364472072641e-01
-6.862195910477167371e-02
-3.327552411329522397e-01
-3.344341467433205595e-01
