7.585793135814163091e-02
9.321262897607991427e-01
-4.271939950723750712e-02
9.001778978812827736e-01
-4.274906530074964461e-01
6.810959134303841145e-01
-3.426680002326427110e-01
6.169299199703798253e-02
9.112095221902803965e-01
9.049281720478820068e-01
1.896617660995215671e-01
7.193674255415618557e-01
-4.278610384688540935e-01
-3.181909455426545907e-01
9.319919014355604325e-01
9.182439420261661045e-01
1.581867043980327014e-01
-3.325454053256119979e-01
1.889688393898379948e-01
9.312804364530014034e-01
-1.230705357819595613e-01
9.087966159074606365e-01
-5.024034808296296006e-01
3.776473476349001546e-02
9.222447212267933514e-01
7.573919461012355026e-01
7.189432773685024980e-01
8.318397076696566472e-01
-1.653630005271429226e-01
7.660922773508951344e-01
7.025790618234952767e-01
-8.021255528214923936e-02
7.238192431332176602e-01
-9.040428318368327887e-02
-1.495663773044461076e-01
6.834111163639536302e-02
-1.895084155002257909e-01
1.850626410116991694e-01
-7.333814368284971574e-02
8.175246284764930982e-01
7.665860971384080846e-01
8.826714342236658961e-01
-3.051440673629990386e-01
-4.044937401272243327e-01
-1.110117701178319205e-01
-1.228594449536100225e-01
2.217946422827657763e-02
8.513133126896877956e-01
8.840335027633040577e-01
-4.718608514955339173e-01
2.336501416455649960e-01
9.028605261702858931e-01
1.321362848868091189e-01
1.483076983980432528e-01
-2.981613021123191154e-01
9.016503055460971527e-01
7.438937552824841370e-01
-3.505660060403298361e-02
-1.751742298115525620e-01
7.115790757952397128e-01
1.671445332257997379e-02
-1.277272501237698976e-01
9.302653168275831774e-01
-3.106069406581565273e-01
-4.260027354522502030e-01
7.661646949770941628e-01
2.633967216563283809e-01
7.859649636596977018e-01
-2.719056877112865367e-01
-3.390617483458551185e-01
6.786953474813467446e-02
2.336275915569145933e-01
-2.523267050867107342e-01
1.895833944964770701e-01
7.837269579913310746e-01
-3.821516075936957080e-01
-3.769843781113544345e-01
6.627053121259572910e-01
-3.700684348583061500e-01
9.058883572663093409e-01
7.600087627395555323e-01
-1.683814326317053245e-01
-3.950341356255357983e-01
9.242846147255456835e-01
7.868834642286774983e-01
-3.064199487335186878e-01
7.754630733057974457e-01
-3.210216048853735682e-01
-3.016316714823793488e-01
-2.865035131527771117e-01
9.202194309863697130e-01
-4.477691825954229765e-01
-3.695656480494539098e-01
8.035623291058546780e-01
7.389966905122517804e-02
-2.636367149137104349e-01
8.532741599882900374e-01
9.116899267799739581e-01
-3.536020383034545467e-01
-4.278521628253654785e-01
9.127384194754118996e-01
1.909459149856290727e-02
8.020954082268642038e-01
-3.386651645191982030e-01
9.186044128262853548e-01
8.972366712691179913e-01
-4.465301613121676061e-01
-4.012086548494024907e-01
8.986320036502520869e-01
2.971194099401458510e-01
9.627667758564380229e-02
3.110457824229410084e-01
7.181185004642354208e-01
-1.775773020428348947e-01
6.724738531078628956e-01
8.161083595433238358e-01
-5.581980051785900843e-02
-1.371189561572426496e-01
-2.078106165511965642e-02
7.303933763623811082e-01
7.936131576525844444e-01
-3.359699636899517450e-01
-1.051600127219192160e-01
8.795091302576589776e-01
2.602416391160154718e-02
1.276049641954909164e-01
7.311997904676648119e-01
-2.319456838337848326e-01
5.659201981806042531e-02
-2.029879003802703974e-01
9.306318598727549851e-01
2.442500495055838564e-02
9.020843264180687937e-01
7.228823858881695541e-01
8.356639425764724738e-01
7.598769054624128216e-01
8.216435130193849856e-01
-3.674984339312710180e-01
-4.726419290990624966e-01
8.317163597188330648e-01
-3.576477575143864884e-01
9.033634516026299854e-01
6.211248703188005510e-02
-1.975838944929074192e-01
7.486220656873909807e-01
-4.263201605465770649e-01
-4.653621880645090747e-01
9.003130666429657314e-01
8.474637530514925743e-01
-4.479240171707724594e-01
2.861632159804395337e-01
1.980101554070297087e-01
-2.675008188407831944e-01
-1.760230124565284049e-01
2.616338414128377421e-01
9.070230701798255302e-01
-4.342060283196584880e-01
-2.228281637216959488e-01
7.820780011021377653e-01
-4.378069572212915372e-01
1.182082942012388227e-01
-7.133619894658364824e-02
-2.546103949572250391e-01
-3.810804478318970401e-01
-4.449454881870629763e-01
2.516748844721582445e-01
-4.219827328334549987e-01
-2.012233086052041264e-01
9.300828155883035242e-01
-3.736958432616440118e-01
1.326670946532849116e-01
-4.435541133539249170e-01
-4.362536261460451259e-01
8.538326869764168991e-01
7.012934720970840363e-01
-3.296335560727671754e-01
-1.792374774300635742e-01
-3.603600331593974637e-01
-4.525954188694784608e-01
9.277607494065300830e-01
-1.593622283293986697e-01
-2.160054576617587152e-01
-1.488678881418689925e-01
-4.625588880749990084e-01
9.164171454935456929e-01
8.115560248837221380e-01
9.293288504206798084e-01
9.210803762592782995e-01
1.489984287350800407e-01
7.424264465799631507e-01
7.209101852654293818e-01
7.634690255976429585e-01
8.773880580575978971e-01
8.911874916330670970e-01
2.835597353961004652e-01
7.045465270577849770e-02
7.451973040362999123e-01
9.162819788782919916e-01
9.297840787224619374e-01
-2.808770160751391520e-01
-4.509737283525981355e-01
9.076835386829865682e-01
7.356252750977840815e-01
3.082127124491821357e-01
4.753876025962335689e-02
-1.774346445912434178e-01
9.008216386999896574e-01
7.583074076912444950e-01
-4.356556084980768850e-01
-3.839474959311130475e-01
7.656559464287203687e-01
7.380138349821973032e-01
7.434690097737235437e-01
-3.045401883193755155e-01
9.074563014651771953e-01
2.254111026966387765e-02
9.232510944740242032e-01
-2.443172540513960656e-01
1.743282310080451758e-02
-4.430131526504007544e-01
-3.416985682105317945e-01
2.539432085364867753e-01
9.104583579435456819e-01
-2.130723970769671516e-01
-3.325064578720748898e-01
9.104932266170333577e-01
8.299359571421449644e-01
1.392225412543672269e-01
7.359401024041823947e-01
7.631862349240268184e-01
-4.146534172526050166e-01
-2.193293379906392226e-01
9.190735945802630535e-01
7.671159592206040490e-01
-2.261798194086710179e-01
7.132591738874323184e-01
4.373855612072502508e-02
9.249330466861341860e-01
-4.078606568162633783e-01
-4.368830029690268235e-01
-4.112398908429271138e-01
-2.496077135364148381e-01
2.381792563460943257e-01
7.700503794734757657e-01
-3.305913684647141526e-01
9.235782904190659170e-01
-3.023126641891910049e-01
-4.659983155740140548e-01
8.654075864545714980e-01
-4.023799736849348330e-01
-4.114108128848225632e-01
8.367421420636322882e-02
-1.100948077018648052e-01
7.535143752780188997e-01
-1.133377359980052707e-01
-4.797358385971566830e-01
1.879900631025635815e-01
-4.223242205491881118e-01
-2.477526469192976172e-02
9.215661514310955482e-01
8.520140840410994620e-01
-2.855277571577442552e-01
9.044620720034129979e-01
-4.346734939371951212e-01
-2.022187488194623906e-01
8.780035418083518284e-01
9.069223180661619699e-01
-1.004580785002644472e-01
-1.880440667573213542e-01
7.572158195716434115e-01
-4.396782815876512096e-01
-2.828590651773256748e-01
-1.523037308448359495e-01
-4.541112830829322489e-01
-4.184951794548577575e-01
8.165304253891624287e-01
-4.295429184751992646e-01
9.056263445541343771e-01
7.879217702791320166e-01
-2.112959663250874032e-01
9.234764776614416970e-01
8.219367193535923599e-01
9.073230251325790086e-01
-2.370086737913114083e-01
1.065281207387594881e-01
-2.524397594131644884e-01
-1.336595942954810490e-01
9.430344747596007826e-01
9.246922920599792706e-01
8.897667543475593632e-01
-3.800277747555419472e-01
-3.645734136431934003e-01
-4.808706019237236062e-01
-2.362881073825248701e-01
-4.635740090816523606e-01
1.078026846685731233e-01
8.881479733371465679e-01
9.152124277898204818e-01
8.889883248532601812e-01
-1.062783029919999317e-01
