2.417104757111643853e-01
7.281244607008456882e-01
2.654890582590211379e-01
9.349479322524669733e-01
3.824306148878229838e-01
9.016365316995694767e-01
-1.628706482071169692e-01
-5.870343953715613516e-02
-4.286040491304712180e-02
-1.855252610711560779e-01
8.910662174615340270e-01
-4.002200818812620131e-01
7.735225960674024792e-01
8.861760529756270710e-01
1.599051037309539014e-01
-7.090437783564734753e-02
-3.136230815023753338e-01
1.794354189084765294e-01
9.296085640998796862e-01
7.169734273743069708e-02
8.790823158721000619e-01
8.897038396789352932e-01
8.115180550384885061e-01
8.491076908504181509e-01
8.963063012251257788e-01
-4.310645615607480718e-01
-1.216382338548705477e-01
-8.479684019871339129e-02
6.949760312463364453e-01
9.062891445425732551e-01
9.226636475374435653e-01
7.150015935512203935e-01
-4.256861324595278551e-01
7.906878290207611792e-01
1.344309642649146874e-01
1.901000664252132655e-01
-5.305349864974792662e-02
-2.363307216507514463e-01
-3.761167162515023366e-01
7.793159276712533501e-01
-2.994948862809457824e-01
-9.703006431532743004e-02
1.438207124662547742e-01
-3.502876983610488382e-01
7.046712515692761247e-01
-3.998324461429422216e-01
7.514240942869755413e-01
-2.376828899851897159e-01
-3.459803183943552796e-01
3.345892332105904754e-01
7.357916244334805622e-01
9.325241291963964896e-01
8.793235659337629295e-01
-2.074826467307562816e-01
-3.462309788178993264e-01
8.897699295319685397e-01
2.540292260653154166e-01
6.318246196075563703e-02
9.170662947618386518e-01
4.308816277600671651e-02
-2.617155313442993680e-01
8.934723973581790712e-01
-1.200369257181077426e-01
-3.886620513458408643e-01
-2.481882270118747902e-01
9.227067625464583367e-01
8.729560497353388016e-01
7.387692375754181806e-02
2.406312710707782798e-01
7.756458959421439481e-01
7.689813104937454069e-01
-3.058108671791177069e-01
-2.263431902209522839e-01
-1.992014911037949532e-01
7.985899722780572807e-01
3.396732478218792983e-01
-3.420559867903957274e-01
-4.315127188643522183e-01
-1.823410029696206219e-02
7.931624475677800934e-01
7.661808611792721990e-01
9.175168718522567213e-01
-3.779531183222767377e-01
-4.365090621248638447e-01
9.355335471203239939e-01
9.078133641902439432e-01
9.162492750888248105e-01
8.838670840049067667e-01
7.423657591648443743e-01
-1.544656822054499556e-01
8.609863830418174047e-01
-3.949492625304786286e-01
-2.775311405957191502e-01
-1.664848966155424992e-01
-3.538524213204068125e-02
2.101581863216009372e-01
9.316088912587070503e-01
-2.344694065769042102e-01
7.937262098152626510e-01
-2.201551079371699138e-01
-7.047098492742737141e-04
7.648733643465501775e-01
8.958918247228008225e-01
-2.896960333754639016e-02
6.704396003402477433e-01
7.755993865879388105e-01
7.329189361208875431e-01
1.522525156392852685e-01
9.118647308444413069e-01
7.977836433170273356e-01
-4.598249368006307458e-01
7.130881196298395341e-01
2.637153635003926522e-01
-3.904040167331058186e-01
8.981400329658046910e-01
7.977108778620477514e-01
-4.101203573305288730e-01
-7.577504065344425888e-02
-3.794761559599930112e-01
-4.121583788719882513e-01
-1.382779420602292531e-02
8.111668021205374890e-01
9.266718882513332867e-01
8.768897761944894897e-01
8.950609406753206043e-01
1.271215062198838563e-01
-1.170012890459711241e-01
2.565417075295672311e-01
9.280205020539186167e-01
-3.763174444394292162e-01
7.743029266824428269e-01
8.192474060757108933e-01
9.243373518133533029e-01
-3.728146069483129765e-01
8.352715324199572189e-01
-3.663535912033260011e-01
3.484481070797950664e-01
2.061199579792207803e-01
-3.346557512649416810e-01
-2.538520638579960242e-01
-3.353027879373646769e-01
-3.180830183265008770e-01
8.973199337561857947e-01
8.706429863010066716e-01
-2.192518007778495592e-01
1.119702710078741281e-01
7.727859822636519160e-01
5.303880995797517761e-03
-2.651640122716332204e-01
7.449128558422341007e-01
9.204535034656444736e-01
-3.753616226398925337e-01
1.298483741150939230e-01
9.842558472365370292e-02
-1.015637789695437720e-01
7.566034987251384347e-01
7.595018808595825899e-01
-4.163398108603914016e-01
-2.491307223709571250e-01
-5.990080896888367451e-02
9.011270992651053691e-01
8.821926402798203615e-01
5.381856149250751481e-02
7.339698469645349332e-01
8.083631290838348971e-01
9.252367134177332808e-01
-2.064021640142819081e-01
1.368619318577045663e-01
7.154353362435951214e-01
7.664035360442386091e-01
-3.352188597089617028e-01
-4.141567617348782537e-01
7.900400865616576951e-01
7.482249378537333406e-01
-4.334536264096404690e-01
7.873870931328098566e-01
9.253778749881675925e-01
7.415725716203449558e-01
-2.034853938143672131e-02
-4.416254605932897759e-01
3.633882443031598020e-01
6.437145851984073242e-02
7.755629070973901751e-01
1.622430342060054709e-01
8.549774039723379015e-01
9.951839687416619284e-02
8.934053766543333941e-01
1.102188517431734044e-01
-3.957259870540541513e-01
1.779680561700132946e-01
8.451870404278396531e-01
1.666337344655413610e-01
6.583703819798114587e-01
6.741881969538602304e-01
9.103053825950353506e-01
7.394451373720891674e-01
1.066443006206162780e-01
9.256993620999840466e-01
8.149304910029225857e-01
8.246431734292326565e-01
-2.374668960750832836e-01
-3.606046318392422956e-01
-4.142253473039274048e-01
-4.142671547271386534e-01
9.322973922368097410e-01
-1.722810114959973382e-01
-4.100562386126551107e-01
-3.684352054114197195e-01
7.020779386384086163e-01
8.839498022617484629e-01
2.742682545210299860e-01
-2.608120703337586943e-01
-2.250498302626135483e-01
3.522775651564739874e-02
8.519658171776277600e-01
7.408234375447184661e-01
-1.368035196912857632e-02
-4.279843965306134868e-01
9.302909270165347078e-01
9.219371771789149905e-01
1.771997666611410116e-01
1.262499101335989860e-02
-2.055050881387626704e-01
-4.188977015129079495e-01
8.831270235653787548e-02
7.697403819547694592e-01
8.955877363480432285e-01
-2.061280350561296715e-01
7.494176874061815319e-01
-4.481983285402277306e-01
-4.055411961774029184e-01
8.056117199942479656e-01
-3.375126076777363315e-01
8.413144105538539197e-01
9.313000328416162210e-01
-4.280696910930740784e-01
-3.225101066092349034e-01
9.290840700034397326e-01
2.845130727560815642e-01
4.188588536356891573e-02
-4.503732916274475473e-01
8.685432345235611917e-01
-2.967682505149559224e-01
-2.012794003532046017e-01
8.642158830542404635e-01
-3.820666918437349846e-01
9.145983531090700058e-01
-1.473876064373191574e-01
8.947328763073518765e-01
9.158623421217981786e-01
9.735958650278807303e-02
-3.253324907793762044e-01
7.975519945891270668e-01
-2.489039040911339429e-01
-3.015235781174339103e-01
9.337806572896677482e-01
-2.393716695600926481e-01
7.189900801117302676e-01
2.273150843344771133e-01
9.229627671029672076e-01
-4.115198722018701960e-01
9.357204535563011794e-01
-1.668674971211030200e-03
-5.285352422357691982e-02
1.070096127613194836e-01
1.203223599103959637e-02
-3.401485498969242238e-01
8.954357575864972940e-01
-1.808635093327261578e-01
8.754813286996602217e-01
-3.192627420445787734e-01
-3.682486101814809176e-01
8.570718824300014305e-01
-3.493050073209333917e-01
9.030794935206064578e-01
1.620411552048260928e-01
7.983417549151431425e-01
-3.564530349501570661e-01
8.169040011831968373e-01
9.008706789301634821e-01
-4.852481659346977172e-01
8.632420821906597874e-01
9.026379356312054236e-01
7.273900428173590837e-01
2.579276615030857978e-03
8.969952793821260872e-01
5.552144010108359118e-02
9.194829395075068135e-01
8.925350981322376365e-01
-1.814800583105543041e-01
9.327255736806144837e-01
8.628199856108019483e-02
-2.700145648221191630e-01
1.715795423987244162e-01
1.975559758100791513e-02
-7.200304005493513015e-02
8.797911820772343905e-01
7.845421867509720926e-01
6.366086800097343623e-01
-3.978118411746690564e-01
