-8.779068398810610518e-03
8.394346884352212879e-01
1.372925648068634152e-01
-2.370913433691324013e-02
8.485563903837165523e-01
9.336114780349138442e-01
7.781932204762950223e-01
9.141727263022821903e-01
1.003109793735347532e-01
-4.057880563702462307e-01
8.559272950828276105e-01
5.831468213805705847e-02
-3.698273268969236582e-01
-4.143930618290576073e-01
-9.141695922843708078e-02
1.410797208701518590e-01
6.328203645227060692e-01
-3.736106733631144872e-01
8.564763642167567692e-01
9.075110786823231690e-02
7.674134905494941483e-01
-2.651137086093812156e-01
8.125523147751452235e-01
-3.807853386962975484e-01
-1.578728675936418580e-01
-4.662888047507841860e-02
7.627061159771614252e-01
-3.405031373544180062e-01
-2.552686817789303064e-01
-3.463410553666979586e-01
-1.674535848886465061e-01
9.025552604850928251e-01
8.773618113307660171e-02
-3.376689497215739078e-01
-2.461495686966726215e-01
9.059159445087235918e-01
1.246666015508439973e-01
8.982921545783280060e-01
1.046848936078792897e-01
1.291169532432638878e-01
9.248013066013622829e-01
7.293468625640905367e-01
-2.178904277698112957e-01
-1.293942569397459608e-01
7.457357200837283484e-01
7.606771663027948049e-01
-1.593164279740179046e-01
-8.944939601446547095e-02
9.337419774888103818e-01
-3.641347139062222626e-01
-1.704429615293251155e-01
8.513687266355693950e-01
6.192063142578925206e-01
-3.261652761805476919e-01
-3.389332239940427427e-01
4.353847449157723787e-02
9.137976350236379774e-01
9.329409482946966481e-01
-4.010789198586388604e-01
-2.863960146413548902e-01
8.501423019661460412e-01
7.956575404706949239e-01
7.391154617146218353e-01
-2.818152675759230674e-01
8.303683608488676704e-02
8.050602299554979746e-01
8.471569752981822354e-01
9.111375392327218936e-01
9.366800603198829345e-01
-3.110352237443243517e-01
-3.273646720318706405e-01
2.152795456819162900e-01
7.395027846810580119e-01
9.313331162895392978e-01
2.874489914034410454e-01
9.494177163106505279e-01
8.619462852994731472e-01
7.515258302579878036e-01
1.793987830868466193e-01
1.460410641592888581e-01
7.762646449062169385e-01
9.228583677801805996e-01
-1.150021804608047510e-01
1.155571693018590113e-01
-3.889362170884269609e-01
8.035110705668000453e-01
9.231388863471804429e-01
-1.326090161098602005e-01
8.025272058611131465e-01
8.472144584024826619e-01
8.615804360861627487e-01
9.135090395932773388e-01
9.057779890839896542e-01
8.376032094617575918e-01
9.342954265024258076e-01
-4.208807644549231730e-01
-1.311148448250751622e-02
2.443609299081506148e-01
7.434578441581963792e-01
8.720055831475114205e-01
6.385340703696854581e-01
-1.782623183936216937e-01
7.374669167325190733e-01
8.675057230004982189e-01
-3.808596417429008785e-01
-8.566414673849663541e-02
-4.378180165585919270e-01
7.896694434299976750e-01
7.450521285600085752e-01
7.029591796295840966e-01
6.940779054260705072e-01
-1.963257982644002475e-01
3.016248874694052451e-02
9.098883814226764732e-01
7.196417777270323057e-01
8.695186483898306173e-01
7.721611619198690546e-01
1.580762275261909933e-01
-3.259429496696354400e-01
-3.984090114781186354e-01
7.747408236680447535e-01
8.981121770858306874e-01
7.207134271969882766e-01
3.528937548095614773e-02
7.058726559994492611e-01
8.338110454722907905e-01
-3.071871847543023448e-01
7.324581046560648678e-01
7.755480029487610283e-01
-6.037123103532102825e-02
9.328207662480085816e-01
9.020144092869878394e-01
-5.373365630313228780e-02
8.440602453542790373e-01
6.679478236206520814e-02
9.070411161479637885e-01
7.531644320657983060e-01
9.034002262226039637e-01
9.201392974538049607e-01
-3.413861408488402804e-01
1.584084211499746375e-02
-1.540719919520875114e-01
-5.415874991322228160e-02
6.604365331874163525e-01
-2.841049852026137912e-01
-3.173120941881425461e-01
7.547412019363427538e-01
7.411103217913015406e-01
-3.190155747558195976e-01
9.790460372672015604e-03
-3.847386777913437972e-01
9.275598184414628466e-01
-3.473027570088280669e-01
2.495403397321529493e-01
-3.699746123019631572e-01
1.303008024933288989e-01
9.363909921689971272e-01
-3.065633215449978244e-01
-3.201343092448626360e-01
7.758015738315459098e-01
5.656026493425123092e-02
7.576117346720329104e-01
-4.181370914334102129e-01
-4.370790648482565377e-01
7.528509705252314221e-01
9.309289640874544025e-01
-3.818216961225469053e-01
7.532529963019533870e-02
7.659623417131269374e-01
-4.490539804616010544e-01
-6.457605862233074812e-02
9.015998003145990758e-01
7.791515655067286772e-02
-3.253614457740607868e-01
8.635096002007230931e-01
7.808967893245852832e-01
9.218971852446159465e-01
9.158389680717742287e-01
-2.632035469905256164e-01
5.514607241367594503e-02
-5.296840487163707867e-02
-3.988017470523104180e-01
7.592811246469020059e-01
2.350804384558008442e-01
8.601650818780275376e-01
8.267555003175391937e-01
1.771525339914034325e-01
-3.143038156716273512e-01
6.601661763287671736e-01
8.019218103470416859e-01
9.006782245449795887e-01
2.163158157682604221e-01
9.323226204257135663e-01
2.542611876522903325e-01
9.142501479896769645e-01
7.803609873734147495e-01
-2.028242178452753230e-01
9.266711600557432371e-01
-3.722083019311989704e-01
8.617644777711650494e-01
8.628670295721457828e-01
1.868096963933150445e-01
6.931583444929930726e-01
-5.738835720379774352e-03
-3.024689683828127862e-01
8.926427945371924189e-01
-2.278006137612656745e-01
-4.044994112078014181e-01
-2.851814741127343122e-01
7.707141684188557607e-01
8.908155758339300068e-01
9.376060153955712018e-01
7.895555963353102502e-01
7.522738165128205479e-01
-3.970870326474896794e-01
8.075859232416942035e-01
7.297257650281279151e-01
-3.187923428774639967e-01
8.941993064702971061e-01
8.900805606314193819e-01
7.999280261046350926e-01
-2.360213234852144015e-01
9.250493239776355070e-01
9.032252179738475828e-01
-3.754656617169384036e-01
9.343383740387876113e-01
8.824575873188172936e-02
3.799142536567363948e-02
-3.751681842050705318e-01
9.282274512112510534e-01
6.753393108778389387e-01
9.050442171183030460e-02
-1.456837326615738337e-01
-2.262240660039339379e-01
9.063710158883455659e-01
-3.755568669950896110e-01
-1.069755792889311996e-01
9.048616565423998059e-01
2.246663054037965623e-01
-3.417129207556429127e-01
-1.374348696747599019e-01
6.976738757746434594e-01
-3.659946459634701998e-01
3.344567512832834211e-02
1.365815020011615921e-01
-3.550660700950540316e-01
7.353917991216214478e-01
1.192792118671360535e-01
9.164179872700631835e-01
9.251360191917594733e-01
-3.220197716642456687e-01
9.271334927317996799e-01
-2.572330829184030221e-01
-2.103812491373376892e-01
6.852009800187168764e-01
-4.380000597080614400e-01
6.913592356816912199e-01
9.270567108327414374e-01
9.248141262174657262e-01
1.661377548362081291e-01
-3.626942366489350755e-01
7.864457026805672379e-01
-3.763601069245636754e-01
8.487600125077314761e-01
8.383477963751904127e-01
7.893370142941161793e-01
8.258304570810530709e-01
-3.324476578402838500e-01
-2.917609034598093176e-01
-4.641321061490185085e-01
7.639209428198224794e-01
-3.624440144980521361e-01
3.751881542957209020e-02
9.205448395686339769e-01
8.795944719429452663e-01
-2.962964335354258405e-01
6.222719315296218467e-02
-3.277747293487978664e-01
-2.938037774492053833e-01
7.147927946974145241e-01
-2.777943366379316825e-01
-1.341741497615803191e-02
9.276356837405304034e-01
-3.114153429160658737e-01
1.663243104068522771e-01
8.880462274955325253e-01
6.753947223139038503e-01
-2.638854854996185439e-01
8.089807728915691110e-01
-1.049107025191585441e-01
7.976304305593652222e-01
5.431854814471712145e-03
9.036380123929438346e-01
7.368104083239035429e-01
-2.441646672965709919e-01
7.761703722921794446e-01
1.095555811095316467e-01
9.167240419906990123e-01
-9.727551471510477443e-03
8.118581948173957397e-01
