-2.829094716955684041e-01
-4.053690941828491101e-01
-3.247949963100780768e-01
-8.009469348756650953e-02
-3.614785241623699186e-01
-2.666475676356204194e-01
-1.329663364774172074e-01
-4.089699863564741911e-01
-8.713227604322776321e-02
-3.991914765963038847e-01
-2.951896578183028086e-01
-1.668082734043275783e-01
-2.784957789878927947e-01
-2.950633814174540848e-01
-1.215322648428118213e-01
-1.265959240420729826e-01
2.202485024792298629e-01
-3.861721884379006875e-01
-2.756915427451692713e-01
-3.559673609293651508e-01
2.132251215608752318e-02
-2.141714686870937329e-02
2.186078890766330468e-02
-2.745737593821496181e-01
-1.767794200152929263e-01
-3.070628328942619223e-02
-2.155266324106177439e-02
2.704829367190610401e-01
-2.180324225435726904e-01
-1.482822603737762035e-01
3.485010666484922304e-01
-3.306367908172779257e-01
1.296685926864784011e-01
2.618001298100686713e-01
1.330262770681759910e-01
-3.698996040877572389e-01
3.936082680662120886e-02
-3.277861097075485119e-01
-3.929807536551881419e-01
1.581975688327739160e-01
1.963655648858802019e-02
-3.950168252762266685e-01
-3.973864524019476985e-01
1.925189445998599092e-01
-1.096535770369564677e-01
-3.705579200237855697e-01
5.122713636138730847e-02
1.247845639573122167e-01
-7.036051226602092756e-02
-5.301688772916304804e-02
-2.819488173273374532e-01
-1.070583332377123276e-01
1.825472152502633505e-01
-2.451904031749102264e-01
9.006360114467427957e-02
-3.700205058997598773e-01
1.550923627350875023e-01
4.744804757591183225e-02
-2.790447904042235305e-01
-3.946752279100035343e-01
-3.362814426691368430e-01
-1.986339356174333381e-01
-3.580118117178086590e-01
-2.965645103709528829e-01
-4.434637477502557101e-01
-4.980674126247920663e-02
2.186946631550967801e-01
-4.726037119448877472e-02
-3.030652079788853093e-01
-3.531995348209912011e-01
1.624608382554326158e-01
-3.784346043484902444e-01
-4.221453804781867269e-01
-3.225690073142268299e-01
-2.909757772899888018e-01
-8.598307897597075311e-02
-2.020807753181809718e-01
-4.381879455947403912e-01
1.419212489335834881e-01
-2.712851954299740354e-01
-1.075471495459941335e-01
-4.150933314122420836e-01
2.348320525349585908e-01
1.677503283781845711e-01
7.377716385711224900e-02
-1.141159060718170415e-01
-8.852016226810721644e-02
-2.633879823236449647e-01
-3.069018146118849405e-02
2.163762819758486000e-01
-7.045151183213389789e-02
9.746596752629335669e-02
-3.666072828492422664e-01
1.631450005998650310e-01
-8.602832696255072187e-03
-2.470330268124041329e-01
-7.219136455559388432e-02
1.342741160433058023e-01
-3.264275733687210801e-01
-8.496998355295620753e-02
-9.806677959132305278e-02
-2.948540914167551152e-01
-4.114653892027982929e-01
-3.063694076950434497e-01
-1.365930686248882919e-01
-2.391329296283981332e-01
-1.359195714779987962e-01
1.531249093321335464e-01
5.352553813169687313e-02
-1.871331105353105095e-03
-3.995600025190707560e-01
-6.372554532689363865e-03
1.451012703386700964e-01
-3.321969989902808784e-01
-2.815157008291815366e-01
3.777024974352368586e-02
-4.149315397127114613e-01
3.736596450809195197e-02
1.294711647650265418e-01
-3.703592836531212074e-01
9.847634040241329267e-02
-3.467637353231046715e-01
9.559540022211443500e-02
-3.605204637024573833e-01
-9.032049531094331341e-02
-3.813697407687727803e-01
-3.077028509609429363e-02
8.640705329217263087e-02
-2.867582318418823717e-01
-3.814691440303465964e-01
-1.291529024031971284e-01
4.049446729882868468e-01
-3.824699263781459746e-01
-6.242473416854681795e-02
-2.263736584915833350e-01
-8.670251873242677820e-02
-2.988578594221701357e-01
-3.022550374087132896e-01
-2.450789830570066496e-01
-3.725807302305067514e-01
-2.933409850126504903e-01
2.174281268370631404e-01
4.241019622294710939e-04
1.149451628557354443e-01
6.463917588185459639e-02
3.234436957059388384e-01
2.860736764271951116e-01
2.774777563918980894e-01
4.919870396511431543e-01
2.007748946578129801e-01
-3.656615075720056618e-01
-1.666160037376484548e-01
-3.648790191500157487e-01
-3.452185272584583076e-01
-1.417509164582057835e-01
-7.667987466392109375e-02
2.858893852994653928e-01
1.337012785375219295e-02
-3.727943896734053353e-01
2.259561353677731754e-01
2.938140440474297788e-01
2.325914226181120814e-02
2.073427343898738284e-01
1.411111224525946894e-01
-3.911622905098244285e-01
1.447908961315240717e-01
-1.896852688239747120e-01
-3.426435589208745025e-01
-2.523618432267806799e-01
-1.880203961788221023e-01
2.403891435501105400e-01
-4.301785914505669162e-01
-2.095000551105838105e-01
2.500422255988534181e-01
-3.531051698389538473e-01
-3.822982463999664571e-01
4.526397315358651058e-02
-3.031077966003157265e-01
-2.655382468369534843e-01
3.926692186097364701e-01
-3.632541715302729513e-01
-4.505935495680497560e-01
-2.824395457833163148e-01
-3.183198416608457593e-01
-3.534797101042966849e-01
-2.079461178752489425e-01
2.814307864071551868e-01
1.815418390963887685e-01
-4.112436538492790783e-01
2.612981195527155354e-01
-3.549709980033829426e-01
-3.709353520097781187e-01
1.059557031249559189e-01
3.882989801198508117e-02
-8.292183185125225758e-03
1.751165965804223623e-01
5.163098672114310728e-02
-1.177783602152862319e-01
-3.435060363672040595e-01
-2.295646625594280066e-01
-4.934997787206650555e-02
-3.276369218578332743e-01
-1.371792295029594932e-01
1.653703274002610302e-01
-6.091301698625562616e-02
2.672266735846233754e-01
8.146819999037219207e-02
-3.384771501678179306e-01
-2.833365771844319481e-01
-1.192528657293486782e-01
3.665647074891352497e-02
-1.127232944893362399e-01
-3.570886678649765611e-01
-3.612086432260683266e-01
-2.756322903220572162e-01
6.978201198117350845e-02
-1.536226087998056322e-01
-3.058587555270511626e-02
3.361054774039376469e-02
2.186307088433652596e-02
-4.307869123405967393e-01
-4.317094181740130376e-01
2.064850516130757041e-01
1.808065024225831707e-01
-4.267470942606957363e-02
-1.945497127265791715e-01
1.703572454501039446e-01
-4.160674668566378687e-01
-3.385879128989826015e-01
-3.368099459838370668e-01
-2.616573913201427071e-01
2.377583311470427008e-01
-3.349870015709124904e-01
-2.490196385526280143e-01
4.957373321819905643e-01
-2.760369641444185840e-01
-5.713361869012082567e-02
-3.147443771065541185e-01
4.817373665975205332e-02
-3.993385277397794586e-01
-3.683178320634961089e-02
-1.182920260543581931e-01
-2.749752346185079244e-01
-2.080044394811931055e-02
2.059352401368032826e-01
-2.810978617557264858e-01
-2.770652910109393519e-01
2.657091639190865551e-01
-4.740659362312049652e-01
2.943796893477602927e-03
-6.833271416738000148e-02
-3.235245292859652566e-01
-9.722842905366746447e-02
-2.107349876861848784e-02
-2.622072508011591419e-01
3.646921550526772693e-01
-3.285135113561432063e-01
-3.349084002702077956e-01
-2.237983263465274375e-01
-3.173586826097922198e-01
-2.428924026420495319e-02
4.419472570026551361e-01
9.229581503966485800e-02
-2.838696587180393194e-01
1.477357058836518272e-02
-1.020021950425678420e-01
1.050384497558030927e-01
3.138248975604933655e-01
-9.046680373014232002e-02
-3.213072722244297158e-02
-3.122656460507459708e-01
-1.864593338910379150e-01
-3.174356572823069378e-01
1.607820145702070491e-01
-3.660296765801102636e-01
-4.137753839515508347e-01
-3.388489985935981275e-01
1.566858276950518769e-01
-3.096228726131097786e-01
-2.791490041465444216e-01
-4.209529566782539978e-01
-4.206569104188211394e-01
-2.160993654633524552e-01
1.699390087070578592e-01
-3.490732829825553551e-01
-8.824090738723332217e-03
-6.065730513337676266e-02
-3.638660296384190196e-01
3.002887757323989826e-01
1.569339543005712767e-02
-3.408763993299025047e-02
2.911968420005695002e-02
-1.858452250341428857e-01
2.614913814319799190e-01
2.081408613045830913e-01
-2.891236897313816945e-01
-9.812818977524925823e-02
-4.286922030212714230e-01
4.501539730612056506e-02
3.385160530715108917e-01
