-2.703755811712149626e-01
-5.595005943154398587e-01
-4.272508076727441484e-01
-4.657840423236084826e-01
-3.478690214369047351e-01
-5.630113884074328112e-01
-5.748140968471665557e-01
-4.149837359030190687e-01
-4.820355681372476830e-01
-3.326013738668108233e-01
-5.407412806234694891e-01
-4.358500825844006110e-01
-5.459261658767122771e-01
-5.478638617099969021e-01
-3.781104116696153428e-01
-1.599759329347044956e-01
-3.691173970678937044e-01
-5.514343521268632031e-01
-2.380733710220681032e-01
-4.493386620080651594e-01
-3.897794014229936099e-01
-5.417186301329023346e-01
-5.187078302032746002e-01
-5.463077979861483691e-01
-4.992681408411927535e-01
-1.361026637175227205e-01
-5.461568002517587228e-01
-4.279050502285285384e-01
-4.237205537514908138e-01
-5.969622571539170419e-01
-5.890184711761283776e-01
-4.292797495982156875e-01
-4.567551288603087789e-01
-5.765786293939294538e-01
-5.413574344205132061e-01
-5.677341118609822157e-01
-5.847518755198231055e-01
-4.951938031382986383e-01
-4.408493909831441848e-01
-5.246927897014336262e-01
-2.310546344467122037e-01
-5.382328760526281508e-01
-2.233276561300294727e-01
-4.322435754482530923e-01
-5.670547888301407102e-01
-3.765632867585339549e-01
-4.991702624331435523e-01
-3.268756344655057156e-01
-4.429111495177420754e-01
-5.596172250915574242e-01
-3.989161855031949089e-01
-5.318401684603087931e-01
-3.613134221282520153e-01
-5.875437915424865931e-01
-3.847255001558899101e-01
-4.464355847540298905e-01
-2.975798160940111847e-01
-9.005796996149480205e-02
-4.989529502913425674e-01
-5.195320429796744799e-01
-4.219899676857336024e-01
-3.152816300759901935e-01
-5.346961683584932068e-01
-1.836013197475053482e-01
-4.630938658532502972e-01
-5.276786210527101284e-01
-6.015285986010141528e-01
-5.544343747227320485e-01
-5.879437613844585853e-01
-4.420025781932634956e-01
-4.944658636161198828e-01
-5.386940401742041917e-01
-1.490327294180772699e-01
-5.068295458368341500e-01
-5.681243356520946364e-01
-5.461025457028679808e-01
-2.841444972024690374e-01
-5.578430943030964206e-01
-1.834145416722974542e-01
-2.695529982722511542e-01
-5.200588468577946877e-01
-6.111179352023623501e-01
-2.635068460396932100e-01
-3.198086140966114321e-01
-4.786412864704792103e-01
-5.647704178936813202e-01
-2.575927539980088499e-01
-4.088072300753652910e-01
-4.389173866049266293e-01
-4.193467639965091642e-01
-3.828003337208185086e-01
-5.768232196762017594e-01
-4.803962449931534762e-01
-5.495661421870261520e-01
-5.481910977491740722e-01
-5.064030715346650169e-01
-5.585723230866621591e-01
-2.642122201347592569e-01
-5.339396227327563027e-01
-5.507460828717392065e-01
-4.933595407267556410e-01
-2.751995538321141965e-01
-1.986168598939485885e-01
-5.712366764601163327e-01
-5.584398258860266973e-01
-5.215439808565028867e-01
-2.318459889182371281e-01
-4.725857229180568941e-01
-4.287146200276270580e-01
-5.574387770524436014e-01
-5.507568917789906759e-01
-4.359434011840627177e-01
-3.195457128420226001e-01
-4.759219465492172674e-01
-5.626941441917150399e-01
-4.358948234916519282e-01
-3.557691330204009184e-01
-5.470091884747479982e-01
-2.871049976471191645e-01
-5.354426335178115171e-01
-5.327938675036182348e-01
-3.700592073052114128e-01
-5.417865894163832463e-01
-3.822664370020479874e-01
-3.813150344862882846e-01
-7.694961056519464271e-02
-2.644801244884534830e-01
-5.406852139210860386e-01
-5.796600853957818433e-01
-5.496134874560084649e-01
-4.490884887498048927e-01
-5.881031527397360126e-01
-2.453977676386696616e-01
-4.569267062237890031e-01
-4.405152952088957352e-02
-4.224425781221591292e-01
-4.882775056154950444e-01
-2.626361733231282747e-01
-5.581356914972259720e-01
-1.614167535915793372e-01
-5.813685523078144790e-01
-3.229346765628009486e-01
-3.338721861370217980e-01
-5.023349026599492895e-01
-5.846759391578447707e-01
-5.724897426243125143e-01
-5.393295087067804250e-01
-5.091762400327045635e-01
-2.815230846444733981e-01
-5.328851378730280475e-01
-2.566841062932555539e-01
-4.879729843152026958e-01
-3.319419820957481004e-01
-4.003351759636128437e-01
-2.425977509230874962e-01
-4.888819091870859612e-01
-4.913248620328385385e-01
-4.017243107777131450e-01
-5.910830865067282502e-01
-4.936333480134826868e-01
-1.603343986146202882e-01
-1.968982651527913241e-01
-5.814453562076640214e-01
-4.730037573199301626e-01
-4.784263176571503795e-01
-1.639574005643566479e-01
-6.009770707629211728e-01
-4.256634646932196953e-01
-3.411343607659073074e-01
-3.867924038992308633e-01
-5.339367464116278050e-01
-5.258071974085271050e-01
-4.923846491747100318e-01
-4.149558125087220439e-01
-2.809513130321272811e-01
-3.448437256264408335e-01
-5.353664934938440201e-01
-5.697195407244076693e-01
-5.597417439388527871e-01
-4.578976873202226239e-01
-2.967918678858960102e-01
-4.666867438501512422e-01
-5.582280746352535905e-01
-2.070909247955527444e-01
-5.990318532830296583e-01
-5.158650973678973184e-01
-5.482315229099151699e-01
-5.390754634438801318e-01
-1.875096575879600103e-01
-3.733326830884637348e-01
-5.519503452246439235e-01
-5.596950390526657104e-01
-5.266574468998533876e-01
-1.772705004003954921e-01
-5.704031578472801289e-01
-2.240546910578004314e-01
-3.917119767733167057e-01
-5.656010886911579938e-01
-3.378612483209974537e-01
-5.503859548807215063e-01
-5.762422692180863004e-01
-1.685192703109559820e-01
-6.012362658287022654e-01
-2.704833520061351582e-01
-4.837441893951192062e-01
-3.729679529023650630e-01
-3.139122742838985625e-01
-5.730779210099649079e-01
-3.737210765674682245e-01
-3.815340736285628420e-01
-4.257070255009476889e-01
-4.610381753286291739e-01
-4.426066893536553248e-01
-5.554650757806960382e-01
-1.716256814956903520e-01
-3.272943304983305102e-01
-5.623485923590684082e-02
-2.796740123818170498e-01
-5.346751310494028964e-01
-4.502334802206804376e-01
-5.342025164646392321e-01
-4.210294872896033214e-01
-5.473034597666505130e-01
-3.963606491113078611e-01
-2.445790853421991595e-01
-4.969051879032126418e-01
-2.429470742384480797e-01
-5.648816165159624703e-01
-4.922894056366600157e-01
-4.077660504125254493e-01
-4.492484777528806816e-01
-5.852024061437914870e-01
-4.163487380511622371e-01
-5.116692060448889690e-01
-4.300790210095125632e-01
-5.228630291167254418e-01
-2.928932729443117777e-01
-3.594372523063706915e-01
-5.529975611173205685e-01
-4.241234821512469000e-01
-4.989764676962810674e-01
-5.042259660577953495e-01
-5.164933218368586987e-01
-5.704878495282501571e-01
-4.166394275027986427e-01
-3.123196023027488000e-01
-1.905496601131111412e-01
-4.155087913749541118e-01
-5.602817648020419483e-01
-3.066474567896052550e-01
-4.613445867165140157e-01
-5.387341001004296581e-01
-5.593082865548525406e-01
-3.520291295936187059e-01
-4.525739812926075079e-01
-5.079205439312153292e-01
-4.875813858394758560e-01
-1.747031136157642384e-01
-5.307994885644633509e-01
-1.285564730524432486e-01
-5.961558354591598441e-01
-4.757757555708694852e-01
-2.492498990192160147e-01
-4.148337681806423261e-01
-5.123809679945465767e-01
-5.769326432433128371e-01
-3.106958810740955701e-01
-4.966459794833021357e-01
-4.353878194056851059e-01
-2.112488932894096005e-01
-5.409871101311276576e-01
-1.958500194022938512e-01
-1.811527086538241571e-01
-2.015340603841455636e-01
-3.330354481394999788e-01
-4.405786836026228670e-01
-1.698849548893204275e-01
-5.609037595517074593e-01
-3.334069449083937320e-01
-5.460409438956261852e-01
-3.792896010934537210e-01
-4.807550601302501003e-01
-1.111697043715450389e-01
-1.244709683283828638e-01
-4.964499320067669030e-01
-5.710034891274313740e-01
-3.978422260220998430e-01
-1.880424572612208189e-01
-4.972458640172322530e-01
-5.874338327798074300e-01
-5.327602038996641642e-01
-3.441151417878516305e-01
-2.579286932196342419e-01
-4.176825569349731371e-01
-5.388142106083483318e-01
-4.365329272841756425e-01
-4.815977077995380329e-01
-4.856433296215590945e-01
-4.302076130118491770e-01
-5.420613522420144603e-01
