6.441788885479755589e-01
-1.463234493358242516e-01
6.275345239556325838e-01
-4.956432154405371326e-01
6.527921276376429383e-01
6.429761146647096082e-01
-3.726924816723495848e-01
-2.756866208863919532e-01
6.900396415943081951e-01
-3.721905112056608234e-01
6.492921077643274419e-01
-5.184245448713286075e-01
-5.009952078149402244e-01
8.221386069456648737e-01
7.745595650916986541e-01
7.126703982920244984e-01
-2.536014786940210541e-04
-8.389715627426549971e-02
6.675884707255859141e-01
-8.617420869553589491e-02
8.232374925986398750e-01
-5.081610098845743551e-01
7.264690372641194882e-01
8.086223209490935870e-01
-1.952310083197836832e-01
-4.622214294414481728e-01
6.529249500478537804e-01
6.993146266751746332e-01
6.535066037548835638e-01
6.908450406648718456e-01
-4.828587870697802487e-01
-4.169481003006933473e-01
8.683884959306190643e-01
-2.756544666087187290e-01
8.995876827904694117e-01
-1.121237989360055060e-01
-4.561394374652661399e-01
-1.272690685926388954e-01
8.849137811641544227e-01
6.324707850510563611e-01
-1.598216033900040356e-01
7.293494818641692579e-01
-4.229220539128758505e-01
5.492587550216697645e-01
5.834896540746039584e-01
-4.745338433813287016e-01
8.405337733970055236e-01
6.942646080334613501e-01
-5.349779665186047417e-01
8.817409584161283176e-01
7.217580074145047986e-01
-4.978920183854920190e-01
6.849151772567709795e-01
-3.035134075221920247e-01
7.762178890821742616e-01
6.636216948043225372e-01
-4.880640958006389196e-01
-5.245929522125433175e-01
-3.861608199944781550e-01
-5.676102190705432926e-02
6.909179585603337781e-01
-5.193517176309357941e-01
-4.780686445454012112e-01
-2.556741311167909370e-01
6.480824518919543475e-01
3.682319107903198746e-02
-1.932014491518324883e-01
8.726061685966112202e-01
7.085220222874053508e-01
6.754107183104761658e-01
-4.541860480192940752e-01
-1.503613672912860189e-01
6.566212817231723564e-01
6.832872006361221384e-01
-4.860939126846060554e-01
7.049596588407278652e-01
-4.653950935377906273e-01
-4.704426470428584028e-02
8.520471774861142489e-01
-5.086380962927512517e-01
6.578238392254827094e-01
6.511322247607931324e-01
5.883465167993298106e-01
-4.511722400987849824e-01
-1.544748217246703914e-01
-4.411990088660971976e-01
-4.712778304577030508e-01
-5.227755093094106353e-01
-4.497446536095577319e-01
6.420310892746111664e-01
-4.651007016588770693e-01
-4.902987931582540870e-01
5.843364659581555820e-01
6.546347996623055332e-01
-2.878139784707626214e-01
-4.158704415947691024e-01
-1.651635169892450850e-01
7.548345154102618082e-01
8.167633805369457489e-01
6.766178836166942823e-01
-1.302219951182306545e-01
-2.571605166480579463e-01
-4.019717780067251223e-01
9.242221044983347511e-01
6.587829332483212674e-01
7.062251148788352140e-01
-7.543658418277138233e-02
-4.857089334606269349e-01
-1.588983241898070109e-01
-4.733660700455192272e-01
6.535419604012597805e-01
-4.278825288571177499e-01
-2.088327262075349577e-01
8.464744422358614351e-01
-3.621665726710210365e-01
6.948062308449949320e-01
-3.774289687425567141e-01
6.669325171500035676e-01
-7.467920211244460926e-02
-1.371708478762575512e-01
-4.399681145859601905e-01
-4.854449901010761126e-01
7.495601536773064399e-01
6.386682083869982263e-01
6.576448641376829718e-01
-2.327173301011045692e-01
-4.394501837722506465e-01
7.674906858055938752e-01
-4.133800544457199022e-01
-4.911723476477611317e-01
-4.894433000739839001e-01
6.535095297431572359e-01
6.074936550220456644e-01
8.975058325074132259e-01
-4.003089270217348727e-01
-5.126012030806996744e-01
6.094500767326335167e-01
8.882681392147023791e-01
9.098301171877360982e-01
-1.259564489802398324e-01
7.628427980233397632e-01
5.972478776728762373e-01
6.516503011546954660e-01
-4.531508381312986389e-01
6.340581759207640777e-01
-5.320149348704674708e-01
-9.079395750668005360e-02
6.719307988123034425e-01
6.210956900304149819e-01
-2.302355593501144160e-01
8.761332487305020233e-01
-2.930149422267411818e-01
-5.055865129157184334e-01
6.560390203917093599e-01
8.174581955497749464e-01
-5.178614454696875979e-01
6.130579085621288282e-01
6.664508783937872494e-01
6.174314593300614940e-01
-4.976244653974699617e-01
-4.818855437101883243e-01
-5.194096114095039241e-01
6.733164735244772103e-01
-9.136741306580087318e-02
8.108906478890516301e-01
-5.024766180504832702e-01
8.797998698960169950e-01
-4.762742105348382049e-01
-4.361777910031676697e-01
-4.748604895423731431e-01
-5.283332594302526664e-01
6.613698574093551663e-01
7.105669613243075222e-01
8.265933145141858285e-01
-4.324791433342865532e-01
7.692731666441119387e-01
6.877320127990165233e-01
-3.464730882552392588e-01
8.307509039497198433e-01
9.159779202506519447e-01
-1.646887750318197230e-01
6.904717355384996091e-01
-4.314693965526005259e-01
-1.626085719809055030e-01
-4.512235146247426942e-01
-4.830125143442671187e-01
-4.432176478166428568e-01
8.413691119002195684e-01
5.782054489722896484e-01
-7.137736591897493599e-02
6.628015874102436422e-01
6.528660002656430095e-01
-5.150540511270027544e-01
-5.011728203404297588e-01
-4.576398196428457243e-01
6.608525310107650208e-01
-5.628719182953573208e-01
6.076938467509912511e-01
-5.090748994937146499e-01
-3.038267900382864428e-01
-3.068042039744147687e-01
-3.977596808720001431e-01
6.605655897807032328e-01
-5.383931355459802282e-01
6.466123210537527699e-01
6.706781126133820603e-01
9.087574615721225602e-01
6.652817752756907677e-01
-2.498607754076974941e-01
-5.215576541159163693e-01
-2.746079219123924720e-01
-1.795672682872338777e-01
8.483552659859900924e-01
6.844049938169005642e-01
9.360845249624497599e-01
7.069196094385853391e-01
7.098446128552564627e-01
7.132973434989010597e-01
6.243150210446818393e-01
-7.253665768582404083e-02
8.449137308007044211e-01
-2.692301677179481101e-01
-7.211025823606165286e-02
-4.661570391463060181e-01
-3.627580988851989430e-01
-1.589264409330488903e-01
8.204846277186024217e-01
-4.081865493368233566e-01
6.280662441159476916e-01
6.943615283126677307e-01
7.085934029351984575e-01
-4.560024895277908219e-01
8.327777995699354729e-01
9.081297245498100024e-01
3.707913481704183667e-03
-4.273614180819089725e-01
-3.585614715475647918e-01
-1.935521945611772265e-01
6.539622784747661788e-01
8.794048059368591019e-01
9.062408630561451517e-01
6.712888460784667277e-01
8.471165883711821998e-01
9.044114876481453846e-01
6.912348087749293768e-01
-5.123541572560448287e-01
8.879995290430163779e-01
8.965331055267635740e-01
-4.207962462412832005e-01
-1.438745964055645754e-01
6.904007526171509479e-01
6.154269908359286667e-01
-4.498517030459605048e-01
-4.524949936112342974e-01
-5.040753331738504484e-01
8.265855939424950893e-01
8.565669954404976361e-01
-1.243915810337965222e-01
-4.614957875720473446e-01
2.106277072298200215e-02
-5.590755492543643124e-01
8.810242807411038379e-01
6.739697614822628413e-01
-4.774354258802890882e-01
8.533124672877047123e-01
5.915330016508844047e-01
-4.652492281318178213e-02
-4.413289236364900114e-01
6.858574035775368838e-01
-5.046740395415186820e-01
7.003304870238830082e-01
8.932100039033625816e-01
6.810289351933377366e-01
6.297806529801669440e-01
-3.660955891468344880e-01
5.863975761572109979e-01
-4.696384297835172195e-01
-1.610075791396507194e-01
-2.380990383747043360e-01
-3.970770151625616640e-01
-2.776847669342804581e-01
-4.914292758097412728e-01
6.910003583073807132e-01
8.082240764416568357e-01
-5.317274370953594537e-02
-1.023583960221196715e-01
6.395677025310867458e-01
-6.013534393516580812e-01
6.465205608602644372e-01
-5.350904851069847312e-02
5.976645178729865782e-01
-4.716849772126296969e-01
-5.178135809504441633e-01
-4.896628356048748909e-01
-4.666033711446981869e-02
-4.729576021098925165e-01
-4.389807597046707088e-01
6.549180812888206749e-01
-4.233464932361100108e-01
6.431941928595013014e-01
