5.833031225329845526e-01
-4.520792476047175712e-01
6.271936675961891083e-01
-4.348069458618332161e-01
8.173348161619111707e-01
9.036103928797395435e-01
4.072981594356209212e-02
-4.585522777452015752e-01
8.461111374476104618e-01
3.642945659232462580e-02
5.427732302313539314e-01
-4.998587536783798829e-02
-4.355379725775401778e-01
6.129337314931775360e-01
4.707512531284381296e-01
5.215838063261482027e-01
-4.506487823874735232e-01
-4.176078303061342423e-01
8.258767594680397339e-01
-4.198584711393010260e-01
5.987065659472533552e-01
-4.424477982867650594e-01
5.369135796571015140e-01
7.314269205157870601e-01
-4.127591683780391929e-02
-4.480875333685821471e-02
5.902649290238108915e-01
5.615594492075257627e-01
4.643375633681537940e-01
5.661452764950299921e-01
-4.454107661246904937e-01
-2.239095213350653091e-03
6.243945865236614212e-01
-3.575397254370786260e-01
6.222751651191807953e-01
-3.796794130994363137e-01
-4.208519657623729926e-01
5.043076192003281832e-03
5.887281175519489818e-01
5.644729282944423998e-01
5.173922660569015702e-02
6.595849013984884657e-01
-4.464480086960924687e-01
5.854452023845875264e-01
6.141165731788059690e-01
-1.234952324111988076e-01
5.326374376675991895e-01
5.105338067576321581e-01
-3.950342890011387942e-01
8.683685303294830238e-01
5.778559220135481844e-01
6.476045011559392051e-04
7.856748059057043765e-01
-3.588988243068996220e-01
8.580626504651609476e-01
4.730118049657189294e-01
-4.874787847638226146e-01
3.647564180169343695e-04
-4.868590433518649174e-02
-4.728852133631530341e-01
5.520060315709131027e-01
-6.574937264171867857e-02
-4.429905881885632946e-01
-3.548042439747494114e-01
6.733184648908645542e-01
-1.221260410663584789e-02
-4.577121106343462476e-02
5.554230969769616832e-01
6.445180662425010754e-01
6.093798691436997927e-01
-4.174905181403800736e-01
1.374230542468170280e-02
5.894228536693612019e-01
5.062283788622663483e-01
-4.510515015811542572e-01
5.353290155664789385e-01
-1.863931998866907164e-02
4.100579107733181433e-02
4.505107373008933602e-01
-1.223836505116024376e-03
5.642737217052444798e-01
7.072236347955931368e-01
4.778309062429491050e-01
-3.880258217002716670e-01
-4.516876323715657837e-01
-6.594019572354573033e-03
1.021033253020257880e-02
-4.394511719278226258e-01
-4.222438688969264164e-02
5.993701174350980487e-01
-4.391385063251960208e-01
-2.687180611437859912e-01
8.228107773625317201e-01
8.783347964701235799e-01
-4.459016134410722088e-01
-4.210194732691650565e-01
-4.039544353084249528e-01
7.917437248609557887e-01
6.354093785121319726e-01
5.249764883732647158e-01
-4.142565746559824791e-01
-5.368237400494160205e-01
-4.412079868609283806e-01
4.792492585313951059e-01
6.261853136306304579e-01
5.501656716580003437e-01
-1.577603317997487015e-02
-2.575454654559466289e-02
-5.706415702461713896e-02
-4.104099603440671817e-01
5.512146646083877499e-01
-3.248525901217467760e-01
-4.089454722359808225e-01
8.315887123423013616e-01
-1.058863665420940042e-02
6.350198980641319491e-01
-3.794311022824327084e-01
6.434899830638606266e-01
-1.933315514179841099e-02
-6.006689987329810743e-03
1.679510577127921178e-02
6.092838525360272373e-02
7.812646398087266242e-01
6.040406917918196283e-01
6.416669260561526089e-01
-4.440351638287047265e-01
-2.055518094737816825e-02
7.510516133865932087e-01
-3.932538391356628082e-01
-4.632683963897565871e-02
5.431554818588573558e-02
6.379558111658640840e-01
5.781118939153364611e-01
5.710391401878015527e-01
-4.438948777177990079e-01
-4.273712855699413060e-01
5.545323028463289283e-01
8.425597302419809420e-01
5.851517567674224818e-01
-4.301536717166389856e-01
7.524031896482330506e-01
8.525156216728988490e-01
5.607075867299471383e-01
-3.743527321636276883e-01
6.002526721737349025e-01
-4.256641260377090341e-01
-4.217259954161085567e-01
4.554692512934574999e-01
5.998236342606446669e-01
-4.376571422697719815e-01
5.750298660747583668e-01
-4.325117595695757711e-01
-4.417581771997980411e-01
8.306896308894669012e-01
5.698867022127869220e-01
1.256814100633123488e-01
6.737673430568937860e-01
5.514394212203258538e-01
5.999946144513025326e-01
-4.543095797058525620e-01
-1.342831074934421054e-02
-2.591212496353088035e-01
6.260634237914444178e-01
-6.338726284862708504e-02
8.515843402175079513e-01
1.985291788709830224e-02
9.100257238095728063e-01
-2.231294479043099271e-02
-4.604365598896562606e-01
-4.563663352527268513e-01
-4.722584568483639833e-02
5.970153842772212283e-01
4.642005629021354052e-01
6.004537645821571568e-01
-4.252107258765077669e-01
5.642296809741077501e-01
5.993837423554628785e-01
-4.146205310371487429e-01
6.662028559619098678e-01
5.150374287359479331e-01
-4.481470816549113501e-01
8.268102749243287919e-01
-4.953268245880211307e-01
-4.454830214662041099e-01
-5.276153565476433549e-01
-3.699301779590764561e-01
-4.344348517429856837e-01
6.345112437743368750e-01
5.593762358190701445e-01
-3.676435425265883739e-03
4.928274179281493250e-01
5.796500878028145731e-01
-1.074405519444367879e-02
-7.605349799743980899e-02
-2.872912075429143175e-02
8.169324466947422980e-01
-4.510372151782671701e-01
5.773046443999809707e-01
-7.059291747170040598e-02
-4.425417113435650140e-01
-2.796190511913410059e-02
1.509242806314780028e-01
5.391818057172905743e-01
-3.473703928683344322e-02
6.144219044012142472e-01
6.182699071457592455e-01
6.288468529973110233e-01
7.098254057582122911e-01
-2.808609173114761173e-02
9.975339330622445821e-03
1.047573579392643839e-02
3.668224389589136436e-02
4.941320992863258432e-01
7.789919921705582562e-01
6.357281036433390931e-01
5.824530940207733876e-01
4.769542084710222118e-01
6.094844330503192964e-01
8.920851478526897749e-01
-4.467951137070536594e-01
9.214039702216351158e-01
-4.583163386186223098e-01
-4.018769861461189419e-01
-4.339916071683525001e-01
-5.089859449181479700e-01
-8.406388750910841201e-03
4.905821593830708149e-01
-4.400385518639107207e-01
6.733711400597293117e-01
8.584739783927147760e-01
8.329290213592751568e-01
1.754079462268045564e-01
6.021374186607165724e-01
5.778138027944149657e-01
-2.435847767383002016e-01
-4.067857741727887166e-01
-4.095749507791774935e-01
-9.119109549892806532e-02
7.103418159403465104e-01
8.778309577630982741e-01
5.591282799327278452e-01
6.912682776160524734e-01
6.014035888545123942e-01
5.095811958448440704e-01
5.209175500916241042e-01
-4.458859739032300373e-01
4.864503667210927640e-01
5.767918034402081950e-01
-4.466914482791449204e-01
-4.126839171685168783e-01
5.334760633044945966e-01
4.725474543184552401e-01
-4.494861475083565816e-01
-2.057081858514047401e-01
-6.351647473433172375e-02
5.531142818062738664e-01
7.171975859423812549e-01
2.248026151863254107e-02
-3.971424238471001900e-01
1.790694746990423303e-03
-2.053421972666884254e-02
5.987866026262486097e-01
8.233642121796854729e-01
-8.837083706896470270e-02
6.500798088711222666e-01
7.040962420334004879e-01
5.450014618448747322e-02
-4.170552352903206250e-01
8.763409055881247189e-01
-6.698713628211401538e-03
5.985527318913417272e-01
6.818713766977464452e-01
4.977021522497683259e-01
8.411938349042153984e-01
-4.512099801239325969e-01
4.979534344145070679e-01
2.312792767639750696e-02
-4.388484228216839034e-01
-7.831002168862469248e-04
2.600144412625365886e-02
-2.195200321847060043e-02
-4.066564003371284652e-01
5.500777863913872689e-01
8.679120961799999812e-01
-5.025899342294508632e-01
-4.365387984437205660e-01
5.159852706703600411e-01
-5.138295540930827299e-01
8.172307928823601131e-01
-3.879761807425439191e-01
5.774027526085575568e-01
-2.458750774880585910e-03
-4.094071559116738146e-01
-4.440443690793367537e-01
-2.693670712803067357e-01
-4.020929646613650710e-01
1.665087722033456452e-04
6.507529574468868816e-01
-4.107128229516882056e-01
6.154331106776882443e-01
