-4.490484655312119155e-01
-2.261336838058805587e-01
-3.010314530899460550e-01
-4.198164339079148988e-01
-4.077217348410843711e-01
-5.154821996474038270e-01
-5.059002569178920883e-01
-3.691991363143716787e-01
-4.197911240795943466e-01
-4.278692379914963428e-01
-1.899910080958023273e-01
-2.071596345345683432e-01
2.196235677740117354e-02
-5.016975660994805741e-01
-2.928849977920531811e-01
-3.077004321397397990e-01
-1.174085787235806949e-01
-4.170781767670679319e-01
-4.639730515733443972e-01
-1.827554701101689327e-01
-8.820948645673071242e-02
-3.539986618441603450e-01
-2.271482900900337887e-01
-4.701391796738721984e-01
-3.326849626488613820e-01
-5.369541633983099249e-01
-4.586045328388830278e-01
-4.581254827609100300e-01
-5.020676589861599037e-01
-4.293917152385212654e-01
-2.603685968091391523e-01
-4.544151054732273876e-01
-4.214392056013693266e-01
-1.160803445374145038e-01
-3.209389988285384909e-01
-4.723913597888947380e-01
-5.624891690036911696e-01
-6.007115590559831964e-02
-4.934985536016692209e-01
-9.520436719382277535e-02
-4.787396721554726953e-01
-3.809881116411258373e-01
-4.795858547778768521e-01
-5.274889383688646793e-01
-3.308331254580795244e-01
-4.172224032149402517e-01
-1.311048167963866362e-01
-5.489569408473213841e-01
-4.904656128758604905e-01
-5.321709067134646753e-01
-4.046942574527537806e-01
-4.104262258918959794e-01
-4.184018987486151642e-01
-5.266072967838407726e-01
-4.166457823519949533e-01
-5.205156237630048643e-01
-3.859540911201196911e-01
-4.321512838539019463e-01
-8.351423036547206413e-02
-4.579943810627962741e-01
-4.186833964364554128e-01
-5.324214924562635787e-01
-2.013185758323185470e-01
-4.564230699442157757e-01
-4.957337548507566027e-01
-7.249207363623613731e-02
-4.754435945727645274e-01
-4.290445825898291932e-01
-1.815523286447314200e-01
-3.962273145685514253e-01
-5.494640097700680403e-01
-3.060892712540982941e-01
-5.365182868678954886e-01
-9.224842339094620203e-02
-3.018325792272836261e-01
-3.118104504738634652e-01
-4.592025467177469622e-01
-2.019467675454993394e-01
-4.778725934079772752e-01
-4.539448928250235937e-01
-5.354820687307597638e-01
-4.569341284905297784e-01
-3.949889503494369292e-01
-5.235564779686341375e-01
-3.537009669840719961e-01
-3.974923410304075366e-01
-5.469709607757193837e-01
-4.192185892620400867e-01
4.051757078903250875e-02
-9.233655595127802929e-02
-5.307239891388065844e-01
-5.479910527796691966e-01
-4.207178572186626164e-01
-4.211887592551163406e-01
-1.546621160446610688e-01
-5.308955946162682293e-01
-4.485868538386049154e-01
-4.334953277035443198e-01
-4.925468129623213898e-01
-1.699123157809367402e-01
-3.098126844673943503e-01
-4.829139196056774219e-01
-5.114280394423222909e-01
-5.039092383222345539e-01
-5.321493714253092699e-01
-5.325276599155439605e-01
-4.092419208013840515e-01
-5.153140356000388556e-01
-1.340754257211019818e-01
-7.870349810747701014e-02
-2.833124739654508950e-01
-5.649072529062740822e-01
-4.030797157107485207e-01
-5.422217609169799335e-01
-2.237171242565303697e-01
-4.241309769603249236e-01
-5.060725465776308996e-01
-4.550736809683804118e-01
-4.724919254436350524e-01
-3.838523074057383910e-01
-5.289511026292873508e-01
-4.796961975271030187e-01
-5.277604709420293805e-01
-5.063102971981321421e-01
-3.978941078906469420e-01
-4.547213448166984584e-01
-2.571513082483852797e-01
-4.638305474295856823e-01
-5.545592364074789504e-01
-3.518630184331256183e-01
-5.048715725108294805e-01
-4.522651794307523954e-01
-4.848874353759050626e-01
-4.836865648344098600e-01
-4.959552209948114854e-01
-2.067973548476097767e-01
-3.529176027544129735e-01
-4.401251606294879770e-01
-5.365853026861102659e-01
-4.148051746561108311e-01
-4.712803495975242951e-01
-2.719871980623663754e-01
-1.304624497302055985e-01
-4.996692626854631197e-02
-2.405938513008495927e-01
-3.194275315425372241e-01
-3.496106383412221352e-01
-5.272043453717766281e-01
-1.278513884343162321e-01
-4.534355629749142191e-01
-4.306281516845967827e-01
-4.493828211933624250e-01
-5.377663956079443697e-01
-4.899771690209408503e-01
-5.127365716292385800e-01
-2.087020744468823519e-01
-4.668515524341750877e-01
-4.463019093000387683e-01
-5.060022596223575642e-01
-1.754059169330279278e-01
-4.314280730601909863e-01
-1.397339692261080624e-01
-5.224032065080066456e-01
-5.202662184708790188e-02
-4.387575580178392221e-01
-3.918961102742757885e-01
-5.030133720882019599e-01
-5.187693212359870687e-01
-5.385773543829628363e-01
-4.614465740435615970e-01
-4.985627215114985522e-01
-4.686406113598387546e-01
-4.948296192441155039e-01
-3.792858571848759519e-01
-4.979145617454256434e-01
-5.131558390819590532e-01
-3.482420153419418796e-01
-2.728436089287122335e-01
-4.706803503379455300e-01
-4.216701666133262361e-01
-4.892374122967821370e-01
-5.199728391707477693e-01
-9.007381704677396017e-02
-4.917566030650175612e-01
-5.515494161030226605e-01
-1.099623028374112355e-01
-4.863421643599920574e-01
-9.443232089690276054e-02
-3.420488210712462895e-01
-4.784985096237766022e-01
-4.946162618896340346e-01
-2.159074408994988703e-01
-3.160719428879023019e-01
-2.682224707124551411e-01
-1.792780006801511505e-01
-3.719877675174934062e-01
-1.418144678915197465e-01
-5.613527996819700494e-01
-4.350310491863688123e-01
-4.648726417988506832e-01
-5.037686804662511175e-01
-4.645003511279384156e-01
-1.174625716442626172e-01
-4.063305106463241390e-01
-1.759014552297475109e-01
-4.791684960506084612e-01
-5.282135116628192684e-01
-4.064667210782517692e-01
-4.887760771376279401e-01
-1.058807371373799294e-01
-5.404035236383859520e-01
-1.215135094261809573e-01
-5.469175090261970684e-01
-4.168707826516458992e-01
-3.713011109269492849e-01
-3.895889379159847565e-01
9.935909387575501961e-02
-1.690687540448651549e-01
-1.838868658716602544e-01
-3.704046620078166319e-01
-2.283838771569929593e-01
-4.278717239982231524e-01
-3.299516780591823517e-01
-5.149099313488534335e-01
-5.321874965897673837e-01
-4.231912525834532479e-01
3.693599225920760065e-03
-5.140769360339485505e-01
-4.520517093281880561e-01
-5.456200432090526631e-01
-5.053977307424133425e-01
-4.728459228188395258e-01
-4.190058545579001814e-01
-4.482355749589861382e-01
-5.282573601390077034e-01
-5.533061101898364420e-01
-2.336267576971530202e-01
-4.996878607428116292e-01
-3.810623632858434751e-01
-2.530446203782510950e-01
-1.052150759233183158e-01
-1.576403607444965826e-01
-2.992794291708301690e-01
-2.727088947593344637e-01
-2.272352698221449252e-01
-2.907170092359840918e-01
-4.937194841599851225e-01
-5.467005190103593204e-01
-4.761140362621194000e-01
-5.376965107424487300e-01
-4.073499044680877756e-01
-3.004767807616408604e-01
-1.521899210345917797e-01
-4.704803795460941185e-01
-4.542877864054487569e-01
-3.750169846311515176e-01
-5.440643010644219402e-01
-1.060834048369404259e-01
-4.342882247880075486e-01
-3.405786541931301037e-01
-5.611135958083885988e-01
-5.488795449842163165e-01
-4.778014862895717529e-01
-3.462471567158629804e-01
-3.763074905570437112e-01
-4.343256981252788806e-01
-4.587518112391373304e-01
-4.147336128604145467e-01
-4.229845210658795818e-01
-4.588559279218604736e-01
-4.009957715289662605e-01
-4.407561791339655866e-01
-3.268459202412788978e-01
-4.816498494914234763e-01
-4.235412945286779474e-01
-4.695227990679728403e-01
-5.367309671849851416e-01
-4.549310785157201220e-01
-4.994761959156059361e-01
-4.384704175792601966e-01
-2.895077109808571469e-01
-1.273809599627698241e-01
-3.506885547657875857e-01
-4.459301139291024230e-01
-5.144544358752616287e-01
-4.595725117384040770e-01
-3.607735955395103278e-01
-2.631705160814264977e-01
-4.228009105599845885e-01
-5.149299904786794890e-01
-3.869914894260961802e-01
-5.231134269057068353e-01
-4.164559409437251780e-01
-2.456540634576127591e-01
-4.291900074382176689e-01
-1.607412478540133360e-01
-3.954674856262762050e-01
-4.426072733091044320e-01
-3.962330615613427615e-02
-4.606413656825889547e-01
