2.801208059233936121e-01
3.483079522029041142e-01
3.181831336166497382e-01
3.992521778642605934e-01
2.192778251858800431e-01
3.874656714352527342e-01
3.575069463202468212e-01
4.048456834767639734e-01
4.806367734932104341e-01
4.473863982984086496e-01
2.695472843317634482e-01
4.497219538692361351e-01
3.917356756990517663e-01
3.281528484214045749e-01
3.578832422240292299e-01
5.082000177249577089e-01
3.855879282119832885e-01
3.691664888625428853e-01
5.047977933480014556e-01
3.017341232815835550e-01
4.449539659525663660e-01
2.171350471681223471e-01
3.491821419291852302e-01
4.433217403723314076e-01
2.388515933215661080e-01
5.175443019639420772e-01
2.653740148057412429e-01
4.051588763891954548e-01
3.752664762944458166e-01
4.149211085647598884e-01
4.519609352819485837e-01
4.706807595849215597e-01
3.573124022370537389e-01
3.649940606594747616e-01
3.896349787325149583e-01
4.606632382064962394e-01
3.470377118578869546e-01
4.299944666637954827e-01
4.699512238513104956e-01
4.611752988424021593e-01
4.081768954963770346e-01
5.010893916849759044e-01
4.049318198652149814e-01
3.567680731046597442e-01
4.699862758521392569e-01
4.721580834556917683e-01
4.805357737198716617e-01
3.427550449713857028e-01
4.785167989162314450e-01
3.451977263357937087e-01
4.435164059454115293e-01
3.691435418268511626e-01
5.342337664335420344e-01
3.933507561891996240e-01
4.681510928438604724e-01
4.472960024107821564e-01
7.230144210185610043e-02
4.680239860889974235e-01
2.633018457038807103e-01
3.514208032391613057e-01
1.412530127864779494e-01
4.383551877100511085e-01
3.244463708502045574e-01
3.915741771349287026e-01
4.289963024287548610e-01
4.370900806658702398e-01
2.187480952137617340e-01
3.515329254266685854e-01
4.387523890242962521e-01
4.034454373047131615e-01
3.495498352964617750e-01
2.165257699503034261e-01
4.860212784835044597e-01
2.488408659710434068e-01
4.093960564988297079e-01
4.613490720943536072e-01
3.327670482275399966e-01
2.953373539942117931e-01
3.554238316642215345e-01
3.413457680771836422e-01
1.285279615843470669e-01
5.560062545308916970e-01
4.980401901871308601e-01
4.445720335333176454e-01
1.546731145641430938e-01
3.906596596553886247e-01
4.385934259585836381e-01
5.126490854983428713e-01
3.932160064579874326e-01
3.432155633307455433e-01
3.531317646091268747e-01
2.951555164221414396e-01
4.213958960093289186e-01
4.077261398554538063e-01
2.907368449996038384e-01
2.870463687741183767e-01
3.402329364768740816e-01
3.672716617749131052e-01
3.904329631486596619e-01
3.249027125485847711e-01
3.116832393084179031e-01
3.644448267033242317e-01
3.040191154430428311e-01
3.606625667516216160e-01
4.539411883548927218e-01
3.179878553307208255e-01
3.673723659884935433e-01
4.703531468727534248e-01
4.614650196913302471e-01
3.420065614000104004e-01
2.299607463692771026e-02
4.335403676585105615e-01
3.491119852591997863e-01
4.801057043667716351e-01
4.716658570383296945e-01
3.452744598705976831e-01
5.146044101916789071e-01
3.657733402191844507e-01
4.136496925940126301e-01
4.308827267452285947e-01
5.254492300963284901e-01
3.873931334222873168e-01
3.909639415523054051e-01
4.032392173752471498e-01
3.136816708804003317e-01
2.266670625719328092e-01
1.825748910343118203e-02
4.668411424612802785e-01
4.619972338880375395e-01
3.676788257809598948e-01
4.248375074193440626e-01
2.684917379586572173e-01
3.068035823658899486e-01
2.744826771119420750e-01
3.337749355196657497e-01
4.896571142300273349e-01
1.124195947528962014e-01
4.007169288026379284e-01
4.918549869448058387e-01
3.272116356209904819e-01
4.504581546799026337e-01
4.624256710727387976e-01
3.602013476969905814e-01
4.621165478489354106e-01
4.163924502193229737e-01
4.256494473876845097e-01
4.607230804905392274e-01
3.753703416090830025e-01
2.858977561816130608e-01
3.178030062312326987e-01
4.293509617784611598e-01
2.272466733000702011e-01
1.305053766831607287e-01
4.572650740093524568e-01
3.016083545740323446e-01
3.581797248734783778e-01
4.715961990132278014e-01
3.899900929882162415e-01
1.747946888594475445e-01
7.184270871278583548e-02
3.448253279814457728e-01
4.860721228973369779e-01
4.044730866897202071e-01
2.396831945439233391e-01
4.519944897914820459e-01
4.001968891669257511e-01
4.536420504705329648e-01
2.668040936566332122e-01
4.439001552279950302e-01
3.490372155082783201e-01
4.370018051921800151e-01
3.596709679999413600e-01
4.699268901952680100e-01
2.772602059676121389e-01
9.397433731031745729e-02
3.479524086240138869e-01
3.992127215488912029e-01
3.209393453018624665e-01
4.267111292546412749e-01
3.698141517828650304e-01
4.381506160277833239e-01
4.408836075428330115e-01
5.008678851532496479e-01
4.359900893646788123e-01
3.486821820079549217e-01
3.245472701445346608e-01
1.756545708548242768e-01
3.821722563280440244e-01
4.065848282400065239e-01
4.813833605166384366e-01
3.976120955338393603e-01
1.037488294686936818e-01
4.650317721853948760e-01
4.887401903342992737e-01
4.399281819447719011e-01
4.422890040137936740e-01
4.358455424580085502e-01
2.561536238474301785e-01
4.206085240762236221e-01
4.646242742783295299e-01
4.524959765665106382e-01
4.161874175593509584e-01
3.243183715883918294e-01
3.826213994678410169e-01
3.814090465782625783e-01
2.289422724600792547e-01
3.290289883568936480e-01
4.495609307074210359e-01
3.584458100262832292e-01
3.126414899587564022e-01
4.455907610542857999e-01
4.264205634477636897e-01
3.993027911017282827e-01
2.859154437132939153e-01
1.252456295071804893e-01
3.546433285261691992e-01
3.136336778896436916e-01
3.585651581142014765e-01
4.505867402049542614e-01
4.310066885674401771e-01
3.632972176289131494e-01
5.064898236674737486e-01
3.806566930632474532e-01
4.764920518471441047e-01
4.544354473737179934e-01
3.370557929856909940e-01
3.826603142153414683e-01
4.709924599712699278e-01
3.544628246898796631e-01
4.211931927789331898e-01
4.360798656087772063e-01
3.526737392031153995e-01
3.088951232322559304e-01
4.317257873619576580e-01
5.143497673429147099e-01
4.019573172502187153e-01
4.368898061423279744e-01
4.709519445432507889e-01
4.639381806749000026e-01
4.201177164312675516e-01
4.828155975628657393e-01
3.143486989376013119e-01
4.214230135507016084e-01
2.090151074032964573e-01
2.069082325833501435e-01
3.852590079218798369e-01
4.697270237883235389e-01
3.950241685935766411e-01
4.628766682381424413e-01
4.178058252190673394e-01
1.534198628365009143e-01
3.351060292163091092e-01
3.639987616075154309e-01
4.468203227422241075e-01
4.950591729380939277e-01
4.025495652486571485e-01
3.044980979685070199e-01
3.802711911934097966e-01
4.890443442639145211e-01
4.284579545321259841e-01
4.034838949009229569e-01
3.901308864536796039e-01
3.585781261447095192e-01
2.927138118054786187e-01
4.629398571359279457e-01
3.206424441765413080e-01
4.978490598743245954e-01
1.867793716347296851e-01
1.687426426634384413e-01
3.715238764674423377e-01
4.920529462842841983e-01
2.546037970761838576e-01
2.356460139632224338e-01
3.581043310600419138e-01
3.920391755931020294e-01
3.271703141665966985e-01
2.098113691114419921e-01
5.364766917201291285e-01
3.331277264557446216e-01
2.560672604910568806e-01
4.826794014488486884e-01
4.381202390080382036e-01
5.352498048325351476e-01
5.287984007884873883e-01
1.743896098010020712e-01
5.325502556521364284e-01
4.689974536109697278e-01
4.212898308586475737e-01
3.572281955391252151e-01
4.955354352513240412e-01
2.746390781004912629e-01
1.770815984885194816e-01
4.798602466367349328e-01
4.117667090009203834e-01
3.660902301826371441e-01
4.025207462834662353e-01
4.063009733508953225e-01
4.467717537697871721e-01
3.921380717040957031e-01
3.002141713884484142e-01
