8.209936184859569774e-01
9.571822581344471281e-01
-2.507929348247903145e-01
7.960237621693315724e-01
8.940694081104954005e-01
8.717174427474279064e-01
-2.318196124499950495e-01
4.270716854599039269e-01
6.211967278290293493e-01
-2.702745425732029361e-01
-1.239465691442625667e-01
7.724726915875428368e-01
4.087373289945545052e-01
-7.637440414733168148e-02
-5.032443651405197338e-01
-4.691766902966854058e-01
8.261184962686707323e-02
1.894189762780587941e-02
4.154834979056740152e-01
8.763336332848611354e-01
-3.541271005770394442e-01
-4.926472488052974774e-01
1.512824141461933114e-01
8.269496990836749939e-01
7.826990921634211507e-01
-6.999096039348429166e-02
5.443745210315628080e-01
-2.079551590235978187e-01
7.761683249515037575e-02
-4.561165086227300103e-01
9.481161377636659893e-01
3.967842232579097406e-01
1.554157335519387728e-01
-1.140589535137432331e-01
6.733802481199654411e-01
-1.815382978883194609e-01
4.447554306469339580e-01
-4.837914376099815561e-01
8.410895725438964632e-02
7.920757586702711350e-01
3.940152612743321181e-01
-1.604110478008125562e-01
9.326488316259677891e-01
3.153684501478487556e-01
3.318142037945946976e-01
6.324659371862937363e-01
8.944394337838365017e-01
9.224445461775838684e-01
6.614854263692842018e-01
4.075083291412118780e-01
8.999027960478500621e-01
4.075132712595528339e-01
-1.546192161554304501e-01
8.483364406393778534e-01
-1.321865902984905097e-02
6.594131728987835395e-01
-4.245619583324063973e-01
3.330813638714056335e-01
8.325692411990470720e-01
3.086411520271727937e-01
-2.376508484337229166e-01
3.548223521889970478e-01
7.561332560731650609e-01
8.821498635706643832e-01
3.145474167919382058e-01
5.021640801142789740e-02
4.059993113823343047e-01
8.452806352244452981e-01
7.535924157181257410e-01
6.358827255646848364e-01
8.381675844730660518e-01
-1.525049704081936353e-01
-1.416210921858474525e-01
-1.271251336243789040e-03
8.437539056974419083e-01
1.157190366842729273e-01
-4.737140124750295334e-01
8.990783785827219932e-01
1.505629788110747491e-01
4.242718200473362677e-01
-3.505698161246167954e-01
2.960709013882544260e-01
4.480986204731451927e-01
9.185308733096881895e-01
-3.920842054287357326e-01
9.058039527444688988e-01
8.078515812571847032e-01
9.188550992030164455e-01
8.038442673202481625e-01
6.694141928558370314e-01
3.617153864110050354e-01
9.328290483490414564e-01
-1.697422275789622903e-01
8.723880593709969489e-01
-3.004978636013589527e-02
2.310003120809367705e-01
-4.050319827175846710e-01
-2.856297648275977208e-01
8.359292129502775559e-01
8.422971631390294700e-01
-1.537372705884216817e-01
7.783448638526442309e-01
-1.425021420806451555e-01
9.135280141654529285e-01
8.429676841508311202e-01
9.026845159455745282e-01
9.032413999997104259e-01
-8.289600234313773686e-02
9.293254106529833525e-01
4.023484009088139080e-01
8.480864570044941431e-01
-4.315224953217020598e-01
8.913034332507557833e-01
8.439570242619873208e-02
8.515786799044098299e-01
3.074036817989055370e-01
6.163551399914949380e-01
-4.274636396940497129e-01
8.632731223551869393e-01
3.674366314109995812e-01
8.025762771984177313e-01
3.882323550553934410e-01
4.249850974254377189e-01
8.315179364450799859e-01
8.358615027134927988e-01
8.814143117357450263e-01
-3.106591741766542292e-01
8.958813123976454573e-01
2.387421358951441197e-01
-4.526281108865904956e-01
4.719949002838401131e-01
6.405298692284866480e-01
-3.752803080669978586e-01
8.248841289429043044e-01
9.498860696447846141e-01
-2.430703189113501139e-01
-4.980802093602987313e-01
7.097876664401885360e-01
9.563356917378578181e-01
-3.500676356524059507e-01
-2.089568235717417788e-01
4.232777100300869622e-01
-1.435843382187199091e-01
8.292327394343933511e-01
7.031354934859306294e-01
9.180103299511857551e-02
8.718720481197588246e-01
8.781331714093452145e-01
7.044154108212802301e-02
8.161712866633784591e-01
7.766968546616295210e-01
-4.260861438668350765e-02
-4.983509687495100149e-01
3.840481585513716434e-01
5.192906728312680215e-02
7.107662870356515894e-01
6.960752218885131182e-01
3.311693266348092468e-01
2.053765868271112682e-01
3.504689439715190091e-01
4.518023063998169997e-01
-4.496005803857063832e-01
9.237643062493546831e-01
5.703844712426784369e-01
-1.176873792547480091e-01
1.112333283436836018e-01
2.854913039773369077e-01
-3.938750388308707162e-01
-5.038251494923214058e-03
1.623526529542833052e-01
8.441927290526682892e-01
3.670611884129739710e-01
-3.358042020240492587e-01
-2.657685005714451321e-01
8.323660758220473577e-01
9.515751634843105933e-01
1.171311285545246494e-01
2.624257297018508517e-01
-1.467019623081440571e-01
8.614217561365902220e-01
-4.957772352170103369e-01
8.799325912613112921e-01
8.757422011468609657e-01
-2.529317659482163139e-01
8.574042016540130984e-01
-1.432981833345941536e-01
-4.145601481566359992e-01
8.340417880144402885e-01
-1.162855698734853865e-01
-4.369518310330845756e-02
8.507386003490832183e-01
-3.090161664804704778e-01
6.183971492225062150e-01
1.493353571535912527e-01
3.715038451911338857e-01
9.273027322380582582e-01
7.078505741172973487e-01
-2.645929551426122184e-01
3.500525607569868192e-01
2.039768160815750853e-01
7.904173390972468738e-01
3.810017828884589841e-01
8.117458466309703802e-01
3.500635761009068120e-02
-4.080770085220560839e-01
9.821716013648926213e-02
-2.584478757619265710e-01
-2.572844774808591417e-01
-1.513419328796045127e-01
-4.769199623267793009e-01
-3.670775695479301381e-01
1.141213749945023115e-01
9.174125827653811793e-01
3.743174553667925619e-01
-2.488428599862372026e-01
7.855251908231715152e-01
8.385026630369967204e-01
-3.651109835242651869e-01
-1.510772713989655680e-01
-1.754187871503180562e-01
3.127048657614486804e-01
8.840104037003122528e-01
2.010054288094913488e-01
4.627015054367501490e-01
3.925426365886647284e-01
-4.868906534094948890e-01
1.423237485090565191e-01
3.106689215126136050e-01
8.386167838339144698e-01
-4.598045232736996946e-01
4.271973292438346892e-01
-1.568392763314048755e-01
8.030955663951907519e-01
9.123794697506728557e-01
9.546551412771688838e-01
-4.543233913248253542e-01
8.108718461271769984e-01
8.259261759266337544e-01
-4.607714554917283767e-01
8.916785100587372170e-01
8.378663462274367202e-01
-3.402099391145185781e-01
-4.499358232471244445e-01
-1.166044922331542777e-01
7.264307947235002505e-01
9.503838937429001099e-01
3.328854864603403296e-01
-1.478648690187088777e-01
8.814854484974228299e-01
9.220151243254719464e-01
-3.666560790163438943e-01
9.218682239827864500e-01
-2.250719186366750835e-01
-4.969492247493630943e-01
-4.839712611911954898e-01
8.320565300901610062e-01
-3.110502998430635102e-02
8.809091601678722405e-01
-1.541305155097413837e-01
-1.290274437249496753e-01
9.182804317353787660e-01
-3.675278179066129858e-02
-9.635584667334159970e-02
7.452382501605383514e-01
8.453001531909423161e-01
3.615614544972908795e-02
8.235871839742743283e-01
-1.492001359660777293e-01
7.831416701400577551e-01
4.719470963738536806e-01
3.443690955207469040e-01
9.227174840408783885e-01
6.714461960229564097e-01
-1.237569813733318119e-01
4.133961911959015412e-01
-4.023754174686038909e-01
7.495688674518694583e-01
8.240367722840302722e-01
-2.042044017238779097e-01
9.474766763206468045e-01
2.947780508250855691e-01
-1.110140932257685370e-01
9.064849440000348757e-01
-4.087067587091263166e-01
-2.320501374528903815e-01
-1.515422186684768358e-01
-2.710676394135244083e-01
-1.681422051131257200e-01
7.884440653413060662e-01
-3.644858647435100796e-02
-1.899780103019283461e-01
1.515338342012550188e-01
3.653159721901726442e-01
-1.369587535812810120e-01
-1.685077918614905079e-01
4.530315226496675063e-01
8.430339948929959082e-01
8.845414279992630524e-01
4.112710173677551762e-01
6.109452616074142473e-01
