2.526109729098942047e-01
8.963116559796724392e-01
8.295275546276217327e-01
8.144979824477143193e-01
8.807084994566883873e-01
9.208449751638878578e-01
8.002530164105592370e-01
4.583633521097114083e-01
9.287506373255383085e-01
2.134263158046340869e-01
2.490469780314467918e-01
9.090426806844469354e-01
8.996265504171161442e-01
8.394650172398704369e-01
4.141543249466617671e-01
-1.178229645021523497e-01
-2.946007659824272373e-01
8.520600830488879174e-01
8.236802747458230600e-01
8.035423345420005248e-01
7.882492719383586977e-01
2.178360280309699082e-02
2.403561666399966490e-01
7.322262798780405646e-01
-2.515794773397561634e-01
1.816164256126062138e-01
2.632720201650084503e-03
2.521954194507456948e-01
7.572011936586326986e-01
4.068389257502628142e-01
-2.556451877813465945e-01
-1.440862567245646507e-03
3.327535983437065470e-01
2.138961655863963474e-01
9.017659625201193130e-01
7.797720297451463667e-01
3.353032314945780246e-01
3.391917566206571477e-01
6.077556674779571733e-01
8.143070577430384649e-01
8.062373167343374059e-01
2.151942975486437204e-01
8.427650495182917867e-01
3.722203432444025351e-02
8.133347698559947325e-01
-5.036363228025542843e-02
6.921208785291622645e-01
9.445610131421569022e-01
1.205366316841993430e-03
9.256575948095117079e-01
7.988753468249560896e-01
7.639316200493421194e-01
4.512322763225542488e-01
6.682407299321018179e-01
7.541649264602777458e-02
9.001484735736838827e-01
-9.676325452663692150e-02
9.000584702104956758e-01
3.376314361076503817e-03
-4.473623781659143150e-02
7.704720391570697435e-01
6.992983689358569510e-01
7.855072448679487618e-01
1.497527310894367081e-01
9.274342013205285618e-01
2.501710510794337150e-01
-1.034841916487817121e-01
8.172796415114291779e-01
4.652062232108154782e-02
-1.648993472577534730e-02
7.239965820417626485e-02
1.573304293358622208e-01
1.285411862863542198e-01
-1.513617729557643343e-01
8.304335558242805782e-01
-1.575959597562260062e-01
-1.864842861315428035e-01
9.337761075385335729e-01
8.710607536193424316e-01
9.603201861281323026e-01
-1.532822527078821773e-01
-6.180885393931123684e-02
2.913721157232008752e-01
8.912696957028256595e-01
-1.511068398101192145e-01
-1.527535682285581231e-01
5.912624916698082378e-02
-1.093039877664290505e-01
7.266403896763184989e-02
8.874199630698831331e-01
8.234657481958652936e-02
9.386758567630513195e-01
8.030996330332355049e-01
8.008167456832401276e-01
-8.473173468795250352e-02
-6.015546208254357596e-02
4.335265318574945681e-01
7.460747885464584783e-01
7.600318009152657872e-01
5.811791744355276901e-01
2.949459878178734007e-01
9.404997049907919404e-01
1.413146256637795029e-01
8.457128730644050130e-01
2.136017781645859759e-01
2.483273497729685531e-01
-3.752118045691948955e-01
8.874418790898093157e-01
9.231610243967596219e-01
7.968897357855253549e-01
9.212986268940557277e-01
2.979373596499451105e-01
1.034717479959050002e-01
8.598178003409207015e-01
5.722216804193583917e-01
7.435333679041433719e-02
3.440059026301976741e-02
4.548421850151134760e-01
7.414807887212044868e-01
3.977721781905060316e-01
6.646263706300431506e-02
7.855648245761711612e-01
-2.926181993198735398e-01
1.364187642233677389e-02
-3.700535993319732375e-01
-3.458344374575823554e-01
-8.913883736611666331e-02
9.276587333137912283e-01
2.171690663429423629e-02
4.801591496082079913e-01
8.596746760062927706e-01
9.433453752195523900e-02
8.420051942987678562e-01
8.509074270401593143e-01
8.413029162588054888e-01
-2.249262667183454523e-01
-1.378056389225128416e-02
-2.159904569404887120e-01
9.165236008852954974e-01
7.164228962740765150e-01
7.677761021800399988e-01
8.887922948055956285e-01
9.886990426979080926e-01
-2.450805948816796587e-01
3.241330645083055906e-01
8.916994124884525252e-01
9.122009915929346624e-01
8.676480801141301935e-01
7.961622821019567198e-01
-3.851423943849896503e-01
9.622315090407943527e-01
-2.710410995889503405e-01
-1.590797144146057218e-01
2.873737869169079029e-01
8.888264134981840314e-01
9.414196847612420205e-02
-4.666764581003201018e-01
3.279322514405298428e-01
-1.682144710799660381e-01
-6.317117987354960162e-02
8.796288356690229460e-01
-2.961818922127253395e-01
-1.992069200820730801e-01
-3.611589618329942297e-01
-8.404828252005210054e-02
8.144986166698657826e-01
3.034853026722113614e-02
-1.999858027742433264e-01
9.012958485174493717e-02
6.343395423061173322e-01
7.417070713551360273e-01
2.608626167402076090e-01
-1.659417798623913920e-01
9.420947198443346826e-01
3.089660732357818462e-02
9.576090949720065248e-01
9.322973739037954122e-01
-1.862414684051321434e-01
2.655017326383729559e-01
8.050063285836837057e-01
3.305103592144986169e-01
8.353246668062019875e-01
-1.455784123009625231e-01
8.934960877876019225e-01
7.610377401594816682e-01
8.560613910148807681e-01
-2.922287987779879082e-01
8.781737331793378898e-01
4.491817958637335240e-01
8.781121061669536765e-01
8.373398810565855221e-01
3.775913514100182056e-01
9.038280902753192958e-01
3.824202251226783700e-01
4.964560254742169665e-01
-1.162362520728371096e-01
1.837026702177861626e-01
9.928702641859874500e-01
3.791505828836815306e-01
8.416380042085420676e-01
8.263109997138420315e-01
8.204319508024389140e-01
1.111344503689562224e-01
9.827581408111457639e-02
4.099643639597789768e-01
-1.018352647458845295e-01
9.294789853829916737e-01
4.168259819636331853e-01
9.266741056264866661e-01
3.164882425633637753e-01
1.980020557452231711e-01
9.826798128890534834e-01
-1.704167777106059545e-01
2.289628532721249554e-01
-3.252350422721121959e-01
-5.580392536079727822e-02
7.538653868786795442e-01
-1.036630628520560649e-01
9.522895701204674435e-01
-3.951394218183553603e-02
-2.476907494114023028e-02
-3.641593965926711585e-01
-2.189884705231382456e-01
2.696797551059691989e-01
-5.582932679668196202e-02
4.080205185047555139e-01
8.740141007612437507e-01
1.185150653633677831e-03
4.451307678246926858e-01
3.962389852258498824e-01
4.838979273752981869e-01
2.949151336924532574e-01
9.170608217546178942e-01
-1.200087016738164009e-02
8.613945970144198938e-01
9.394036204535705092e-01
-1.136913003851390547e-01
8.305513680978133806e-01
2.165558519945904037e-01
-1.550048354146978391e-01
2.164036043610712279e-01
4.735412955756922448e-01
6.450522489661457415e-02
-1.285768591975810504e-01
2.225850256069182020e-01
7.270126643721119830e-01
9.676805834335534817e-03
3.853346154656213385e-02
-1.676963090869433848e-01
-2.197612753022206988e-01
-1.366810880788850990e-01
-2.701209415436095496e-01
8.057124051274990872e-01
4.875195974476999039e-01
-1.440206686807470049e-01
3.070933467718093279e-01
7.945413472704686564e-01
7.455054532060747530e-01
2.525046743516061731e-01
4.605084655591897280e-01
-2.652934670395712402e-01
3.804093811824911242e-01
5.440243261279757991e-01
4.091033533667753908e-01
4.799560062549213524e-01
8.741744169711024304e-01
-1.221076753107367130e-01
-2.819886198351110873e-01
8.154932407106862957e-01
8.897561565463372180e-01
9.296990730741845343e-01
-3.024703673656823355e-01
7.697986016624622785e-01
2.285314453881135133e-01
8.152559637067432474e-01
-1.217372608759367675e-01
-2.035066654591439345e-02
1.648782931548190278e-01
-2.401015870442081354e-02
8.538530194648308314e-01
-2.270252221923888536e-01
3.246549933426481904e-01
-3.752081921239700524e-01
2.370342944417028891e-02
-1.512728192400210891e-01
9.638164370300190686e-01
6.651497364004410606e-01
9.552079133484279172e-01
1.749635482277166199e-02
2.586160045163207188e-01
8.358710293432818350e-01
-2.391263601803032546e-01
-2.882196573534924755e-01
4.490987568988588641e-01
3.087831918463392888e-01
2.384738078383054072e-01
9.160480731904463436e-01
4.080031637747880691e-01
8.980988188932509386e-01
8.455821610057329130e-01
