9.429645519156326650e-01
-4.296296338959622041e-01
-3.508140212581534745e-01
8.052362040254394948e-01
8.526421525904939180e-01
8.811868211343387713e-01
-5.288147258087904090e-01
6.120619418302691850e-03
5.610869506382994976e-01
7.544794679379145386e-01
7.155998429012417894e-01
4.642946534208313158e-01
5.077566070096622974e-01
8.874574663711894962e-01
8.388616983329728605e-01
-1.880882134253618609e-01
-2.716121161806874795e-01
-5.781926747316286086e-01
9.445178991407012781e-01
8.482377902016875471e-01
-4.507768752554204283e-01
6.213186671608497136e-01
-3.076121454548694789e-01
8.525106355666653979e-01
4.203536819651640388e-01
6.098459203971395848e-01
9.392691785529729831e-01
-3.714949843950955677e-02
4.005909655085434506e-01
8.016947402111271881e-01
8.885084317667051312e-01
9.480760504350758122e-01
-2.949219900937105066e-01
-2.674602269370589536e-01
-3.662857988983537760e-01
-4.050929218333627624e-01
-4.609872556847375291e-01
7.895609406555899046e-01
-4.722487623011029090e-01
9.722017275407744963e-01
8.714384612555309273e-01
8.454366931097745397e-01
8.526250149394534184e-01
8.605076752468359125e-01
-4.965339719377979966e-03
-5.264058458193318080e-01
7.272229116974138208e-01
5.502341214834131078e-01
4.930127925215159190e-01
9.617679524789148893e-01
7.899540070708219730e-01
4.845728641431324979e-01
9.324593706221147027e-01
4.974972862408569840e-01
-3.152916957848266866e-01
8.542505032492206940e-01
-3.734204097167810321e-01
9.347338325254467284e-01
9.430811051067686801e-01
8.962752180089188503e-01
8.982261985638995139e-01
-1.303728112097542469e-01
4.197050618270038447e-01
8.225832096715900432e-01
-1.638694685057957151e-02
-2.061473729104724428e-01
9.091787711383834125e-01
8.546290229853128473e-01
9.156446858245825826e-01
4.353961095358053757e-01
4.715242401549814555e-01
5.840569427037430872e-01
6.365389316463572200e-01
-3.864960001673301004e-01
9.336401312273714392e-01
8.231054447702996768e-01
-2.226396981860541135e-01
-5.809677580486656279e-01
-5.363020139223175775e-01
5.370883944270566923e-01
-3.308649915180522649e-01
4.353636461858589324e-01
9.365452715241660009e-01
4.243138580523894143e-01
-2.578932976577194003e-01
-2.001455688504432950e-01
8.537983109304730922e-01
8.548863629751048965e-01
8.234271157746018144e-01
8.184011998453374348e-01
4.692921364444952448e-01
-5.143378916144889512e-01
8.980928588592343997e-01
8.349401640191722596e-01
-5.743936729496366134e-01
6.588817225252023846e-01
9.025277407964329424e-01
8.553982545922036440e-01
7.565012421347867555e-01
7.644666763094003503e-01
6.268763304958601124e-01
5.394358175385117748e-01
5.182711729880745688e-01
-3.993087170981750589e-01
6.584698194067347687e-01
7.420540678366623899e-01
9.003729743339788927e-01
9.065152917477028449e-01
-5.124218045464223881e-01
9.285482119636451204e-01
-4.506286163711857862e-01
8.252903694068982610e-01
6.885365906321464502e-01
-1.113198711257845086e-01
7.262697845079898462e-01
7.445098117335362253e-02
-3.588046645212438768e-01
8.456626630319068472e-01
5.128841151558670708e-01
-1.381294980971408404e-01
9.034957756003135776e-01
-2.611005688518361345e-02
4.315078319139563079e-01
8.096581674934227868e-01
-4.249178084294961688e-01
8.563310677097850654e-01
4.573899809745579637e-01
-4.146136539839217483e-01
-4.440268238706081005e-01
4.484793712186326275e-01
9.743600883542933300e-01
3.813827936195600676e-01
-1.459687445087363145e-01
9.683323711459383976e-01
7.760630585493786260e-01
8.773308474260523848e-01
8.259165076793412164e-01
6.916897381985830373e-01
-1.491706604727854879e-01
-2.726671297110819792e-01
6.173832773624546855e-01
6.436406345959488906e-03
6.291716263391488040e-01
9.319876307099964619e-01
4.539527550783344911e-01
9.473190883695883358e-01
-2.283208655473186743e-01
-2.270004414272546733e-01
8.540105983788739419e-01
7.820314232950587030e-01
4.888101319670451472e-01
-3.332066910894639911e-01
8.705844022539731553e-01
1.104454734230722601e-04
-3.627331236773415624e-01
-6.041089131456023331e-01
8.427809819154532534e-01
-6.261731280830207247e-02
8.718239782676997507e-01
8.717987247095659864e-01
-2.704977973206607045e-02
7.663515246064468434e-01
9.100535265643430183e-01
7.247497057569698420e-01
7.270095358223251925e-01
-2.639902763772928318e-01
8.383189552045142712e-01
8.485460982210684122e-01
-5.764729934121020673e-03
-4.514514499272705983e-01
7.455198045687034814e-01
8.391920648919606318e-01
4.290053393552535899e-01
-3.530380996895758905e-01
-4.256188741761748884e-01
-4.635834043303819207e-01
7.197639370991855134e-01
8.089485604823303255e-01
-2.154456263371367641e-01
5.551666661364893507e-01
9.294183296684346285e-01
-4.410894577330600752e-01
8.350703981974723078e-01
-5.207084682384122143e-01
8.687326143354191510e-01
6.449290776047492679e-01
-4.019234159976785015e-01
8.938466864779084364e-01
7.149071717429846817e-01
-4.272800095732438574e-01
6.155982803775769119e-01
7.649247409251839214e-01
9.056139972375092384e-01
-1.253470155061704727e-01
1.289631853239964210e-01
9.268370965353956992e-01
8.541018643440176916e-01
-2.858235025270471907e-01
-1.421229491923590715e-01
9.713953115207047961e-01
5.972696298076871635e-01
8.485250241926866055e-01
9.449900064001025557e-01
8.585082147594710333e-01
7.730601338678633194e-01
-5.751437429051355910e-01
9.248500608186709382e-01
8.047535682559096015e-01
5.736188874177994279e-01
7.769406050948938214e-01
5.301263588379832026e-01
-3.708849486993316957e-01
8.159242354695672717e-01
7.144969359105151074e-01
-4.588758992792603131e-01
8.901316041060647333e-01
4.540586224345469768e-01
-3.999219015964130541e-01
8.460322667960218368e-01
-5.859946523277200781e-01
8.897576391620601877e-01
9.197941987493898353e-01
7.874075567413711951e-01
-3.823996079853027030e-01
-1.112106756057485574e-01
8.101459197703677617e-01
9.292768608372488082e-01
8.897772509721869616e-01
8.959510898483109553e-01
7.379436714993710122e-01
-1.292529118220410722e-01
8.466543743948848899e-01
4.673454734870147176e-01
7.242530556087320992e-01
4.216327077795941625e-01
4.790192838113515594e-01
7.021365871682471171e-01
9.727470193223544115e-01
-6.064055372842791503e-01
6.816818107157649465e-01
-1.103801765100050625e-01
9.669513257199745249e-02
8.469580859336126588e-01
5.873686340201189626e-01
4.036893439435302877e-01
8.590363008794371646e-01
-3.283900673478842847e-01
4.946132524328734070e-01
8.711754985198760792e-01
8.270375560430101025e-01
-2.023883268014141090e-01
9.420200051217917370e-01
7.858875781011491757e-01
7.681568583283067131e-01
-3.233234579907606210e-01
9.844043881528700135e-01
8.365121327590042677e-01
4.430294938482126632e-01
9.717394868795803387e-01
6.206644183187892683e-01
8.605423791608066697e-01
8.732957642266027110e-01
6.582709079034794186e-01
4.800962284455050355e-01
7.407927384193491172e-01
-4.470048098425273286e-01
6.745748665038308056e-01
-6.147746417621005044e-01
9.204370100803584975e-01
-3.235109671292883404e-01
-4.438135449802924071e-01
8.879757253374762627e-01
6.987328176940655888e-01
5.617441352388272691e-01
8.656452338720180828e-01
7.965013939931456788e-01
-4.070031427113384725e-01
5.282434493539475140e-01
7.152043823704687942e-01
7.415352771868626292e-01
8.683344256937172156e-01
6.411450136051265458e-01
9.351419145332116045e-01
-3.471027471652745611e-01
9.343034141626724853e-01
-5.048826119792302336e-01
4.395408706283675526e-01
9.560859457342250067e-01
-4.444332693295703907e-01
-4.857946608530973043e-01
8.621699839886167727e-01
-4.668609155016190670e-01
-9.259091434242773533e-02
5.757906664844775202e-01
4.323649255082622211e-01
6.039667339141802094e-01
4.307471731946829197e-01
7.426601784978209553e-01
-1.390013584739142050e-01
8.496787160705797648e-01
