6.545883118935991174e-01
3.005743232504580753e-01
6.469729647445827680e-01
5.790896581462635639e-01
3.852408252570799219e-01
5.738831755597131323e-01
3.700590311369734708e-01
9.100152605740781109e-01
8.381501025911164415e-01
-4.786156334747836416e-01
1.827128035737712874e-02
5.212160814055413205e-01
-2.246976651727673746e-02
-1.666336057445900742e-01
1.331280215167008896e-01
2.500793940909802893e-01
6.140771713769405116e-01
7.041267192586668777e-01
1.570220363445187783e-01
8.372320186346442483e-01
3.506920951697219402e-01
1.419197953432825288e-01
7.084162276500671762e-01
8.591041585810915704e-01
-1.709351642061155904e-02
1.918493704901683833e-02
7.055205506445665353e-01
5.835658983430473956e-01
9.133971168445548239e-02
1.166662491419277886e-01
8.700269635552511094e-01
-1.733329139290619714e-01
7.455522046491094290e-01
5.108123224809210106e-01
-5.878667874841980723e-03
5.302879442793484444e-01
4.007469016407256279e-01
1.401630145834847074e-01
6.816200085672452502e-01
7.459749237438596525e-01
9.503388309143376844e-01
1.114462730939816126e-01
-5.010099356586645847e-01
-2.650765103096973663e-01
9.037700015991161351e-01
3.899241073017248316e-01
-5.353829774058455060e-01
4.609518845549535615e-01
4.952388346852393958e-02
9.618707584169792213e-01
-1.097468829855684086e-01
1.399978958311439703e-01
1.367668081092245635e-01
8.480231096536057223e-01
6.064394807051464165e-01
5.330265005093617336e-01
3.646429855797908015e-01
5.376083947107875849e-01
5.187670235351660164e-01
-1.134265394285149109e-01
7.167617078805315067e-01
9.464785499151936454e-01
8.558937812790852195e-01
7.949424749573535953e-01
9.755253814853916960e-01
6.722077622559463617e-01
9.393076621295195494e-01
-1.790514389363870029e-01
6.562695100060047526e-01
1.498241064443896486e-01
8.541607802593006449e-01
-4.157067681068306320e-03
7.048079882272101360e-02
7.234555086106947419e-01
8.562016771876683752e-01
-2.250981564117579548e-01
2.198338137142572535e-01
3.509864151217641504e-01
6.437145194641294976e-01
2.970934308842579363e-01
2.702709381810154965e-01
-2.486108980227071386e-01
7.563700527064046719e-01
-1.621023387217026546e-01
3.141606120355279197e-01
3.843292602905311051e-01
4.121029913354539720e-01
8.219724331781042004e-01
5.920033834553248830e-01
6.708951107061834895e-02
9.292650832779374426e-01
5.461729566258789470e-01
5.653520829213907195e-01
-2.175704408168907256e-01
7.505688622050130654e-01
1.115165013770771929e-02
7.835436051387930645e-01
1.387472749674748540e-01
-5.547942419271214565e-01
8.520119271267885264e-01
7.221160130998470483e-02
-1.304930805174011610e-01
1.272418375359491982e-01
2.184101854451976632e-01
-4.893717946211787462e-01
-4.269524678444018839e-01
7.947828930672377057e-01
6.034299527407801511e-01
2.591953783515165699e-01
8.020884388646696284e-01
2.058018237538579709e-01
9.850276287265496977e-02
-4.735464748963784665e-01
5.282740585374801068e-01
-4.471139782430360032e-01
9.452274609635110680e-01
-9.244137471063547384e-02
1.614722050368662121e-01
8.557636768684044881e-01
9.323465423401624541e-01
6.799714998078070227e-01
9.615674089801689028e-01
4.273726410284234972e-02
7.140676575908400103e-01
3.801621204959352296e-01
8.606318501617586936e-01
-6.417780282800465697e-02
6.196155625895737318e-01
-2.197309774449909825e-01
1.096574400183600168e-01
7.298096134773774946e-01
4.667045963166240041e-02
2.981408407783324721e-01
8.566518065319088659e-01
4.332121635058570897e-02
5.280795174617274323e-01
1.535798081225216438e-01
8.234618640917780452e-02
6.214206446491177260e-01
6.456252968036939599e-01
3.495341829854594629e-01
9.360640072523100930e-01
1.040483454233756960e-01
8.675361817863831426e-01
2.073379871911561201e-02
8.019037891763327597e-01
5.616060294766889172e-01
5.506750199208694241e-01
2.456385491110761599e-01
-1.277476037204836878e-01
-2.045546184448879951e-02
2.925154953736992525e-01
3.707221386648760220e-01
9.243768122353845929e-01
6.943495036137030674e-01
2.773482544078839651e-01
1.337215843825041023e-02
9.162374839245930325e-01
-1.842253562612873041e-01
-2.273386375623457079e-01
9.852783082088496514e-01
9.648234127071242394e-02
8.450209500393037754e-01
5.415055896968397064e-01
-1.521215041704696014e-02
6.945517798749427651e-01
-2.431388740369763712e-01
3.239455639756039229e-01
6.523604204510295990e-01
7.087096971141568780e-01
-5.745139961777308013e-01
9.966784178864893651e-01
-1.200140047883468536e-01
5.753302142213931880e-01
2.955073035703940643e-01
3.429776191514905537e-01
5.892249407044338749e-01
-1.999156031281079660e-01
5.800213488576921872e-01
8.302138296936891759e-01
7.332452380663446734e-01
3.639358576915592280e-01
7.598896206145019372e-01
3.617514563716381915e-01
8.603793051967671968e-01
5.941591646052122450e-02
4.035558305016440084e-01
7.906693964640756356e-01
6.162031771804456215e-02
5.470046012489726550e-01
8.084059501180949070e-01
1.898558368182601819e-01
-1.234490028206441381e-01
9.949861797051805512e-01
9.659345881665994948e-01
7.778443157748873293e-01
-5.693209290229984954e-02
1.917912702838680261e-01
8.404812814825011191e-01
7.975545561541254047e-01
8.446306570744609443e-01
1.003423261390489485e-01
7.935199362149697455e-01
6.366680466356327006e-01
1.717871452529525778e-01
5.861275378428141281e-01
4.910805056298612192e-01
1.029390151297012029e-01
1.077278616265828215e-01
9.362348178472505722e-02
-2.149120094769984557e-01
7.450410182438321760e-01
2.954143960424060467e-01
-5.152913269285569475e-02
2.708037040420839814e-01
6.842629672248674577e-01
8.257115990229537683e-01
3.750539776312475926e-01
5.236617112918300343e-01
3.551334407409409977e-01
-1.835934255421549643e-01
7.949336572455858452e-01
8.055602119981843945e-01
5.204533081579638676e-01
9.543712556491372734e-01
1.522925979150682174e-01
-2.359510136272903180e-01
-1.886073308389735748e-01
6.566695738402752447e-01
1.173025363413461170e-01
9.558527304280701742e-01
2.398002356985649286e-01
8.421044078348915995e-01
-3.840694696364346239e-01
-1.236593486084039267e-01
1.471108898441169099e-01
-3.570555209274964836e-01
6.433264835192973319e-01
3.801494157005664842e-01
-5.600789103346366371e-01
8.627903418411675407e-01
3.774401907888106367e-01
1.005486943522352350e-01
8.820832251920623923e-02
2.200277181730333764e-01
8.515839775158753344e-01
4.116119250299119514e-01
1.290276821867316071e-01
6.816767967399369743e-01
-2.267173177376326509e-01
3.302437799403545871e-01
8.149888214834394295e-01
5.291478713202022455e-01
1.233600548985783751e-01
3.919619855257224783e-01
7.446001754098607872e-01
5.025355308625145678e-01
8.058462244217644566e-01
1.515303224205793442e-01
6.890138838698552093e-02
7.774785820277421156e-01
7.805168662630118659e-01
1.194131475258164432e-01
1.982859490212714876e-02
-3.805005558759526618e-01
5.082095791181469036e-01
5.705637284741549298e-03
3.746789310110865689e-01
6.262874681586960701e-01
6.063422342058095715e-01
3.732144661945007158e-01
8.675565606907595928e-01
-2.894234209912775468e-01
3.294998028520340627e-02
7.409127286634547005e-01
3.022473772501763079e-01
4.690142624524596543e-03
8.470605489729046145e-01
5.210663139677655931e-01
-4.837777174171581374e-01
-2.997711371551243786e-01
-3.740590744409529045e-02
7.487102388988730040e-01
5.802237287615046313e-01
7.533342202292542256e-01
3.243722218006788172e-01
1.656417033289676044e-01
6.740987967701229655e-01
3.956831693896547542e-01
6.011875843433223121e-01
6.360326514907954643e-01
6.047524727520536825e-01
5.309471033792826367e-01
-1.025446161841837012e-01
9.138041407577038311e-02
2.406697879989563860e-02
-4.517688833764840761e-03
-3.576755910124247984e-01
9.484029241149334322e-01
9.893590440325845947e-02
