7.241641248937142894e-01
7.249953302358688179e-01
6.842467943932287744e-01
7.290114665575826436e-01
6.510067027665209505e-01
5.573271019030102691e-01
7.468061945427868498e-01
6.425404093116739990e-01
6.355669719841463561e-01
5.780840757591048096e-01
5.975459972273777787e-01
5.483778625494117875e-01
5.221658739670302918e-01
5.816948715658257774e-01
7.223294094736543158e-01
5.254192268540458510e-01
5.745717457373719084e-01
5.197405353227539937e-01
7.068587035886767511e-01
8.256975771981398537e-01
7.929691287202937922e-01
5.548386936406031200e-01
5.147217881989190058e-01
4.871632990072682912e-01
5.353692533662144371e-01
4.911216222973666667e-01
7.757907658161758979e-01
6.765022760857708484e-01
6.299974500109323250e-01
6.816134310445227662e-01
6.210874324388141465e-01
5.191498612667283519e-01
5.746060750704974351e-01
5.282838737632600257e-01
6.216501043000992599e-01
6.129757436000535797e-01
5.722329298133336239e-01
6.139513865425336725e-01
4.914335549241917733e-01
5.415113467492373989e-01
6.752180794461737356e-01
6.063015006503277293e-01
5.422542381317680960e-01
7.298882772880850300e-01
7.036662511929167030e-01
6.556725340302456129e-01
6.778735434839646690e-01
5.302711161235860171e-01
6.435212358589059711e-01
6.594029699338752604e-01
7.462362131214756999e-01
5.660519891092143929e-01
6.332380517503796158e-01
5.359057888852971629e-01
5.605604131202637230e-01
8.215969511123915048e-01
5.920884497292001614e-01
5.075699930401352811e-01
5.028260256530003858e-01
5.664251340726211836e-01
6.534131677172181352e-01
5.544575815515860873e-01
8.440255076097498144e-01
5.365028949391058566e-01
5.549833467561382516e-01
4.642342325971072770e-01
6.657738703202837893e-01
6.274652555829614009e-01
5.244228939707601400e-01
6.186904944038540410e-01
7.895220259006858754e-01
5.986885354222762912e-01
6.947839966498503550e-01
7.689848726757516628e-01
5.844931913087618724e-01
6.675616191639537345e-01
4.972332472468192766e-01
8.094388084714266851e-01
5.751874266197161134e-01
7.569085075300521215e-01
5.939899204282629297e-01
5.884410686069363461e-01
7.764870354324584500e-01
7.652545821592919850e-01
4.932972690065181021e-01
6.583604650761789578e-01
6.817786608237360602e-01
6.068898665177938634e-01
5.657410900111623508e-01
6.843937176102236064e-01
6.540980478461723147e-01
7.597298972149494345e-01
7.208143042661127042e-01
6.749051885591635935e-01
5.381106484339071017e-01
8.609684443141801813e-01
6.954915811935958869e-01
5.901174960266153402e-01
6.761981971416255455e-01
5.489074935681566014e-01
7.083434971244894074e-01
5.817660596051005273e-01
8.092210415815569435e-01
7.733496050246592146e-01
7.194362667617486551e-01
5.357786889472377911e-01
6.999274848657602854e-01
5.404877574039141930e-01
5.290258189829517566e-01
6.430500847569107226e-01
5.489387355547550307e-01
6.552201344130652583e-01
7.033308639287958464e-01
7.505869869888521784e-01
7.211011009682853912e-01
6.022317819153102381e-01
5.683752648021141995e-01
5.864028693299858652e-01
5.700650939450685462e-01
5.464405948140254043e-01
6.156527167246823584e-01
7.847026381729163003e-01
5.095894266209043399e-01
5.705732032022117206e-01
6.000794649325088548e-01
7.185635652228040682e-01
5.527575413084003797e-01
8.767763649218419664e-01
6.253390942435518296e-01
4.589775434107156160e-01
6.232397229578595654e-01
8.230148387651687880e-01
5.922492199271223168e-01
8.450110053758532747e-01
7.532548147568616237e-01
6.799999707488721956e-01
6.635142678403339600e-01
4.902079107691823534e-01
7.211864546113121444e-01
5.462646566523885472e-01
5.548437476364306287e-01
4.930532332782484595e-01
4.958205874354266740e-01
5.107287982036343710e-01
6.374945240619026565e-01
5.166122336556795425e-01
5.479315108491287223e-01
4.721864204618219651e-01
5.850694319155020917e-01
7.915140228988039039e-01
8.057778318352981639e-01
8.226201252941015563e-01
6.480195311650449597e-01
5.180450173640374079e-01
7.713698648836845306e-01
5.920897777889960745e-01
5.129782142573179327e-01
6.423587692707970476e-01
7.952159857666736276e-01
4.881303279840424336e-01
4.716756753876252262e-01
5.638179705230350613e-01
6.087028473060973610e-01
4.853770337508843680e-01
6.908898319706520130e-01
5.407764435071433784e-01
8.400931893272809425e-01
7.157327023752220185e-01
7.178754347928149038e-01
6.830075886743423030e-01
5.186554941989125478e-01
6.546393189516735989e-01
8.280647940075643865e-01
5.450278824235489372e-01
6.708763071953137702e-01
5.969814121193229850e-01
7.275921414527388720e-01
5.728041028859831574e-01
6.183264362109957002e-01
7.261365425962345022e-01
8.068963530199066980e-01
6.576694642011413627e-01
5.225781365849816451e-01
7.729390289249570278e-01
7.099810242445295794e-01
5.713297414546171238e-01
6.175321923111722899e-01
6.270960666203960754e-01
7.062496601424893550e-01
5.745924447501199461e-01
5.423871960321796637e-01
5.330610849528095718e-01
7.146700254600181212e-01
5.673967841887903596e-01
6.780029418678598097e-01
6.586200894691633945e-01
5.014603943146409559e-01
4.829298083362357774e-01
5.493778985697990169e-01
7.310651907788410231e-01
5.062422644328938848e-01
6.260916351735404950e-01
5.605690340391179527e-01
7.386133154765321951e-01
7.744594212218933738e-01
6.108144305064852064e-01
4.779601243388443832e-01
5.543358059780434388e-01
5.322464890127154291e-01
6.620459950490087397e-01
7.184313947565297287e-01
7.011989059236181099e-01
5.070376494905549647e-01
6.233860961247086330e-01
8.002361972734466367e-01
4.944786537439087581e-01
6.881939636118503678e-01
6.554169530466229521e-01
6.903784637233731925e-01
6.468313707535040535e-01
5.128962024676380071e-01
6.288764047691234316e-01
5.093112667047382525e-01
5.078012469283857966e-01
7.853229220777763198e-01
5.686580047743963195e-01
5.889825356440608894e-01
7.021695198938665561e-01
4.978562576621521352e-01
5.214727645911303444e-01
5.927515549447324172e-01
5.787839214046931469e-01
6.065490494841609959e-01
6.845201869575727738e-01
7.040554721889056289e-01
6.534367090836750158e-01
4.919377452559531294e-01
6.406919310665643019e-01
6.999281195677989897e-01
5.823719919797424316e-01
5.749606303834728926e-01
6.559180614854369651e-01
5.568390850048914320e-01
5.091187468289445350e-01
7.248850409579273846e-01
6.614074297135571490e-01
6.092640562637703372e-01
5.566621563649502002e-01
7.248561071057474381e-01
5.091997284071907437e-01
6.202933239619796701e-01
6.184670097973059555e-01
4.720571809487020820e-01
6.071646991785210057e-01
6.125320305608358273e-01
5.733278946724684744e-01
5.401369012403332004e-01
6.136528869347540605e-01
7.808009484012458090e-01
6.726340284857990071e-01
6.816582742171847231e-01
6.117559148966669191e-01
5.912660845138877352e-01
6.460365282602265058e-01
7.024576743657504618e-01
6.972074758416509921e-01
7.069119267161955156e-01
7.825105567461235756e-01
7.333677536050189349e-01
6.186363848037050861e-01
7.114153032865229154e-01
6.183875898205911659e-01
6.135595675644276437e-01
5.608327712265832599e-01
7.470163600114022584e-01
6.205221277737119623e-01
7.043118062786930533e-01
6.527109948570156694e-01
6.040790069917278959e-01
5.709399929972882592e-01
6.181458333269371774e-01
6.873831472230933493e-01
6.653873849774143423e-01
7.366576671751432492e-01
6.760136909906311331e-01
7.410391287367819046e-01
6.220852790409254762e-01
5.403795914207352169e-01
6.903394339023640747e-01
5.999490760987773452e-01
5.207534843111341072e-01
6.550152910326709765e-01
4.798196344837682425e-01
6.966725150722699045e-01
5.098728503685636682e-01
5.845077569593769562e-01
6.013707988547272176e-01
5.698286879902966229e-01
5.586549543788827954e-01
6.703569310397246017e-01
