3.076825001512252800e-01
-1.136087075302865124e-01
2.372036703206569230e-01
-9.394096305695025240e-02
4.180136567113275081e-01
3.394195878677669365e-01
5.008485637706348026e-01
5.192205654563958328e-01
4.260751548537056177e-01
2.604739718199837184e-01
2.230593896756030009e-02
5.275507289164946823e-01
-1.254402363283150801e-01
3.836719769923189749e-01
1.050835102574006613e-01
4.092766267571946726e-01
2.833216356715687612e-01
4.620497250069241502e-01
-8.716665159646662386e-03
4.253097041192949179e-01
1.038219458000417261e-01
4.387344610203839368e-01
3.357306255909084380e-01
4.609419235022232386e-01
4.746924427117381051e-01
5.210399796785357696e-01
1.074853641586016872e-01
4.104701741320246344e-01
1.909763626316463014e-01
5.720739251907934753e-01
1.935787256389427669e-01
4.993904438964624770e-01
4.689998275745237977e-01
4.354960987104460335e-01
3.927980352076259618e-01
-5.396042835971413820e-02
4.345713190117690972e-01
5.331657733115602316e-01
4.489088661688655502e-01
3.805453680164504887e-02
-1.238821643165088360e-01
4.184579017170552140e-01
4.310869524640837946e-01
4.446725375488557175e-01
2.063802239187242926e-01
-7.383743944406902238e-02
-3.803770401930665068e-01
2.886199342536239221e-01
3.731737010543980659e-01
4.609095425248438405e-01
3.432576926750680602e-01
3.747652088702205231e-01
2.446901009295329443e-01
3.320433723122140357e-01
2.010405957178263425e-01
4.083805694094970462e-02
4.375288400360499708e-01
4.408631160724311299e-02
4.118796216581683267e-01
4.386488759727270037e-01
-4.196359880184662161e-02
5.057244696040797960e-01
5.545115154138658964e-01
4.899870406729541217e-01
4.226607253859405722e-01
5.038159599163211100e-01
3.622722468898658121e-01
-1.977763107959807920e-01
5.082538948385965094e-01
-3.676923866914363348e-01
-3.081121770291566087e-01
2.800292204064756818e-02
3.667355900268843838e-01
4.416960003276081403e-01
5.430282438555102953e-01
6.947149003888593299e-02
2.608890662734122401e-01
4.054818874983511234e-01
4.297700681025844460e-01
3.794268941427115793e-01
5.024215090907410142e-01
2.975489645349502221e-01
2.980617412254983889e-01
3.895091255177864920e-01
5.117217231229794772e-01
3.962190393261614263e-01
4.775663488987991756e-01
4.845056555922142016e-01
5.145045924035225315e-01
4.173449883370900504e-01
4.551044719239660252e-01
-1.584545749741100851e-01
9.445503764990495488e-03
3.584992428085546079e-01
4.330640032549074592e-01
4.025117231207093749e-01
3.020154759725895421e-01
4.087337578390407705e-02
-2.625651371805757806e-01
3.528031059798688585e-01
-2.016856105172827596e-02
3.710751363906661937e-01
4.216259976822666067e-01
3.197238396803160354e-01
-1.383091924333318401e-02
1.579493000175332951e-01
-5.703039930036603311e-02
3.666424841120744516e-01
5.034249684535478941e-01
5.519479915077389887e-01
1.038571773948627347e-02
-8.383319610031417235e-02
2.487403518819270021e-01
2.229545510442283995e-01
3.187515416891553155e-01
-7.708239928938855068e-04
4.882163755989512022e-01
9.569171208685028907e-02
8.933836356135838042e-02
9.631541803780493960e-03
4.887355081607647200e-02
1.629809765400843102e-01
4.510189837726554796e-01
5.918529858382863551e-02
-1.330495206636863326e-01
8.883278595029089897e-03
2.552537877987525183e-01
1.737604617974751742e-01
3.437305546265422285e-01
4.220603879708249573e-01
4.586865929255856678e-01
5.401689033386570804e-01
3.032127720381735947e-01
-8.318521713117277283e-02
4.708380405804128005e-02
5.273990241823094394e-01
-1.085165173146304257e-01
4.323963045623446799e-01
3.276981144905797283e-01
5.238338973163070289e-01
1.152197643074956424e-01
4.172650580962318778e-01
-9.647824423034992436e-02
4.408891212041897711e-01
2.166473532412194758e-01
4.126347350409220183e-01
4.805664730961353714e-01
-2.907099644131293237e-02
4.249788326095205737e-01
5.497941692792768231e-01
4.079031687739420597e-01
1.153499321119946519e-01
-1.597246996381063155e-02
-4.446656915638820540e-02
2.016260401449057604e-02
4.843279600769502813e-01
4.857314352626488918e-01
3.043452428147977451e-01
2.283617018431993162e-01
3.659440834611668580e-01
-1.382443770101465796e-03
4.810392043474361889e-01
-1.273317166000406953e-01
4.467021637811314227e-01
2.913053787573990361e-01
1.636876760635074812e-01
-2.832502378008328603e-01
-2.950675466720562024e-01
5.667781173850001686e-01
4.220332291307071770e-01
5.659806501554476288e-01
-1.325107320209757966e-01
-1.586134450645793614e-01
4.039400762661031208e-01
4.892250062741399508e-01
-1.315730084046985160e-01
3.590283606238262593e-01
-1.455969599494357225e-01
4.341153038906503392e-01
-2.254297642842686134e-01
2.259465771592186201e-01
2.854933949068448329e-01
3.941917611600286309e-01
4.015449270701216822e-01
2.346485994232676286e-01
4.004908283222812226e-01
5.015733258306269704e-01
-8.235352987422313309e-02
7.323221944517424586e-02
1.557223277004217699e-01
3.294777403392525894e-01
-1.542143585378591419e-01
1.533979259298045295e-01
4.231325401426626054e-01
4.198507497466730243e-01
5.474420336306389245e-01
-1.371252310963134990e-02
5.280738107248834634e-01
1.322423040316569320e-01
4.647761507511028595e-02
4.366483430383601982e-01
1.585512962067642528e-01
2.692181088723547555e-01
3.275822186464145691e-01
4.492409893081368844e-01
3.576220880022148441e-01
9.458275259548817870e-02
4.761917834124606008e-01
4.653680003384860764e-01
4.528412797687790814e-01
4.773912311711057677e-01
5.197352040769540604e-01
3.367627003164108679e-01
1.681651832870415531e-01
1.816316932967796671e-01
3.236687185579079640e-01
3.352874834991981245e-01
3.604823268412940540e-01
-2.592195442585140674e-03
-1.676637825614156474e-02
1.234832042138173380e-01
2.840513681428369352e-01
5.042248833779257033e-01
4.660904494048032642e-01
-3.906842998177798010e-02
2.115790665108210067e-01
2.001845889027592251e-01
4.586491846574036746e-01
5.595512645178435385e-03
5.868893192383353163e-01
4.616524808124590762e-01
3.574441412661372164e-01
3.186547697282886560e-01
3.471606677714193512e-01
3.982174782906796051e-01
5.136230438267251897e-01
-2.707355006877544268e-01
5.202077701892539041e-01
3.046970145165704413e-01
2.685960224556659948e-01
1.129306529610095144e-01
3.656025296469224695e-01
2.271701691460222550e-01
2.195310454278161516e-01
5.408459425667189180e-01
1.992891823558215481e-01
4.674416639097640491e-01
1.139864063301247732e-01
-8.041644357396970921e-02
2.912957463568426331e-01
1.933946429432401581e-01
-2.785142334310997669e-01
-1.839184044730349799e-01
5.510571460641251473e-01
4.763927087621895318e-01
-3.337155746982566895e-01
4.476441892714209669e-01
1.051277636442026278e-02
4.194289749656981980e-01
2.630399646430279237e-01
4.665612636987990225e-01
2.810243418548813432e-01
5.012216709279841975e-01
4.319407684280387461e-01
5.413912466218455677e-01
3.917707539524807880e-01
3.209823116486327232e-01
-1.304758855866884337e-01
2.312552893185349512e-01
5.060033925160080104e-01
4.379518417661228957e-01
1.134415928981005323e-01
3.233878660015099271e-01
5.689385908760078436e-01
3.207507563621349034e-01
5.282470099951882547e-01
-2.178653518169003656e-01
1.245427185496304490e-01
1.453754302611614535e-01
4.726827129813422346e-01
4.017570706464250185e-01
4.344994451867333352e-01
3.141850213780280621e-01
4.097056015639602977e-01
3.894445902919065339e-01
3.074538124370152503e-01
-2.940898104185284412e-01
3.383977272258121283e-01
-1.319153152544760288e-01
6.387458732583645160e-03
-1.954579255994772780e-01
3.013143689455552443e-01
4.772586311580635510e-01
3.748170377666112385e-01
3.153530628705790706e-01
-4.499914712528337024e-02
-1.773526740845401406e-01
5.654293578570325218e-01
-3.243847015402532841e-01
3.453604309634221714e-01
