3.112031192322148865e-01
8.526075824220615829e-01
5.441122866268473246e-02
2.988111671646291323e-01
3.491001627545998742e-01
1.107450271018071974e-01
4.561744939818145328e-01
-1.115170256180200714e-03
1.164581044030946338e-01
2.702753828521942681e-01
-2.321004643098945053e-01
4.116187967800037373e-01
5.672127720042093868e-01
5.590067664540233905e-02
9.292422150301854478e-02
4.866714037675012872e-01
-1.853837073971729699e-01
9.289245420819001176e-01
-7.837586976249111270e-02
4.017432274339570730e-01
2.381080706262819202e-01
3.405012127597550897e-01
-1.260620213114997668e-02
4.192191132290288280e-01
4.458801979904422064e-01
7.711875532896247387e-01
3.174817631333705092e-01
3.593634451454646439e-01
-1.509351274557428624e-01
4.926911311639841640e-01
7.598655357441368163e-02
4.463102545983679281e-01
3.820458418401704859e-01
4.371023980697067990e-01
-1.516055551434503657e-01
4.628417938166161649e-01
-1.017968332324193925e-01
3.930612547530003553e-01
7.539968449093169545e-01
4.016131492569259276e-01
6.670987311667926356e-01
2.476838210703803389e-01
1.912032021365637213e-01
6.307817198314704665e-01
-2.111488626170131833e-01
8.095918905270742538e-01
-7.227635717845809493e-02
8.270835901624910835e-02
4.221614098442245666e-01
-1.403576065162951414e-01
2.127630192871397818e-01
3.453246795302073457e-01
3.813775821536736776e-01
6.757417311144863215e-01
5.211114270943287829e-01
2.630031088429629071e-01
4.787951155217389232e-01
1.652035202551802029e-01
2.509998961261946104e-01
2.770944947401066116e-01
2.472980986028175954e-01
3.990788313887984606e-01
3.928682006867779686e-01
4.151936987348525676e-01
5.269284647058115612e-01
5.754046395269563074e-02
3.946148284434042308e-01
8.033079768767308337e-01
-3.625255946017031383e-01
1.161993734695560554e-01
9.712031716798172343e-03
4.278697956823308002e-01
5.598441225339922250e-02
1.314076617362334443e-01
-1.163601243890074882e-01
3.738633891034263690e-01
3.946030615302302813e-01
3.850755914462253848e-01
4.939379788601328536e-01
7.737508599806861564e-01
4.407473058541200306e-01
2.169117378128920248e-01
8.249055600172283675e-02
3.532851276142918162e-01
3.273996293277301461e-01
2.832081022373475476e-01
5.370107294169472745e-01
2.993119481029747897e-01
4.799400445619268485e-01
-4.216280560874341443e-02
-1.872098653873307261e-01
2.375509524359036007e-01
7.329157202837351948e-01
-1.114318590880779697e-01
2.632764845170296741e-01
-2.274954171348949616e-01
7.793974037912937414e-02
8.412356135659160294e-05
3.344478398154817622e-01
4.069511894952266839e-01
-1.026733487222482311e-01
3.761008293058841212e-01
-2.288366267421505090e-02
3.720954411956152730e-01
-9.610433733993659078e-03
-5.445392718633580015e-02
4.401732179026047742e-01
-1.518155622762920598e-01
4.253101537170090318e-01
4.006333306075400280e-01
8.620785459965416564e-01
-1.289298511995969621e-01
3.588184869970736379e-01
3.200383523554815035e-01
3.131948839439682719e-01
3.582807444956543907e-01
3.453774484633207464e-01
-8.203255291447479614e-02
4.709879204146021903e-01
8.209023107938124841e-01
3.043089397749701996e-01
-9.297961803400466019e-02
4.338089556898898635e-01
3.884551537500244289e-02
1.556073053372578618e-01
2.511043656536202651e-01
-5.382378900728704285e-02
-2.252767251791944203e-02
7.559617786111916260e-01
1.473101430086605768e-01
-1.978796761056720310e-01
3.691012129510606310e-01
8.020839389919706131e-01
2.467425761857161004e-01
8.969940131721588772e-01
2.681145058845575968e-01
6.797663238933475682e-01
4.114657092871339961e-01
4.463387268482714720e-01
6.867436073324284518e-02
3.649913743398854327e-01
3.307124599570938628e-01
2.674886618605547550e-01
3.192894475698735413e-01
-9.544032438646977978e-02
-1.406829638324127718e-01
3.419912963032255560e-01
3.085038431925919422e-01
1.000457094800977220e-02
4.411483042719546721e-01
-1.513014285191777997e-01
4.472287133696135203e-02
4.042757065849186260e-01
3.548992370393834750e-01
8.338071237939268521e-01
4.910538450318749915e-01
8.576043220456450733e-01
-2.022681356611139292e-01
3.135949351799469098e-01
-2.353514687793769877e-01
2.888973898495142967e-01
2.198227294680467070e-01
-9.679131133329407777e-02
4.872754938165507754e-01
-2.129644760382680413e-02
2.145950745967306061e-01
4.150264096006006653e-01
4.010858303303885819e-01
4.569902921899938741e-01
-2.223139017388129912e-01
4.600784491025882716e-01
-1.467104566234996299e-01
-1.750644378116174016e-01
-2.244058363901528519e-01
7.636689666160246803e-01
3.415201210289209866e-01
3.778521649682250461e-01
4.187347871962574519e-01
4.137315048353952807e-01
-7.715024987788865474e-03
3.833415163693675298e-01
1.890735912724689771e-01
-8.952582504149332598e-02
1.919688627214975463e-01
4.169682315770655290e-01
2.537585884737416086e-01
4.118380775756991241e-01
3.249448866035059003e-01
1.641814390524234113e-01
5.894744526746733548e-01
2.125720251747827416e-01
1.670203075844213236e-01
4.919343691575255029e-02
4.371069388575546943e-01
8.836948144028597962e-01
-5.265465509372499464e-03
4.054535714229649535e-01
2.233650845021560305e-01
-1.612481442218535177e-01
3.473835819011735215e-01
1.720544764187319497e-01
8.289628258639247793e-01
-1.684999068820413060e-01
-1.938575216022950243e-01
3.863429185319080528e-01
4.113264972506653905e-01
2.586085307130145949e-01
2.019391075033645511e-02
-1.935930621095032222e-01
4.618360963637153094e-01
4.164510581356088703e-02
7.714141782330193875e-01
4.621051252883144334e-01
-5.563050560176806270e-02
2.968320807651195770e-01
7.374706850674843384e-02
2.981078215078187821e-01
3.571375660189165524e-01
7.337828276470649558e-02
2.925606557123516249e-01
3.449152896298286475e-01
-1.043693326821702461e-01
7.460216642811263732e-01
4.196232425362390051e-01
2.108355591128005524e-01
1.180432447815763508e-01
2.806669621359539901e-01
3.179551254590818887e-01
5.268621644663484815e-01
-3.537550437774646117e-02
5.535270119014697177e-02
5.811858406452445891e-01
5.102276415940626419e-01
2.661622702131559715e-01
-1.451862348224713939e-01
-2.186567041129916789e-01
5.692852730428220320e-02
1.616128928396354941e-02
3.569390919204671470e-02
1.960679609678204205e-01
7.413714460109186444e-01
2.056075496549851778e-01
9.518501850894178773e-02
-2.145191187294347851e-03
5.324942823803404668e-01
3.658857955372322723e-01
3.516420949926576389e-01
-6.443229612113410276e-03
4.395086768944388433e-01
-2.198375027736630127e-01
4.864696077829730458e-01
-8.169955277630762402e-02
4.647004709866691674e-01
4.089532412418674379e-01
8.430696352056231690e-01
4.461001143784841805e-01
2.850576497790546227e-01
3.087802536654737917e-01
3.634968035363436156e-01
-2.237653568752724642e-01
3.767007820099532167e-01
2.493943921263003238e-01
2.409442127596441163e-01
4.235968536696519959e-01
7.807496059860492832e-02
3.967804338205855874e-01
4.688215490451518308e-01
4.387385381097052561e-01
3.327154200384431770e-01
3.257689833268294088e-01
2.870280452125891224e-01
-1.037113964125314786e-01
-1.905624236619329059e-01
-1.458948294684294655e-01
3.030291199264095736e-01
1.373281195609178662e-01
2.231601373642692621e-01
4.689612505424876066e-01
5.251318222629371979e-01
-8.067051441790895616e-02
-3.870759875369816916e-02
3.893515131397993212e-01
3.718399092904196568e-01
3.270305474446229543e-01
-1.989453415115749468e-02
2.733473628279701750e-01
7.523705561697784372e-01
6.882012089957175727e-01
