8.954105634625472154e-01
6.643607013384035254e-01
4.088108096347133902e-01
8.221779955725657674e-01
7.597512456254018609e-01
9.178446969449316484e-01
9.261259261419484412e-01
8.942458734289459032e-01
8.828128163763978575e-01
9.078156954297548209e-01
3.884793954472006150e-01
7.836415610330673687e-01
9.033537301494046767e-01
6.712811027391095697e-01
8.905934832430170700e-02
-2.271893899036306064e-01
-3.312781469865715422e-01
9.118480320442357012e-01
7.885508024635103919e-01
9.232757283916668278e-01
8.733076031663122851e-01
8.628787584673618394e-01
5.351388008875752889e-02
9.111024603316075776e-01
4.302531341651628649e-01
2.464790905699182633e-01
8.946010634705087172e-01
9.425232889536621084e-01
8.837783171999120668e-01
8.885742475294025056e-01
8.676648451584387800e-01
8.796198023774056685e-01
8.407503672251435134e-01
9.154391462072457575e-01
3.860389139973637862e-01
7.049543054837984490e-01
5.105310584972710952e-01
8.504509167506023593e-01
2.230136432932589563e-01
9.169111319526498383e-01
-1.953058775208072473e-01
8.543384528153282753e-01
-1.975314328714629641e-01
-4.236225003149527435e-01
8.196343371547115675e-01
-4.910055557601929466e-01
9.231410240262021283e-01
8.934419174434329314e-01
8.059176551258883103e-01
7.621024123812460971e-01
3.789035808376189918e-01
7.873430954571696283e-01
7.822631387476701725e-01
-5.712171279284859043e-02
8.882782807384027590e-01
8.918968354391203501e-01
8.583587272265517099e-01
8.454613547613711866e-01
5.102482500062417714e-02
7.000007079565740975e-01
8.985051789618142548e-01
8.594337795640251132e-01
8.370395971027584370e-01
5.672402489880660204e-01
7.858360716954108094e-01
1.975365301748559232e-01
8.446755700315219384e-01
-2.089778893614505639e-01
-6.763767135611944981e-02
1.719364400561876061e-01
8.930241717184511652e-01
5.516472562825639470e-01
8.943466980494243490e-01
7.893593915041379194e-01
3.529562900423126592e-01
8.785878437891573300e-01
7.631719222859177920e-01
6.166245247548456099e-02
8.562724147444368272e-01
7.032040788466294989e-01
6.832755314928400381e-01
8.964940861033752206e-01
8.769959424321289720e-01
9.088521214731617448e-01
4.503589463788765235e-01
8.325769921960303188e-01
7.815487496215055563e-01
8.939216176566133765e-01
3.622236649059564773e-01
-7.395874129514508344e-02
-1.894189148235731479e-01
7.643524501035120489e-01
7.009623044693729099e-01
7.496054735311585837e-01
-4.766999897894951821e-01
1.495437056709943424e-01
8.767792919979973121e-01
3.661160357316982639e-01
9.012484318642086656e-01
6.930046634503905789e-01
4.587697476679739594e-01
8.819866281031613076e-01
4.991528061036653030e-01
5.421751844454236746e-01
4.889524730716660050e-01
2.795457245338794361e-01
8.872176136133915758e-01
-2.082911684967639065e-01
6.944944121454410535e-01
8.296669943158020422e-01
-8.907352171441459965e-02
-4.648106136209010364e-01
4.723184634813526461e-02
-1.669844271787975787e-01
8.083742856554153589e-01
8.511742237167401193e-01
1.768454836601220659e-01
2.223459892813061112e-01
9.029941032096996389e-01
-1.290556267848638472e-01
5.161326580396167207e-01
-2.247271981498890139e-02
9.134207787987880245e-01
3.086539103203838619e-01
-1.185844139035079903e-01
8.972837578884422793e-01
7.093005180391688258e-01
8.132822862688084964e-01
8.182595032026966642e-02
-4.838897290174447030e-01
8.981872911379680247e-01
8.124678091288047854e-01
3.387076226083681196e-01
8.634431110254990882e-01
2.704911064786649222e-01
-9.204012456879384629e-02
7.524192321969521702e-01
8.608160719567309327e-01
7.874769365700634571e-01
4.221176052628903275e-01
8.767910806917520450e-01
6.927522318272663071e-01
8.725394153948580200e-01
6.549577763134248887e-01
8.853169573866921382e-01
8.622122308309274619e-01
7.989382896978448889e-02
8.651091227358513880e-01
8.904272616172046462e-01
8.723057432848346782e-01
4.615081116915760728e-01
9.095111323853944940e-01
7.250954953972212902e-01
8.923352679010162491e-01
5.573864447318688242e-01
8.670571042025685404e-01
7.440708879927253605e-01
3.981956626848139058e-02
3.986858878556970298e-01
8.436406309371324852e-01
7.970252449264542127e-01
-4.119387104332611904e-01
1.150071304246314680e-01
5.371697778834054748e-01
5.387823842498407068e-01
-3.821476255639741360e-02
6.227900429590356168e-01
4.829628262641789682e-01
4.941913921380193253e-01
-1.872742877735222300e-01
7.308014642368396707e-01
-6.159395934611152507e-02
1.039638732368706603e-01
8.728750874206520072e-01
5.541870542739314454e-01
9.074596965233769907e-01
3.950148029317903653e-01
7.528840641296632441e-01
8.736411392093966777e-01
-4.100374203466230494e-01
5.586697486293645820e-01
8.737913961486453163e-01
7.444519028558745921e-01
8.915146222571666001e-01
9.178400333263577737e-01
7.023106337865863136e-01
-4.524184129728888171e-01
-6.975871157833070380e-02
8.085254025602462979e-01
9.113623915242332618e-01
4.219167151218810030e-01
1.087605134352487152e-01
-3.958319281612762142e-01
9.283371221380316562e-01
9.091773813673608151e-01
9.232952169201725789e-01
8.009038450475393089e-01
6.553429389055660526e-01
5.821540536033958935e-01
8.760201143939317925e-01
-4.439730891555113135e-01
8.464431660404859725e-01
8.403594065853188244e-01
8.810921315811289789e-01
7.499807285827346792e-01
1.910822375983823596e-01
7.092289520002553749e-01
-6.446934021751166144e-02
-1.349396524388963015e-01
9.212892979623268364e-01
5.569905943539799065e-01
4.169076987722195593e-01
4.243605606212666470e-01
7.891103274858998207e-01
8.691243703998701164e-01
7.151811151903183505e-01
-3.469793830419376501e-01
9.385581334815547017e-01
8.766702167466090545e-01
-4.066681756774603307e-01
-2.132250203854374471e-01
2.130186781460429446e-01
8.119482830578412802e-01
7.073951058712425466e-01
8.950933903068645225e-01
-3.100818439443130958e-01
9.114629075493461130e-01
8.501699712619175120e-01
7.290204451989641399e-01
2.505527970114256736e-02
6.320413019155127765e-01
1.034830487642175167e-01
-3.044650317892163560e-01
9.148115420087467031e-01
6.340106470898729807e-01
6.152452977338354612e-02
5.163961982028311137e-01
-1.972684103044489712e-01
-2.866576878546523433e-01
9.004503166834740280e-02
3.948097026614637017e-01
8.474443564476253909e-01
8.974309193397753681e-01
8.037126539899143163e-01
9.057283449389393060e-02
8.954961869184827616e-01
7.329980700274554284e-01
9.318757440075056131e-01
1.423279181265783844e-01
8.756015280580699001e-01
9.019551180043625660e-01
2.935257554182824635e-01
7.763248197666685613e-01
8.928220016466914544e-01
8.906552781076718661e-01
8.771213744288682834e-01
8.773071182201110929e-01
9.027164908689064848e-01
8.525159574308939225e-01
6.919706870993383996e-01
9.040545673766785528e-01
8.878366868752254337e-01
9.055557986884635868e-01
5.386700200604729316e-01
9.045894621826174875e-01
3.160446005864174790e-01
9.035015865986748551e-01
9.324176139618782777e-01
8.737075842286041727e-01
8.647171715122026203e-01
8.469772953782808145e-01
8.384969763105948326e-01
-4.014101418139869870e-01
8.498742975963098356e-01
5.192065729827978204e-01
-1.885173458496920695e-01
5.878970919424078012e-01
6.899789884558283903e-01
8.935239109527427503e-01
8.586496003830837997e-01
-2.819178612225645697e-01
2.458833677802876039e-01
-3.011318440726540868e-01
