2.219607240329550812e-01
3.324444152634946636e-01
8.027681303063158302e-02
3.502045523051080522e-01
-2.195349049172841127e-01
3.564620503931381634e-01
2.309657339170586021e-01
4.674939797473013914e-01
-6.754038209398789683e-02
4.274663900426557972e-01
4.567110513918993253e-01
5.870512997582699732e-01
5.708247770801053722e-01
-2.313741492092190322e-02
-2.417204495972032074e-01
1.277377715022280369e-01
-4.898921027922473193e-02
-2.148600810090771640e-01
3.696211614677282764e-01
5.815612349573607842e-01
6.184962407578840915e-02
3.514910447441984553e-01
1.302780925592591510e-01
-2.225181420211366501e-01
4.290231843635041731e-01
-9.836019122089165179e-02
-1.977495438819099338e-01
1.378883264292120603e-01
6.132175905714037922e-01
2.328437420938917479e-01
2.049380064660380751e-01
6.884897861603134217e-01
6.090292161447301567e-01
4.482647706787020736e-01
6.459414525761563164e-01
5.706803937312949354e-02
6.689496232629174033e-01
-1.764389998350237576e-01
3.626663826303450078e-01
-2.461200177989875670e-01
7.403655924293806034e-02
1.778524507697921975e-02
9.273562045629046846e-02
2.643920120753205927e-01
-1.411401530171092766e-01
1.561888959240046448e-01
3.332502974379296101e-01
-1.747268462673197131e-01
-6.113115394463746605e-02
1.432922812533828916e-01
-1.964901209526773995e-01
5.655470979932668563e-01
-1.053563312469900648e-01
1.025035455250522393e-01
4.847923693747485663e-01
5.073187887629948545e-01
-1.527236878341568793e-02
5.284295994380376893e-01
2.459562808763779418e-02
8.262102364733524273e-02
-3.147727333080072021e-02
1.527270037842379802e-01
2.930614285833794685e-01
3.181824372238619553e-02
1.640688005021636586e-01
-1.776682178000378032e-01
4.164258917374810132e-01
1.703577461372527413e-01
1.850339960872064149e-01
-2.118102048940657400e-01
2.313571036264542302e-01
4.321346801376895197e-01
6.663908531366129484e-01
1.738952201630047378e-01
7.204743093039965851e-01
-4.252811597396863319e-02
8.775776705965226965e-02
2.202339930163081660e-01
3.816585044083211087e-01
4.274886523151644746e-01
5.656884245635924735e-01
-4.909303581571575897e-02
-1.807846771963344257e-01
3.276908007258401145e-01
3.151403736497167540e-01
1.733356675144024361e-01
1.422503467266759136e-01
4.380694895879596595e-01
1.759935731559824634e-01
3.605641747784634199e-01
4.127591685701081370e-01
-1.147764120612898842e-01
2.096397789676884837e-01
3.108438525237964822e-01
6.624394412344276617e-01
5.486187087817204766e-01
-7.471576233435797687e-02
3.676394865735720108e-02
2.334973707181752789e-01
-8.396935769235483460e-02
6.978538504377782004e-02
1.008437065870008420e-01
5.647137869316932735e-01
1.641271156094159800e-01
6.012271712408117502e-02
-9.324667634236505354e-02
3.659100848010928830e-01
5.704417326830003576e-01
-1.022816356885347805e-01
4.652724505598242466e-01
1.096237685050804739e-01
7.078505916022870270e-01
3.566545166717355331e-01
9.216163932794489699e-02
6.100487788009498757e-01
-5.233410956623494453e-02
6.337993591398105586e-01
-9.465115930627944485e-02
4.034792786160298905e-01
4.585208518665812027e-04
5.926751637621441304e-01
1.525480651556138101e-01
-1.803660745495521966e-01
3.324401637850628588e-01
5.083218883530759014e-01
-6.668377942959820281e-02
-1.861302350770532854e-01
1.595408017119878674e-02
3.199331154691604784e-01
-1.544121455714383140e-01
6.721139813284474074e-02
5.400643821734006922e-01
-9.245412289378246440e-02
1.345235155245807501e-01
2.975748133799405171e-01
2.914575333815184188e-01
3.992146582932111221e-01
3.814693722915017959e-01
6.932649854753774044e-01
5.029630073549693492e-01
6.373024585447852886e-01
6.429814897703040044e-01
3.483300331854009557e-01
3.664012255666309614e-01
2.317671283486883171e-01
5.083606588051509112e-01
3.539276550518396375e-02
4.238476491378656563e-01
-1.552996273850151265e-01
-1.798187564946718553e-01
3.033277616083212558e-01
3.948695791009234624e-01
4.614234734424407236e-01
5.716919275054250793e-01
-6.294644547497743603e-03
4.595403511425139031e-01
2.190427003546861068e-02
2.217116964750198149e-01
-9.472840504351066893e-02
-2.043193471260972838e-01
-2.177737077289595702e-01
4.456153654994292057e-01
5.434257347105422853e-02
5.901119034109568728e-01
7.238406174892633160e-01
4.754968832534350875e-01
1.482215954127099056e-01
1.932273880791698373e-01
1.030631855979889516e-01
3.844781852078295037e-01
9.911666852543091211e-02
3.625908630046051351e-01
4.768960311150500231e-01
1.026199338369107594e-01
5.448813459848952379e-01
-1.852192313347060248e-01
-7.701166872521467144e-02
-3.800902236780034915e-02
4.783148536398879602e-01
5.267560714054870807e-01
6.733615871904160555e-01
-2.138140561465388667e-01
-1.457049121846448747e-01
3.445946145298533492e-01
5.452953896619695540e-01
-2.509509398909963718e-01
5.801801055735734680e-01
1.804710334998087529e-01
-1.370380502120363275e-01
1.217546805407651589e-01
2.553055057478101353e-01
3.158154674957102670e-01
4.435084423126435249e-01
4.474894890960032789e-01
1.606618591245393968e-01
4.837680912654532261e-02
-2.110696693474375107e-01
-8.086044156902588709e-02
3.917111747936487531e-01
5.811998473315556080e-01
3.291277352794684252e-01
9.277258281486100433e-02
3.094243816896459776e-01
2.074465595626860392e-01
-2.658117932588896504e-03
3.054277215581744365e-01
2.210290417464241264e-01
6.183220515174668863e-01
-4.577531478701211964e-02
-2.075054963455006535e-02
5.028105112550589340e-01
-1.537712353920621666e-01
-7.504688498871027458e-02
2.234755034880174518e-02
3.373949357530622861e-01
2.421083076826125446e-01
-1.726869241461740367e-01
1.422291867153540612e-01
5.675305741055547415e-01
1.151890782712045175e-01
2.777629739672923259e-01
4.824384147232237963e-01
3.132842297319625713e-01
-1.554879307837166158e-01
5.155006167208743273e-01
1.272650668223132275e-01
5.696469383512150486e-01
5.092779384112241514e-01
1.679076994018476876e-01
2.657834042211505432e-01
4.621944184045608806e-01
2.106286177410713334e-01
4.400052330159771041e-01
3.689449758317909223e-01
-6.181226415756359976e-02
3.014162044943903274e-01
-1.785351782228769557e-01
3.610018151855554080e-01
-9.770198767027973852e-02
6.454080634054618071e-02
4.907084591589828126e-01
1.177613132894097803e-01
-1.877781610509815513e-01
1.990126518398513400e-03
3.172641966902284283e-01
5.429700991618650052e-01
6.475601959675423291e-01
-1.336203367081855164e-01
3.220909519668826992e-02
6.219615515647128889e-01
3.989457294606796323e-02
2.689601687410160258e-01
3.220533181413418600e-01
1.683882983552925372e-01
2.351863427658497929e-01
3.781495079804305104e-01
4.141477542441229787e-01
6.159403761763200258e-01
-1.423291098649189235e-01
4.430815756553870832e-01
4.499513347205313929e-01
3.090599989172770901e-01
-1.051675863167581965e-01
-1.417809003842828430e-01
1.875031096495362315e-02
-1.653819121238349343e-01
-1.064626836573821095e-01
6.132574061718412128e-01
-1.043042430742678189e-01
1.200331078433109211e-01
-1.261339614640555329e-01
-1.782716343771222345e-01
1.815187632826318898e-01
1.833158300010490072e-03
2.067856990802722783e-01
5.584132097149403506e-01
5.295890667442639810e-01
4.321249001585804606e-01
3.151355055809801353e-01
-1.608981949105370290e-01
1.346157914444158221e-01
-5.639691464123511994e-02
5.576424380500683009e-01
3.293138988073686102e-01
6.966926626936993383e-01
3.913450837791373482e-01
4.214296527664943004e-01
4.995052575707961129e-01
9.101050672518906648e-02
3.280793740761785982e-01
9.962696146580075907e-02
2.274110399216486278e-01
1.681826226029730642e-01
4.277515678459788973e-01
5.292695094940960132e-01
4.867971915599631494e-01
3.419696942428949171e-01
5.823534786498982818e-01
3.668324820325313124e-02
4.860289402751969412e-01
