8.676212401937134500e-01
8.446876537152809838e-01
6.918749360779148649e-02
8.463913731745411617e-01
-2.302316327341411006e-02
8.607211560499563596e-01
8.414835069047814642e-01
8.434380561780034924e-01
7.230832112301063264e-01
8.344179863869868319e-01
8.667536064348672076e-01
8.697258902793019164e-01
-4.974268555897197464e-02
8.429518730576301966e-01
-5.238085052572852285e-02
-7.187174927876838204e-02
3.910610977108575081e-02
8.110366856610342623e-01
8.522360685677854431e-01
8.235137797723923736e-01
8.447976972270425655e-01
-8.499230301213919758e-02
8.450877750832295199e-01
-2.979087411775729888e-02
-9.301394526025669185e-02
3.958455973829043406e-02
8.528073388515583497e-01
8.128733776460174143e-01
-1.278526831826685972e-02
8.558193521073103049e-01
8.584333989688224253e-01
1.589566441407272435e-01
3.416726259611387040e-02
1.525114685059304753e-02
8.714727653940645968e-01
8.462907407500396273e-01
1.065384688191363394e-02
8.374916897848460051e-01
8.464886278225154381e-01
8.178380835254671632e-01
8.581539816797773002e-01
7.926413873418289846e-01
-7.814903824099356244e-03
8.740760706872496844e-01
8.794029584380198550e-01
-1.706711813034003655e-02
-1.207877721666122950e-02
8.199372486412543903e-01
8.087844595668048919e-01
8.411433799814560519e-01
8.573677161042067008e-01
7.516136337822155733e-01
8.645032400467793643e-01
8.598658621026109561e-01
1.579315555134219728e-02
-1.203729419919578603e-01
8.996307876875621057e-01
8.561177712350336311e-01
8.544978245762615554e-01
9.173625016624872841e-03
8.105726542532821766e-01
1.768697967054290443e-02
-3.387519469680938533e-02
-2.552302662693135826e-02
8.530097458274249478e-01
8.255422522989277478e-01
8.382947498982041834e-01
8.355917654729637656e-01
8.300587703185723365e-01
9.609163942873799602e-01
8.414001819057985720e-01
-5.891949393070392005e-02
8.144158366802350946e-01
8.333330860838186194e-01
1.323705284458798759e-01
-6.168401391883136797e-02
8.590328479063747968e-01
-5.015474652431241298e-02
8.597562367791664606e-01
8.606823849264109150e-01
-2.511643885826396472e-02
1.206079846324615290e-01
-3.833613895604238986e-02
8.220065857673829468e-01
8.301691423290081806e-01
7.967469884315112605e-01
8.110703480118125475e-01
-1.476160981174888531e-02
8.886461201115725128e-01
2.069341174729623367e-02
-1.033222192999823097e-01
8.105024658468060750e-01
7.960425871098881778e-01
-3.217765915892126238e-02
8.505600158096294772e-01
-2.806810303689838415e-02
8.596148244332741939e-01
-3.604806947977259868e-02
-6.013405327394902300e-03
2.227821920397900224e-02
-2.028835187124899964e-02
8.525752097198913138e-01
3.849339717480970702e-02
-4.211743633937725662e-02
7.924709406834895553e-01
3.053616136349135424e-02
8.744393730021140509e-01
-1.489792069511114425e-02
9.388325572757566517e-03
8.254693024643842136e-01
8.580827485223118112e-01
-1.245648794101494872e-03
9.260614702666245535e-01
8.393373251375905175e-01
8.945936675374716041e-03
-2.090963783715783786e-02
8.708081724038718718e-01
1.227664164591639462e-02
-8.264778078131847228e-02
-4.467268913153275844e-02
-2.329781074834774701e-02
-3.935496090749225628e-02
-2.907335168063117370e-02
-1.192696970856167576e-01
8.254539558069455829e-01
7.810044045647239752e-01
-2.616479050762456071e-02
8.499012280171003297e-01
7.671759355062826580e-02
8.416447368350308267e-01
8.573390026254292806e-01
1.715036569030213565e-02
4.146652937908668068e-03
8.364731880261453423e-01
-1.361193246719399896e-01
9.191934657664621033e-01
8.397954769114993057e-03
1.725818980797563795e-02
-7.436033119836389649e-02
6.653970010164275695e-02
-4.057962481391831633e-02
8.251908949343400579e-01
-2.270119764674237428e-02
8.306652988236998270e-02
-3.565434623487355459e-02
9.038169388107035740e-01
7.838431361624378368e-01
8.595270751486226990e-01
8.303675117724782506e-01
-4.099370525197547355e-02
8.536958117502764232e-01
-3.900975082261730342e-02
-6.831418344402863385e-02
-1.490861911489477221e-03
8.403991145627247583e-01
-4.653557808186510603e-02
3.246362888352136156e-02
-3.075129478422461426e-02
7.400097347702222494e-03
-6.509131308965732110e-02
1.901265444519406600e-01
8.090920796780691759e-01
8.515603828392135366e-01
8.015091520917400070e-01
-1.556637601716548414e-02
8.738359226191028117e-01
8.334383778591021308e-01
8.352438776073156657e-01
8.477007202811597253e-01
9.136563879488905915e-01
6.283273772213857078e-02
8.580668392886635631e-01
8.418383877457260578e-01
-4.551144470585732904e-02
-4.947323439672923762e-02
8.158671481218177091e-01
-1.521365717274998641e-01
8.557222054406110612e-01
8.296709197923777257e-01
8.232311072134680385e-01
8.185491823321406901e-01
-3.743775236332207157e-02
1.242422862818187701e-02
9.015479201319231972e-01
-1.639125964331421270e-02
6.826474040260863130e-03
8.429982533022456481e-01
1.899184546240301197e-02
8.586743739340841897e-01
5.487410135871524652e-02
-7.754277669128484263e-02
-3.331001558075483149e-02
8.113049250756705355e-01
8.677561678655061339e-01
8.560824651860736711e-01
-1.469135967677021870e-01
8.465353597479833292e-01
8.440116987284835837e-01
8.405318179255838462e-01
8.663885343282247131e-01
8.399697474519811635e-01
8.172403843484945529e-01
-6.168590695528079759e-02
8.609009256022128742e-01
-3.041723320491188098e-02
-6.644362825197092093e-03
5.063274295854686136e-02
8.177347710117598145e-02
5.123372433388996561e-02
8.463024124411495652e-01
8.536866278825259169e-01
8.472575253311035448e-01
-7.226388059076727099e-02
8.279546553780912088e-01
8.241999083067466092e-01
8.627773856750832471e-02
8.558898048745382514e-01
3.439612771730660157e-02
8.598727588289354351e-01
-1.258056667417521701e-02
-4.737467822789982741e-02
-1.080453024335669282e-01
-6.386847519964587716e-02
8.382308904979082209e-01
-5.788480286933568586e-02
8.413470867240110396e-01
-1.142289151589456764e-02
9.008696654722129216e-01
8.558034493737063375e-01
9.365210536272357000e-01
8.517839901256782920e-01
1.249745074878610973e-02
8.414761097038341298e-01
8.671523207017042822e-03
8.420594113400332592e-01
8.360361682615615742e-01
8.809985540019937833e-03
8.603678957696478946e-01
8.101128602839429149e-01
9.371664151466028159e-01
8.037043503406816614e-01
8.476449012901414726e-01
9.257790311948329576e-01
8.310442144906529105e-01
-6.199483341147557502e-02
8.269716258091603933e-01
8.523478882787045574e-01
8.567540133078449527e-01
-4.142588752982896694e-02
8.510191921145608962e-01
5.751650634732479173e-01
8.333381538909072628e-01
8.675530273933813596e-01
-6.947443197806998927e-02
8.399413934344999166e-01
-6.869409924819927515e-02
-7.374424397578573098e-02
-2.302224292269057504e-02
-3.958918721229616466e-02
-1.729185587351232678e-02
-2.706877419442460520e-02
8.448917097030379519e-01
8.555753382793467310e-01
8.276655474303161730e-01
8.369386264513495322e-01
8.451989608793367692e-01
8.136558687505074383e-01
8.565937974149334666e-01
8.613918128249028472e-01
7.971704634682126311e-01
8.408951124358338136e-01
8.321893989169052430e-01
7.995097533689362601e-01
6.937114728802279418e-02
-5.107030881431627589e-02
8.306537701733549550e-01
8.646923304049334291e-01
8.135161507478940734e-01
8.312554274199056570e-01
-6.521052968160180596e-02
8.240695231182121328e-01
8.560712091440358940e-01
8.470355787026518923e-01
8.615810202744002000e-01
-6.793134360662697602e-02
8.164939677329646761e-01
8.047210488171290255e-01
-4.312959122240755949e-02
-6.910085896667957084e-02
8.409324659133829982e-01
8.562661239041903238e-01
8.471441714235711240e-01
8.450675867803665309e-01
-5.787834733381683194e-02
8.107572108696753377e-01
8.352469250210027285e-01
8.381403759585234203e-01
-6.039350896307675576e-02
8.232090267036453746e-01
8.210619654170654425e-01
