4.830537105814234344e-01
6.890919401322179172e-02
5.729501644208854216e-01
5.792927396397236084e-01
5.610698050752513932e-01
5.945263439352570511e-01
4.611101426645159984e-01
4.912710917497561947e-01
4.388465241261751970e-01
2.200390283741346376e-01
3.618200337078636974e-01
1.307600568422440379e-01
1.599033187275441803e-01
6.240579779906120228e-01
2.346520673995773076e-01
5.625161991946382445e-01
8.488784310572279335e-01
5.213338405741155812e-01
1.121750981806036163e-01
2.303776123639626472e-01
6.368374893327026776e-01
3.627088423416821028e-01
4.913728466655671867e-01
1.795243565679423836e-01
4.821619128829299772e-01
6.192964629740604909e-01
4.110585780897028640e-01
1.786339271436580833e-01
2.345099784640065910e-01
6.344649979541221174e-02
5.131779423175363286e-01
4.124812360747608375e-01
5.002302826394797730e-01
4.945835564857623545e-01
1.389214893651282146e-01
4.601676975569243266e-01
1.803305574888420804e-01
6.068523410986548239e-01
4.695997339188344721e-01
1.511459043115299938e-01
1.161254130200404244e-01
4.562576017067059286e-01
7.518141124336668035e-01
-3.848049372128646561e-02
5.569465095866933391e-01
5.317280634728995814e-01
6.140546273750104866e-01
4.137226634728984331e-01
4.531367344920244067e-01
2.455132534823183665e-01
2.260728852239222708e-01
2.913362278231512725e-01
4.701086639040223947e-01
5.681265009411461397e-01
1.386712525133822205e-02
3.737779595500351770e-01
2.616698937826207605e-02
5.086210694279863498e-01
5.049209353108790044e-01
5.052781466391794707e-01
5.496472644676028141e-01
3.466894316998071490e-01
2.909104673301793897e-01
3.474622759938423844e-01
5.283172989557911592e-01
5.769375779941231519e-01
-4.281760457986871771e-02
2.469078306796962385e-01
5.600215140213916643e-01
2.455960196342375501e-01
4.943729574116376146e-02
1.772176180607482610e-01
5.276927784679389388e-01
6.026048203132550185e-01
2.576502715433174884e-01
4.583734985465123257e-01
2.794217951704387470e-01
4.283087823009364969e-01
6.291776303246134905e-01
5.773204233744839708e-01
5.682729592337356639e-01
5.207791018135673466e-01
1.932296413186400108e-01
4.875235296567608234e-01
2.676984403088342179e-02
5.567307666439010871e-01
5.317994199635958097e-01
4.331624008763677036e-01
4.902224142567330745e-01
2.429700886404917437e-01
6.069292456214857578e-01
5.141794685558714884e-01
5.451188722422696253e-01
5.082391353566940717e-01
4.121987195066882381e-01
5.434183625683211005e-01
1.651725188093758345e-01
5.707571491430115662e-01
5.389328614262990369e-01
4.350582989413481205e-01
4.737010736789520893e-01
7.635922437567148613e-01
5.232373042007654185e-01
5.896272208238968471e-01
4.925584357143271697e-01
2.343964953540466634e-01
5.595953970750577877e-01
1.186132591837690820e-01
4.081041901408252737e-01
5.061424368674802832e-01
3.522564697798317157e-01
1.388759887464771914e-01
4.839921505349155106e-01
2.411238965815296065e-01
5.522689650007668316e-01
5.852939752745670576e-01
5.149568656477161444e-01
5.712350396503569350e-01
3.456624620830356376e-02
5.724813551477370144e-01
4.306912229384668445e-01
5.988972978200741704e-01
4.220051228708266988e-01
6.448820761028969395e-01
5.997875898747375700e-01
-1.846442817443408324e-01
5.121136046112692020e-01
4.184224858616588660e-01
3.384036289318060886e-01
5.790002324174006176e-01
1.111706850291760279e-01
6.074639310568914485e-01
2.174409662851908287e-01
1.825580253383868312e-01
1.534605860805338950e-01
1.685174039238915011e-01
2.528792513664142039e-01
5.769812054541920698e-01
5.664179834257142554e-01
1.126069954561707276e-01
5.080772453113091558e-01
2.907842798827245390e-01
-1.539387785837426914e-01
6.081841561883171154e-01
5.152746175735487544e-01
1.044326942961120164e-01
5.591190546761404256e-01
4.737764369790177232e-01
1.647335516857735271e-01
8.872994313475811301e-02
-2.043567248832465211e-01
2.016849833411031578e-01
1.534212775458056732e-01
5.141760241242584462e-01
5.449768121940921084e-01
1.285732188880895355e-01
1.633346050872005462e-01
9.006156329567276131e-02
5.373816209961167489e-01
3.973870110264255961e-01
4.592423296575859348e-01
5.302144027634760892e-01
5.313692958675058087e-01
5.378424302178970162e-01
-2.556390172397371430e-02
5.511274463219997255e-01
6.021033410160815391e-01
5.026397349122488922e-01
4.437206546053982237e-01
3.940496867689103899e-01
5.435683912641391391e-01
5.590817087523265450e-01
3.777875240042731786e-01
1.981958326325468922e-01
4.194319765842364767e-01
4.232865446737834603e-01
1.368768124717771595e-01
4.755569796970717245e-01
5.910471432837262062e-01
8.424803251481927102e-01
4.729975199808970077e-01
4.848059841031673312e-01
-3.561065238753845230e-02
1.036687724719007053e-02
5.143039570528060711e-01
5.315492831351185110e-01
5.635420164213122973e-01
5.196398810497548926e-01
2.208444811941602803e-01
-7.948925905172732342e-02
-1.776394263507739546e-01
8.073099315908578433e-01
4.990362974795815587e-01
2.707588296715536802e-01
5.290884323869016193e-01
6.216579328147264771e-01
4.997229600745892730e-01
6.157547187910098474e-01
5.900761034443731123e-01
7.496397177985326676e-01
4.437495900463788723e-01
2.219791285448431406e-01
5.121259603401361327e-01
4.872443240920661389e-01
5.408368669861443045e-01
3.966712036345749204e-01
4.203110338189091078e-01
5.380042298561755754e-01
5.291693577192142506e-01
4.603826034819066271e-01
4.384696109296037925e-02
4.283056694250031993e-01
1.566580199744627144e-01
3.340793747715041229e-01
6.091135047442904904e-01
5.077752616422590570e-01
3.556528468315917624e-01
6.156476397005473666e-01
3.709221323259727088e-01
2.294024508026055453e-01
1.068434167639139287e-01
3.276169541275121277e-01
5.182966256533458882e-01
3.747831739111529004e-01
5.145183515605804558e-01
5.403783700852553551e-01
3.186036819715136748e-01
2.109796182960900768e-01
4.367024401329060446e-01
-1.057579067190266287e-01
5.763853555820532826e-01
3.648551697218689327e-01
5.007012166868413106e-01
3.232136100800275802e-01
2.083667736413556959e-01
5.129427375305035675e-01
5.489307200205778559e-01
4.440800737018810729e-01
8.902223573860268413e-02
5.584906042876169874e-01
3.606302348109886036e-01
3.201197221494769263e-01
1.758282218446622081e-01
4.824923921278111982e-01
3.237238675142155575e-01
5.486836035112064858e-01
4.130713791134780211e-01
4.453451150703812700e-01
3.626894894302711281e-01
8.212972697530621091e-02
5.328424158056724869e-01
4.635855019689036904e-01
6.158443002737872263e-01
3.013128554490780986e-01
5.715783298726214712e-01
4.800251335896470462e-01
4.928230746253421390e-01
5.026930584488433773e-01
6.241947169353015967e-01
5.499522782144399269e-01
-7.655868214240747760e-02
5.369193959169630270e-01
7.792347598524533847e-01
4.407864831736181821e-01
5.938534509614598056e-01
6.173359291361012469e-01
3.832357751584622996e-01
6.262824637136191752e-01
5.649012360690766066e-01
1.035847157493271636e-01
2.184305316878737691e-01
5.243306213751142142e-01
3.873373054717394459e-01
3.538777539362367719e-01
3.940283744518137676e-01
4.893255760616882499e-01
4.196599598693541711e-01
2.147490407380169830e-01
4.287603714601263549e-01
5.463698032006536476e-01
5.716860694880609994e-01
4.086531456577484067e-01
5.230342197941785232e-01
3.668949006413416702e-01
5.039981618933490060e-01
