2.280353318539697915e-01
9.771344669161080576e-02
7.691091328243873093e-01
1.704532724899375240e-01
8.165708224139545113e-02
5.620721494706555355e-01
-7.026766885918842021e-03
-1.081390244162093867e-01
5.090145710311794192e-02
6.444414156383578007e-02
1.596952661104817095e-01
8.968614300475491463e-02
7.324201948485856706e-01
-7.397993738345998160e-02
6.347186665199702205e-01
-2.534437219515733170e-02
4.980995994288746065e-01
-2.650579105432428195e-02
3.940235169059443932e-01
3.112072868878289489e-01
4.461343166718295672e-01
5.535995856896304135e-01
-7.419296335146069454e-02
2.875135564028282187e-01
-5.774785041550846432e-02
2.684424063275644423e-01
-1.625941773462113993e-01
2.909186327520025817e-01
1.508547141534021252e-01
4.442791314442885442e-01
5.055882770676232152e-01
1.609887888175119963e-01
-5.764732470968078615e-03
3.690716281306241076e-01
9.601551972957840519e-02
-1.713476290849303973e-01
4.003311022386354251e-02
-2.973427374367439147e-02
1.837275076903464033e-01
2.948648711041832460e-01
1.401215585674244757e-01
-9.563487345286469932e-02
7.100029753461509219e-02
6.726122485189366396e-01
-1.313523432230088994e-01
-8.408263570308091572e-02
7.583131343659939017e-01
-9.546331069652440326e-02
4.145798212355204515e-01
1.535961956661334726e-01
1.134532544628864131e-02
7.496434699888703257e-01
3.089146938549369031e-02
-5.581736474409129678e-02
7.777590558810735244e-01
2.597210197245968244e-01
3.984372108549134595e-01
7.449622585130222241e-02
-8.890826932379251868e-02
1.925059007250316256e-01
4.407238361907309110e-01
9.954621244873329555e-02
-6.842595187410206725e-02
2.786727836268771408e-01
7.875295351741558314e-02
2.977735312443856031e-01
-6.713540160402864387e-02
6.482185733889256340e-04
4.330833268677285464e-01
2.101323616675275230e-01
-4.996142890395605801e-02
-6.532300531073277627e-02
2.565174243835718904e-01
-1.025453342711688531e-01
2.479235841295717724e-01
1.080169569145410235e-03
-2.723876409910605534e-02
-1.906824529648926125e-01
2.032864165717471194e-01
4.258815835089848623e-01
-1.342418402616832318e-01
-2.823050889864373719e-02
1.520185434648471112e-01
-1.623926684039091739e-01
5.382696892939949768e-02
-1.304811106041470214e-03
4.080881246185809053e-01
2.154335066414019839e-01
5.399672234324583986e-01
5.426294437477056920e-02
-6.385692919647979748e-02
6.665292269384576196e-01
3.402220317297961483e-01
6.687984682988080687e-01
-1.377506114820095662e-02
8.077129584215241020e-02
3.972105527351126320e-01
3.862814085751936632e-02
2.594954720867410636e-01
4.251412913101025315e-01
2.907700085588091343e-01
-1.068336829121292741e-01
4.082275585475242941e-01
7.619049661630429293e-01
-1.294253888353869703e-02
6.178799210697814015e-01
4.760317956914084797e-02
1.397738455699069210e-02
-2.739676052655096172e-02
1.132589036947888039e-01
-4.842810857405999841e-02
-1.890570031370075732e-01
7.533056949660146273e-01
-1.421214653405708517e-02
1.956228877511516362e-02
-5.532755081799089342e-02
2.441890310204679060e-01
3.649766069755215891e-01
1.604459623331525309e-01
4.150605337125301553e-01
1.717627524863883648e-02
-1.671918908137853266e-01
4.963480767612072908e-01
4.600293369546381572e-01
3.312191656148192331e-01
8.601742318848110136e-03
4.486353466222836039e-01
7.763951042910045841e-02
4.778294393739249829e-02
-1.793928734909968070e-01
3.085137145748610421e-01
6.650018208797059405e-01
3.000388649430789090e-01
2.044687563533403030e-01
-1.111330281504567807e-01
6.036036462551540582e-01
-1.121922093465108072e-02
4.975973099168313762e-01
-1.356410858342662340e-01
-1.247331359706889686e-01
4.303687635352797525e-01
-1.179450535944524814e-02
2.425944914854175072e-01
5.644039851403603175e-02
2.299573210326414374e-01
1.059681437130819692e-01
1.570772329062196104e-01
-8.898517804207248250e-02
-2.840910332599490273e-02
2.015107810115745329e-02
6.694650633764417380e-01
5.169127555417785125e-02
-1.240265057234104518e-01
5.382072040029697857e-02
2.095774272079784228e-01
7.383938726747214520e-01
4.095076307390182468e-01
2.681852148672758118e-01
-1.899747356079330429e-01
4.751242880013404890e-01
-1.509334477949906411e-02
2.949506606102215711e-01
-1.237517477486773515e-01
3.629766761697004185e-01
-6.700715941079245230e-02
-2.371461678496136066e-02
6.433768373893042347e-02
-2.714276853835440734e-02
3.080504333058646793e-01
1.492729874390701095e-02
-1.905147697629279713e-01
-3.889827127693264164e-02
4.383455774309928388e-01
1.943873185009917237e-02
4.911533260394035372e-01
7.036244587223826619e-01
3.306929154135882509e-01
2.712226686024221123e-01
-5.374261198515888072e-02
4.741717541548514103e-01
1.436561183225667782e-01
-5.552092104543169399e-02
4.668017447628139971e-01
-4.395206573992248289e-02
3.495608748310372049e-01
4.420373012735887702e-02
7.736012179198911709e-02
7.579093020771827671e-01
2.811428670120159554e-02
5.967459936682642518e-02
3.779768794445714786e-01
6.646580221682027445e-02
6.987322490627152494e-01
1.473654589858284791e-01
4.771629324502336678e-01
-1.838398932898595989e-02
2.832738845433854791e-01
1.126842533757472370e-01
6.923137840162434387e-01
2.177734454522581298e-01
-5.547073159271641990e-02
1.938934844641719002e-01
6.546978093810094101e-01
-2.713985838302752918e-02
-1.227337663531127276e-01
5.483170460723877371e-01
6.521995164046022753e-01
2.286611568672285710e-01
5.113616241687451991e-01
4.283448807894238430e-02
4.854805609420525386e-02
1.717661268998492419e-02
5.043691122801073901e-01
-1.823520912117939652e-01
7.319763115183349766e-01
5.399786598400013737e-03
1.116664678021559026e-01
7.721249163348598010e-02
-8.640316758448352008e-02
-1.880007305728244593e-01
-1.210256061478609535e-01
-6.458000973073425854e-03
1.424247260294060347e-01
6.898676247967784336e-01
4.171535241881940692e-02
-8.529073929543870558e-02
3.634723195045599931e-01
6.963416338608182654e-01
1.334460927900593674e-01
1.671117161727873890e-03
-7.403585512572273541e-03
-9.718589234430941026e-02
-2.950412999230394434e-02
-1.224530142387299375e-01
1.640784546758006779e-01
2.700931437170748378e-02
-9.221833503477003258e-02
6.771088127533925194e-01
7.738103778351897166e-02
5.453632340249365412e-02
1.366242393430783242e-01
-1.467358461940513059e-01
1.609326280969423928e-01
4.274377085479161287e-01
6.589643555538601261e-01
-2.951326984254024760e-02
1.068350290889796966e-01
1.129847882118026753e-01
4.764070246564008904e-02
-1.338528759038825067e-01
2.674689052951322865e-01
4.110895673725581401e-02
2.058134572898265291e-01
2.307504318702417456e-01
-4.146819598292179887e-02
1.129438056335098778e-01
3.902735574058698864e-01
7.330603510463081784e-01
6.220263506808482862e-02
3.918902266453559990e-01
-1.045825484066412181e-02
1.232018780589532736e-01
-6.724354763767100007e-03
1.380819208139341669e-01
-1.605286291262230935e-01
1.841398861506379214e-01
4.508216093137593639e-01
6.683637812788567611e-01
1.059921380888491776e-01
1.060918324436249671e-01
3.386547552679695094e-01
2.177731093643028859e-01
7.288139611099038462e-03
7.202782296415151109e-01
-1.021624264192937809e-01
4.066389958058551080e-01
7.145399557633739240e-01
7.534430483884805296e-01
3.308935348584242375e-02
-3.201473406568354496e-02
1.290868342461742868e-01
6.746968985864674195e-01
-4.932090570455529427e-02
2.705056291765482457e-01
-6.353586047416900917e-02
2.810049800643139029e-01
4.903074173652123280e-01
1.612762998801609005e-01
2.534428668300071630e-01
2.468690881267669376e-02
-5.832456644275041402e-02
1.542707869399087273e-01
1.496181387292403464e-01
-6.564170939661986837e-02
1.154475954600050897e-01
7.225132026862641776e-01
-1.440911289487028513e-01
5.947576085254859812e-01
2.365887002028531083e-01
1.466369271197252022e-01
