1.935562644955031997e-01
-4.922316002799205226e-01
-6.297392007778854772e-01
-5.853467340617105608e-01
-4.396770207616083892e-02
-4.355014526903713823e-01
-1.908574444530491965e-01
-2.122558305764837838e-01
-6.406826354752326314e-01
-1.592077464940462872e-01
-6.090603862570479476e-01
5.516613238775726347e-02
-6.004390491226094806e-01
-5.765419245465526199e-01
-5.568273882614644954e-01
-5.795214151616391307e-01
-4.805562596719124557e-01
-2.446584681463258304e-01
-5.623373905595154820e-01
-4.784761477947361286e-01
-5.103119214585005725e-01
-6.367766433048451802e-01
-6.078033838768517327e-01
-5.240786547854809907e-01
-4.954491352249726921e-01
-5.926893445643661718e-01
-5.267593721339283164e-01
-3.241302664462221150e-01
-1.784254976990419794e-01
-6.068488700058395358e-01
-4.570578761037036308e-01
-4.407397686855913932e-01
-6.209030292465564926e-01
-6.415891644226550117e-01
-5.906887091780720356e-01
-6.068393872372471742e-01
-5.778915298936176947e-03
-5.152550263024251453e-01
-4.892251272870901113e-01
-4.206927394531972952e-01
9.294446461525078529e-02
-6.395451120439982207e-01
-3.941816860886998564e-01
-6.269066980447278725e-01
-5.195851199655607822e-01
-6.330929494618851017e-01
-5.605237301765828573e-01
-4.607133206235362183e-02
-5.965616495187963109e-01
-6.364829062282797434e-01
-2.467736120156576451e-01
-5.754472296554300481e-01
-9.698674153767936068e-02
-6.225917936416809351e-01
-6.092947627371180230e-01
-5.698582249547953227e-01
-4.351274754969020053e-01
-6.408345679324812805e-01
-4.270515209786470701e-01
-6.064986786702739607e-01
-6.350663033031478388e-01
-6.180304481470997313e-01
-1.753199698621582536e-01
-6.215060510958732021e-01
-6.335563431074284768e-01
-6.357850922913425018e-01
-1.974127067113677636e-01
-6.013827537124740719e-01
-5.151169468809738694e-01
-5.345746369043499202e-01
6.632363404255562367e-01
-5.579994461649842030e-01
-5.037904929350618399e-01
-6.399911216615292719e-01
-5.768474640965197686e-01
-5.281112281041656642e-01
-5.964036100020425613e-01
-5.953682493703483791e-01
-2.725805313913737260e-01
-4.636361419171345921e-01
-4.279099067161615810e-01
-6.111006739727613546e-01
-4.207867802777505717e-01
-6.289759997720254514e-01
-1.907958928897642015e-02
-7.386943390131857357e-02
-5.234043224202241662e-01
-6.209468879699608923e-01
-5.966604650866432630e-02
-5.695808977933392026e-01
-5.844116308676404747e-01
1.425570566605462997e-01
-6.182407651926847825e-01
-5.991254136045448542e-01
-3.585633125593249981e-01
-4.079156736723290599e-01
-5.112850328056142146e-01
-5.798881902423271839e-01
-6.269602219286396494e-01
-1.170939615272505313e-01
-6.026531695437118419e-01
-6.245098155211277202e-01
-1.512409758652247804e-01
-3.843112276621575840e-01
-5.904092075301896614e-01
-8.470060567352777348e-02
-4.232180173254062594e-01
-6.367569751352666341e-01
-5.295646238636891878e-01
-5.948856709863574732e-01
-5.697382557540675574e-01
-6.385951311789448415e-01
-6.386968951308718001e-01
-6.951976476617718892e-02
-6.177336103477170104e-01
-4.751603036826048676e-01
-4.726438181151167428e-01
-4.618876019256659693e-01
-5.804064638843449142e-01
-6.115253368207861362e-01
-3.244034424243302794e-01
-5.753724262521162647e-01
-3.450839832695165033e-01
8.433758437011806830e-01
-5.896433050126955733e-01
-1.853580445279591760e-01
-6.163940166805582654e-01
-6.318992204675040192e-01
-5.694667321016639860e-01
-6.366420014662791393e-01
-5.189030836267802815e-01
-6.237726019568583524e-01
-4.025689841243822453e-01
-5.560969305302971843e-01
-1.236942144454463155e-01
-5.038391761170037952e-01
-6.132390067365336428e-01
-6.315840075999753500e-01
-6.099183669805312569e-01
-4.380270514022694406e-01
-5.475756366981531231e-01
-8.153279762011503284e-02
-5.863180433744905606e-01
-3.051054844655122222e-01
-6.212532842756974816e-01
-5.198294844027439021e-01
-4.907701324479916138e-01
-4.650128593086919060e-01
3.301678936966097599e-01
-6.134794004640822251e-01
-4.894851888529659911e-01
-6.197946874182537202e-01
-6.377685465250736430e-01
-6.079917893216448821e-01
-5.988875465556451339e-01
-5.396277439993848457e-01
8.433758437011806830e-01
-5.832111646082067669e-01
-4.664089634718495692e-01
-6.410514817452753755e-01
-6.424098826482688152e-01
-6.332894105169841747e-01
-6.008988198626481481e-01
-5.565788352037288611e-01
-5.279586177377554312e-01
-6.150396681508597529e-01
-7.976706480883173633e-03
-6.247788074292646154e-01
-5.520509219139229096e-01
-3.799902372553374263e-01
1.140239030848097246e-01
-5.431149748215966522e-01
-4.298364436077611872e-01
-6.227295827604417688e-01
-5.397459677149204493e-01
-4.022952392697447532e-01
-5.968434182442758917e-01
-6.283438920553245932e-01
-5.497552699381825780e-01
1.694599924480622022e-03
-3.070084890521525001e-01
-6.130844815755138733e-01
-4.494714693395972516e-01
-3.986866733827367226e-01
-5.851018358920972995e-01
-5.483675151217523025e-01
-4.403165293434298522e-01
-2.283611139212173846e-01
-6.438071864190563209e-01
-3.400480019820864008e-01
-6.042519736782159256e-01
-3.316001133213755669e-01
-6.020731686670197647e-01
-6.026403858225167776e-01
-6.217703199833375383e-01
-5.776108418346524997e-01
-5.465904327217185887e-01
-6.378083753089976993e-01
-4.071067781153173692e-01
-6.078837777167851453e-01
-5.524169734895928441e-01
-6.317428695487964374e-01
-5.984651277599168928e-01
-5.763511799588997286e-01
-5.837921916441561609e-02
-2.579875765786082686e-02
-5.101478202974359943e-01
-2.086313624763408703e-01
-5.558243703223303411e-01
-6.329014236529852955e-01
-6.218038475513651964e-01
-5.105242366062687775e-01
-6.090876956805169051e-01
-5.202096713565464992e-01
-6.004818734762162880e-01
2.131703624628153437e-01
2.144205517658157034e-02
-5.210691301656852348e-01
-6.401237428619914738e-01
-6.271329931439870720e-01
-2.772082674269809033e-01
-6.359422219757517869e-01
-6.125116381934865295e-01
-1.274680471599208553e-02
3.197372946114790948e-01
7.155606386509159866e-02
-6.282964066820629911e-01
-3.854378768131428989e-01
-5.774053093033088002e-01
-6.110575649243519258e-01
-6.177355479470589827e-01
-6.200595442884856423e-01
-5.191686858974060570e-01
-3.581609573563480642e-01
-5.768081169359116078e-01
-6.093944060508629246e-01
-5.609869014100401508e-01
-6.015324972331286268e-01
-5.052376287062751992e-01
-6.079369334691221427e-01
-6.223986651886285193e-01
-6.338033667835575313e-01
-6.290726073523233985e-01
-3.872959328882720209e-01
-4.788445202616673502e-01
1.923445032941764610e-02
-4.555195850145207781e-01
-6.306676459650693012e-01
-5.073047416131756249e-01
-5.975184544672909048e-01
-5.391842154815412735e-01
-4.204176007928639436e-01
-6.353391405439172690e-01
-4.541120571356864755e-01
-5.633053373609888670e-01
-5.726679223535376950e-01
-6.306776217969384257e-01
-4.897500842043540636e-01
-5.694748865014052086e-01
-6.362270667088028020e-01
-1.927816479355812518e-01
-5.886758827812335060e-01
-6.318497686020029258e-01
-6.456954401729775306e-01
-2.710084408892847740e-01
-6.277948408713519557e-01
-6.104868098665607867e-01
-6.355746551784142717e-01
