-1.552712350673866593e-01
2.856516106413387601e-01
-3.180729177885653347e-01
-4.235692124115165713e-01
-3.535669538682336688e-01
-4.218876749283030358e-01
2.006965028641813364e-01
-3.246849431946296494e-01
-2.450548933789717942e-01
-3.702978499793547207e-01
2.951196553309523921e-02
-3.743186495697775618e-01
-4.119829938804176472e-01
-3.272698126084773729e-01
2.525973968916026546e-01
2.478436708760065332e-01
-3.728126285401816564e-01
-1.103819037727935132e-01
-2.992765681068715322e-02
-1.378842514251663876e-01
1.056630794823906760e-01
-1.676999610063672486e-01
-3.339459015829812638e-01
-1.786685975990734976e-01
7.537632506708871749e-02
8.192796835195723104e-02
-3.965818201073732507e-01
-3.079519620167955329e-01
1.927077876469689491e-02
5.762992740499305738e-02
-2.028089738325347668e-01
-3.639674365413539392e-01
-3.734651982467710601e-02
-1.143663301299317758e-01
-3.499226132115395016e-01
-3.909024286944102755e-01
1.358320872275523006e-01
1.861609916148544430e-01
-3.617737962279964359e-01
-3.757704725454725780e-01
-1.174783546715601895e-01
2.569456880975503621e-01
1.923792322576650393e-01
1.577632030100747651e-01
-3.923863135879940844e-01
1.987041371821686442e-01
1.943069841693636501e-01
-3.281486473777012747e-01
-4.041748812438685223e-01
2.415837833810297597e-01
1.701327123813712316e-01
9.765740359402051707e-02
-7.477003292199135842e-02
-2.104038646576157356e-01
-3.625609702007983048e-01
-3.874820610914208596e-01
-2.826881802198740606e-02
3.963688787076875830e-03
-2.767214091309046498e-01
2.535401069128685458e-01
-1.627197911198590696e-01
-3.686820119106284377e-01
-3.684484242025579115e-01
2.263229669238364938e-01
-2.871299672721866481e-02
1.592073270115415551e-01
-1.803864601648721144e-01
8.619139970322778344e-02
-3.050484887289801050e-01
1.531367558037354804e-01
-3.547225773029408225e-01
-3.393862999661959035e-01
-2.170000128955881791e-01
-6.746755791013198111e-02
-4.028711205244353555e-01
-1.729792844940609697e-01
-4.644066097694912187e-01
1.127904921666697535e-01
2.091495357889518181e-01
-1.319399034875569643e-01
-3.205052091463729269e-01
-3.807910465796718325e-01
-4.187765027158025372e-02
2.937067353543784676e-01
4.579293431916380275e-01
1.033269733273910751e-01
2.805616527593878251e-01
3.448488379380627578e-01
4.605351039901823262e-01
8.314592192523451164e-02
-2.370471261450647349e-01
-3.904101005445003714e-01
-3.297117532608883073e-01
-3.511033549835991807e-01
-3.900443490459297724e-01
2.582837310147456100e-01
-2.961649916592472565e-01
-3.023446172729379322e-01
-2.201223762130395667e-01
1.374040942024885581e-01
-1.863652349338546788e-01
-1.609454745375859530e-01
-5.478131311655635299e-02
3.314833803247471677e-03
3.277177875490406289e-01
-1.880511027740761898e-01
-1.296003875465179533e-01
-1.514617519484790231e-01
-4.145716213849076071e-01
-4.080035191139003703e-01
-4.247176457243321823e-01
2.203951085683806543e-01
-3.764690363646129856e-01
-2.736632019241113656e-01
-3.903655133373266084e-01
-3.592349238906417108e-01
-2.277709508248486336e-01
1.913322371655289955e-01
-3.520703949479920825e-01
-6.558751525794437320e-02
-3.481478109448375990e-01
2.577949367945168296e-02
-3.263548174880052111e-01
-7.195356277210790755e-03
1.253009466414998219e-01
-1.249063504143213543e-01
-3.465709847941970123e-01
-3.507035345766202350e-01
2.890090393295575710e-01
-2.742664154631284101e-01
-1.953351715016682366e-01
7.987947881807627715e-02
1.698145874993848836e-01
-3.646069725040821941e-01
1.455621099723206635e-01
-3.213208963692412157e-01
5.559345918507530709e-03
-1.397905961208128489e-01
-3.806753196347451573e-01
-2.880119359063962881e-01
2.742536400756702131e-01
3.098471462853154557e-01
-3.887599868277266113e-01
3.774800309119199504e-01
2.023313029177418176e-01
4.040709587092747301e-01
1.891144136850552437e-01
1.658052352970563748e-01
-4.016564544944922766e-01
6.058007449923036997e-02
2.424088446749495807e-01
-3.749456755638003180e-01
-1.053530579972218884e-01
-4.005145062976691039e-01
-3.418171280595224681e-01
-3.869138637996671903e-01
-1.583001559994856866e-01
-4.239029850957322654e-01
-3.894660698138525112e-01
2.744776822278412465e-01
8.325173831039503480e-02
2.023805086173364742e-01
-3.525505604460008602e-01
-3.451711237740076044e-01
-3.180775517836839650e-01
2.902983397887921035e-01
1.650058781542840247e-01
-1.561677230327898624e-01
-6.661504551002589425e-02
-4.072111412610309178e-01
2.711067514801924760e-01
1.310489087671656561e-01
2.809474687470149834e-01
1.650171237181328188e-01
-3.927574821365636404e-01
-3.360649578989003405e-01
-2.884715809998038560e-01
3.086505211305700658e-01
-2.079631286390493106e-01
-3.373409275815117403e-01
-2.134012504601290883e-01
4.642677887878132043e-02
3.734678476283257442e-01
1.853898987278345123e-01
-3.675700753283355771e-01
1.249237701691450347e-01
-3.911190719168049501e-01
6.097440593025599265e-02
-3.249897069138163452e-01
-2.298645479330285180e-01
-3.367992586887852413e-01
-1.160769340537882582e-01
-2.659884737864323112e-01
-8.040817039573873448e-02
2.877417066889597641e-01
-3.455264936279647259e-01
-3.778054929776364368e-02
-2.241666119619219535e-02
9.790448840991045065e-02
-3.020019778313881020e-01
-3.053746143823463655e-01
-1.516328019603878363e-03
-1.795874064865427555e-01
-3.311507626412635852e-01
-3.694029610165345257e-01
-3.684759879796239423e-01
-3.314975909779960261e-01
3.125856240256950080e-01
-2.414208585361158343e-01
-5.875175490922549676e-02
4.643191100734179316e-02
-1.016888703406016864e-01
3.954091186924969525e-01
-3.446922958947050142e-01
-3.281232756756675140e-01
-9.921041170373029461e-02
-3.606918222286938924e-01
-2.727216229377022461e-01
2.914753430445001237e-01
-3.706685406268061533e-01
-7.472384571175338941e-02
1.035762707239517022e-01
-3.824815545976694708e-01
-2.507575462092440088e-01
1.419138534522443318e-01
-3.347664445066814709e-01
-4.263629616708127790e-01
-5.442114433189997047e-02
3.114149212822773793e-01
7.930800492810444191e-02
-3.739126192113318981e-01
1.106435705918205337e-01
1.962066491357436770e-01
-3.214596986088372743e-01
1.585536937703937999e-02
-2.774628281675520225e-01
3.066524662392838135e-02
1.969099278209753556e-01
-8.653749260364927698e-02
-3.811848344070057348e-01
1.044614948758572220e-01
-2.623505870342466295e-01
-3.643471554337999185e-01
-3.657678134124019431e-01
5.114940762867064006e-01
-4.097579914612864971e-01
9.577221717624390118e-02
-2.492706184972874883e-01
-3.502240656514488681e-01
-2.554845294236941511e-01
-4.964430227537862395e-03
-3.664181666492898337e-01
-2.735500888597722224e-01
2.535029075966230630e-02
3.498635608969887789e-01
-1.683400159534020335e-01
-3.466633520804223711e-01
-1.261131449777928501e-02
5.464523880302715048e-02
-2.264127052646521532e-01
-9.713500504899291732e-02
-3.679838982395739477e-01
-3.607834907783363243e-01
-4.191210895936838821e-01
-3.566095948932778148e-01
2.436376997566757630e-01
-2.576695787510261959e-01
-4.109762226382170369e-01
-3.495571124657185780e-01
1.098866243998081887e-01
-6.137580547728050534e-03
-2.549367469310523382e-02
5.207027050046356687e-01
-3.552134253540644160e-01
8.205185923986967056e-02
2.703618673697104069e-01
2.462193081327240241e-01
-1.015336994217323346e-01
-1.535611807174128984e-01
-4.343561903906592025e-01
2.047436515931609913e-01
1.109867357672256610e-01
4.564022579887269115e-01
5.186765083043455293e-01
-7.389042736455013471e-02
3.472110266763191178e-02
-2.181077664863765031e-01
4.137489376215006676e-01
2.343619697406761765e-02
1.757574504663106107e-01
-9.539192627547451661e-03
2.623871448730134559e-01
-3.087926533539328000e-01
-1.706204838331037144e-01
1.657270614107210216e-01
4.179524784271568816e-01
-3.738953655475584226e-01
3.794822144029755956e-02
-3.773891797260962022e-01
3.466795161859129171e-01
