9.165010764140790744e-01
-4.435193750020813286e-01
6.195454444737664296e-02
8.456920884887222378e-01
6.418006780294380764e-01
8.068269835876981100e-01
7.933157180159637889e-01
-2.816082881932275850e-01
-4.574987819996978455e-01
9.126706049511230656e-01
6.631404012138557569e-01
8.027601927802692217e-01
4.365121341931939292e-02
7.193034591143375733e-01
5.993612783872750427e-01
-2.625764315867223364e-01
-1.736945848490029642e-01
-9.585612947341913548e-02
7.269565137842788349e-01
6.066154978546313137e-01
-3.935954785341663764e-01
7.917882576516029891e-01
4.900016591296699892e-02
6.949992052896214467e-01
-4.699576826043875277e-01
-1.887660409605588785e-01
-1.163094697824135215e-03
9.011099985508156385e-01
-5.136121392851411560e-01
7.340292501593762564e-01
-4.541983017797104338e-01
7.881682937393625910e-01
7.566861455124231917e-01
-3.314508697609112042e-01
-4.612022864043369696e-01
9.404078748874512561e-01
5.832152463893742755e-01
8.975404051708617548e-01
-5.108121063609653012e-01
-4.431282095537563692e-01
-4.034290296209196158e-02
-4.760140063906034280e-01
7.793385049609657944e-01
2.988682461325804784e-02
-2.290962192348590665e-01
-2.893845974414303579e-01
-4.576335599540158894e-01
-4.651604629711161842e-03
9.011838395578113392e-01
7.773209019180407076e-01
8.461276059901632340e-01
-2.166708511053099528e-01
-1.262825412663221014e-01
-4.268397301290173251e-01
-5.547999430335645576e-02
6.549902184210256717e-01
-1.526896247479200830e-01
6.887643314165116104e-01
7.719571607895484577e-01
8.577640785666327261e-01
7.313392754076366575e-01
-3.659075836638734924e-01
8.005573608242477768e-01
-4.262336629133629540e-01
5.767372371029435563e-01
-8.275602249577117264e-02
8.557062621861319940e-01
-4.552298596474172454e-01
-1.007974900631077031e-01
7.576008278820371977e-01
-4.783859961027961405e-01
7.314644618254466657e-01
6.277283305543086556e-01
7.568055734751182317e-01
-2.851378574900098051e-01
6.965141417195894746e-01
6.777478341198888145e-01
8.673972822304480967e-01
9.221158953710431039e-01
7.511732454193836839e-01
7.855986326404763576e-01
-4.569237556726327143e-01
6.008721321170792384e-01
1.246060092408309006e-02
6.290216635288961577e-03
-4.714828507661686374e-01
-4.719456225159364693e-01
-1.575647732409610202e-01
1.366433469824339386e-02
-4.090290034701951072e-01
-5.511087939219428550e-02
8.896073308647677313e-01
-4.042737327883035858e-01
-4.748796237263652742e-01
4.071785362604819769e-02
-4.528821109056150318e-01
7.659280069087679443e-01
8.911296929893124386e-01
7.387043567933507804e-01
-1.426572872014903459e-01
6.956575773142861241e-01
8.727353149688794609e-01
-2.628231481639545786e-01
6.274915865875092535e-01
7.807308856710928335e-01
8.084353228031592176e-01
-3.016044328023962384e-01
1.278081330477078004e-02
-4.557577867100558455e-01
-3.666971583167594750e-01
-3.848507283733519357e-01
-4.113764554322792977e-01
-3.433558272427400526e-01
8.183185008376991920e-01
8.914655619886425741e-01
-2.384539372054555462e-01
7.003538030372238321e-01
-3.029530074845980803e-01
6.952173429554930895e-01
7.649953817987397153e-01
-4.572557783638920292e-01
5.797680784110411656e-01
-1.458344866505069115e-01
6.792483959155766193e-01
-4.835385683004604362e-01
8.198743179180413287e-01
8.778991014449383234e-01
-6.641292759169772908e-02
8.478417001399561892e-01
-4.750713281398363241e-01
-4.686169361191291904e-01
-1.227534578210190408e-02
-4.047542084516286831e-01
-2.897237672973894673e-01
9.237045338242083625e-01
-4.426665777373060828e-02
6.833736351326444858e-01
-4.641123665389678132e-01
-4.450539196378784368e-01
7.766393756719723873e-01
-4.216027659497356694e-01
-3.676465729890430190e-01
8.551866548038955518e-01
8.896876362052176246e-01
6.519155563214258375e-01
-4.670640020220261923e-01
-2.971088937644469352e-01
6.552355804031839703e-01
-6.620128058832303042e-03
-4.805799939668520815e-01
7.075187670421170250e-01
8.789434535540349147e-01
6.533506470197948390e-01
8.692150862574689052e-01
9.051741170803527803e-01
-1.622942324489151655e-02
-7.395601600773270279e-02
8.390151901612944441e-01
7.678589001766132904e-01
6.125488680199968616e-01
8.705615400088222433e-01
7.247493350710443316e-01
2.080569250129345182e-02
8.779647115938676860e-01
-4.939984744115685777e-01
7.174680015192693716e-01
-1.159994240978221014e-02
7.366312793095273204e-01
8.495202674680430999e-01
7.917845868256585540e-01
1.006535499728252181e-01
6.324340871252489560e-01
6.410789052931985255e-02
7.875059021055268449e-01
7.768565005171449434e-01
8.604283198205108230e-01
7.309475322105528639e-01
8.087747040515574914e-01
-2.758652812145945821e-01
-3.950042719893137599e-01
2.267098408290335598e-02
8.029630906159999082e-01
-4.485604077852872740e-01
8.417789979117582533e-01
-4.743732546476756573e-01
7.132763768045622399e-01
7.383249117699908215e-01
9.293479656592526505e-02
5.742641515389469015e-02
7.798379295606658879e-01
-3.233820382162349016e-01
8.588669205054059175e-01
5.714928987615333078e-01
-5.189251625578444882e-01
8.352198267102585172e-01
6.739659452246969940e-01
6.472471604049347960e-01
4.220102875388643399e-02
8.035225963519132542e-01
9.076514995169977507e-01
-3.328225039564195603e-02
-4.204815900154044717e-01
-4.950672516163814318e-01
-4.736937222785247981e-01
7.866964786562937739e-01
5.950950245965447305e-01
6.730480066223302194e-01
6.194771270628292026e-01
7.953890330701184341e-01
5.536575542576593900e-01
-2.148024603621356277e-01
-2.483835718039569818e-01
7.683921195546876692e-01
8.393572446743826632e-01
-3.945636193452155549e-01
-3.297157429863568634e-01
7.538143408521614797e-01
-3.058921856283629281e-02
6.937172771273274474e-01
8.266581618297591527e-01
-4.692201295918133619e-01
5.766552833735229255e-02
8.060765678935275513e-01
-1.463558006661672406e-01
-4.757705035499279478e-01
8.420732178453855798e-01
-2.791708737632224435e-02
-3.966688498253300166e-01
6.571125443060030769e-01
8.093620364515259347e-01
1.556468064034909060e-01
1.833404445471800703e-02
6.877368251939465216e-01
8.891723517634984031e-01
7.338510034289832396e-01
-9.267449902842272991e-02
6.763079986924219744e-01
3.586959570516538853e-02
9.067464687023859549e-01
-1.064345088860434163e-01
6.503092876093801156e-01
9.102024943505558907e-01
-8.982468652279279597e-02
-3.416101460506024701e-01
6.243762963045780268e-01
6.543624568856832857e-01
-4.552040574561738162e-01
6.528922848532412448e-01
-4.556053538206692455e-01
-4.466549863203067017e-01
-2.018603453728745611e-01
-4.731107532988247932e-01
-1.761495962181484631e-01
8.310478031248533792e-01
7.816889152124204543e-01
-2.619448099453047796e-01
-4.792655125482889189e-01
9.114632969049365485e-01
2.652416511485557182e-02
-4.575086825443346883e-01
-2.782391390607774628e-01
-4.632569173245984495e-01
7.199696068620921041e-01
-4.835924055749505346e-01
5.487755680027655014e-01
7.583703606279731391e-01
6.423883842143222056e-01
7.779804684774840329e-01
6.627884120284666114e-01
6.642359399623712912e-01
-2.910932524881363892e-01
-2.022189838413887553e-01
-4.413431391010713689e-01
9.078727177610483867e-01
-4.227649400250058087e-01
5.993563121630651747e-01
6.787781477261162211e-01
-2.752989865665125130e-02
-4.819284486839031101e-01
-3.029800944789817208e-01
-9.292812184972729095e-02
8.741055029645186103e-01
-6.915704029563179978e-02
9.141884390786376713e-01
-4.197530390617826845e-01
6.787471635764268374e-01
-2.163720359705789131e-01
6.665667226627427500e-01
-3.943329645645777815e-01
7.460102175886691445e-01
8.450359062824948087e-01
-4.811724418795316205e-01
-4.149804971751925309e-01
-2.173092679005578232e-01
6.602518667485106629e-01
-4.195880260179954968e-01
-3.975494755367614541e-01
6.114481087273987425e-01
6.618844654846003372e-01
