8.417475327151362485e-01
7.130761786344477215e-01
7.270887233997691546e-01
8.477621184411410216e-01
9.351413025494035303e-01
7.857073896314239470e-01
7.982768823823376270e-01
7.733508762575287410e-01
9.470047558341256888e-01
8.501329308142498986e-01
8.642399972641261474e-01
9.515477867414543489e-01
9.664205880396073978e-01
9.632971053843724096e-01
9.154556151412098775e-01
9.032027354680498554e-01
9.294747585507661114e-01
8.730955119426904165e-01
7.858361906034605493e-01
7.524665784347941422e-01
9.645299176810691044e-01
9.546262137704057960e-01
9.402846034680061305e-01
7.044352603202899132e-01
8.922628262388301312e-01
9.045501979956054317e-01
9.161338883563596713e-01
8.402470193009502486e-01
9.132720499606785669e-01
7.642749951088436688e-01
9.601510303634595012e-01
9.665530817943761566e-01
9.754808272609689634e-01
9.478295567536655364e-01
9.436532709692763143e-01
8.899104178093597550e-01
7.354579405142476212e-01
7.912520136186182995e-01
8.385952488908117175e-01
9.210103765317207980e-01
9.623197652165047522e-01
8.694232197375495463e-01
9.666225965165007317e-01
9.677496359852248986e-01
6.266981132972726520e-01
9.678121645247939053e-01
9.159999837958119340e-01
7.329317332702228738e-01
9.665742535329853169e-01
9.451885846205174690e-01
9.715707721678304987e-01
9.556418385193592435e-01
9.628995176419851143e-01
8.836523306042155523e-01
7.705340533116894486e-01
9.692239350937951192e-01
9.356118409272820013e-01
9.556384744871175840e-01
7.901691929924163915e-01
9.270805574117988446e-01
7.166879031585613458e-01
8.937155303187609423e-01
8.550710588232806053e-01
7.918843654196495718e-01
9.611481503658299008e-01
9.542004585375591930e-01
8.501304106748893696e-01
9.522779426074412523e-01
9.197824799751277425e-01
9.616781328617650670e-01
8.392318722752992732e-01
9.423396966681263365e-01
7.244970684096139202e-01
8.937633879340105558e-01
9.726762019976081808e-01
8.586441339968340358e-01
9.649703144812358246e-01
7.870914230535168699e-01
8.699073077678676214e-01
8.084395575705938253e-01
8.021396048401651102e-01
9.619566879150320826e-01
9.446399479151609269e-01
9.584107233256193847e-01
8.873672613322238778e-01
9.359853911409616867e-01
9.614557511099353082e-01
9.249096609681265457e-01
8.859245785654199512e-01
9.079222085197062864e-01
9.663566907425560348e-01
9.305688333579267280e-01
9.628649874718437918e-01
9.600630917644652484e-01
7.324628329075626443e-01
9.465632707714568550e-01
7.080693491797427352e-01
9.474367464031568931e-01
9.655081635495512682e-01
8.441004928073252422e-01
8.196310324558215843e-01
9.558408199713923636e-01
8.785591887045325343e-01
9.111246311356602234e-01
9.678587274369012672e-01
8.677571269892947470e-01
9.506447444879090325e-01
8.953681571260125871e-01
9.102975270947131214e-01
7.921917847337065499e-01
6.568646350157290037e-01
9.656318300133197585e-01
9.288944316288094694e-01
9.629736214862965049e-01
9.715072116880201225e-01
9.655216730393123559e-01
9.370904227955915156e-01
7.837113097432379938e-01
7.834518419209748341e-01
8.581624850420672690e-01
9.680099067241677568e-01
9.530780379019424542e-01
9.398439047951606673e-01
9.578658142949607601e-01
9.597850502776524850e-01
9.692590496459136951e-01
9.668265795963522091e-01
9.422819040842166372e-01
9.437235943947261951e-01
7.138036723975028641e-01
8.326825807539181001e-01
9.518056690271292641e-01
7.623027310402390455e-01
9.254137428677235988e-01
7.531954232537301230e-01
8.886867201633298352e-01
9.645430517122224323e-01
9.516389473246049668e-01
7.667002520440302504e-01
8.425208360871967450e-01
9.400170628094819403e-01
8.089822065844616272e-01
7.457896130245533772e-01
9.405313200027199949e-01
9.633988959542285624e-01
7.988077482818123354e-01
9.646611755332202831e-01
9.428473422891863187e-01
9.623868460134064051e-01
8.896832254444166921e-01
8.997037397128396785e-01
9.583803816668758913e-01
9.606478456084708295e-01
9.655942927760376993e-01
7.234083699008261314e-01
7.696189769891603749e-01
9.163273706713147559e-01
8.755044390095347850e-01
9.091649593492125980e-01
9.470532067285115652e-01
9.635701303457133715e-01
7.950582188683472662e-01
8.351837277922840030e-01
7.122532050738006326e-01
9.473318860666113395e-01
7.757587516948858397e-01
7.765105800544112036e-01
9.147550417883192342e-01
8.691374431792402433e-01
8.663580868171396610e-01
9.487932137564477619e-01
8.380256159539993810e-01
6.767757705073417229e-01
9.543719120903434439e-01
8.099661492985130717e-01
9.563490623440328298e-01
9.434303460839426059e-01
8.240539565655198295e-01
7.122049852136169701e-01
9.476498824367367568e-01
8.277683270110183233e-01
9.624365291324976646e-01
9.694278680517071090e-01
9.412518231349429332e-01
8.692738158459514253e-01
9.104193973006979856e-01
8.740245535112839415e-01
9.365893231452632195e-01
8.926625663980121139e-01
8.582627828674125325e-01
9.218607653706614169e-01
9.470837950769916969e-01
6.931266826727069397e-01
7.967968417255145708e-01
7.646615533735727777e-01
9.622047297383055087e-01
9.583148854658232185e-01
9.644346035645068316e-01
9.349277849358734738e-01
9.588323847705315650e-01
9.385451392417155647e-01
8.280447444495246945e-01
7.609758028824717968e-01
9.568720540742273739e-01
8.764397680675843905e-01
8.531375359829576066e-01
8.686805845485131572e-01
8.847845320646821055e-01
8.972356630567486224e-01
9.704759726348589632e-01
9.508381676977002428e-01
9.649909859717327176e-01
7.177968989842087311e-01
7.404250156946809991e-01
8.732500636078135425e-01
8.427001947981418439e-01
9.037435190931484286e-01
9.171491899796313518e-01
7.232058595467201201e-01
8.320549840515237827e-01
9.655231837765205771e-01
6.381619769627586702e-01
8.260736629051084190e-01
8.455923346691209819e-01
7.713140419315906993e-01
8.098549853956577005e-01
9.045327487069666494e-01
9.667090009710204157e-01
8.044907012549571412e-01
9.400197042071483100e-01
9.665226794198769067e-01
9.252754808244632034e-01
9.477146947933640098e-01
9.530608234897484099e-01
8.709868559732677484e-01
9.621776454016800484e-01
9.541402511676124742e-01
8.429315575846640929e-01
7.698673839852965273e-01
9.018195074917090270e-01
9.175832804824397559e-01
8.555802950511273153e-01
9.572522136661274494e-01
7.351767765261605359e-01
9.627140737952424310e-01
9.700819935135855943e-01
8.005061896978939995e-01
9.599786605054285715e-01
9.328711661579254244e-01
7.811078238720219336e-01
8.688001688916915377e-01
7.278276018943239389e-01
6.844706130413831247e-01
7.625834097635293407e-01
7.041886216334725113e-01
8.395444976294526018e-01
9.348455850528283317e-01
9.203807608171914456e-01
9.722745116309787772e-01
8.425120417441799292e-01
9.540449627649310038e-01
6.618866792789541709e-01
7.126122592452482918e-01
9.523209485855611556e-01
8.819845204194061150e-01
8.441367842635926211e-01
9.031825036038236831e-01
8.773668846065234561e-01
9.549830965162094953e-01
7.807490794621504415e-01
9.727236659724853851e-01
7.738869113413351375e-01
9.620101171129245010e-01
9.030680166895737049e-01
7.989170729524894821e-01
7.646182688144360640e-01
9.721435104915993053e-01
9.592777016925413403e-01
8.142185010928152389e-01
9.573717853683629819e-01
7.335136319149800910e-01
9.569892237597545925e-01
8.762074941846867970e-01
9.096982362091468044e-01
8.611269212138472628e-01
9.625272325498824832e-01
8.208441800681245404e-01
8.507885070572553943e-01
7.479925182609588052e-01
9.608293923422932536e-01
9.462239779965565534e-01
8.958582441899470838e-01
9.144256977135801767e-01
7.302082103817337799e-01
9.627959643280563640e-01
9.333327084122315931e-01
9.532465742804785425e-01
9.582447286936646158e-01
7.861711566180831223e-01
9.612932798313398308e-01
