-4.625312723894625666e-01
-4.584450591307870915e-01
8.842706415369364081e-02
-4.560738637566269515e-01
-5.242730422622869924e-01
1.541600376397877503e-01
1.326514208324396371e-01
-4.682103244611747761e-01
-3.024764852170112872e-02
-4.996215722330824005e-01
8.346565519146828538e-02
-4.724562403058487625e-01
-6.205285120548137412e-02
-3.974770745131318006e-01
6.222193096364420778e-02
-4.672493086944309315e-01
-1.362303988096265073e-01
-4.401301041616675902e-01
9.614583870271073418e-03
1.028353853282122365e-01
-3.257492837558833426e-02
-4.347461209575657071e-01
-4.498691129294936641e-01
-4.637185104382365308e-01
-6.944436462382586051e-02
-5.069904337530523053e-01
-5.205360020930775988e-01
-8.689029847702167686e-02
-1.445627889385292519e-01
3.663326420962954161e-02
-4.694858621431475254e-01
1.207676484652102367e-02
-2.402770583871156884e-02
-4.816318479697501154e-01
-5.347242425764209273e-01
-4.458943861498667616e-01
-4.758645331615803387e-01
9.126777324482859832e-03
-5.163954640201490198e-01
-9.311806319784485253e-02
-4.613202888307717520e-01
1.142797674272100217e-02
-4.226102111136548212e-01
-4.495476910642706159e-01
-4.572265468201538452e-01
-4.436022960970246731e-01
-4.384737102295271916e-01
-5.098016747432598805e-01
-1.969098469814940522e-01
-4.712768138734012568e-01
2.013659755631025741e-02
-1.556705859295560712e-01
1.201735115820067035e-02
-4.764872845248426247e-01
-3.495611932600836136e-01
-4.480963115792298002e-01
-4.620439146045718370e-01
-5.010585340332128490e-03
-4.603370601165718279e-01
-5.104707799122657486e-01
2.145189599873044417e-02
3.244505472485799402e-02
-8.715082410067964691e-03
5.625408438701262615e-02
-5.051036052118504927e-01
-5.202461840069654286e-01
-4.903680530498627510e-01
-6.799918676577004772e-02
4.316688224764464454e-02
-4.566668151158424505e-01
-4.611704552372853927e-01
-4.662195369749569385e-01
1.289827240197129188e-02
6.478866625447010641e-02
-7.161269840910117201e-03
-4.223690579640751452e-01
-3.848976951065281593e-01
-4.414485035030656923e-01
-4.952006764506913794e-01
-4.518035101601393655e-01
6.640362354311628301e-02
-4.373543280639526909e-01
-6.669000401273306178e-02
-5.241454412696956444e-01
-5.199345666000086963e-01
-4.195804053560361346e-01
1.725119461009863575e-02
6.364488330158546425e-02
4.600939448678922905e-02
-4.568003904177918018e-01
-4.536840945737427577e-01
2.469996009185457947e-02
-1.740283950684906045e-01
2.259722836255330380e-02
-3.950274571801558054e-01
-4.537666098890387745e-01
-4.562738836885784077e-01
3.963470471610749252e-02
2.923397433671739293e-02
-2.594541096316427820e-01
-4.876745672092517303e-01
-5.582923642963434352e-01
-4.485080125790072425e-01
-4.572590007651388122e-01
-4.708654530906805080e-01
2.380388819648801557e-02
-4.822905926568533674e-01
-4.912337708296155014e-01
-4.664956513535977178e-01
-4.542165082745185378e-01
-4.653400436167853260e-01
-4.304911710458997898e-01
-5.262472345408690799e-01
-2.788295839328411851e-01
-8.185675774083869816e-02
-2.259913600315499593e-02
-4.635853472279933829e-01
-3.896161889218003327e-01
-5.182887875737689498e-01
-4.053917453399977222e-01
-4.560307912098774397e-01
-1.712991002587852321e-02
-5.052077924272978526e-01
-5.087337353347377578e-01
-4.511542904720829972e-01
-4.648065093813438242e-01
-4.014649587540521924e-01
-4.668716761367772139e-02
2.548304268426978408e-02
-1.649833171100952844e-01
-4.347326608044622676e-01
-4.736296073165248144e-01
2.673064356501053673e-03
-4.097017866226552174e-01
-4.647027277069400442e-01
-1.121274851932857475e-01
-4.875252581417091613e-01
-3.836938085640353990e-02
-2.618178232793686444e-01
2.508255828324724990e-02
7.435807536970040488e-03
-4.528095426824352288e-02
-4.428656351509673850e-01
-4.179011506038852186e-01
-4.665631122738418401e-01
5.717012632697197200e-02
-5.014730678105103756e-01
5.931102754618076262e-02
-4.462665041375685204e-01
-4.597890171276674542e-01
-4.399945097136204186e-01
-4.668025265241437793e-01
7.050262859544809135e-02
-5.575793094634224900e-01
-8.838584195931790954e-02
-4.638878464489083753e-02
3.117121201454980950e-02
2.119061728248652909e-02
-4.532352439554691026e-01
6.707095115941590080e-02
-4.569399912651874174e-01
-5.342590436025330680e-01
-4.770907637660067036e-02
-4.884003352575662649e-01
2.096142174018461035e-01
-4.632455357070164315e-01
-4.539757096207259757e-01
-4.372993393054053213e-01
-4.844293127948637867e-01
-4.627090000728000252e-01
-3.191122429547740835e-01
-6.909994234189315021e-02
-2.061157827534486342e-01
-1.633493595765825868e-01
-9.914241609186295878e-03
-4.262255941038802787e-01
-5.535333803415157794e-01
-4.692664071369757606e-01
5.063843971758866941e-02
-4.386450531076778736e-01
-4.840761078267136752e-01
1.637894056766696360e-02
1.759982842000101799e-02
-4.484673382135171416e-01
-4.397290325470931127e-01
-2.856160792852523167e-02
-4.354686627680860456e-01
-4.679134705463856569e-01
1.376298910995866209e-01
-4.651221267140411286e-01
-4.457843546074507501e-01
6.269012481174808527e-02
-5.015486309053820424e-01
-5.051844586965459349e-01
-4.563186142598590345e-01
-5.292764752335532563e-01
-5.759718934608012986e-03
-1.481523485912824012e-01
-4.404025188360435883e-01
9.157670279093754750e-02
-4.443409882883638806e-01
1.038666840331119445e-01
-4.137667998393175783e-01
-1.402402082820368434e-01
-4.488113061290360251e-01
-4.022813767426154374e-01
-5.331056678840457863e-01
9.437112639943401327e-04
-3.704190550622584732e-01
-4.242210695298591627e-01
-4.818858371919615413e-01
6.825532597857802974e-02
-2.604577414973478083e-02
-4.957716631835402676e-01
-5.049131749027803151e-01
-4.832375899632316285e-01
2.684613833679091316e-02
-4.667212010778938325e-01
8.142202264898185105e-02
2.449842657754128239e-02
-4.625204462389111981e-01
-5.080323629039762423e-01
7.779976546067945975e-02
5.099331640682367578e-02
-4.666662456990995356e-01
-2.327076386517386020e-01
-4.765769605968654954e-01
3.986854802360864647e-02
-4.962909845527520569e-01
-4.666778487331414427e-01
5.408579146636240814e-02
-4.746194537756154297e-03
-4.755271358143059457e-01
-4.365346134197629069e-01
-4.320491332239313476e-01
-4.898793927868802522e-01
4.081177644027016160e-02
-4.501357181805890062e-01
-2.678635046946932219e-01
-4.774518794425134938e-01
-4.260677873715710273e-01
4.465821702650146774e-02
3.626536545801200412e-02
-5.541093672590896579e-02
-5.736420109311266002e-02
-4.082291109967549625e-01
6.938422924880130460e-03
-4.487391625271753282e-01
-4.916038104719495649e-01
-4.293967031888098473e-01
-2.977355864350628156e-02
1.831127085876217697e-02
-9.677155703958172095e-02
-4.586851071934343604e-01
-1.291564801792321748e-01
-1.833807794106809830e-01
7.235120904400577091e-02
-4.998611023599577319e-01
1.844232082629146049e-02
-4.409392351892734152e-01
-4.764210193986371245e-01
-4.287603199692839318e-01
4.573449320857252143e-02
-5.067755217067257956e-01
-1.654121710868303174e-01
-1.114727323470626752e-01
5.921994808304847924e-02
-5.013595362883633832e-01
1.924478940646548453e-02
1.809334549365686218e-02
-4.567964427287234397e-01
-3.717479833476912132e-01
-2.463020476843026940e-01
-4.619076091913570936e-01
-4.845218720291472048e-01
2.195155703640796485e-01
-1.325218321610138195e-01
-4.715009413756836576e-01
1.414872647067101918e-01
-5.325026348441965762e-01
-4.560484637290938559e-01
6.702577564853465231e-02
-5.325192454739170744e-02
4.295595024596587930e-03
-2.567785733214827948e-02
-4.610529122137574931e-01
-3.146513693426151725e-01
-1.697249721878883733e-01
-5.448961027056984374e-01
-4.760524769005142209e-01
-3.918585049893816286e-02
-2.901963639219796304e-02
-4.328801333535206575e-01
-3.751104892084611286e-01
-4.568827521075505826e-01
-4.759753324362342441e-01
-4.777487555190419732e-02
-4.325508810575289798e-01
-5.298746967863402491e-01
-1.752850588565039724e-01
