-3.001207364132029709e-01
-4.320419179449095370e-01
-3.651216999312829614e-01
-5.945999836255121407e-01
-5.463616591774264064e-01
-5.053759949568906729e-01
-3.204387267612777146e-01
-5.995479087683481811e-01
-5.415832648056091436e-01
-2.277457550252333096e-01
-5.595765887382617709e-01
-5.448672278964341587e-01
-4.854304426751295254e-01
-2.827258638683491365e-01
-1.968525595370704262e-01
-5.339110711730484793e-01
-5.515074463549068939e-01
-5.711856163188617774e-01
-4.653784188544366485e-01
-5.392373186272672037e-01
-5.352682658717442532e-01
1.272005248188116944e-02
-5.205995290794664943e-01
-5.643690650915902385e-01
-5.738498378784774312e-01
-5.337559729035670220e-01
-5.229781801110776618e-01
-4.478002458838741262e-01
-4.146948767970292105e-01
-5.324738763024456922e-01
-1.186320871752604977e-01
-5.335306022803025794e-01
-5.625270153429157149e-01
-2.389196110803390172e-01
-4.996530469622202375e-01
-5.037022326967576236e-01
-5.007925675767639362e-01
-5.781405220065799488e-01
-3.601418210988011070e-01
-5.556381873903640800e-01
-5.474239860443173011e-01
-4.653670310967120693e-01
-5.414133319121102739e-01
-4.833436716427956248e-01
-5.861951669737945902e-01
-4.279675129034256620e-01
-5.770327170587340460e-01
-1.596229890133210594e-01
-5.286196763582019509e-01
-4.183970554140551412e-01
-5.573534174401947316e-01
-5.734548363886792233e-01
-3.368147681620730638e-01
-4.798260418634696656e-01
-2.846006005690722707e-01
-4.819083480471033631e-01
-4.404641973728619653e-01
-3.993162443334621892e-01
-3.062338552046573459e-01
-4.930841273683713166e-01
-5.572686814116863951e-01
-5.295167328730676637e-01
-2.715621515983184242e-01
-2.626705234362599617e-01
-4.915619748272292422e-01
-5.256741125963555472e-01
-5.248893121764552916e-01
-3.426558585515880884e-01
-2.942706127472514699e-01
-4.974164366543504245e-01
-4.804205683853208231e-01
-3.168186777016845368e-01
-5.560656030307936648e-01
-5.132925061654067811e-01
-5.664133307520230476e-01
-3.405233409338349060e-01
-4.402687173392074160e-01
-1.399481787236030172e-01
-5.614545613891902542e-01
-1.911028166125755545e-01
-5.583351088561022690e-01
-3.465755642161072458e-01
-5.700284957432700805e-01
-5.484882522428348173e-01
-4.294977247336674298e-01
-3.851245352246617237e-01
-2.945091916252188247e-01
-5.595115592441333163e-01
-6.326088527914918158e-01
-4.608243304242564675e-01
-5.395828783557758968e-01
-4.834287850667686737e-01
-3.845785496241952983e-01
-2.582152699982383504e-01
-3.572520389746711711e-01
-4.841305645880737973e-01
-2.807260879145115906e-01
-2.823575549205481483e-01
-4.410586509551072676e-01
-2.976503127293573803e-01
-3.887033896127331523e-01
-5.240338474436559979e-01
-5.121495017129836791e-01
-3.377525321983078088e-01
-5.476744235736713540e-01
-4.751152055612539726e-01
-4.286125419237603040e-01
-5.560464419632733524e-01
-5.289625769897831065e-01
-4.164846027213496282e-01
-5.593657431643521694e-01
-5.287643292861023969e-01
-3.087559245964283106e-01
-2.211891803962617586e-01
-5.438185599608568177e-01
-5.924684582095570695e-01
-3.879207734907714755e-01
-4.392549075804216274e-01
-5.586976160031914551e-01
-4.250347666863800167e-01
-5.486758294174894912e-01
-2.817959006761052709e-01
-4.137549323164436688e-01
-4.973883544550941616e-01
-3.640806188556019451e-01
-5.046418217003936224e-01
-5.234678671971928487e-01
-3.425102075007849800e-01
-2.881197102153961187e-01
-5.538372946866252367e-01
-5.715981552961615225e-02
-5.396765195354218392e-01
-5.047509090115043229e-01
-4.775003139476310943e-01
-5.451381974800519892e-01
-4.252439228684816719e-01
-5.186599329173342543e-01
-5.464966202775775050e-01
-4.155827270950411823e-01
-2.466832519842840077e-01
-5.213034673765639671e-01
-5.217982593039753869e-01
-2.592118529417262174e-01
-3.829429848322296603e-01
-3.199551204643141800e-01
-5.112021552556323956e-01
-3.843384537669122247e-01
-4.834002511205678920e-01
-5.640217809350496214e-01
-5.062249620333084676e-01
-3.666685570043983211e-01
-3.859851386753591074e-01
-1.607320163564541216e-01
-4.894829015308721498e-01
-5.950344345447741157e-01
-2.443383989235693721e-01
-5.155224414733223792e-01
-5.345436607580168475e-01
-5.926074331561005382e-01
-5.836806436059557290e-01
-4.558652316420422901e-01
-3.266544625897382925e-01
-2.861764865298840332e-01
-4.265312754509624771e-01
-5.557834608357500317e-01
-1.656160433874563909e-01
-3.001592684702087399e-01
-4.619979428549557676e-01
-5.060337191683720315e-01
-3.350222967914376349e-01
-5.461861819797511064e-01
-5.542727057117977640e-01
-4.813846963124631118e-01
-5.538768903400863586e-01
-4.566020830878004810e-01
-3.296562179855177521e-01
-4.337434046041291902e-01
-5.694058577415250788e-01
-2.734887521700857249e-01
-3.429877551113554857e-01
-4.857190514473218590e-01
-3.985150645033788130e-01
-5.567769437132029653e-01
-5.618787502886293250e-01
-5.444469982011818088e-01
-5.540335055186120794e-01
-4.335142583419709927e-01
-4.648648723420821804e-01
-3.503514502815508469e-01
-9.865484767465104721e-02
-3.091179716079695550e-01
-3.837991597176684255e-01
-5.408242800614631030e-01
-3.338373055949266921e-01
-5.797449701203517547e-01
-4.191981171022919339e-01
-3.745365436314970209e-01
-5.772704336926599566e-01
-4.598713910638699276e-01
-5.681386008434375912e-01
-5.294268630756749916e-01
-3.241687434991329386e-01
-5.674369936623948618e-01
-5.241002215505390360e-01
-3.602539860473343847e-01
-4.741492838410978350e-01
-2.428099383750325913e-01
-4.721557602086807748e-01
-4.882146552960608399e-01
-4.417524307805501538e-01
-5.800327434297803952e-01
-5.547252291767841292e-01
-3.796195868728465816e-01
-3.095028375908790430e-01
-4.864738105125671064e-01
-2.968077281608150209e-01
-3.031745112031703493e-01
-5.487147438799362398e-01
-3.594553940411967519e-01
-5.139720432614116596e-01
-4.304833704191119992e-01
-4.377358754946614194e-01
-4.141024462909509984e-01
-5.587854249892222347e-01
-3.121274321017138420e-01
-3.282702094873620746e-01
-5.416383130764315101e-01
-4.738863429447537912e-01
-3.180116744551523267e-01
-5.913467952926825255e-01
-5.767806277404048387e-01
-5.439051129288673403e-01
-3.320469377173419501e-01
-5.431823498913725956e-01
-5.185684716824634499e-01
-5.446107609932765437e-01
-4.996521613735751544e-01
-4.906142717541877585e-01
-3.016786697159559161e-01
-2.903408968477767527e-01
-5.935829489411033055e-01
-5.349357218266522773e-01
-4.130268018164457988e-01
-5.686469777232707745e-01
-5.701963264658371777e-01
-5.422149649478904543e-01
-4.628228901275429075e-01
-1.794436530506013094e-01
-6.045996747977779862e-01
-4.121733147278155984e-01
-4.426609171291425171e-01
-2.008263147868414311e-01
-1.770522644624588637e-01
-5.461413815878952693e-01
-4.202168512733326922e-01
-3.876464559759575101e-02
-2.635742399096842048e-01
-1.343913715634156292e-01
-3.081961542767234774e-01
-2.733126466279607869e-01
-2.067681818395862015e-01
-5.153606007819477863e-01
-5.428735618372451111e-01
-2.701603525986421284e-01
-4.574386764640059333e-01
-4.643996783671808792e-01
-5.949365555235033298e-01
-5.488136132236788312e-01
-5.416315068757083795e-01
-4.895103503036321024e-01
-3.122092502464665076e-01
-4.989905568467739028e-01
-4.425919101264608191e-01
-3.702695123212364492e-01
-5.367228199814461087e-01
-4.597251711539260821e-01
-4.734436194389299302e-01
-5.400181917171820167e-01
-3.384355194086978713e-01
-5.484520665008432161e-01
-5.445382047056932517e-01
-5.349167986141867281e-01
-4.794816877416776535e-01
-5.588902406017444147e-01
-5.937450667623408451e-01
-4.649115832828829564e-01
-3.904476669927927635e-01
-3.925644418265999969e-01
-3.420110336683648278e-01
-5.544275581559956478e-01
-2.277282648191850944e-01
-2.834047070350276254e-01
-5.905816783724248120e-01
-3.538681380312253544e-01
-4.892332608572868002e-01
-3.031670003844602612e-01
-5.565102455577274343e-01
-4.554810733684081514e-01
-5.559670151926825454e-01
-2.568391688132216077e-01
