8.267960403445984152e-01
8.451924360403011427e-01
7.121104092650463180e-01
8.649188125741495980e-01
9.541522743533785711e-01
7.778213443916575098e-01
9.414513742555705722e-01
6.952862269222979119e-01
7.134484313906990227e-01
7.059755725038963092e-01
9.574590034654515414e-01
9.471477451510017520e-01
9.481186654826099236e-01
9.511496598595847729e-01
9.471365384139056598e-01
9.613874323085676021e-01
7.971434494458897735e-01
7.245775664992751830e-01
9.598234501727966883e-01
7.505526721525773715e-01
9.642294456702358296e-01
9.402888047472881539e-01
9.575672082770381177e-01
7.039739089258072458e-01
7.523242065902860931e-01
9.470079476310448996e-01
9.308466556681271875e-01
7.765690045911484152e-01
9.513911551667946220e-01
9.539308740197685044e-01
7.163225756849107562e-01
9.064574360791195495e-01
9.065978080155562280e-01
6.903174065724970720e-01
9.545128271425189492e-01
7.361962144541935871e-01
9.463491782471598057e-01
7.581424031684278475e-01
7.190119356015556296e-01
8.615912695260968812e-01
7.284416462195246744e-01
7.324143003674299379e-01
7.254435641666028278e-01
9.489250133931236286e-01
9.542257022170088643e-01
7.151864982583323593e-01
6.885985461848278533e-01
9.443127302106362198e-01
9.552925927434907649e-01
7.354961802315193031e-01
7.003314530231724566e-01
6.953672193587719930e-01
7.185015917263064544e-01
7.938977951665213695e-01
9.550375225766439824e-01
9.455733422362468943e-01
7.633466542990787751e-01
7.156615186057673217e-01
6.958541070970227782e-01
6.971017647076624968e-01
9.521769262302051118e-01
9.353212332240077309e-01
7.414597677185490454e-01
7.346835781676133159e-01
6.626496601280960075e-01
7.946787103516633755e-01
9.545609055292083589e-01
7.114038149089486618e-01
7.185856947442595954e-01
7.376041377998225901e-01
9.513762415277502438e-01
7.021847907617347895e-01
8.913025911479484087e-01
6.094366061750733365e-01
9.447408979467510903e-01
9.523859473212957782e-01
7.014463954779919241e-01
9.463602773801517154e-01
6.727906872738734778e-01
9.007305076741840555e-01
9.496686220244985321e-01
7.212948299850003853e-01
7.300826530715160967e-01
9.141234940056317537e-01
7.703693136527175467e-01
9.655524438596218006e-01
6.761524358010438940e-01
9.509665917297253079e-01
9.391757218355640813e-01
7.157604722766707228e-01
9.558237186322122714e-01
7.431479742146562817e-01
6.776540084316863277e-01
9.500535352823984425e-01
7.320794413312771143e-01
7.418329747663697793e-01
7.052807006103364307e-01
7.118932654741435551e-01
7.592456080848648536e-01
6.979351295080692408e-01
7.886797618310557034e-01
8.228691091098626620e-01
6.818808232604123276e-01
7.195289793112473742e-01
9.427592511364528693e-01
8.891084710851361317e-01
9.254216044077872017e-01
7.043888890241443157e-01
9.518776792322380942e-01
9.611604475146499071e-01
9.534996932834858274e-01
7.050111287680204120e-01
9.485037848426155493e-01
9.525301365134672960e-01
8.493344540222862449e-01
7.199149144522200006e-01
9.197188438635790497e-01
7.612061711166375755e-01
9.109775409243567879e-01
8.075816083963682779e-01
9.440507574302088312e-01
8.595655017761597572e-01
7.761568083117709183e-01
7.081238173861277296e-01
6.854632174017716295e-01
8.299471885756142253e-01
9.321174593598451352e-01
9.468481214907558119e-01
9.515533845430638182e-01
7.250398768244348258e-01
6.990140610366535334e-01
7.155607417437741535e-01
9.588157886995825052e-01
7.289607985982269334e-01
7.372024256707626622e-01
7.036017078018914628e-01
9.270946262580856967e-01
9.169553783505205447e-01
9.516838840311285797e-01
9.194973559030013011e-01
7.121867548780258517e-01
7.005442940871516866e-01
9.471604812742946411e-01
9.565910931818025764e-01
9.511015869295749159e-01
9.619859544018258823e-01
9.648283594665871821e-01
9.234392443786432203e-01
9.385522948515716557e-01
9.535764203955026108e-01
9.505631979115838348e-01
7.245863156074592304e-01
9.509422532055405997e-01
9.407790906302675449e-01
9.452690624217534587e-01
7.951263332563320851e-01
7.182297552043597211e-01
9.435971563658054340e-01
9.490153957774818405e-01
7.279948825697368786e-01
9.470389974020831936e-01
9.638667670571809953e-01
9.517165847288520109e-01
9.258403651626767594e-01
6.751444171974556596e-01
9.267817611856385973e-01
9.599121800384420311e-01
6.450392309478856223e-01
9.556601093431937866e-01
9.406777945933837426e-01
7.958867758452399244e-01
9.430818768852945455e-01
9.032272207865129632e-01
7.105232787107413905e-01
9.420953567472767354e-01
9.115222337777617589e-01
7.781389976050776536e-01
7.074969840733402737e-01
6.662921863696182889e-01
9.547285953820310311e-01
9.541755512634011449e-01
9.490181153780006262e-01
9.614022790534630936e-01
9.477221908800328443e-01
7.172676264298293303e-01
9.326153410150812562e-01
8.021743445906154291e-01
9.540624020572014974e-01
9.609577819027290690e-01
9.362162391497050873e-01
9.150094594201731990e-01
9.442235224457158349e-01
7.714020009067217298e-01
9.393975620167982488e-01
7.381206541081267725e-01
9.563820506645669406e-01
9.542406442437403324e-01
9.627076768375648630e-01
9.534889979705938323e-01
9.462626113103175252e-01
9.486396548758611047e-01
9.508347213388712582e-01
9.585695188603440275e-01
6.690797568753455993e-01
7.360781915720925328e-01
7.461725256660360905e-01
7.860607737165765663e-01
9.473480583486175721e-01
9.562234053549397705e-01
9.543160419905587499e-01
7.434417141027711562e-01
9.509279372050810641e-01
7.657358509013986181e-01
9.522649360853021605e-01
9.509250979196954834e-01
7.179841783297084001e-01
6.584754861915067536e-01
7.544168813791132244e-01
7.283847588654697169e-01
9.546909024127501198e-01
9.505025452436577371e-01
7.280755339835314199e-01
7.556833895072421203e-01
9.558673231108487656e-01
7.660374830637138865e-01
7.988183270363837796e-01
9.420619157328014026e-01
7.676802399643802843e-01
9.574599450436207526e-01
8.378865107713384663e-01
7.556675676220770965e-01
9.520059090432506643e-01
7.061716939640412249e-01
9.567496969181310540e-01
9.535416232287494687e-01
9.257605013901523128e-01
7.635151008093561398e-01
7.196209423572299535e-01
8.779008351903100360e-01
7.490472548374219608e-01
9.561378446146128196e-01
9.387981142154517844e-01
8.354966675404011944e-01
9.451891653730215559e-01
7.451826999344324243e-01
7.267018212557325718e-01
7.216280724895302034e-01
6.774761622257485794e-01
7.305373051969042963e-01
9.481460572504925022e-01
7.195326967185144973e-01
9.458317324730511899e-01
7.326454159378852360e-01
6.993239067566809908e-01
9.503838923752172541e-01
9.517443731634607218e-01
8.491532165687093459e-01
7.911558325180526596e-01
9.039728076308195526e-01
8.846333550577629712e-01
9.607408183327972306e-01
9.394449990959143904e-01
7.566900921021360027e-01
9.523184033160536632e-01
9.418260672976990211e-01
9.609510384647227399e-01
9.480547621229831190e-01
9.517195128173321361e-01
9.141543000727514467e-01
6.686285826476655592e-01
9.606815952905174427e-01
6.841491199006916046e-01
7.369966908675729123e-01
9.486352101660215919e-01
8.074402442498318511e-01
9.526343739913900599e-01
9.431942150933978475e-01
7.013233245617775946e-01
9.523904632725468389e-01
7.821144166601255998e-01
7.587924465196028700e-01
6.585113589673643464e-01
9.356327932011181403e-01
9.129642750378175187e-01
8.684366782277682661e-01
6.814033198815719894e-01
7.168946801750022413e-01
9.434667092099460195e-01
8.881657851611548526e-01
6.674310916201580124e-01
8.606749405410911713e-01
7.143946060833614720e-01
9.509170380865766825e-01
9.669386839241949083e-01
7.134068898835035366e-01
9.404482671111549230e-01
9.271089513705095264e-01
7.386093055883397041e-01
7.358827358487622927e-01
8.935215811177814604e-01
