-4.514565567284898329e-01
-4.322335253835163371e-01
-4.782981170055093934e-01
-4.651866361724021903e-01
-4.585095464472488391e-01
-4.149885541192701588e-01
-1.608309937406554591e-01
-3.826681378256684418e-01
-4.719751065892238140e-01
6.016575802611354856e-02
-4.654752213512494130e-01
1.546326302714204348e-02
-3.531200884619325464e-01
-3.731683390852766902e-01
-4.603977257134290735e-01
-3.806187381324656616e-01
-4.485428654274952742e-01
-4.613711314871925540e-01
-1.359362654623474387e-01
-1.890716139284170372e-01
-2.410185520145963767e-01
-4.445912836288799519e-01
3.771297956136276941e-02
-2.501376959000178868e-02
-4.668347433375365507e-01
-5.307990942658578071e-01
-5.992362766722766215e-02
-2.183360996044160229e-01
-4.454256538421598188e-01
-4.500013313453966601e-01
6.138482488423725736e-02
-5.162222808569200128e-01
-3.949903118359349152e-01
-1.123546250539776414e-01
-1.370904914408849901e-02
2.991797068043142160e-02
-3.654540458189362018e-01
-1.485715148865641988e-01
-3.127005011248115141e-01
-3.049451306541566820e-01
-4.790499471575005996e-01
6.204964338495611714e-02
-4.580613395444130820e-01
-2.308046386974809544e-02
-1.020789975527981452e-01
-4.350531207311407744e-01
-4.569948039907689719e-02
5.425156610284109088e-02
-4.569791084361035649e-01
-1.654754575708533015e-01
1.647318225558131455e-01
-4.759220857141924221e-01
-3.289996408388959903e-01
-4.905058474490511800e-01
-2.698488647538699881e-01
-4.775798909953354876e-02
-4.313260272809453788e-01
9.479876054616473424e-02
-3.763258838527507866e-01
-2.005906360673610500e-01
-2.150076009512091324e-01
3.960883732212050479e-02
-4.226108003929399670e-01
-4.511642291224899348e-01
-4.684166779360719457e-01
-1.002788309087404295e-01
-1.874470110704062331e-01
-1.089466671126322339e-01
4.583919386611888525e-02
-4.612708507440114736e-01
-4.092232845831367261e-01
7.477305833290737169e-02
-4.747998067171085301e-01
-4.952538764654886849e-01
-3.536705537696737123e-01
-4.628465390787189770e-01
5.355718634435850667e-02
-5.288024580293174126e-02
-1.659534416082815989e-01
-2.627611420317798041e-01
-5.140276721657768277e-01
-6.582741684911394553e-03
8.667201438997385043e-02
7.196612768227611534e-02
-4.474250995492052296e-01
-4.345311805958840257e-01
-4.574304479382770294e-01
-5.064703156355738756e-01
8.753734115636960245e-02
-3.343003790355914551e-01
4.696566390006319536e-02
-2.167188818509223347e-01
1.847382637091894708e-02
-4.416792289719056464e-01
-3.078968096491164763e-01
-5.177745899092079940e-01
-1.574472123376863542e-01
7.295229350628437692e-02
-5.048472716363855417e-01
-7.216835693127522655e-02
-4.570801488611316299e-01
1.250988318927850895e-02
-1.630548166115378950e-01
-4.599804703707558451e-01
-2.440507131783398176e-01
-2.349595005964561500e-01
-9.629063715942434709e-02
7.672125514246638800e-02
-4.633543079610232818e-01
-4.469726747766558095e-01
-7.071653880208179921e-02
-4.106773698248415982e-01
-4.107179090664618282e-01
-4.833745007642825664e-01
-4.161960041822554968e-01
-2.844702868328817247e-01
-4.076759195372018918e-01
-4.316643901794619542e-01
1.101502367502614488e-02
-3.326792294700670061e-01
-4.615293042693034697e-02
-4.570494631002435248e-01
-4.512782125882514039e-01
-4.637445511204577597e-01
-4.511662181794033333e-01
-3.015635645261961484e-01
3.577569238281382014e-02
-2.204108845336006928e-01
1.135046980287652552e-01
-4.734610781663233237e-01
7.100952856538653157e-02
-4.271314018843233584e-01
-4.570135312551399931e-01
-1.516758722285676264e-01
-3.685357774475821468e-01
7.037495187974046607e-02
1.044859550152265754e-01
-1.696672991623956739e-01
1.434663329800904552e-02
1.606536907624160626e-02
-4.322569544952786780e-01
7.911497744510001540e-02
-2.857617651548577387e-02
-4.127646805122945906e-01
-3.146643176753324278e-01
-1.930767082536906654e-01
-1.457109528586127412e-01
-4.771255426078715445e-01
-4.531146244337870277e-01
-7.550026717085460415e-02
-7.072520561846540321e-02
-4.579163515690513053e-01
-2.040654852226962968e-01
-4.512204073512198210e-01
-1.884063495973248986e-02
-3.713318566879553195e-01
-4.578330708214564670e-01
7.089338704205583319e-03
2.520445874313104184e-03
-4.487678556088469661e-01
-2.032098149716949353e-01
-2.215445514715851799e-02
-4.314720666150682060e-01
-3.078311608549882394e-01
-4.367710430974315883e-01
6.540993468113023845e-02
-3.547015034635112585e-01
-4.271226263106095433e-01
-4.217429118259017340e-01
-4.799183547041924180e-01
-4.900146947293682054e-01
-4.368061663591068511e-01
-3.442305850636987463e-01
-1.644824864859160962e-01
-4.885530572908151070e-01
-1.348524429005295427e-02
-4.573265652046594187e-01
-1.021249619468427988e-01
4.208413840346625356e-02
6.560141366142008268e-02
-1.237227303647938925e-01
-3.557344226841451795e-01
3.750781609840565800e-02
-4.448617860316023132e-01
3.691220962556186758e-02
9.170518389312187768e-02
-5.048624682306400713e-01
-8.928901378895652552e-02
-4.298560786625219010e-01
-4.432701911230290115e-01
-4.778437457458085680e-01
-4.288785586538319539e-01
-1.430014949664022428e-01
-4.651514814491466421e-01
-3.785198403910058351e-01
-2.352595624876285263e-01
-2.428535701516691403e-01
-4.060484434150178901e-01
-3.029229636682470028e-01
-1.961160181779128264e-01
-4.468705268642816919e-01
-2.570815418563188737e-01
-3.955648941366846083e-01
8.176027940864571963e-02
4.515266550990473804e-02
-9.493579971605531354e-02
-2.345036346353447654e-02
-4.885975339465267187e-01
-4.371170650759367837e-01
2.533711049512087088e-02
6.427587377919047329e-02
-4.676497809050964016e-01
-4.184111757059746917e-01
-2.089240076512591526e-01
-4.635365207797574882e-01
-4.732409526016775336e-01
4.154504270270602262e-02
-2.486029203535683185e-01
-4.614884061665162629e-01
-4.602855964270628486e-01
-4.647186110748524612e-01
-4.810688822239734819e-01
-9.778629391496285184e-02
-4.789585955071237189e-01
-4.627785678586402440e-01
1.281625876676508735e-01
2.878026484072421232e-02
-1.629814256842744835e-01
-1.095201676176888461e-01
8.162181425377731947e-02
-1.273078630493541114e-02
-3.252765222153043423e-01
3.939956156599210696e-02
-5.022601860343942071e-02
1.469539391679978990e-02
-4.959515897887487590e-01
-5.352274078724043038e-01
2.777637784152976741e-02
3.715005055066029904e-02
-4.752304528706279840e-01
-3.158383262118817369e-01
-1.743186089191405552e-01
-3.678123951490526733e-01
-1.653354414523400817e-01
-5.350800960078195417e-02
-4.966353073047105604e-01
-2.614859011170360681e-01
-1.132443008267265266e-01
9.810637500256963461e-02
-3.979079490059109769e-01
-4.505461595138612330e-01
-4.773116604326137491e-01
1.456551111768647488e-02
-4.959540797030476816e-02
-4.473147288123844323e-01
1.516290643232803825e-03
-1.762412695258694650e-01
-5.439394349695065856e-01
1.984397619668926138e-03
-4.363423421758327314e-01
-3.871473831678758776e-02
4.753409447682993560e-02
-4.345650638539804572e-02
-3.990574311196649071e-01
-1.789376937868418227e-01
1.064492811285563945e-02
-4.489374063382171598e-01
-4.382508677614216919e-01
-4.644135257440974440e-01
-4.437205379170996444e-01
6.274288734473595919e-02
-4.673963799203422198e-01
-4.681403659901341441e-01
-4.553056286788376705e-01
-1.486189537913740755e-01
-3.941314274125644612e-01
-4.909322525496926937e-01
-4.294245244828170938e-01
-3.487868904354376465e-01
-4.854827346478990946e-01
-9.133199256988321080e-02
8.615195060457403464e-02
-3.291410027723112863e-02
-1.428047004187586455e-01
-2.794095857123413129e-01
2.225058249595551763e-02
-4.702786744441306288e-01
-4.507164938623303696e-01
-4.686298931463188655e-01
-8.911768251780557981e-02
-1.181672185025086363e-01
-2.725868152981537201e-02
1.248134634082799510e-01
-4.532693395299257633e-01
-5.105374125636753524e-01
-1.167296177662645040e-01
-4.538801679414306567e-01
-4.844055817999550761e-01
-4.662214700965914282e-01
-4.495295756258758102e-01
