-4.046402673172126430e-01
-4.151747405133627833e-01
-4.467053187985593476e-01
-1.912358991333384939e-01
-3.856767571125065963e-01
-4.724151480342801968e-01
-5.135711009853756170e-01
-1.431054596021587022e-01
-2.802744746632828687e-01
-1.555945415540450627e-01
-2.937975055704551419e-01
-3.472471517900354576e-01
-6.189400919348767016e-02
-4.327459162519857738e-01
-5.024308083842830008e-01
9.652360798034487210e-01
-5.668944539276363770e-01
-5.076840492922275461e-01
-2.056143447115065248e-01
-5.211187792381519746e-01
-5.295691062077116928e-01
7.979094664067671872e-01
-8.020536097656209840e-02
-5.310144258804312400e-01
-1.745601915747896082e-01
7.680844292855900646e-01
-4.632498809907785731e-01
-2.576548458033272038e-01
-4.686229220183943944e-01
-9.733648116887561041e-02
-3.856360169717225617e-01
-4.992760535069890038e-01
-3.436766618287343533e-01
-3.316099568683729681e-01
-4.823852941478234957e-01
-1.046204045438396540e-01
-5.212969603201605961e-01
-3.990967314185756010e-01
-3.186892759437724432e-01
7.697708633658062460e-01
-4.638825883117729254e-01
-4.689121327945777740e-01
-1.732665198420101360e-01
-5.065718446671337860e-01
-4.691214513721078117e-01
-4.902262615361333564e-01
-3.586475219366850320e-01
-4.376067628466380754e-01
-1.813986262581502029e-01
-1.416574350520993786e-01
-1.971728223305989347e-01
-1.006216567829620878e-02
-4.980500502744631408e-01
-4.206555127274083650e-01
-1.735632510678169482e-01
-2.059220875237660064e-01
-1.726918009642908203e-01
-2.960446584798619440e-01
-3.348843024075197627e-01
-4.937888288199626663e-01
-4.645437244847538949e-01
-4.522644362368477555e-01
-5.087169617938697153e-01
-2.613228704504682032e-01
-4.571553812389841931e-01
-5.356891212915536604e-01
-2.055707812504125043e-01
-1.825026269574386850e-01
-1.328397188958239106e-01
-2.482224133247396547e-01
-1.057329259103769598e-01
-3.055149207524222033e-01
-5.103202123020699199e-01
-4.800347642268672499e-01
-1.165190831545046962e-01
-4.238970712817147213e-01
-2.730986379871863101e-01
-5.551605439115070428e-01
-4.738396533137828603e-01
-1.844262362625778140e-01
-2.948834094410156537e-01
-1.205918142639150065e-01
-4.639433679145929523e-01
-2.818653191421874316e-01
-4.212507481875612525e-01
-4.012467987522992385e-01
-5.044968237423416157e-01
-1.577464927573190845e-01
-3.669992009380156905e-01
-1.858195794491668829e-01
-4.268494640542394580e-01
-2.978893384380602027e-01
-3.420870140953866101e-01
-2.047540790382726961e-01
-3.279580100188098646e-01
-3.939631621786939819e-01
-2.712408960264601765e-01
-1.842682353284198493e-01
-5.322610826598317413e-01
-4.212571136090718094e-01
-3.082419926395547627e-01
-1.743614915065571092e-01
-5.006701253640584159e-01
-4.603777357776637214e-01
-5.121842853089734193e-01
-5.002609023271908928e-01
-4.931146413513564641e-01
-4.508726928592249328e-01
-4.287189616771067135e-01
-5.193024692681350585e-01
-4.491723276658151631e-01
-4.144734076965255198e-01
-3.830513772975281950e-01
-4.279777280726856370e-01
-1.868691178190794999e-01
-1.972012303392740029e-01
-4.721413279565458421e-01
-1.498004509875112134e-01
-2.177440224954803605e-01
-4.007844667425365937e-01
-5.126607472294224532e-01
-5.086800908041112512e-01
-2.621732000567613685e-01
-4.563938767978872324e-01
-4.326058434909698103e-01
-2.139391075252338459e-01
-3.194295408739529218e-01
-4.120917294113800589e-01
-5.533247677961175004e-01
-5.206234942942229438e-01
-5.735061214702764920e-02
-1.657654135987889077e-01
-4.155861669891378618e-01
-3.890848092401761882e-01
8.120020774039216072e-01
7.836083978118559834e-01
-4.809656835563556054e-01
-3.695665576525724583e-01
-1.394100854184726901e-01
-5.309321026842496183e-01
-5.737226704979536684e-01
-2.095889810362260852e-01
-4.273712875254972454e-01
-4.801658852749414175e-01
-4.007892185718951450e-01
-4.483285967439522013e-01
-3.957146826968431785e-01
-2.488586373272395902e-01
-1.764967791099066319e-01
-5.254082254600254132e-01
-2.140931716781535044e-01
-1.765684473588528813e-01
-2.291927992158605265e-01
-2.163266401183731313e-01
-3.915886282958196962e-01
-3.790562084264498810e-01
-3.427886372332216158e-01
-5.157145843366403026e-01
-3.215388052331440982e-01
-4.688864638636074389e-01
-5.102109255660293163e-01
-2.475701586285407874e-01
7.855645354299970462e-01
-9.730450347300806380e-02
-4.018897879343911184e-01
-3.989894473417032739e-01
-2.385367375919177357e-01
-4.377908051093281627e-01
-4.232352671616240736e-01
-5.182967605334793948e-01
-4.542903044712431893e-01
-2.384993342720567178e-01
-1.754471548636463984e-01
7.238917648640404989e-01
-1.956977029703149129e-01
-4.368826903723418420e-01
-4.820670932996314328e-01
-3.334158478217627564e-01
-1.935398894377254597e-01
-4.403116632670844299e-01
-5.082754975252951057e-01
-1.743754380830218886e-01
-5.298133104235696056e-01
-2.929735467204643840e-01
-4.966253451505810990e-01
-3.220859267058341358e-01
-2.400339015834205836e-01
-4.481294799508978022e-01
-3.954787626141404999e-01
-2.438501185149811179e-01
-3.343789128755996209e-01
-4.310982897531501767e-01
-3.341483298627261345e-01
-2.649580795990216786e-01
-4.307587574797791530e-01
-3.040563069977065824e-01
-4.484132240785765333e-01
-3.808253140145361204e-01
-4.698759360166542276e-01
-4.961220475740215630e-01
-5.593455083076335210e-01
-3.594915921695009953e-01
-3.627532765735971831e-01
-3.557873501404684169e-01
-3.606374388740281045e-01
-2.261783631623391355e-01
-1.092831746381551644e-01
-5.399248655536961206e-01
-5.172237342308391161e-01
-1.178561255256834472e-01
-4.883233816082396817e-01
9.924931388772924024e-01
-4.465879983767618300e-01
-5.288294327525677740e-01
7.982572607846519785e-01
-5.261453574629085805e-01
-4.054547842162115612e-01
-4.951381501709948285e-01
-4.768721740428770728e-01
-5.015545345135746791e-01
-3.576990968834167228e-01
-3.428080552198968234e-01
-4.194055791813009471e-01
-3.378071239669577230e-01
-4.018934759446151084e-01
-4.420457175103109648e-01
-4.358866700888476831e-01
-6.110110679402647182e-02
-3.382337289636086486e-01
-4.432754576585431483e-01
-4.378968709018321581e-01
-3.996183212841205590e-01
-4.211991435691138097e-01
-3.001893628592652852e-01
-4.200120168113903873e-01
-4.815096649418345032e-01
-5.115982958738685138e-01
-3.874366034371387046e-01
-5.270330611352297412e-01
-2.244651441946213799e-01
-5.560598212993550504e-01
-2.552906158674471127e-01
-2.287374786936327009e-01
6.771638390635885407e-02
-1.249748034146530018e-01
-4.419174970702086092e-01
-5.128343055553126195e-01
-3.959005932013204276e-01
-3.544180613884845843e-01
-5.367799986069613505e-01
-4.873373949989006082e-01
-5.095254278215630706e-01
-5.019144784279579996e-01
-1.586387934201631267e-01
-4.925308535422850964e-01
-4.927521549269268664e-01
-4.954455023288577009e-01
-2.255330136591243706e-01
-1.507479427537266325e-01
-3.342122921578681849e-01
-4.691096881482212932e-01
-3.054991171729959376e-01
-4.091256916921676701e-01
-5.111952772735252060e-01
-5.018153470450718023e-01
-3.756921387126947454e-01
-3.622400074967047079e-01
-1.644309223561700450e-01
-5.067964748644986361e-01
-5.603428571612683040e-01
-2.692199721266073653e-01
-4.718551812954140390e-01
-2.236865004932137024e-01
-3.868431131145473323e-01
-4.950403633761417677e-01
-2.923491209305522087e-01
-1.142574057802182574e-01
-1.259674648931872198e-01
-5.199789885857412086e-01
-3.905303657451428823e-01
8.051043625885340171e-01
-3.560003549922765020e-01
-1.764670509773605678e-01
-2.718481796586437738e-01
-5.144542213100177230e-01
-2.535586032527777922e-01
