-6.926631828463652996e-02
-4.475322798166097571e-01
-1.412802909625810455e-01
-1.482383840050513213e-01
-1.961304492762011020e-01
-4.908191511896723425e-01
-4.685824609438285493e-01
-4.349442304729159714e-01
-2.273768756559989557e-01
-3.518336545574520802e-01
-4.585418294052585608e-01
-1.279899856491940324e-01
-4.417479513632324162e-01
-3.828075868488175493e-01
-4.173655364071761631e-01
-4.268341692160162459e-01
-1.496294249364738538e-01
-4.419296314466374387e-01
-4.359799348139539732e-01
-2.559444217199489113e-01
-4.706912500408217404e-01
-4.154091978335432422e-01
-4.013442641211077966e-01
-4.806763608701063450e-01
-4.411362276528111304e-01
-4.889937195310345985e-01
-3.194775317739332321e-01
-7.514787115668676576e-02
-1.292835109778922575e-01
-2.063821804206305011e-01
-8.638275039563436675e-02
-3.541220722029850831e-01
-4.388674701556963820e-01
-4.205937450949318590e-01
-4.680571801896790674e-01
-4.919579228287327965e-01
-4.055988471242497062e-01
-2.570362389372379125e-02
-4.674950835124350168e-01
-3.539640409217588157e-01
-4.866197741459084014e-01
-4.163465710613907800e-01
-2.363440811416785969e-01
-1.877407133151870744e-01
-1.981300637970802025e-01
-3.989648052727693406e-01
-4.215902553264879726e-01
-4.393263642102291922e-01
-1.420864542413692866e-01
-1.526202465928344632e-01
-4.886064301075604965e-01
-2.380653079522788707e-01
-4.482529496517771439e-01
-1.807972325145614234e-01
-4.946325462275894536e-01
-4.846824394343431930e-01
-4.578870442406474672e-01
-4.340442330996047149e-01
-1.519420924817984631e-01
-2.762259545394884497e-01
-1.840069029207684892e-01
-4.045340561583058436e-01
-1.090340953659162115e-02
-1.753737132349434125e-01
-3.112442194211997304e-01
-3.174524657522438953e-01
-2.032783305621757297e-01
-4.860155241323984576e-01
-4.092319432589904826e-01
-3.939638219783736517e-01
-1.716094621104943263e-01
-4.346326770266974449e-01
-1.903838986113422505e-01
-1.202541797740370733e-01
-1.168708660977009484e-01
-9.194078160168615843e-02
-2.322588485245980217e-01
-4.130430736217906573e-01
-3.738277187418276859e-01
-4.872308290600846914e-01
-1.455705770421401590e-01
-4.453776765780892988e-01
-5.010599963134176882e-01
-1.086584215154953875e-01
-4.597731774297220131e-01
-4.168756347910802518e-01
-4.804077727660513997e-01
-4.772701360902463774e-01
-4.346440712617131719e-01
-1.753203069454773999e-01
-4.544834034606977102e-01
-3.986385563615953420e-01
-1.557271550244428426e-01
-2.780890734675795506e-01
-2.484403310118457886e-01
-3.437505173843958262e-01
-4.737845413920384607e-01
-2.891938935425125701e-01
-4.882363578358375755e-01
-8.194654672214178592e-02
-4.952844792662447482e-01
-4.417527043403665088e-01
-5.107338897259240396e-01
-4.872961750949588167e-01
-3.561046385328573427e-01
-2.664608898859272546e-01
-1.274449770373806690e-01
-1.937941543984200710e-01
-4.204154928881846942e-01
-4.502196343909500298e-01
-4.364833230662657493e-01
-4.319527327434924402e-01
-4.306637000444416552e-01
-4.583691889960492816e-01
-4.420085231842333373e-01
-4.762747024310959865e-01
-1.753251906530037818e-01
-7.958852677986212598e-02
-3.377091928824129674e-01
-1.505821505410036565e-01
-4.803563161128982517e-01
-1.552173517010070336e-01
-3.516966590927916858e-02
-5.012441303862764930e-02
-4.733024508030039268e-01
-1.291121802352706016e-01
-1.019912724455189768e-01
-4.300006044148421136e-01
-4.573383369506406337e-01
-4.358148172088072703e-01
-3.989611451703804074e-02
-4.006800131351451189e-01
-3.933389208094585365e-01
-1.995702976673000006e-01
-4.275259186105748732e-01
-1.687806902178414781e-01
-4.706955570287558732e-01
-1.867160230657911590e-01
-4.373346478858691766e-01
-1.953271630587380125e-01
-2.063430514053375964e-01
-3.060646919191307158e-01
-4.051919691849428240e-01
-5.234662918830703671e-01
-2.248643605377123045e-01
-3.520505317604888385e-01
-4.531634573269397448e-01
-2.928839766638102193e-01
-1.317649063600146164e-01
-4.632835791016016724e-01
-1.269062749075352270e-01
-4.438637214120524366e-01
-1.748200258149273933e-01
-1.742140462439406845e-01
-3.940503408104745198e-01
-4.888102343519369342e-01
-4.401968299398428264e-01
-4.874963605357721663e-01
-4.709692068669210085e-01
-5.115679178362240176e-01
-3.823795476711490671e-01
-1.096121937988156214e-01
-4.782531982064206488e-01
-2.626322239649353518e-01
-1.669949436740169879e-01
-4.985053541564382629e-01
-1.531476914533638489e-01
-4.576264660469804846e-01
-2.086121963409580116e-01
-3.992748281587746306e-01
-3.705407961656134730e-01
-4.793883935549664299e-01
-1.832053520234530053e-01
-4.351284916963473748e-01
-1.773507549854498877e-01
-1.978304241096470184e-01
-4.742762684067886592e-01
-6.356715539139719262e-02
-1.328329269144081226e-01
-4.922128929714562617e-01
-4.585267268073462965e-01
-1.648383208937301281e-01
-4.857482501293302612e-01
-1.720647624507435636e-01
-3.618376064686226190e-01
-1.861035903598277363e-01
-4.216567824226103989e-01
-4.141676561899915177e-01
-1.672980150971081215e-01
-4.652369574448427803e-01
-4.396778244930052981e-01
-2.835098003090914531e-01
-4.473918451961292342e-01
-3.192601673877173418e-01
-4.257382852012874253e-01
-1.114606513936363952e-01
-4.778892554038624563e-01
-5.068744525155576275e-01
-4.310050654574100748e-01
-2.040929126916367631e-01
-1.278617416549195918e-01
-5.266120998713936796e-01
-4.147085463264644778e-01
-4.868132142860808198e-01
-2.311860799324710336e-01
-1.532832702033256611e-01
-4.914902980902646212e-01
-3.397117217130002365e-01
-1.375331279251288674e-01
-3.875157037456624098e-01
-4.687393390683533556e-02
-4.405976378626007550e-01
-4.224794963205560361e-01
-3.674947340103734694e-01
-4.180726172934396412e-01
-4.464137616483779269e-01
-5.130356669341818998e-01
-4.301442042757175344e-01
-3.986000641915522502e-01
-3.982016951967647933e-01
-1.095038066205553245e-01
-4.001947713155762365e-01
-4.648311481756802754e-01
-3.158233741734634004e-01
-1.333250051774373390e-01
-4.070257901159614056e-01
-4.474549604608184517e-01
-1.646048674846745108e-01
-2.495181014420406185e-01
-4.944244274174317555e-01
-1.170866804393579930e-01
-1.300321499777603029e-01
-4.266181062166201632e-01
-4.464994068154756746e-01
-4.280540175678161363e-01
-4.399803583410300534e-01
-5.199388574327804546e-01
-4.668132355694297742e-01
-2.074350811022086516e-01
-3.650736760664072267e-01
-1.741002185281501080e-01
-8.288721391428387208e-02
-1.577924778933305627e-01
-4.555247090966932921e-01
-4.531190998396842362e-01
-3.848225968229394001e-01
-3.923161809725782545e-01
-4.429583409779854208e-01
-2.193830517195015650e-01
-4.451229816908841563e-01
-4.067874696945172897e-01
-1.178907007767039244e-01
-3.980973741371730545e-01
-2.292103607297156231e-01
-3.478133031668390052e-01
-4.920316812634243364e-01
-4.301663904712815234e-01
-1.972085592457690495e-01
-4.255789449591220741e-01
-4.077517453844029527e-01
-1.822350845108264839e-01
-6.015174707046440361e-02
-1.541294257497570486e-01
-1.707212223964940101e-01
-4.423053588034485673e-01
-2.361118522443777512e-01
-2.735880409285807446e-01
-5.415008042570969293e-02
-4.953057069942748414e-01
-4.191063316069922884e-01
-4.888205497348276363e-01
-1.347195385110125931e-01
-4.767973538673571099e-01
-4.075243395694216897e-01
-4.107336868044557665e-01
-4.618053109378933985e-01
-2.630933229734859768e-01
-4.179515641898221001e-01
-1.979660706657786484e-01
-1.506971304038157711e-01
-3.541219074797798960e-01
-3.762458417649658382e-01
-2.247390585963891241e-01
-4.233088790099992504e-01
-4.154935736128655965e-01
-4.590653596054056207e-01
-2.435809211394114326e-01
-1.843095384618300692e-01
-4.083454032536070200e-01
-7.490048817103057976e-02
-4.954233907115810354e-01
-9.121877837453915006e-02
-4.202070678619840294e-01
-4.569635842552763338e-01
-1.269847540243367878e-01
-4.139549026686070166e-01
-1.305295236447989171e-01
-2.620482345588849293e-01
-2.328871059015662215e-01
-4.589514059726270689e-01
