7.040058648844158551e-01
9.308165301385519230e-01
8.588398933985564865e-01
8.581075526238892692e-01
7.212421275515057406e-01
8.005264264452591760e-01
-1.548940359526234933e-01
6.488833604236662334e-01
8.813620237382437939e-01
8.915645859475861412e-01
7.299559731080250691e-01
7.771233292809085480e-01
9.259868168708160763e-01
9.405773981460752164e-01
6.767633104451063579e-03
6.640723764015842301e-01
9.000147125830461059e-01
7.946749997057439563e-01
8.966227423434021127e-01
-2.545560256228267607e-02
9.111330647838589147e-01
4.513040494216609688e-01
-2.192114853443934974e-01
6.655478858032071177e-01
9.565482273072885011e-01
7.583645720736418294e-01
6.584991524619857595e-01
-3.046216134229235983e-01
8.209477967518906683e-01
-9.520651700944809948e-02
9.237121909362888683e-01
8.779010793431559767e-01
8.519447200022709499e-01
5.333090242791095337e-01
6.949398203901144822e-01
8.794093891642554839e-01
7.657387084823112922e-01
-2.626669940274073967e-01
7.300764879022955123e-01
9.231996164899977098e-01
9.114301724732309928e-01
9.434136464139522005e-01
6.192172433049614177e-01
8.848209772458673905e-01
9.489069332214927766e-01
7.108621546589130036e-01
9.326961698111760901e-01
8.719653534566207398e-01
-2.339866353701208768e-01
6.262813641645306184e-01
9.425668676520564393e-01
9.219353707076533011e-01
8.935400234771607719e-01
6.391427550920019129e-01
9.456244591589259008e-01
9.204868932661658398e-01
7.632715236052011187e-01
8.892758483983833617e-01
8.727464078241623513e-01
8.640360592525597738e-01
9.422564963045412245e-01
8.777984558599812859e-01
8.980191162290742657e-01
7.393340886395106670e-01
8.343724177956839405e-01
8.483950064101012378e-01
5.379944793362926303e-01
7.029092434754122820e-01
5.147666296587622980e-01
-4.789611528950501462e-01
6.468476192745482578e-01
8.089342998408015628e-01
8.970051966504202223e-01
8.954551327769577629e-01
8.758658382084931748e-01
8.438768228513024994e-01
8.982233859822118527e-01
8.355426343153247171e-01
9.200284978601870334e-01
-3.115371283222377330e-01
-1.269752584551903096e-01
8.962994531818767596e-01
9.483291189624822870e-01
7.445399525025284682e-01
8.689394428526093783e-01
8.909923481526551559e-01
6.801003341999112273e-01
5.236104617854789867e-01
-2.616153424090421065e-01
5.934156342385088490e-01
-1.128010056246147863e-01
8.929270884890576632e-01
8.615614880701409906e-01
6.489058714678295203e-01
7.160654318382471129e-01
6.444126628607158569e-01
8.188723416373634434e-01
7.234305438899104601e-01
8.384822489627344888e-01
6.980771096555696831e-01
6.293030873161826744e-01
6.526287428619591546e-01
8.829179355285048381e-01
9.011578677990272901e-01
5.894919833367828765e-01
8.700833677323107640e-01
9.586328425434704759e-01
-1.057347171337551517e-01
5.220574024652080425e-01
8.235650385698971565e-01
6.408488110450101249e-01
9.075167903505875211e-01
7.966297761380061182e-01
6.359520004078075273e-01
8.926763767654473103e-01
2.629845337164219421e-01
9.251604702815510173e-01
8.957763617931130407e-01
9.348641544938494086e-01
9.061955066519679081e-01
8.769459896382486574e-01
9.465088251625337623e-01
7.250666944399297709e-01
-3.005583990364013580e-02
6.498492486472093876e-01
-1.180351848481223376e-01
7.714148738749522227e-01
4.649761458480936582e-01
8.560903154972813178e-01
7.946285111018416281e-01
7.677712769504208001e-01
8.858575485517338199e-01
6.913610277543744687e-01
9.249146080667121073e-01
5.877406974768045744e-01
7.987978785799925152e-01
6.591083385886807866e-01
1.186984652430918552e-01
7.417294644019670757e-01
9.155182636963372644e-01
9.133168255784320788e-01
8.093081851561408913e-01
8.984621772428285080e-01
8.618438069787398570e-01
8.791244746174864400e-01
8.988846955397894467e-01
9.231710319599618630e-01
9.319079034729838007e-01
8.305317915970430453e-01
4.218256118216224260e-01
9.124909348490283234e-01
9.197767674505146207e-01
8.884401869737931223e-01
5.715321138562236003e-01
6.060554164420579593e-01
9.123220439467858434e-01
9.456398549124653830e-01
-3.077578490303475300e-01
7.609568154416455066e-01
8.861364622368272936e-01
8.828462999888876395e-01
9.496566679699103286e-01
7.876084294130888397e-01
8.717384695444505560e-01
7.195369454859973368e-01
8.938338701959207544e-01
8.718861845570312630e-01
5.139210847439800167e-01
9.036364667698448816e-01
8.398762354911364358e-01
9.466037237575991581e-01
5.386812819315799361e-01
8.726436708031384271e-01
8.823647415863233867e-01
9.318372254305554714e-01
8.004955437559730935e-01
-3.862189942132819298e-01
8.994192093427915147e-01
9.173945579842095466e-01
9.243074053371262977e-01
8.980423380100295283e-01
8.997409946039576223e-01
8.859125777139752467e-01
6.181898718554763583e-01
8.838380544293366059e-01
6.356413333164174784e-01
8.857068676341115498e-01
9.161966792188468434e-01
9.262883238725102553e-01
6.601941339359342908e-01
-1.146729952163239308e-01
6.879686082528871927e-01
9.069736978748366152e-01
5.988399350170894309e-01
8.752384142628266694e-01
9.259032058213604310e-01
5.903637923270088628e-01
4.685189430352334483e-01
-4.377221278974498531e-01
9.280148994635288862e-01
4.293626366199384536e-01
8.818067175695027959e-01
6.560189390725237879e-02
8.848864874557440530e-01
9.134462086345771503e-01
8.520613861371557629e-01
8.982600360077248602e-01
8.289792446126844627e-01
9.386904765868532285e-01
5.459013513725408107e-01
7.866965396867784399e-01
-4.547312204695892479e-01
5.206314294489372552e-02
4.740023707933693209e-01
-2.512766365383048428e-01
5.710282972928876211e-01
6.408144464556859710e-01
6.084016409699976036e-01
8.210629077009093946e-01
5.576096070983473929e-01
9.387778528630899011e-01
9.358275535272994050e-01
5.263371812799970684e-01
2.492142439985074731e-02
7.075652674651186080e-01
9.282403148245410573e-01
7.981490432767213150e-01
9.222874136864303019e-01
8.146156844514462758e-01
8.315443933318173997e-01
8.650713906680448373e-01
8.810836596036706325e-01
4.525865075901028822e-01
7.524284475615992118e-01
9.247539876241667178e-01
7.922893049342667471e-01
9.309606576615644391e-01
8.129520153056488674e-01
-2.069601125896770033e-01
9.168106545287779685e-01
9.307985620628549395e-01
7.108351239199969251e-01
7.579301488560834521e-01
9.104300389575281649e-01
8.699764785515005094e-01
9.347844751768020766e-01
9.478494850296913521e-01
8.938340814980847426e-01
6.303359747653185241e-02
6.064743050086319753e-01
-4.200714632497560830e-01
8.710951116596287180e-01
9.357139716385349804e-01
9.398249604145357816e-01
8.742175101484241928e-01
8.952040048396734395e-01
8.969837781013211275e-01
8.743426872635885472e-01
8.786206599241798143e-01
5.976819322285316094e-01
8.530388891195376244e-01
8.942375732060006133e-01
-2.975833012143549450e-01
-3.231863319338770801e-01
8.600509847193740232e-01
6.602914594676226878e-01
8.775601691025881612e-01
9.133044779967530724e-01
3.300356471760690913e-01
-1.136851042138592449e-03
9.196095585341657053e-01
6.461558527233535187e-01
9.463324629145866140e-01
