8.988510934546916076e-01
8.739266284544051633e-01
9.083098232879780465e-01
8.516507458133715236e-01
1.950261400315880800e-01
8.797505162438267190e-01
1.323198858290400570e-01
8.842799044252146468e-01
8.831825146329428389e-01
8.469278736434091570e-01
3.251373920670929119e-01
5.002758648350822401e-01
2.012129977652549750e-01
6.293412329633213398e-01
9.571035625088870624e-01
8.607611612273955437e-01
8.473409777988718528e-01
8.805063643592914158e-01
8.864706043781220846e-01
8.422169218753128295e-01
7.426384942821161461e-01
8.869128675138757689e-01
8.766724719636060925e-01
8.747755659524213412e-01
8.736139653302321673e-01
8.773072069606904222e-01
6.049649982151502625e-01
9.041749398344661737e-01
8.678565096812073110e-01
3.398364128303409393e-01
8.697920745196966452e-01
9.017115836616298452e-01
8.846700939764670091e-01
3.917312740043093489e-01
8.526629236331040307e-01
9.233101658433149339e-01
8.742415880398770600e-01
8.777195185697199697e-01
8.842306778027440028e-01
7.154406270151623115e-01
2.572253932074070604e-01
9.053821412873771513e-01
8.783771637553560163e-01
6.667710518404703635e-01
7.140433581340603908e-01
8.507199980620004931e-01
8.801230478871449048e-01
1.982340044628375930e-01
7.204646060721704437e-01
8.802113548595491554e-01
8.777785482767540559e-01
5.382811220542118580e-01
9.696544786379919234e-01
8.784655493231945389e-01
8.699400129908549939e-01
8.811288143082091073e-01
5.242036421553788461e-01
8.796905240984008723e-01
5.986731510307240489e-01
8.783675935810228985e-01
8.788988381975533226e-01
8.767505225745187980e-01
5.065099790183090755e-01
3.208879050882132988e-01
2.582713655631463379e-02
9.108441391444982438e-01
8.684815826599024957e-01
4.192781312419546769e-01
8.670689362100787445e-01
4.045860293423166887e-01
3.257481157610624956e-01
4.890563328328220161e-01
1.856544336125788008e-01
8.767869870195240667e-01
8.682519344782931858e-01
8.737953458400676832e-01
8.772182136985372525e-01
6.946421856784119608e-01
3.726177250019848675e-01
8.720330279620032154e-01
4.567707375518202939e-01
8.677393735765254190e-01
8.391148635695565572e-01
8.773202100239261281e-01
8.713394913308252221e-01
8.795486961401924875e-01
3.390369624175092467e-01
9.306372850061142010e-01
1.495272696504190146e-01
8.207078069033304502e-01
6.660818729587002496e-01
9.125525210868756787e-01
9.044956301277504718e-01
2.863253898294635391e-01
8.749795608267441072e-01
8.534989888689856752e-01
3.199020345515561914e-01
9.167299699662386780e-01
2.597481651067208297e-01
1.544622321279663646e-01
8.878908153290980820e-01
8.943538138932730641e-01
8.787798392691673621e-01
8.690385154554327585e-01
8.762441203831712322e-01
3.188177210166630582e-01
8.801286049038886672e-01
3.390705661269053928e-01
8.912287274119514713e-01
8.129611889701249261e-01
8.816069880585750695e-01
8.735969840643587059e-01
8.701140238827281825e-01
8.769925399974127789e-01
8.861276455203616065e-01
8.711971485884881794e-01
2.332613285477894149e-01
1.092060196956079476e-01
8.594275455371052086e-01
8.847697511900396439e-01
8.766091298376157415e-01
6.313240535993536184e-01
8.863607910937481016e-01
8.703846382279889493e-01
8.751725466383577512e-01
8.699353281584761843e-01
8.644636217809814616e-01
8.464170933963000021e-01
1.703841282176871696e-01
3.442151294971672049e-01
8.819090234720616817e-01
8.741706674801688060e-01
8.784626115202239793e-01
8.665053042411174911e-01
7.882737622330227012e-01
8.784271379593506790e-01
1.530373577833273879e-01
4.878217777083354023e-01
9.083931095853111648e-01
8.812978742205916927e-01
8.809787680653540232e-01
6.275783350651340520e-01
8.862337938556701378e-01
8.787700705628883613e-01
8.737126510926778167e-01
8.662341538817064368e-01
8.682178504764553884e-01
1.477756934635508779e-01
8.812981169463712794e-01
8.831991875537082981e-01
2.869353131677153113e-01
9.327748336384329431e-01
6.750036087234515536e-01
7.845223148482385334e-01
1.139747138692802780e-01
5.912238067245777495e-01
9.339424004696625925e-01
8.788526754120215001e-01
3.642772488617049831e-01
4.339793644650595805e-01
8.563231672372338954e-01
8.790786312277416581e-01
8.819645931170306818e-01
8.221620633942868794e-01
3.911696695922459721e-01
6.593941090724939613e-01
8.754001048832336096e-01
8.727004446803025006e-01
8.911426266318920320e-01
5.431612126524199002e-01
8.797295985206677882e-01
8.287274525430075034e-01
3.657833376950743176e-01
8.467247994214879281e-01
8.881805741682549105e-01
2.224075823065291002e-01
8.733843829242154966e-01
8.744254014202520464e-01
5.164996754603157214e-01
8.696466679604044625e-01
9.014737558803106454e-01
1.414992943264609948e-01
8.713395555884076993e-01
8.774453574030591785e-01
2.910943968176475938e-01
9.110489630952092188e-01
2.754126694071569736e-01
8.835677906962150496e-01
8.844647749642013945e-01
5.470780065346352306e-01
8.749749016869672325e-01
8.777214312313648126e-01
8.873837499304413345e-01
8.732236682983747222e-01
8.907465979107140885e-01
3.651145635651513732e-01
8.710257123550623204e-01
8.788824902853983323e-01
8.697469291124715340e-01
8.833313130462855378e-01
8.803211910449024735e-01
2.830434290345700821e-01
8.768908212749666475e-01
8.303871437236091113e-01
1.061819600099161431e-01
8.832799196052778523e-01
8.670232125937324952e-01
9.289861130681106305e-01
8.795146165159934970e-01
4.643612069894444416e-01
8.802303299591900387e-01
2.606762118949222384e-01
8.718999973722991736e-01
8.779678626322968693e-01
8.705763640541381854e-01
8.420234381745322905e-01
8.781136137666729624e-01
6.511731589814623300e-01
8.742739419411079682e-01
8.958283465771686993e-01
8.805747806354730089e-01
8.797578571215489696e-01
8.774159795277868268e-01
8.539472334614011118e-01
8.858944692305117385e-01
8.760136860205702813e-01
8.721284305060357234e-01
8.759340295314314018e-01
8.127835435797269303e-01
9.026788626028472429e-01
7.521699011791898037e-01
8.735569240137502911e-01
9.198629546522724132e-01
1.411820627712283283e-01
3.383914915141889579e-01
8.758293832718128114e-01
8.786654881857223209e-01
8.763011547107426580e-01
8.814197460460641009e-01
6.993742164584771936e-01
8.759362681003890483e-01
8.317845778038164273e-01
3.391211175727135707e-01
1.492732964415845465e-01
9.132307205972988173e-01
9.209997328717608456e-01
8.754641691865094888e-01
8.943623144520667090e-01
8.327787839092726241e-01
8.197490739539978755e-01
2.555995610239144566e-01
8.567724925621513776e-01
8.725155264006958511e-01
2.028043565167593765e-01
8.862400614756540396e-01
9.055003646870283252e-01
8.768826365129676059e-01
8.284004530154585044e-01
8.911542624711065175e-01
8.896455613214713232e-01
8.825614763823246278e-01
8.826445232947955910e-01
8.457522832715917982e-01
8.788795368394795027e-01
8.346909517902969533e-01
4.496395667090709036e-01
3.062175259447106335e-01
1.810218927581104809e-01
2.143480552845841713e-01
8.798136530102760311e-01
8.681099583559078736e-01
8.774923462237851357e-01
2.436330770527456724e-01
8.732359131147827691e-01
8.278554428562996392e-01
8.757101613882896096e-01
8.846525903677544544e-01
2.520310510227561362e-01
8.777247861945561835e-01
6.399352259037806023e-01
9.083571229402023217e-01
8.773065353528359811e-01
8.769045437649377606e-01
9.025570331712439165e-01
8.773662524801660867e-01
2.223742882077491545e-01
2.507626270360114873e-01
8.815644108639637544e-01
8.720831552687582366e-01
8.678160653550555104e-01
8.741784342780796191e-01
8.724716638879436159e-01
8.886144480887345765e-01
8.656214869687340885e-01
8.812850053195576683e-01
8.859161808251153625e-01
8.938153734890695867e-01
8.752982187949164272e-01
3.511284326672529099e-01
8.705500538222551432e-01
