8.841454915182422880e-01
8.823594637163985066e-01
8.939887438975195888e-01
8.906202132502704094e-01
8.886353793526524658e-01
8.941386908073754025e-01
7.753104796297980439e-01
8.122853883327383340e-01
8.746170666574630825e-01
9.083578820599982340e-01
8.538623475761675241e-01
8.935566063002069459e-01
9.040013793025242217e-01
9.080565494483602285e-01
7.948002143839540956e-01
9.033019749039585822e-01
8.991876200397577179e-01
7.117243039441047969e-01
8.822276792176586557e-01
8.155353451444835589e-01
8.825081544614330475e-01
9.211065121218428020e-01
9.042517922285699949e-01
7.732145476350467117e-01
8.539399444897586289e-01
7.394138830118800465e-01
7.984975539918333087e-01
9.317194101740728929e-01
8.893892350368779454e-01
7.695567520208401735e-01
8.383195392163573789e-01
7.929175918401998313e-01
8.993964779061005554e-01
7.668739710960353895e-01
8.718338059956032282e-01
8.941534933500332460e-01
8.926038918178913484e-01
8.965168372861515023e-01
8.572361963116615913e-01
9.019864264037733559e-01
8.833184139652517919e-01
8.475733914583705175e-01
8.817250089589072637e-01
8.869495792757738917e-01
9.166861698743344888e-01
7.964013893184088699e-01
8.809780540505410817e-01
8.942178322726579420e-01
8.856693964443551614e-01
8.312092967819439959e-01
8.793382674821148548e-01
8.948014732431590623e-01
7.434089268323912369e-01
9.290126621465031320e-01
9.042206912081369730e-01
8.976565596016016224e-01
8.953562615592238760e-01
9.096967010567167389e-01
9.161610742054075995e-01
8.001428952186496746e-01
8.854332794253669814e-01
7.631947221269579362e-01
9.116214061252889689e-01
7.627294069877821325e-01
8.900181120951882185e-01
8.217896968623739085e-01
9.102257854042608010e-01
8.998226512624825091e-01
8.966353769196129253e-01
8.122524644794788529e-01
8.544523105507237926e-01
8.781738374191162544e-01
8.655015426293040104e-01
7.167690402570724428e-01
8.981543806618490500e-01
8.998112105096500724e-01
8.865601237034596016e-01
8.670521031427889103e-01
7.315088763113635206e-01
8.696472101022398871e-01
8.157443239355300912e-01
8.796287329757850326e-01
8.884405935772488050e-01
7.555306983812779542e-01
9.132878118026532821e-01
9.059493888448553189e-01
7.572876512957581463e-01
7.388181168368933571e-01
8.960255129396557106e-01
8.435124184911338974e-01
7.271575945610575520e-01
7.533767467907599436e-01
8.374064441392780056e-01
8.879581500629583068e-01
8.287205114804966355e-01
8.732028726074493319e-01
8.946261173968019786e-01
7.164390490352670060e-01
9.016405088106358434e-01
7.560771006799757998e-01
8.864734429177243413e-01
8.750311682291463944e-01
8.776074721854629779e-01
8.892929779887495112e-01
9.198686015655704873e-01
7.414195632767471844e-01
8.927866875725445350e-01
8.801855801052184125e-01
8.889850166754671434e-01
8.580056517175504993e-01
9.168936017594426779e-01
8.942380797468476583e-01
8.886558932450565607e-01
8.414398237463472929e-01
7.371621662041434320e-01
7.124210806747446334e-01
9.034434230333927562e-01
8.741071619382705382e-01
9.005267656542590426e-01
7.777879857798557506e-01
7.485567674363251545e-01
8.730454106980062301e-01
9.103768500915067063e-01
8.689877489757229512e-01
7.300077224757390848e-01
8.940523156701762897e-01
8.793726345954049339e-01
8.887238687290008876e-01
8.089900232347845277e-01
7.532245287472956186e-01
9.423106821038007563e-01
7.667500962528701614e-01
8.904161965010282120e-01
8.930996611382991945e-01
8.907294085657404548e-01
8.712798624870385922e-01
7.728622924719799059e-01
8.145020214645515289e-01
8.890653101790662038e-01
8.863948465035873525e-01
8.754121269126258209e-01
8.914653703959818376e-01
9.144782698817321975e-01
7.561319383831408558e-01
7.438422419864996193e-01
8.584341151034492468e-01
8.993115239806716010e-01
8.268323222181013232e-01
7.711453855234631227e-01
9.066663802891490320e-01
9.214244412498073800e-01
8.825601916159411253e-01
8.883486640190998429e-01
8.989398277375859614e-01
8.620673914725007769e-01
9.117697738731673773e-01
8.915759034472308109e-01
8.977307997155208330e-01
9.015512525565883006e-01
7.770634549913305600e-01
7.273636476506223358e-01
8.508150029638696932e-01
9.045646196619494539e-01
8.823318944445694978e-01
8.633789702921605969e-01
8.911075440681102133e-01
9.035600979765066043e-01
7.611746061629319771e-01
8.959445338922538138e-01
8.984249897520075745e-01
8.550677651510825150e-01
9.007714021878939770e-01
8.675415658983727241e-01
8.811664559448372236e-01
9.030818711423662659e-01
9.224347303631619255e-01
8.924201210996083322e-01
7.302601082479366346e-01
8.153911558068205334e-01
8.232137525955673940e-01
8.763897519751161491e-01
8.810794443640452833e-01
8.998583633001295823e-01
9.188790145734109238e-01
9.024663710723995758e-01
8.037884744149959015e-01
8.643061815935075831e-01
8.750925705294935186e-01
8.556280120146815271e-01
7.250480013856133166e-01
7.621802877993377745e-01
8.651408998619503077e-01
9.076220858751156140e-01
8.622695321386053546e-01
8.925391474177450934e-01
9.084450295195380942e-01
8.987484770584939220e-01
9.045826659022481175e-01
8.191638983372235838e-01
8.837994641661295336e-01
8.960544718077861903e-01
8.889639237947311035e-01
8.194864586275629748e-01
8.906648240145866868e-01
7.238371636607368043e-01
8.920590711063651757e-01
8.525859010784335723e-01
8.621278251326582875e-01
9.006148454887838994e-01
9.043412766171794459e-01
8.864304160843164970e-01
9.068475285716579570e-01
8.966997767072657499e-01
7.562855767242715466e-01
8.947225250567282240e-01
7.565709368999640194e-01
8.389578698052477801e-01
8.794417541547876471e-01
8.911900670633524646e-01
8.964085157056285169e-01
8.536618384991441211e-01
7.558235249752192075e-01
9.080059360524768142e-01
9.162921273253534782e-01
7.637934921658720011e-01
8.721524959515232212e-01
8.958077902830732242e-01
8.168145851022676762e-01
8.978014724809133540e-01
8.873553101217311889e-01
9.034801742682786463e-01
7.526307667099874088e-01
9.023817184676972136e-01
8.653322610969107487e-01
8.836016176597001337e-01
8.978022143417687673e-01
9.043711775331613190e-01
8.926748755303060001e-01
8.778044884089102329e-01
8.810221148744503683e-01
7.301575824870778497e-01
8.917613345793133917e-01
7.214990397870556516e-01
7.522562239546506380e-01
8.997726538259345208e-01
9.021644528038901267e-01
8.948136538585005351e-01
8.629625917121873657e-01
8.661436697746031088e-01
8.430625444730308615e-01
8.568622245921455605e-01
8.593068956402127867e-01
9.320618863956471323e-01
8.793352629381079311e-01
8.981467752485923217e-01
8.859651005120003919e-01
9.233681052471672812e-01
8.555787555698588509e-01
8.765998615138893557e-01
8.128224586335598412e-01
8.980451258344930299e-01
9.029255075033220113e-01
8.859110173042625824e-01
8.995314773298199729e-01
9.238442415228624860e-01
8.839952077731816349e-01
7.648294184926920369e-01
9.134130117787689906e-01
8.887765147067808735e-01
8.934467849882357093e-01
9.083559655968784785e-01
8.614475205579128492e-01
8.126331015239094402e-01
7.602297949834242452e-01
8.471499875600502216e-01
8.256893285590475307e-01
7.844554123051614702e-01
8.339856473123008485e-01
8.329742855863918605e-01
9.081125303480457323e-01
8.885989479003709723e-01
8.756522121691509009e-01
7.572773890982898992e-01
9.008198372326028380e-01
8.929201622386233606e-01
8.689006961728888978e-01
8.855270463330783270e-01
8.722326779424811605e-01
8.816964553145590910e-01
8.768265655453137963e-01
7.594702511846147530e-01
8.914831363536176445e-01
8.361604753011612212e-01
8.976177336553631259e-01
9.121477556210709770e-01
8.953126837919439529e-01
8.587319903876304839e-01
9.017554367574721619e-01
8.607352291728378457e-01
7.189667173361183883e-01
