5.267041668990479764e-01
-4.137666862570925363e-02
8.325024599879617959e-01
8.280375376106835494e-01
9.128317716948355365e-01
9.280855386424862186e-01
8.739264355069907841e-01
1.108452294614768047e-01
9.317545507180601261e-01
6.805156682874774488e-01
8.722016008656334751e-01
8.897977913607975076e-01
1.584322228489923046e-01
7.383599908309428361e-01
4.283679067345767533e-01
8.753307957437874709e-01
7.645721348244346460e-01
6.166982381727557083e-01
9.303188492717421321e-01
-4.559792741244010905e-01
7.336311968375006654e-01
8.089808656158917755e-01
8.589457567033380592e-01
-4.636595158927988569e-01
9.175738859744737574e-01
8.854701886998004312e-01
6.387777318032786811e-01
4.221293802755189395e-01
8.507291162952448360e-01
-3.227802530578337548e-01
-5.242733881355832182e-01
9.342476430395010301e-01
8.484057645802666192e-01
5.472523533036430798e-01
8.279449015903425080e-01
8.547026025908148750e-01
9.261052811536423235e-01
8.438491692990919280e-01
8.648201049068339197e-01
8.894268147751396292e-01
8.253331745514832507e-01
-4.790653365405296293e-01
5.586869551979675164e-01
7.536474979335185953e-01
8.569429090807486604e-01
5.770049995686690192e-01
4.310559659069082561e-01
2.672277417539336564e-01
8.572339316574313361e-01
8.353022495404490710e-01
9.128517697217406468e-01
4.372112733604396340e-01
-2.323823694752344959e-01
8.970329565590011711e-01
8.971152853521175974e-01
7.772497059888621163e-01
7.617517816018533061e-01
4.695945756371588953e-02
6.998916062259430415e-01
6.836722546929006050e-01
8.810849615424696246e-01
-2.437822686041322684e-01
7.491862347399891320e-01
-5.430177822656474529e-01
-4.516726051901364114e-01
-1.526443350239194974e-01
6.923342593801243838e-01
8.953525188144287883e-01
9.370979587906680397e-01
4.009266925575880047e-01
8.272270033889036478e-01
8.448123987470534946e-01
2.392009507930442924e-01
-4.612781281567301939e-01
4.219058193738696172e-01
8.675584202522658162e-01
4.396955517603442498e-01
8.714421106677601170e-01
8.724129540846059516e-01
7.964459593986156216e-01
8.450730806875916823e-01
1.691178670280910623e-01
7.557615950539975369e-01
-5.646261806342784961e-01
9.235841913438180839e-01
9.066571835744146046e-01
-4.075118877993693101e-01
-3.825822321840830487e-01
8.618784910502812480e-01
8.022425007095528304e-01
-3.983119054828320182e-01
8.817038434430835014e-01
7.838882953762353889e-01
8.334656130153730302e-01
6.011952566044378443e-01
-4.865170302655951184e-01
7.094209436902290111e-01
5.351351336254022151e-01
4.054445720593826685e-01
8.522964654311292465e-01
6.846464273255246091e-01
8.816119904969168530e-01
8.560737005977387959e-01
5.634403502067629743e-01
8.778481944401714809e-01
-3.188622338665656475e-01
8.793888604623021354e-01
8.434669531551794996e-01
7.384788986834074365e-01
9.436120003980432713e-01
8.954098214446060133e-01
8.909508412097999486e-01
8.209764291282388715e-01
-4.886910668217543385e-01
8.336588188150696466e-01
-4.608133675648183880e-01
9.201150091133065700e-01
-4.854642753967223778e-01
8.800515278261505925e-01
-4.979203402422590630e-01
-2.682975329553753396e-01
9.446764974640314838e-01
8.482605096474080675e-01
6.464606641699156553e-01
-4.755704606704099224e-01
8.612300077089429795e-01
7.655890589243958821e-01
3.572959937166882982e-01
-4.452441596643034183e-01
8.265379887809065629e-01
9.133482577492183507e-01
-2.551791622580454888e-01
7.723226117150210346e-01
7.173773132833928257e-01
6.299171404431538335e-01
8.581581469013042085e-01
-3.707532897775559499e-01
7.581572066202653115e-01
8.452884599555829936e-01
8.405916885743924816e-01
8.262505160255256831e-01
8.063940167463253816e-01
8.087766502557061088e-01
-2.040291058257678869e-01
-4.112982100328018142e-01
9.371708879484808019e-01
7.905964589907865658e-01
-4.721905026067744204e-01
7.571284397521399478e-01
7.665996960174250585e-01
8.893328432035239040e-01
8.280755719847626706e-01
8.111532457238471716e-01
8.283348024596903780e-01
8.588785041510034191e-01
8.732558486263892750e-01
8.648029633579813469e-01
-4.526877487924216847e-01
9.041594395384046079e-01
1.363689018446462287e-01
-5.993759429620173496e-01
-5.829585445591964898e-01
-1.288528907826519410e-03
8.890493403173997944e-01
7.766747636904960395e-01
9.175088739869157184e-01
8.993064023492991499e-01
3.669344575698503252e-01
8.211834412870758770e-01
9.187205889410982040e-01
-3.879195277634316930e-01
8.134600879920288463e-01
8.299872696418590934e-01
-4.414274050825567342e-01
9.225420646771185229e-01
8.484797925606235580e-01
9.334351938331201248e-01
-5.144928633564451737e-01
8.529387416073147543e-01
8.721038480628540146e-01
8.664139665769028387e-01
8.502398574172143064e-01
2.710981682678624272e-01
7.297366413685271169e-01
8.711585122368832312e-01
5.777693086196724614e-01
5.092455665163757583e-01
-5.923592280115910214e-01
6.212341712295563756e-01
-5.404028145329746735e-01
5.885657734645673156e-02
7.459660517816970593e-01
-1.052449790271891006e-01
7.710126845823452868e-01
8.936424688211308531e-01
8.747905541785110373e-01
8.925675991466945902e-01
8.695859702836317151e-01
8.578259438545996485e-01
-5.930074330151289264e-01
9.354611595868820295e-01
7.921437377820816916e-01
-4.582347551545193909e-01
8.125557940116343580e-01
-2.193462160073469391e-01
5.929196821070514822e-01
-1.177464262937649719e-02
7.628544963594381390e-01
5.242702896033732962e-01
8.802207776836925568e-01
5.011265177402023374e-01
8.991066076539333540e-01
-4.001427885753580105e-01
-5.229551879779107404e-01
8.371835413385403379e-01
-4.081243606457705952e-02
8.496502254633473417e-01
9.223873368767645520e-01
8.523657969092862663e-01
8.342285384527994285e-01
8.213647488501129024e-01
4.781522226496572880e-01
7.984019833816684564e-01
8.189906696642914596e-01
6.913436805569425081e-01
-2.664959927161487663e-01
8.486951028591985802e-01
8.694302165321429188e-01
6.207957975615006063e-01
6.080657559632532960e-01
-4.779771234911830424e-01
-4.019973887812416935e-01
8.246988691142623784e-01
8.868126405067467966e-01
8.833401503581046477e-01
8.136585457941245547e-01
8.887894680167254258e-01
9.355378727099794567e-01
9.166813936967157517e-01
9.092056958265467559e-01
8.536545203121541636e-01
8.872015401034600846e-01
4.804221625324620604e-01
8.225838578610331631e-01
8.839914326613869111e-01
7.263488921904797113e-01
1.502493797700720501e-01
8.920017152881873912e-01
4.378350899676860530e-01
8.286323064377966174e-01
7.992383610320804577e-01
-4.207372595193948905e-01
8.357361570149415275e-01
6.799068472511622385e-01
7.832448418039341664e-01
8.418966206391518270e-01
8.965829439794866795e-01
8.936322652104007336e-01
-4.727630561664751263e-01
8.397000747833068823e-01
4.899154989680352124e-01
7.344478837432741880e-01
8.721257595555800268e-01
8.414469157803023958e-01
7.882936969389211512e-01
8.485915029780279895e-01
-5.199436534284520572e-01
9.197352597306984734e-01
8.370776564365344230e-01
8.326432484611735463e-01
3.197396913021559595e-01
9.044232318906206824e-01
5.724181821558733674e-01
8.922824448305508582e-01
6.596125458927261098e-01
4.032666230044612554e-01
8.849294127613920313e-01
7.867731008241736212e-01
8.590833834234802291e-01
8.154133169047161900e-01
9.034434433229873163e-01
8.357729178527855129e-01
-4.095281509178569368e-01
8.072189357152802502e-01
8.161775938203437164e-01
8.016501628654537637e-01
-5.802071573307112651e-01
8.926708457298564436e-01
8.756238600308590136e-01
4.531602303398429843e-01
-5.003370956240702494e-01
7.603075113058708201e-01
8.297076944892963768e-01
8.338442883694127117e-01
8.355969147017465737e-01
9.162381259306737746e-01
3.517324819107343070e-01
9.111210437515953053e-01
9.226485355462821225e-01
-3.166494517202477210e-01
