6.237407204566388641e-01
1.116431071936065250e-01
4.874891925538768489e-01
7.969988448060405517e-01
9.705803647601622952e-01
2.471611691477548223e-01
8.320780373703822175e-01
-8.351359998084256775e-02
8.931052439978006685e-01
5.162648144262566019e-01
8.829197809047288903e-01
1.653357622411013306e-01
7.290446020156593487e-01
6.416935253773505821e-01
7.601415439181664624e-01
2.005847170676314795e-01
-1.363416614221686085e-01
2.653920109483909329e-01
2.886441030705789723e-01
2.640511248303081815e-01
7.368675325174065538e-01
7.151709838334489033e-01
7.580053541973229558e-01
8.776064580512331625e-01
-3.208411660820194022e-01
7.117499045564223970e-01
-1.722751727694798451e-01
2.592548604326486705e-01
9.256527556986682281e-01
1.530257567456555778e-01
2.373702437107111929e-01
-2.369390300872473154e-01
4.076821024776471347e-01
6.533464668356572247e-01
2.682451231523971802e-01
7.565643558479491215e-01
-5.894389705240290489e-01
8.159671103256451730e-01
8.090612516798203480e-01
3.311752408849083507e-01
5.465045604828556725e-01
-3.780156918683820200e-01
9.053416884278893129e-01
6.884090397208209033e-01
2.522207964366888211e-01
-2.770903201733533883e-01
7.011838378929272642e-01
6.400197116678389975e-01
-1.365670033278132967e-01
7.275418118436014492e-01
3.155611689780507545e-01
6.652388819464765124e-01
8.043075333790954407e-01
3.313527860717073170e-01
8.312937757268470396e-01
-3.404900418059086387e-01
4.565270596227770650e-01
-4.825338096501137208e-01
8.137758902962692886e-01
6.771104890916572749e-01
-5.542970347763260808e-01
5.555125852320361712e-01
3.490294004506431236e-01
-4.252620944098802758e-01
-3.571979520427316368e-01
6.624619077435756065e-01
7.406370832777257052e-01
8.495159545902379872e-01
2.288535596899013147e-01
6.626960005017468180e-01
-3.716186593919500458e-01
7.341115467482416390e-01
-2.972565760772007404e-01
-1.969846203504423965e-01
6.986208797467179377e-01
7.788430260011918183e-01
-2.936491362170002839e-01
9.160543055915799648e-01
-1.251902692859012678e-01
-4.322948222879189339e-01
9.046276397415657922e-01
6.992631898175389882e-01
6.044504687702410006e-01
-2.821996370839812140e-01
7.633955654387344358e-01
8.948318261983085886e-01
-2.639005263082404573e-01
1.591232768643433548e-01
-4.729789802303003832e-01
2.655159203054997530e-01
2.022651250101630827e-01
8.618149432180386427e-01
-5.080300488340739884e-01
7.437088409009116052e-01
8.646752405847242251e-01
-1.480307410004459978e-01
7.764379963645299254e-01
8.900271807082076325e-01
6.822025318327589183e-01
5.280320170910454136e-01
7.372902655386541770e-01
-7.546927760135556384e-02
9.044379241481049769e-01
5.431108834612146108e-01
-5.258826127390741068e-01
1.278123614362680627e-01
2.411002888832246560e-01
7.421847605970599560e-01
-3.101218091127321275e-01
-7.000341169052991253e-02
8.668773555711610790e-01
6.941390860626297510e-01
-3.959012156436738095e-01
1.719541331936418893e-01
7.465207574867627205e-01
-1.993184505704233001e-01
9.007093008070242712e-01
7.474333431658723992e-01
9.340232280408597987e-01
-1.535219350694091989e-01
5.677331025245058171e-01
5.619267855646130627e-01
7.390133734600947690e-01
7.663099089034068889e-01
-2.675321497804309390e-01
-4.668835748874624603e-01
1.329674208530692014e-01
6.448222214065508773e-01
3.813708328507806056e-01
7.276962457198900003e-01
6.933217527745931807e-01
1.159648133507912848e-01
9.852006020523644825e-01
-4.350134097198865013e-01
8.482604276429503987e-01
8.426882437354130673e-01
-3.758311566983386642e-01
-4.935405266907141320e-01
4.883205511613419314e-01
-1.732584818611799249e-01
9.401621396343029513e-01
1.898995137220262919e-01
7.309336273102686743e-01
6.225763705232650880e-01
-1.395748518990043707e-01
2.498692282569309198e-01
8.519541368732153064e-01
6.560124799636106729e-01
7.837833711784687463e-01
5.678959864276339475e-01
8.240072500273476486e-01
7.952229843321139136e-01
-5.602974464383317921e-01
6.519523511446981834e-01
-1.930323865443548947e-01
-4.987703734886734797e-01
-1.407334105707037375e-01
-3.765046201685706695e-01
-5.476518857740316770e-01
7.898993500763245024e-01
-5.082510296340562173e-01
-2.273484100204421071e-02
5.599660163274458036e-01
6.733691153137820740e-01
5.230763787516994334e-01
6.901357325409582799e-01
5.622358018230253496e-01
6.335968652872849827e-01
-2.111449993287151106e-01
2.376649896886531277e-01
-3.215412674811846117e-01
9.480977902195051321e-01
6.599817772943494809e-01
2.021882015966118828e-01
3.937305351745512549e-01
7.186818585974181772e-01
9.733485042998315517e-01
5.995032109715465740e-01
8.539093924128409174e-01
7.516537523875438387e-01
7.646757365106209292e-01
6.439191767270204814e-01
6.668607342375801883e-01
6.906749734469790347e-01
7.632676663597531830e-01
6.143598039478224138e-01
7.349571584404295255e-01
-1.855511517655902276e-01
6.893231390409502168e-01
-4.817384453180811876e-01
-1.944416554489154514e-01
-1.377957861692255814e-01
7.345641637776281208e-01
8.733294064642136423e-01
8.371000397492607270e-01
3.830079316820684809e-01
4.979787513633773810e-01
6.006983007311177403e-01
-4.348048584792945093e-01
1.649248741319639944e-01
9.551496105481616095e-01
8.923103888904178049e-01
2.297229087404772108e-01
7.571385850354552804e-01
-4.379645682256920747e-01
5.761745113202574320e-01
6.740662444753187099e-01
-5.857534187839483764e-01
-5.369821958439442433e-01
8.020572302471598025e-01
5.974647508222481473e-01
7.687756665270528700e-01
5.587956197974315309e-01
-3.996571631382129230e-01
-1.732979017188612803e-01
2.091890438040762135e-01
7.858871332690858802e-01
1.881286155929806359e-01
-5.030390696188904442e-01
8.325523783180727166e-01
5.319374623737999075e-01
5.872849906064998571e-01
-4.869255333109781536e-01
7.347124853525526245e-01
9.056243055393811137e-01
-5.516253401230776232e-01
7.703103155835369087e-01
-3.635765118715698629e-01
5.675543051810274520e-01
6.843652660883129402e-01
3.131628439544142939e-01
8.066722367428467155e-01
7.279653146488371807e-01
8.136684731773864421e-01
9.888220277004953207e-01
7.003891140520566161e-01
8.259824156946146134e-01
-4.056565964751177034e-01
5.591535267313274549e-01
-4.250139594137402055e-01
-8.795878870937556826e-02
8.437887303877370515e-01
7.003101872126915595e-01
7.911116206249892979e-01
-5.818768634977604659e-01
7.774981723593048510e-01
7.642756807955281007e-01
8.420794034215897117e-01
6.318482611238740443e-01
8.170576521406200943e-01
-1.141734346636088943e-01
2.754125585684550348e-01
-2.584106896618488802e-01
7.668543710293556082e-01
8.496608470328836926e-01
1.545179445648739713e-01
8.600692499194293461e-01
7.223511487501914630e-01
-2.425641404063422768e-01
-3.192561640515945154e-01
5.320792235922541247e-01
8.937875417031810876e-01
8.476678632218017651e-01
6.855034791279904782e-01
8.427463717616665573e-01
9.934099888196108452e-01
-1.356797458419177482e-03
7.637172466594673859e-01
9.771687536068003332e-01
8.402793083845130351e-01
6.079843846737876811e-01
8.376461227934268727e-01
7.017520211641220529e-01
8.510406072196865512e-01
6.755362181671138444e-01
-4.027323171491423159e-01
9.487512059799593223e-01
7.527181423585868059e-01
6.722010306705974436e-01
8.707526237886232812e-01
2.608128655171471633e-01
6.273235240644901012e-01
-4.357063060093427920e-01
9.251788546799886159e-01
-4.977309460557913789e-01
6.028458851373351690e-01
-2.653491891303869643e-01
5.270905449513150209e-01
-3.858396520684305164e-01
6.647079610152251128e-01
7.770966294813053121e-01
6.574145148122436666e-01
8.196321718128101175e-01
3.100568887830583709e-01
8.590764892694964239e-01
2.552576611696183440e-01
5.466354693618797889e-01
8.382040103662802277e-01
9.764059329818473021e-01
7.762815060012564494e-01
