-2.298759918101779820e-01
8.977198214247981145e-01
7.249585078438941510e-01
2.965607258053190032e-01
7.742656169572161851e-01
-5.529172732208509355e-01
8.120266462276909403e-01
9.335661741170149241e-01
8.123742068648059922e-01
8.075526323290893593e-01
-1.678595706129253906e-01
7.799677105748605843e-01
9.355806427970888572e-01
8.359180093478221218e-01
-2.836560192209286457e-01
7.662292053329357033e-01
7.895875567832477682e-01
-3.156980246742558949e-01
7.976511468832470086e-01
7.346695850577551479e-01
-8.379849225482395580e-02
-1.739993583166165037e-01
-2.813081888793215746e-01
-1.572415956801625492e-01
6.600711700808918891e-01
8.610700710839265248e-01
8.410495735488804359e-01
2.548820933116978660e-01
2.592362167840973619e-01
-3.950377002109782820e-01
7.454840376169630245e-01
8.359032736692384447e-01
7.345440612532292413e-01
-1.096919905163107473e-01
8.585208911374835328e-01
-2.545089920038172693e-01
4.282589576630566053e-01
8.206658470059119415e-01
7.751705264612039903e-01
-2.027703059901704852e-01
8.126011199879773494e-01
7.730784904131784430e-01
9.379660736393364839e-01
-2.601395963515200083e-01
9.426162763691661173e-01
3.195307156972455598e-01
-1.294926225108055384e-01
8.652223589896077538e-01
-2.379141529628247542e-01
9.415420334974586858e-01
8.005610487286880517e-01
9.362614359097165551e-01
-2.579369479255053665e-01
2.750107586519043856e-01
-2.231065086217243476e-01
9.321482896309178923e-01
7.685595633143363914e-01
5.008882169227237835e-01
8.365256699112382233e-01
-2.191694066915101657e-01
7.692086942086919787e-01
8.616274459120856211e-01
7.494175595103624854e-01
7.084982355515088148e-01
9.394515412562549628e-01
9.918097075277629848e-01
-1.618630317926845752e-01
7.430045944362656529e-01
7.556703864098615053e-01
-1.593083337031518387e-01
3.052289837221306978e-01
-1.616651039887658514e-01
8.554367939111413577e-01
9.366221619555480382e-01
8.243747340124256695e-01
-4.183981634874885946e-01
3.119108316013001203e-01
9.125794822857455912e-01
8.733194256497514019e-01
-2.115786500619769028e-01
-7.168539058371574402e-02
9.513916096894105001e-01
-9.101354044275784816e-02
8.974337367508160579e-01
-2.321094062763740529e-01
9.196707565504096404e-01
5.769471764179545659e-01
8.924974930629878678e-01
5.427068355947796130e-01
7.451309563822279269e-01
-4.864111519075754453e-01
8.272911537236955493e-01
2.552732656781874221e-01
2.864174897833007272e-01
9.013995778525960567e-01
2.558063454383107116e-01
-1.543347569590038937e-01
8.755996554064785498e-01
9.709341860441201844e-01
9.381504355914502824e-01
7.613863929160287203e-01
8.328826357370626710e-01
9.156210441055105953e-01
9.661947400631948346e-01
-2.092674979599434548e-01
-4.527143038247771756e-01
-5.334054491252686603e-01
-2.624597354221079315e-01
3.185323075048822616e-01
8.846713916545673184e-01
8.254104554072287936e-01
7.793521437153663189e-01
8.324377662078519258e-01
-1.204666223533930464e-01
7.844164911312616617e-01
9.838622710962368068e-01
1.993928833752588170e-01
-2.017708945373690721e-01
7.672831545286042942e-01
9.174489631281701474e-01
7.983057337298535838e-01
6.878789348788535429e-01
8.562094256712416973e-01
-3.145863022091092698e-01
8.334740280838195403e-01
2.873889477659039016e-01
9.087809476023472888e-01
-1.599342875248432327e-01
7.100181942016607906e-01
-2.416721914061146781e-01
-2.140347477509852436e-01
-5.672762885114290832e-01
9.388139811421178926e-01
1.598489774987721934e-01
-2.439960506933638307e-01
7.951374963374890914e-01
3.211444139430476019e-01
2.521728733771628761e-01
7.986334876640737157e-01
9.301403509286993998e-01
8.036732846397882657e-01
-1.230193764736718098e-01
9.611925344769525204e-01
-1.505321289446245325e-01
8.259508671747239905e-01
9.498503999013012677e-01
8.583422371713127497e-01
-2.495869616341818698e-01
-4.459303045943607824e-01
7.949232420784868580e-01
7.810393439474860866e-01
-2.359448503080551207e-01
8.497857774776811368e-01
-1.215856221078950722e-01
9.567778313153070258e-01
6.777023617004602762e-01
9.908319175336961493e-01
9.415052513170099058e-01
6.844481835325579855e-01
8.964337139248702568e-01
8.955125436914861403e-01
8.726871408647963735e-01
8.072589555872127232e-01
-5.595163622807353132e-01
9.726633213750770501e-01
-3.893362153487228139e-01
9.367102616227607204e-01
8.619878708727768402e-01
8.082442884137681638e-01
-2.077564626077413601e-01
9.595506674034484096e-01
-1.845934884138185073e-01
9.306642415321759731e-01
-5.279219161969941343e-01
1.461683285977208036e-01
-2.704913058659302871e-01
7.782168467623040709e-01
7.882118358718661622e-01
-5.522610127549310022e-01
2.755610334221393343e-01
-2.915981030189223056e-01
9.015256666917971229e-01
-4.800163675254057738e-01
9.711922986644958566e-01
-2.673936974663773114e-01
-1.835980870001779897e-01
-1.723053567247475049e-01
8.943964766255843024e-01
9.312572929971456581e-01
7.825677036808988962e-01
7.436649057990598610e-01
3.596856749845376289e-01
2.177483343365714807e-01
9.128034424383724144e-01
9.313340604386365351e-01
-2.292511346808326356e-01
6.957963950759793459e-01
8.092837935113800230e-01
5.365253324814176494e-01
9.098298117491161463e-01
7.613340943857874743e-01
8.195080974868973467e-01
8.926319291450957039e-01
8.178940888952095367e-01
3.225127566487121511e-01
-1.558512445927049961e-01
9.378304638190189113e-01
5.202622570146488989e-01
7.437477069741067481e-01
6.434363537051532855e-01
-1.517493739904400563e-01
-2.238246164904336144e-01
7.320002039111056513e-01
7.735799950637403111e-01
8.711711716469588973e-01
7.581938773400465070e-01
2.247094346703209511e-01
9.103131098487456940e-01
9.074813869314997117e-01
8.653683333951507350e-01
8.558332232702643427e-01
-3.832473718958763209e-01
5.722520920971621017e-01
-9.276849220212186886e-02
9.422109454315343857e-01
8.382268933934950983e-01
7.446439286861719076e-01
2.663490736220076038e-01
8.825378889088655310e-01
9.680622702346427522e-01
8.220838239835388528e-01
-1.651588896868151912e-01
-4.478316129456128003e-02
7.381056019442857608e-01
8.512694382425900486e-01
-1.582923543117515930e-01
9.201261214826034207e-01
4.846231658455758540e-01
8.791796427448390627e-01
8.001327268381734914e-01
7.102664004369925177e-01
8.860495314003979939e-01
7.503098527969953579e-01
7.322435093420414098e-01
6.272873558803366834e-01
-4.298286890616663802e-01
-3.631698291050284300e-01
6.605326239000047783e-01
-1.595305615196447868e-01
2.898748429638408064e-01
9.418320706176659396e-01
7.490921825388348054e-01
7.551279449046017778e-01
-4.741680640245978795e-01
8.771063367785965070e-01
-4.722648645809777168e-01
7.547190390424017847e-01
-1.548174524481636949e-01
2.634225502899196214e-01
7.680270130426976039e-01
7.433829683282258127e-01
9.363311202210031770e-01
7.595564779956001100e-01
-1.463402778972063278e-01
-9.126250407582234270e-02
-2.381966198013409364e-01
8.276041595459944222e-01
8.569922059488366273e-01
7.761038101140964596e-01
-2.167266760310569973e-01
8.666052519699793955e-01
8.406344281012106956e-01
-1.745607844592082514e-01
9.492869699778614390e-01
-9.195552653597041659e-02
1.843407687449000187e-01
-2.719183468625546163e-01
-1.750857280670836680e-01
9.490838414823856706e-01
-1.819217115094853288e-01
7.758440784012475833e-01
8.179913351295614587e-01
7.867622494030547253e-01
8.367618086867467664e-01
5.809964184829486955e-01
7.996282080650718438e-01
8.884041237927693402e-01
7.143479172388899068e-01
6.631977702001718988e-01
-2.316571600535493602e-01
2.602284675499061395e-01
8.929195606387980710e-01
6.688927536698212606e-01
-3.023709942920954630e-01
9.500088664250094794e-01
7.921482900974733399e-01
9.767467821683382123e-01
-2.632154389818978091e-01
9.364369768419869011e-01
8.958143131105407164e-01
