-2.985956903606367119e-01
6.563925094271665373e-01
6.821583416562970736e-01
5.655082911167144122e-01
5.404225715660421203e-01
9.424887808417204971e-01
6.115778853288029726e-01
4.028612087090799876e-01
4.995727754248364127e-01
6.251252767276493927e-01
3.075294901139564718e-01
9.215582210399564378e-01
7.729175936126955193e-01
5.256334168017815500e-01
6.875614437689218095e-01
9.566452130687750355e-01
4.405514430560129591e-01
-6.579845950156731904e-02
9.617448179217737980e-01
6.969663410458759589e-01
5.052835327346866245e-01
6.084353564585031071e-01
4.419957311395285027e-01
6.751713839634656544e-01
-1.389186037941941287e-01
3.329547257054891740e-01
5.136487951919038730e-01
7.980404939579990309e-01
5.403037566633908106e-01
6.206299770295380380e-01
7.224878083471075740e-01
5.982707877817302622e-01
9.674478148697367441e-01
-2.411325854980887751e-01
6.889778599035102369e-01
4.131551700924284143e-01
4.889991217853540961e-01
5.628699874906236689e-01
5.601188643189496386e-01
6.351685380228344613e-01
7.519732844502100555e-01
5.190107893017124052e-01
-9.358030253073670868e-02
4.860914239970454132e-01
9.517715898823218001e-01
7.672800485720668862e-01
-3.176400246294868168e-01
6.970160274795691446e-01
4.963928974886552270e-01
4.551655323986520396e-01
3.704687549787797352e-01
7.755914573348078322e-01
5.130835252327343721e-01
9.579866481592145266e-01
5.778595442687824990e-01
8.860855467425746701e-01
5.244694371337841332e-01
3.313600797583839963e-01
7.642162866347728123e-01
-2.878472392056575790e-01
-2.960035433502982150e-01
7.373939825406119475e-01
9.834397564302010952e-01
5.470426511249014689e-01
5.252696506825942357e-01
6.869490821651975665e-01
5.780566563074158726e-01
6.379988261176723352e-01
9.765976506381819355e-01
-1.262747395982035115e-01
1.104979034379716674e-01
5.312871441026120189e-01
6.090379484084820216e-01
4.532254817002846492e-01
7.447906919409756910e-01
5.471931017922080365e-01
7.140117587158059109e-01
5.904702062018707398e-01
4.655118722610949722e-01
-2.322860172136371193e-01
7.745853280917511796e-01
8.138832001627346324e-01
3.919011159623830842e-01
4.772407375090939041e-01
3.813496366429544038e-01
2.069629358598089330e-01
4.747719039490900239e-01
6.835872996887364383e-01
-3.921251394010218799e-02
9.977632975975403440e-01
6.382272766114028828e-01
-2.751229554586068771e-01
5.448567224409769372e-01
4.205825107014265485e-01
8.381192802123210717e-01
5.168050061374639403e-01
4.444758545856776211e-01
8.097529960078894140e-01
7.469345397204690817e-01
7.236828940635531282e-01
6.350222251134619578e-01
5.441373542752766523e-01
6.299950213689355927e-01
8.281863165412806094e-01
7.928789204099490062e-01
6.644911568139371116e-01
7.694689967973417088e-01
4.089264018088871189e-01
7.697143759865974211e-01
5.124733053730581300e-01
6.081130638779630448e-01
3.135475428598636372e-01
2.582284529880076729e-01
4.371461064471607316e-01
6.020198751531167236e-01
5.283472368574935185e-01
5.211199401631190220e-01
4.252342428983777456e-01
4.212322365061506035e-01
4.497823032022212897e-01
8.824254725728395421e-01
6.956158810985808572e-01
5.813751851416888439e-01
5.399232681122591027e-01
5.703526503615287124e-01
7.831682062043887615e-01
2.123902206166130846e-01
-2.327528170250074691e-01
4.690885497343412203e-01
4.271449232903322679e-01
4.075618429021967692e-01
6.525566538103042546e-01
5.519939100948176858e-01
4.187186477434766130e-01
3.543245750399231508e-01
6.709323052431797052e-01
5.041922330335213420e-01
7.705156117040381503e-01
6.794738582188786236e-01
4.658988175168716772e-01
4.865480005250098494e-01
9.086918747446505185e-01
5.860634713967046716e-01
7.331420822092598044e-01
3.914927106178674454e-01
9.708603434709317526e-01
8.123326434245594641e-01
6.625183156788276850e-01
4.939177700949782812e-01
4.755776231203971971e-01
5.288936826043599826e-01
5.055879627848067770e-01
3.823507992241401143e-01
3.953488155794643300e-01
4.310531198185034718e-01
5.256418148072813379e-01
-2.561113877163451180e-01
8.714076060922191225e-01
-2.127488428653792063e-01
4.582388262639840448e-01
3.678785821712762250e-01
4.191315410794960172e-01
6.270091381079840875e-01
5.168723968315139805e-01
5.182462774616474199e-01
5.418105166139611795e-01
7.009787040530789382e-01
5.887429927841987265e-01
3.641416594233423676e-01
9.403251390830944523e-01
4.553738821873303255e-01
5.688289737983327488e-01
7.684661875083906857e-01
6.909349098162869129e-01
5.300587224286547050e-01
4.632876692018381148e-01
5.136746598849269985e-01
7.009690036952571646e-01
5.303284314836318458e-01
6.345759026125796787e-01
3.240254304150071984e-01
6.734747401346420359e-01
5.634877305297747441e-01
1.031028824492049856e-01
3.196726741808486039e-01
-1.365685349405017790e-01
-2.983365976112909435e-01
4.747074133170145482e-01
7.939151753312045923e-01
4.098571350957254666e-01
4.488094099238773005e-01
4.370590630434319501e-01
4.972622582515752732e-01
7.388676481235523230e-01
5.839849103362708682e-01
7.234668354880384733e-01
6.398142363795640275e-01
7.530935107248758476e-01
2.060512877007891208e-01
3.675880161061693685e-01
-2.966788710377258886e-01
7.287535296716505240e-01
6.975105294627326202e-01
4.072102308367133161e-01
4.957040986542333716e-01
-1.686930492697416017e-01
6.884115042329530532e-01
5.018777390704300956e-01
6.601629041399308395e-01
5.189144931868387989e-01
-2.481488267233441514e-01
3.755657428724156199e-01
7.189297912802640189e-01
4.877300535928644210e-01
4.494736663316123426e-01
9.431290082784378193e-01
4.266183288411676267e-01
1.659580944343665709e-01
-3.257206207392222552e-01
3.874156169852440712e-01
7.254277884291899792e-01
7.699657529881102080e-01
-2.693776768637996533e-01
5.125361599970363891e-01
8.058460103645670447e-01
-2.603358033963603102e-01
5.509339814431779558e-01
9.984935761180864233e-01
8.504507151642017870e-01
7.831678454587625016e-01
9.707791522400344153e-01
6.366054048134710541e-01
5.916222611337267345e-01
5.759464484422359698e-01
5.243598817983600169e-01
5.654214186894748195e-01
7.432183751968386431e-01
-2.354530655795594729e-01
6.961768245166670699e-01
-1.909238591774697902e-01
4.896235927312300173e-01
6.508782950250528998e-01
-1.551541327556923977e-01
5.638995330023137686e-01
-1.827601477423008158e-01
5.046976595356603701e-01
4.767212383631675432e-01
6.083435999363209223e-01
-2.650599416131073083e-01
7.521097362150559462e-01
3.742238586278001100e-01
4.272506207373910070e-01
5.542380391389476468e-01
4.929700939773567492e-01
7.958115111519614704e-01
5.378392546145539521e-01
5.788108235829456660e-01
7.938506526159463395e-01
3.496722086651133932e-01
9.527398459237315098e-01
8.423390043194309840e-01
8.164336728498332585e-01
5.550677469946589948e-01
7.582337722610585917e-01
3.158197727610220218e-01
4.855270937321879421e-01
3.400838404845974994e-01
2.983226230615390051e-01
4.986523767995552636e-01
-1.173716681742790480e-01
7.609579829795594108e-01
5.955889022210445471e-01
-1.885931407512779212e-01
7.675966802171954040e-01
-2.196477494715996515e-01
6.190617353992053928e-01
5.473445042895308532e-01
4.360281695365587629e-01
7.504690503864002160e-01
5.069453089535571610e-01
9.412950461228326571e-01
6.546293762594384003e-01
5.207292014196995833e-01
4.830766841120440747e-01
-3.174717531387268310e-01
7.135447241225238990e-01
5.511979523751070476e-01
6.768694484323189986e-01
-1.063042406785042471e-01
-2.693136619195267423e-02
4.272668120893219346e-01
8.161992250241841829e-01
8.250449692069323770e-01
5.953854034119988592e-01
5.085699072086163897e-01
9.385525493618427362e-01
6.975744618054164903e-01
5.340729519077396237e-01
4.731607371088344394e-01
5.185004285201729735e-01
