-2.586984364993180630e-01
-4.999646667139162615e-01
-6.320351599194562464e-02
-2.900059274371214468e-01
-1.293565198023186313e-01
-3.328200862738028148e-02
-4.512285561964017866e-01
-4.040099067025595958e-01
-4.477652059995043121e-01
-5.505270676820723796e-01
-8.505163900605403060e-02
-5.474758968035977613e-01
-5.201569727362684858e-01
-3.251587991508689268e-01
-9.354156170263241976e-02
-1.144254183295021765e-01
-5.318229559341280943e-01
-2.978667373610094371e-01
-4.559417548494890671e-01
-1.512567367153227205e-01
-3.070905106847600097e-01
-2.053619627313390539e-01
-3.112243503353687851e-02
-3.488563104746854604e-01
-1.085924625533956356e-01
-2.412536405673727513e-01
-5.125063477409911306e-01
-4.934760476708955901e-01
-1.238040476245073074e-01
-3.149951715420763465e-01
1.081002446456557770e-01
-5.024576829906195474e-01
-3.944238344586562528e-01
-5.129710573813861529e-01
-4.699798228842993475e-01
-2.399046351001992705e-01
-1.190277525135828157e-01
-4.320903408014585834e-01
-1.600296987421340467e-01
-1.063329838246048070e-01
-2.325257886917527772e-01
-5.177948128243748949e-01
-3.820072026603033022e-01
-4.380593175063998146e-01
-5.973310965153115493e-02
-3.681715794033766920e-01
-5.004984574090965976e-01
-1.040253753692620964e-01
-2.764333690587181813e-01
-2.674012048011100706e-01
-4.381017353565930250e-01
-1.997176504701889121e-01
-4.740225459413970333e-01
-4.474684222041352410e-01
-2.727291471303469050e-01
-2.955736458257567922e-01
-1.989883173442202891e-01
-4.884541008760581171e-01
-2.424091074197886608e-01
-4.933672655497052806e-01
-4.092704829883636597e-01
-2.741232221439129368e-01
-4.805088874189782366e-01
-5.462525639658702969e-01
-5.394595127946537616e-01
-7.806308083157663391e-02
-4.104447046289655954e-01
-6.217222836601161984e-02
-2.068492519573043031e-01
-3.064740174124199190e-01
-3.687690278807290722e-01
1.871862524114353832e-02
-1.132574338444368722e-01
-2.406590342643982749e-01
-1.401893692855625817e-01
-4.217495056770027007e-01
-1.201413930187699708e-01
-4.185891214437684194e-02
-2.068674151167771424e-01
-4.631849667621685818e-01
-3.318498661473074374e-01
-1.628061443429000554e-01
-2.677148263991044885e-01
-3.777751450897105512e-01
-9.796374643229341372e-02
-5.335429417691937848e-02
-4.953766601588813767e-01
-1.276707939699082139e-01
-2.777570006089954413e-01
-3.284847131279323151e-01
-2.282490311430742658e-01
-1.919497401130986214e-01
-4.015772509221947617e-01
-3.241490655653465058e-01
-1.602113892178119725e-01
-4.799862044590266219e-01
-4.746435775117830991e-01
-4.497577005456613874e-01
-5.334424398373955878e-01
-1.783732435252498583e-01
-1.053709557767714966e-01
-3.389492218068044238e-01
-4.865369326000125172e-01
-4.227556924995376497e-01
-1.372109875616723818e-01
-5.014389040715560020e-01
-2.909503993266960853e-01
-3.406419526348393734e-01
-1.518376621884611755e-01
-4.331425955326332344e-01
-4.817464078765838487e-01
-2.267793797555485991e-01
3.077616129816347634e-02
-3.334520912137167725e-01
-2.654584666007799854e-01
-1.350271249419248420e-01
-4.344697643744160898e-01
-3.875907066826630443e-01
-4.605066096636881157e-01
-3.538631780659761555e-02
-5.251891549934862846e-01
-5.423979459859249452e-01
-4.807188464404661965e-01
-4.627460831873935199e-01
-6.339401155529625354e-02
-4.924927943594462065e-01
-4.029952517449852945e-01
-6.202221614107494840e-02
-4.645781633288992296e-01
-1.022528002279785297e-01
-1.944027907512419495e-01
-2.353576464020225023e-01
-4.454098144006454207e-01
-2.727570341136268950e-01
-3.517555732707269844e-01
-5.007459995649413687e-01
-4.772500060840807468e-01
-3.346776580200884199e-01
-4.055692145781951141e-01
-4.658375729152283706e-01
-5.002375477344424004e-01
-2.584042570481029366e-01
-3.995048698729518066e-01
-3.874984112013197257e-01
-2.162093401039846263e-01
-4.703334988171238851e-01
-3.591056700173855809e-01
-3.360698489620289053e-01
-2.671413091666315909e-01
-2.625801223747983859e-01
-1.181979445326599154e-01
-5.456278335377851008e-01
-4.333242911092899941e-01
-7.548836691532413712e-02
-4.946275111627589371e-01
-2.969791836091129622e-01
-5.256327740178154961e-01
-5.284565454794816208e-01
-2.046255366604607384e-01
-5.781160507514218616e-02
-3.814769932167291211e-01
-5.196983716187556501e-01
-5.029058554046723639e-01
-2.279134454786235775e-01
-3.068023258981766310e-01
-4.019665720542052179e-01
-3.324112647736999354e-02
-2.004430789871577412e-01
-2.879200462244339009e-01
-4.268010146258955362e-01
-4.698613640879372721e-01
-1.744248292294664493e-01
-2.157284359591714329e-01
-3.080600230496854941e-01
-3.271200627245389181e-01
-3.994324938605571806e-01
-3.089709444293055052e-01
-1.787533904580581312e-01
-3.356431665433220468e-01
-3.463165953130666330e-01
-3.464800011402753843e-01
-4.034777442567270556e-01
1.534537221466968360e-01
-4.947683280436376285e-01
-4.889578071749880461e-01
-1.592366860365610481e-01
-5.091660894028035012e-01
-2.937398952122293183e-01
-2.786564742830633934e-01
-5.121730791310277198e-01
-3.598557466420903017e-01
-2.821804787585350249e-01
-2.897814541670172273e-01
-2.149604740237960887e-01
-4.575873810404785802e-01
-5.386219199472378483e-01
-3.720609262398245631e-01
-2.691810622276291642e-01
2.249174410811520530e-02
-3.413974858201369589e-01
-3.664870984772259921e-01
-2.617364139668019729e-01
-1.846594479252323118e-01
-3.642517636146731519e-01
-4.738596919503439420e-01
-2.648513409867481183e-01
-2.030631532357585201e-01
-2.298489359932389675e-01
-3.504354174424540447e-01
-4.649366750613199151e-01
-1.423584894125299039e-01
-2.889048430219465224e-01
-6.655186535437976336e-02
-2.999151981129408173e-01
-5.488217674088184950e-01
-3.134908319013192113e-01
-5.013421188565018172e-01
-5.128494166569116386e-01
-1.577946022984878516e-01
-5.717673295777807585e-01
-4.475687823337031190e-01
-2.878344768231148043e-01
-4.225075822978256457e-01
-3.297769507233118125e-01
-1.284526348735011148e-01
-5.058720138106502784e-01
-3.334097398583654726e-01
-2.791699335933681692e-01
-1.413602201932879776e-01
-3.595014556721989329e-01
-4.038758728160429246e-01
-3.954860655038139883e-01
-3.693777604477064269e-01
-3.704938133422603919e-01
-3.616753171739279793e-01
-4.743711010018014651e-01
-3.145859632195744937e-01
-4.440065609267675462e-01
-3.305994526914045051e-01
-2.961176172561287845e-01
8.386368666725685372e-02
-2.767065539709328559e-01
-4.581559225628797360e-01
-3.769031747138382737e-01
-4.542223928846159664e-01
-3.771774998098902099e-02
-3.585489104145337946e-01
-5.337246173711176489e-01
-5.080389223377277386e-01
-4.042697775578478758e-01
-5.339268797730716276e-01
-2.192619717508465793e-01
-4.592641714328914437e-01
-4.992506803324216480e-01
-3.593041729667526551e-01
-3.184335205430257054e-01
-3.638460005800407959e-01
-1.827068878807368568e-01
-5.534990316357675244e-01
-4.359979651691842650e-01
-4.450638304674806034e-01
-4.213474378036164980e-01
-3.904371581213954001e-01
-1.019479059794362319e-01
-1.098643871088094970e-01
-4.539146655488833781e-01
-4.544611582688155571e-01
-2.464604804914546365e-01
-2.115026946903763860e-01
-4.131731324810108963e-01
-2.709364315591285544e-01
-6.869444794402063126e-02
-3.264840355430487784e-01
-4.575265514567037339e-01
-4.846499821159547250e-01
-3.588482320503696421e-01
-8.940438701532320287e-02
-4.885578182516899237e-01
-5.001617025283104923e-01
-1.648689690109368389e-01
-4.304449859601183204e-01
-2.996602680042099731e-01
-4.349693104423027479e-01
-2.608419724517453409e-01
-2.203003916133021434e-01
-1.449085625961277490e-01
-7.872236261923799827e-02
-4.462868082525593971e-01
2.589136866340442655e-02
-5.012518956730080966e-01
-4.353732637407944361e-01
-5.371921442034039984e-01
-2.432722527831526760e-01
-3.271495793969313448e-01
-1.823201735530455003e-01
-4.710844595629919973e-01
-4.881761958814098690e-01
-4.692612598726011996e-01
-2.586257647885952804e-01
-2.140081876398012284e-01
