8.847170915576825501e-02
-2.502370858270302478e-01
2.727438130603360711e-01
2.994645549408168211e-02
-3.024487775710452131e-01
-1.336778169344565448e-01
-3.431893983370571943e-01
1.129184057276170494e-01
-7.348841085005179685e-02
-4.142670910339936730e-01
9.290339314549536653e-02
1.333409683064190610e-01
-3.605192304837568917e-01
-3.741665911055207516e-01
-3.978959489784023584e-01
3.177725611188619292e-01
-6.913492582101217476e-02
-2.440285464539138083e-01
-2.229129958726596902e-02
2.057305613065747441e-01
2.336669807184776071e-01
1.760404734927288606e-01
-9.255160852970925611e-02
-2.490680608190593559e-01
1.521531087441150287e-01
1.723557962160241624e-02
2.907173860885108319e-01
3.925626994275753512e-02
-1.267415690175269227e-01
-3.294172547648369087e-01
1.526294183493575041e-01
-2.529161194959487213e-01
7.488968183814700974e-02
6.637953989431194524e-02
-2.886542742429090147e-01
2.961814009897004718e-01
2.504416764839642040e-01
-5.516714484715121852e-02
-3.989946979828243867e-01
-3.352090000507788048e-01
-4.060794008932217536e-01
-2.970431857845332382e-02
-2.253353913687705379e-01
-4.178909285993064882e-01
-4.027100762550694379e-01
-2.162383136826924179e-01
2.754718533398685110e-01
-2.138034840380568791e-01
-4.169236013133230390e-02
2.349253855835522209e-01
2.029071142768007208e-01
-1.218760420329608601e-02
1.429292210613256064e-01
-3.662056737845830745e-01
-2.407491824009437217e-02
5.703630026313681600e-03
1.515877062580413825e-01
-7.826347291557431141e-02
-3.301743078743810678e-01
-2.185042776823269139e-01
-4.662506406383343793e-01
-4.092465614380433325e-01
-4.939340935409913813e-02
9.414383828275109389e-02
-3.294540970251972484e-02
-4.268771330301753264e-01
3.027796887046376173e-01
1.397860191216135362e-02
1.750912517642266020e-01
-4.346267781311311529e-01
-3.682910404580592711e-01
-3.343454700632347842e-01
-3.704143324520975944e-01
2.192715901776909060e-01
-1.843115799508994734e-01
-3.575508768565939244e-01
-4.192018911211103926e-01
2.365056266875279756e-01
-3.775404598799094735e-01
1.984493853234343685e-01
-3.684221199538084690e-01
8.753385496873564153e-02
-9.365578884288974781e-04
1.150279612950484837e-01
-2.856870165598062172e-01
9.928373078935050222e-03
-1.944260781636927005e-01
-4.018324166919727825e-01
-4.165633334067315174e-01
-3.967338473960161371e-01
-2.902885838960871379e-01
-4.256807351862469946e-01
1.451798086962573509e-01
-1.207381653495084445e-01
2.477556382394702772e-01
-3.146799302467561121e-01
2.066320152037200431e-01
4.336048714437772122e-02
4.983342488406478088e-02
-2.873986269968320517e-01
2.577044565799556652e-01
7.835119594073280958e-02
-3.706327999793217476e-01
1.682669871162653374e-01
-6.892362555286553338e-02
1.628272642735999753e-01
-3.123401666603438098e-01
-4.183704413415605949e-01
-5.013214973646402672e-01
-3.930243609873826927e-01
1.677315247579089785e-01
1.145966435389131205e-01
2.751067664662724122e-01
-4.791791028833525812e-01
-8.025625314104412045e-02
-2.072244970237509532e-01
3.399538375245360067e-01
1.088393605942390985e-01
-1.590203146980539439e-01
9.293551367715320588e-03
2.665429401853025015e-01
6.053858154655333834e-02
-3.422563014087490751e-01
-4.629645521070740455e-01
4.649219857721308830e-02
-1.124694289711772668e-02
-1.896953577309464511e-01
-2.394305970127953986e-01
9.902870205539496262e-02
-3.140483210880974652e-02
-1.050825305038411844e-01
1.901640033001994468e-01
5.302106960304454886e-02
1.412856431006371399e-02
-4.210337278147303630e-01
5.808482409395875935e-03
4.646369309869433084e-02
-9.754515123033503932e-02
-4.793775676810553554e-02
3.031312110016754630e-02
-2.498794000213690747e-01
-4.074958196237367380e-02
-4.077958518453113079e-01
-4.394513149345461445e-01
-7.272503392438225966e-02
3.347865232340198061e-01
6.361349933085280739e-02
4.003937479451741277e-01
4.316815318259194234e-02
1.084041787186531269e-01
1.572858625107712016e-01
-4.324946066886545815e-01
-2.235216196012234091e-01
-3.631295627351761868e-02
-3.696146869044387162e-01
3.617860313907991787e-01
-3.903994486231325278e-01
7.925765035223780730e-02
-1.832478133911678575e-01
-3.836073381764433243e-01
7.870534572436529985e-02
3.849459595254203781e-01
-4.461460194341394514e-01
-3.013081266697105742e-01
-2.763799597976884098e-02
-3.701876432842224340e-01
1.080366362346431436e-01
1.844217616103462076e-01
1.647001719876494685e-01
2.114682572037909214e-01
-3.866126532910366120e-01
-6.165865417094092138e-02
-3.558919247784292916e-01
1.019359636779399725e-01
-4.056817943848831653e-01
-4.321917601467850645e-01
-4.341410970926544155e-01
-3.780620081781955744e-01
1.498216998812873235e-01
-4.114616545493239852e-01
-1.960548504922990654e-01
-6.624257458941340548e-02
-2.453579679349273679e-01
-2.633523375398026389e-01
9.178000054750702630e-02
1.776393450436902777e-01
5.557798372329640635e-02
-3.814996192661496699e-01
-2.840811898550290038e-01
-5.576345386769478163e-02
-4.286243401233036376e-01
-4.121779364210468311e-01
-4.402682983333962574e-01
4.888757251698485490e-02
2.488423025377306252e-01
-5.403184703365691149e-02
9.087836617188845001e-02
-7.101388666668430327e-02
5.786143409455725417e-02
-1.050151664939254631e-01
-2.089472870619574207e-01
-4.090868371057477804e-01
-5.246059892568424310e-01
-4.351066497706742031e-01
2.871241577104443471e-02
-8.655483067820228527e-02
1.354548573657853860e-01
2.589996761800020253e-01
7.339903149736018428e-02
-2.853435554776144745e-01
-4.273780945050908442e-01
8.172085305019299861e-02
-4.012488527337986222e-01
2.925068890477648953e-01
-7.208085646947226532e-02
-3.852948840899778071e-02
-3.389867931748110075e-01
-2.324786464764863891e-01
-2.140584945697866504e-01
3.793822386951068056e-03
2.860754277357037689e-01
2.633166151510213382e-03
4.243583139596712045e-02
-3.086339778213122997e-01
-8.783708532320061435e-02
5.888746364512191522e-02
-4.115342639926108936e-01
2.053629666498205386e-01
1.460086633277328794e-01
-3.873167325021831253e-01
-2.520532805353341566e-01
-1.375327040733418105e-01
-2.562977292687222963e-01
3.961092400709465000e-01
-4.339029993520052697e-01
7.506352925789859520e-02
-8.766811383375983091e-02
-4.675617496199241385e-01
5.044923289036905983e-02
-3.689704674579626364e-01
2.122769660464581820e-01
6.602344750665745110e-02
-1.602376755598219626e-01
2.817295711158027682e-01
3.316518422215168627e-02
-3.210066925377803582e-01
5.816244550718244199e-02
-3.781891094448529556e-01
2.638468307724112227e-01
-2.153327324678593058e-02
1.486044217380843302e-01
-4.219503797533696865e-01
-4.563450981107552984e-01
1.383741395590765422e-01
-1.089206222230799381e-01
2.293827385438778066e-01
2.354377389310626650e-02
3.014817313376509378e-01
8.441885141579731633e-02
1.340155065335511993e-02
-8.556922879938595738e-02
-3.755443722336474499e-01
-1.386703140361939535e-01
-3.379119988485005943e-01
-1.015240709242288819e-01
-4.787290500076014643e-01
1.580824918284088609e-01
1.648476152602718764e-02
-3.671199152049255954e-01
1.522554264699775839e-01
-2.114005101942570963e-01
1.237536582959487819e-02
3.395573279659815369e-01
3.644378396861330804e-01
-3.336612537315179483e-01
-3.341059138680606000e-01
7.698667903161598991e-02
-3.327071517143007640e-01
2.156943427907387356e-01
3.769052257250176535e-02
-2.132087190494000029e-01
-4.300698400291873558e-01
-1.916502769713507581e-01
-7.005640605874245697e-02
1.891523010599585053e-01
1.700184843976627891e-01
-4.320903505080773144e-01
3.228381650269810388e-01
-2.858743526561204756e-02
1.364515777879953817e-01
-3.590402666788251040e-01
-3.871117387762521705e-02
-3.904374717292254382e-01
-3.683996154022123881e-01
-2.870072647529051113e-01
-3.477081844908981312e-01
8.175193960436678842e-02
2.957138561346156491e-01
4.858989701188405272e-03
-1.635028841167305291e-01
