8.797882078567984543e-01
7.309541308921525538e-01
9.490257419352415846e-01
9.476735967361068491e-01
7.312077927607143479e-01
7.045290470701421892e-01
8.311921211060431247e-01
9.359321540308047638e-01
6.480302481519748525e-01
7.007954288823035061e-01
9.533809438571658745e-01
9.644075804887082271e-01
9.528777025634000974e-01
9.538538955003583730e-01
9.565427047901838842e-01
7.886764305134967845e-01
6.991339436515812134e-01
7.435989944886215453e-01
7.508097830682316509e-01
9.488460862104876048e-01
9.497849624385292788e-01
9.375913865720739704e-01
7.611646062050274608e-01
7.534962654160457518e-01
9.567045620802114847e-01
9.538564956761079738e-01
9.723313427650375207e-01
9.188675202750071769e-01
7.186841456976149622e-01
7.431313026268465682e-01
9.371051326146504490e-01
9.583834102644769315e-01
9.508160622367940462e-01
9.326474018225127116e-01
9.204534081763242614e-01
9.343757114470768732e-01
7.682251613841745153e-01
9.370988592573348264e-01
8.593890373119699166e-01
7.263096770931095625e-01
7.084421433235542631e-01
9.469508019295617141e-01
9.507017716344670077e-01
8.291554527896736193e-01
7.260020877762858316e-01
8.985239380545573251e-01
8.505241568656918272e-01
9.724654590877170879e-01
7.573445902936969398e-01
7.857330084360187872e-01
9.662698055634099115e-01
6.385481426519102888e-01
6.906775615075283481e-01
6.099248901499878528e-01
7.927123692703699209e-01
9.723720214695050768e-01
9.314680376328670075e-01
9.520596391299060990e-01
9.458901725313572095e-01
9.613006532636552137e-01
7.672219708930744231e-01
9.352954969039695143e-01
9.412344085490156331e-01
9.285891905413224956e-01
9.330663189101764399e-01
7.348735443711096327e-01
7.531941424576636956e-01
7.614066170136941647e-01
9.253824119221804034e-01
9.647414194186813008e-01
9.587348724240770670e-01
7.043359707731837727e-01
9.513669217339946194e-01
7.648589469123030504e-01
9.377204326061079342e-01
6.794709694259344346e-01
9.302616957815219578e-01
9.490877325454311064e-01
9.428950122879207196e-01
8.013958184560170395e-01
7.770538100594645003e-01
7.549283316354959972e-01
9.490718975796257340e-01
9.428285720508642331e-01
7.875832399848272658e-01
8.119644148475488876e-01
9.499902522692675877e-01
9.373627793559791144e-01
7.535732664834933203e-01
9.492224613381392562e-01
9.366411143035127118e-01
7.636058567221022386e-01
7.426643315747814000e-01
9.573298458647765408e-01
8.154254782764565057e-01
9.603784980899453538e-01
7.627073250886465816e-01
7.726488732023418793e-01
9.535934018232541387e-01
9.456375069579312509e-01
7.238023411224074888e-01
7.962880799968758971e-01
8.147870710502430613e-01
7.189546183254352796e-01
9.083316395565899093e-01
9.494751311039733022e-01
6.683892771953239276e-01
7.749728910929358783e-01
7.014968622426340783e-01
9.410453220549169773e-01
7.734011207475437466e-01
9.649872998404780411e-01
9.771752363107637507e-01
9.582194398997199158e-01
9.458698551695934320e-01
8.134585639652405220e-01
7.562940410195924112e-01
7.868217905361163389e-01
9.427786114888151436e-01
6.739584684676644954e-01
6.986382646590806322e-01
7.259433640988506298e-01
8.563661365152361871e-01
5.966216207246544112e-01
6.194899913963977101e-01
9.556715870077197028e-01
7.943323308442999942e-01
8.788688294228566011e-01
7.543612037194356024e-01
9.606233330539776238e-01
9.724308157230934224e-01
9.508978725593523196e-01
9.602726168551291019e-01
7.606897524019051726e-01
9.433175473505350794e-01
8.046624480111784772e-01
9.467028771259935471e-01
8.910173735173109177e-01
6.326803824669715581e-01
6.466024122844102884e-01
9.548194014227580073e-01
8.088220312134947187e-01
9.737160803112129281e-01
9.185753607903643925e-01
9.678430298712223934e-01
7.653620890651404718e-01
7.829238147222868927e-01
7.028961968419958906e-01
9.214519330089969706e-01
7.687759901485499148e-01
7.596631633952153351e-01
9.341289230477993755e-01
6.702500575837901930e-01
8.062502841469888493e-01
9.054194474487002875e-01
7.992184323837948634e-01
6.482283852035444216e-01
9.540999211051641726e-01
9.476486145978773035e-01
9.639277745040122358e-01
9.690674293633121383e-01
9.516395579334691046e-01
7.331656714518343110e-01
9.683176416394196906e-01
7.541801205542260078e-01
7.579308638071727833e-01
7.472221113756173372e-01
7.861148772173833787e-01
8.936950218114132483e-01
9.608453293656408212e-01
9.338886118514817536e-01
7.387010524211122808e-01
7.704936273951528136e-01
9.195396489160587716e-01
9.498321316951787718e-01
7.957808528455485586e-01
6.957279007805072801e-01
6.300618172106566828e-01
7.658400294920444384e-01
9.523721024761944154e-01
7.595194337520891903e-01
9.506757872954421096e-01
6.912689158237276255e-01
9.587294166958206798e-01
8.236740427763838968e-01
9.621685941265423203e-01
9.525779080101828278e-01
9.399070429771143598e-01
7.563391078037544624e-01
9.599039140160745553e-01
6.379919738652184424e-01
7.553446065260519537e-01
7.873379987061606133e-01
9.505412979551881580e-01
9.152030446147272347e-01
9.575150170421554696e-01
9.488814704134123090e-01
8.267394526729636706e-01
7.579340671850873790e-01
9.062390771995634253e-01
9.485409430805946673e-01
7.780630740134303336e-01
9.316447352114081148e-01
7.987666013135708010e-01
9.425756196100144590e-01
9.683135912327170969e-01
9.755719796958796097e-01
9.257715710965270794e-01
9.370282663254377864e-01
8.952732052163725474e-01
7.835132920517078325e-01
9.204531735110336177e-01
6.882295397914162116e-01
7.326678074308452526e-01
7.337964324543146954e-01
9.575113632864672431e-01
7.236155355308873105e-01
9.794145168926756684e-01
7.179981405161541819e-01
7.324566898246261948e-01
7.369974843047082391e-01
9.526740034043319483e-01
9.543460418718336946e-01
9.753959025482249467e-01
7.378170418759868454e-01
8.144239484293904763e-01
9.668240084814064828e-01
9.487008016631185425e-01
9.568110752281859810e-01
9.153973943777863331e-01
9.146094410575460465e-01
9.574105375172720089e-01
9.583770637981661178e-01
9.268817327244811555e-01
9.570143346497724801e-01
9.633678990731786573e-01
9.621642030783332800e-01
7.630846832381947831e-01
7.483895615370552701e-01
9.473449309321823053e-01
9.646503820739160684e-01
6.784649493817700439e-01
7.695344038470839365e-01
9.580832216841431714e-01
9.674677762068989439e-01
7.483872268315850951e-01
6.190748063018992609e-01
9.763722891366310996e-01
9.570105900305805324e-01
7.434321572922992782e-01
9.527436202746981664e-01
7.140701083513603109e-01
9.342176057860495098e-01
7.684352227380166767e-01
7.679065723738853766e-01
9.474517047503823175e-01
9.600584125831728155e-01
9.612072461671405943e-01
7.481987340326987646e-01
6.546566915072724591e-01
9.360061888352739778e-01
8.825148861348831586e-01
7.401520951371308721e-01
6.241512631765582242e-01
9.232976072336809281e-01
6.847067359921241714e-01
9.520805649677548388e-01
7.001549284619115188e-01
9.399330847009454981e-01
9.125312450724623048e-01
7.778567935128418709e-01
9.337352818449782266e-01
6.802617606522914917e-01
6.917415645663332890e-01
9.381123191714382248e-01
9.676673005209881495e-01
8.114292533532183604e-01
7.150868678587781746e-01
7.605925641254744907e-01
6.994986597691985608e-01
7.974288419875412703e-01
9.756655673346561475e-01
9.256642064122430069e-01
7.071963486966004186e-01
9.420194392766677582e-01
9.531502641966103084e-01
9.616173058438364230e-01
7.698453404136442746e-01
8.138738226400243914e-01
7.631705044320676867e-01
9.393207959238369931e-01
9.615634889438313682e-01
9.592167067913900391e-01
6.982068267487921975e-01
9.598018878136655996e-01
9.565314331867554865e-01
9.564696470398585948e-01
7.767004275112669998e-01
7.845245157251877766e-01
8.418199304490717738e-01
