-2.801032031199154892e-01
-4.674675616656871480e-01
-4.855875546767040030e-01
-4.881127582618128846e-01
-4.649675872755766326e-01
-1.262480655823039477e-01
-4.608613102570237319e-02
-4.935061618149602092e-01
-4.566640901565138244e-01
-4.588721179801553696e-01
-5.279062672753359609e-01
-2.787879670045131375e-01
-4.565925783555376261e-01
-3.828706969028673468e-01
-4.711209319341816970e-01
-4.492644834377221841e-01
-5.290979577058090300e-01
-2.526657022826254706e-01
-4.902119004237460165e-01
-3.790796135030418124e-01
-4.910734576466512791e-01
-5.101322036040854824e-02
-6.047281992758258423e-02
-5.769381051729663978e-01
-2.757735163309252280e-01
-4.270051585063164845e-01
-5.774933171763338979e-01
-4.756812407081501687e-02
-4.191490659249839656e-01
-3.582646759314466745e-01
-3.803182446118756332e-01
-5.017596740339989037e-01
-2.345814169431584550e-01
-1.008783453906938465e-01
-3.322963161113899333e-01
-4.855716278499098149e-01
-8.821162876286953169e-02
-4.902820462523496126e-01
-9.993888113668666917e-02
-3.699652182509110543e-01
-4.682868271935868854e-01
-4.160693420875076765e-01
-5.112647466187292267e-01
-4.709449258324681087e-01
-4.228754675544460495e-01
-3.523337855503051730e-02
-3.422126636084513729e-01
-9.168597945548788430e-02
-1.132095278259964005e-01
-2.968656832581229726e-02
-2.281190543558261341e-01
-4.672277183691413427e-01
-1.681817503408577497e-01
-3.968825636868359430e-01
-3.482192003546482062e-01
-3.111472364785505124e-02
-1.360738149610481174e-01
-1.042110563391492051e-02
-2.032584461751967692e-02
-4.694899684690626018e-01
-3.997835848607738107e-01
-3.509057452791984333e-01
-3.912260842927148818e-01
-5.370609091958855608e-01
-4.486940092229508847e-01
-5.133178807800505838e-01
-3.061255616994069673e-01
-4.765297598531317846e-01
-4.773803132754514400e-01
-4.822238134158171041e-01
-5.558289638803666222e-01
-1.464637525087490733e-01
-3.328049974150247836e-01
-7.950195862363099164e-02
-4.765842293603707314e-02
-1.058945271783876402e-01
-1.611256183979953294e-01
-4.539475975014470865e-01
-4.810682020477440313e-01
-4.851963405422635711e-01
2.165937877657110877e-01
-4.093168017273759451e-01
-4.830563442121500739e-02
-4.148973870951032650e-01
-4.341015484197536245e-01
-5.752986771430905477e-02
-5.107083404663002035e-01
-4.808190444799609886e-01
-5.309774470096990662e-01
-5.017903254408055957e-01
6.824040429437200350e-02
-4.270463691788636273e-01
-3.318680581953510622e-02
-3.663891260799279070e-01
-7.621689306604359504e-02
-3.161782895871180499e-02
-5.039662852981909857e-01
-4.463404536932787381e-01
-3.901695240344629223e-01
-2.825174886461988000e-01
-1.316339451574714825e-02
-4.495295020141578668e-01
-6.272201390028242507e-01
-3.262079940322491073e-02
-4.594182462887584917e-01
-3.203236027386356377e-01
-2.948593483003804361e-02
-4.317295615324759361e-01
-4.493786874307231782e-01
6.762796427135542299e-02
-4.958841301695234849e-01
-3.850958307493348443e-01
-1.828388996519899057e-01
-3.332257807090727164e-01
2.746574924211236945e-02
-4.399807819367269612e-01
-4.971881372896788109e-01
-5.527948229227999666e-02
-1.903838194685504304e-01
-2.960319396521038926e-01
-5.588218125172957768e-02
-5.298569105332894269e-01
-4.973813225187759257e-01
-6.080959617232480768e-02
-4.812734475770624742e-01
-5.266597827977301804e-01
-5.222402312432451454e-01
-9.432445610839473860e-02
-4.161964542239949827e-01
-4.434062020776591284e-01
-2.156749541570553153e-02
-5.012109245557605508e-01
-9.398757129225540630e-02
-4.300979168658896068e-01
-4.434020826468214049e-01
-4.784881165220535859e-01
-1.876170829328139278e-01
-1.052341631710282388e-01
-5.473452128953568835e-02
-4.454719879478126199e-01
-5.071059025489332850e-01
-1.246953338771116387e-01
-4.326614360500283807e-01
1.991649332743263279e-01
-1.449624406318345271e-01
-9.632392117851690250e-03
-4.897981660972428042e-02
-4.443633342293022981e-01
-5.162810158460500176e-01
-2.697752957560065612e-01
-4.791007731373795320e-01
-2.710299020411677251e-01
-4.432673192057928202e-01
-2.132062162473945532e-01
-1.694319672863088821e-01
-3.841687131165137381e-01
-3.104803831365264832e-01
-3.975982246345673987e-01
-1.116625470714761592e-01
-5.182504111931816038e-01
-1.142064010237460597e-01
-4.638036024389790013e-01
-1.806209346959306017e-02
-5.783820360865630228e-01
-4.487033135269467565e-01
-1.610981460303844148e-01
-4.861263850792436614e-01
-2.120326456427644446e-02
-1.348532724689137097e-01
-4.605897980141599457e-01
-2.455859668000441309e-01
-2.814783401970465393e-01
-5.262879954082512468e-03
-3.529968165228264398e-01
-2.372547013177819242e-01
-4.193222020061097011e-01
-5.276189508503036363e-01
-5.113071572707640344e-01
-3.901539747442187012e-02
-3.958023723896639812e-01
-3.856661363122623198e-01
-3.287013041764195731e-01
-3.958774357548189293e-01
-4.228560588451529823e-01
-3.878943606165644042e-01
-7.695588214751410139e-02
-4.441416108741560453e-01
-2.250985410700099276e-01
-4.756888804646797198e-01
-9.170014095853429303e-02
-9.326861138754119485e-02
-3.924192363118433891e-01
-3.803859732074382771e-01
-2.521465502745906528e-02
-5.242554969269052068e-01
-2.251604905824876046e-01
-5.303252106295577861e-02
-4.191009865659175437e-01
-4.821297226493194421e-02
-2.818756300863441422e-01
-2.275862854423160997e-01
-5.060622258552401886e-01
-4.941545443506080160e-01
-4.686317804193500525e-01
-1.155998399308746788e-01
-5.020573994880688229e-01
-7.758348568270770351e-02
-4.000142597510015774e-01
-5.125401890904922597e-01
-2.666014301326249253e-02
-5.308770710853776276e-01
-5.518685273809201819e-01
-3.655655188644534037e-02
-1.052592351170015261e-01
-4.488407828765402785e-01
-4.307342881310123883e-01
-4.608296598000066746e-01
-9.481470832827099127e-02
-4.984572688151426290e-01
-9.122510012738459240e-02
3.389107809736727206e-02
-3.696192328219889411e-01
-2.070598391951972844e-02
-5.259318362014146070e-02
-4.550882617211033376e-01
-4.502819270689865649e-01
-4.593266456280379328e-01
-5.396020482549887531e-02
-4.191365117718830191e-02
-4.169709602428209871e-01
-3.239764840386807343e-01
-2.888746565249072917e-01
-4.333603037354573084e-01
1.452422337856450474e-01
-4.526126721584876611e-01
-1.289127334915094458e-01
-7.423034882003085033e-02
-3.798847021037778937e-01
-4.676864436530638880e-01
-4.126229013224848030e-01
-4.285069626021199563e-01
-2.670745008724147995e-01
-4.493725175533166416e-01
-1.833317465287943315e-01
-3.194593568336369094e-01
-2.258972373836614089e-01
-2.941453482241692674e-01
1.605273118795438880e-02
-4.698948806852504267e-01
-8.930828324866413315e-03
-1.372751128255883524e-01
-3.884214048047899270e-01
-4.736955531875903236e-01
-2.471687784405071642e-01
-2.865769741649700775e-01
-4.632001025223039248e-01
-5.101918498248743106e-01
-5.156068223183735144e-01
-3.584330998941581692e-01
-5.303253050138401203e-01
3.969967746098622408e-02
-2.198053589618523262e-01
-9.098730581794065020e-02
-4.523864269916210157e-01
-4.920386847052328760e-01
-4.996851686725712893e-01
-4.208539848248487036e-01
-3.294762224446156490e-02
-5.086615135498404605e-01
-4.290308422835158453e-01
-3.913640990329065872e-01
-1.083773403063710838e-01
-5.384775654350983931e-01
-4.508292798633894427e-01
-2.930885942659814947e-01
-4.881313610898586897e-03
-1.216405379485064747e-01
2.253705301915384651e-02
-4.930925137569520111e-01
-5.709931879010492484e-01
-4.711639599019149527e-01
-7.216456080681797614e-03
-1.086670973062452139e-01
-4.992219669171361618e-01
-4.130869829998039533e-01
-4.757488413780857073e-01
-4.066067228732302974e-01
-1.107137793362546058e-01
-9.981447805987085642e-02
-5.335492813319488992e-01
-5.262038542566858101e-01
-4.666087167792517532e-01
-3.834151474290379280e-01
-4.890379431778783537e-01
-1.374641084779613109e-01
-8.930926802237178219e-02
-4.597286231051466721e-01
-3.712069891269616229e-02
-9.903141750573217494e-02
-4.005619879524557891e-01
