4.659501172599508911e-02
1.431015859883969787e-01
-3.717172019466594701e-01
1.311809762847300220e-01
9.103690004155444437e-02
1.401539117034966420e-01
-4.253218202165131578e-01
1.803067556999705945e-02
2.189455421664930346e-01
2.590927329366188303e-01
1.280746837446896519e-02
1.220680876524908864e-01
3.881714736167920510e-01
-4.532137693705362569e-01
2.007800778276735143e-01
-3.860726658195720029e-01
-3.036208572352490642e-01
2.662493290116842437e-01
-3.277121159593452404e-01
1.181636428412206202e-01
2.232272008833728061e-01
1.737894187278734015e-01
-4.453188052268802211e-01
1.446030439595591688e-01
-6.994585679324305527e-02
-4.733233139230218489e-01
6.008437172122577802e-02
-4.372499493582735486e-01
-6.718491544456503366e-03
-3.869217623076406376e-01
2.262027153645412292e-01
-3.975454329440831214e-01
-4.611222268457478846e-01
-4.613482675239157782e-01
1.158264264249030534e-01
-4.667671243923289803e-01
-2.141127465280827369e-02
-1.999035748916843866e-02
-4.362287303270098171e-01
2.221450079627244889e-01
-3.926263476869841229e-01
3.616134252855732895e-02
-3.603092846749537115e-01
-4.151171618457561996e-01
2.444159213711093875e-02
1.728664218615969805e-01
9.733399144274273995e-02
-4.199050062878467715e-01
-2.187720046042493927e-01
-4.027894494170163320e-01
2.101117441156689913e-01
1.411577011132809090e-01
-4.082563538698584793e-01
-3.887488223310616720e-01
9.199359075071000813e-02
1.178327639391247850e-01
-4.032971993255949905e-01
8.263415397776044391e-02
-3.651514233016681654e-01
-4.464847901909014816e-01
1.329297471275415199e-01
2.370058715048938003e-01
-3.735466077036795340e-01
-3.663406713591279423e-02
1.243927014166168465e-02
-3.881290931233320474e-01
-3.989209578477207474e-01
1.255542433802442903e-01
1.063546501210450856e-01
-4.554310633593205426e-01
-2.821662381605380965e-01
1.441632799719374802e-01
-1.604444872978898207e-02
-5.022434593835919392e-01
-5.280573485257236133e-01
1.161429241320688088e-01
-4.307737135956647423e-01
-4.708573977537662270e-01
-3.627086557385473253e-01
2.381606008429744403e-01
8.437491641319719293e-02
2.667738505510109381e-01
1.115895373910869987e-01
7.788730180784246560e-02
6.235447796389322062e-02
-4.390503938424266117e-01
-4.540107066057772478e-01
4.197494019065562548e-02
6.734663724519923678e-02
-4.304229124984580990e-01
3.212567445553174417e-01
-4.851764464811560984e-01
1.081409663176794989e-01
-4.501710628626127697e-01
2.217548328199992203e-01
-4.334627757800065817e-01
-5.162376771342318538e-01
-4.118041219149041754e-01
8.087438605455991858e-02
1.182807424445479760e-01
-3.862885660056837311e-01
-1.750672236725172859e-01
1.519454576855612249e-01
8.910078683849873005e-02
1.912657437412870198e-01
-4.203742197384537915e-01
3.184334679822213576e-02
2.581415890746955322e-01
-8.044260348934649529e-02
-4.312455459267086066e-01
1.510881136010271408e-01
-4.013358878231184090e-01
-4.023177923011873602e-01
-4.871176650679103215e-01
-3.454224260273469627e-01
-4.472549673279771487e-01
5.951871413771693542e-02
-4.211182665224247890e-01
-4.439858390298332402e-01
-3.834037483516386513e-01
-4.196718595024760967e-01
-8.568300051424492317e-03
-3.890571454721142852e-01
-4.668487492987961618e-01
6.983479769696410155e-02
-3.767649146337495036e-01
-4.313754551234051382e-01
2.964048338878020328e-01
5.226970654009351069e-02
5.468670027797659788e-02
-3.906649220787780652e-01
-4.630038038172960002e-01
-4.323625074874185570e-01
-4.404421290173352599e-01
-5.178831011031521936e-02
-4.389592931779715546e-01
-3.848646594831273138e-01
-3.275279600061227203e-01
-2.692367757803288963e-01
9.808927051865090618e-02
-4.556424071846473245e-01
-4.152409784511098545e-01
-4.329660241527704123e-01
-4.713013060305613622e-01
-4.939829679644844873e-01
-5.001283211094658121e-01
-4.080920448606919493e-01
1.291012223918712454e-01
1.640149501603473670e-01
3.512946599364648037e-01
-3.941928304337057321e-01
2.055519948625749160e-01
-4.245212389116134188e-01
-3.852421037477480326e-01
8.625633834056671556e-02
1.782654779255560262e-01
1.422984929877119109e-01
-4.527178122134898341e-01
3.576054164201353247e-02
-3.143619527893549703e-01
-3.998306502524733297e-01
1.701810979039798111e-01
1.123284257197771085e-01
-4.001850001193469897e-01
-4.396338320263365462e-01
1.626440506909435368e-01
1.225225434471898106e-01
2.192317509403797493e-02
4.068900484792911665e-01
-4.158710875817138164e-01
1.249355897465292825e-01
1.048886707824061154e-01
-1.738181522086341968e-01
-4.568232471812114781e-01
-4.349854456207163933e-01
-4.085953539915933019e-01
-5.018818812862270162e-01
-1.291339311843046067e-01
-4.024523902130674458e-01
-4.418047637143175388e-01
3.331159349065485054e-01
2.157963089914527455e-01
1.407947540434034972e-01
-4.956979456146389240e-01
8.131747077506436272e-02
-2.439114365863306877e-01
2.100309618799110212e-01
-3.998651182438789919e-01
3.772874761911152591e-02
-3.562071528303311641e-01
2.332563690754427266e-01
-3.716629384985180584e-01
1.148650326541629380e-01
-3.307779753874920403e-01
2.933999321082688128e-01
5.563511446696547263e-02
2.286579260285115933e-01
4.488074111114033482e-02
-4.249804327121552427e-01
-4.248779353376626045e-01
-2.815851082349517531e-01
3.747498952009505335e-01
-3.523247032966574377e-01
-4.230016556066560351e-01
-4.679353727410442421e-01
8.574031065306202126e-02
-4.106639286187458437e-01
-4.254739530454404450e-01
-1.646016706075341118e-01
-4.087693970166362822e-01
-2.837447435404756857e-01
8.883261948467208180e-02
8.986866835905396589e-02
-1.975736630937092730e-01
-3.862403441162568507e-01
2.013332265155469147e-01
2.590746056918458162e-01
1.754803613307017174e-01
-4.782054939046586628e-01
2.390778050692396461e-01
-3.561259765973491254e-01
-4.391945790632758584e-01
-4.303250746236157998e-01
1.482159806207274388e-01
1.159963657704342344e-01
-3.523525961321054001e-01
-4.448674014377642649e-01
-4.267980099567466601e-01
-2.749948276094673072e-01
1.289248365227244064e-01
1.905633825515242463e-01
-4.172554800219449578e-01
-4.011694207689371905e-01
-4.582428829946819659e-01
-3.645923516334357295e-01
-3.102010053168027248e-01
-4.647271850354649514e-01
1.461642854976153705e-01
-4.279797100051388470e-01
-4.066509164599443893e-01
-3.729002378292453068e-01
-3.138771305381960475e-01
-3.150309606765712700e-01
-4.099067974991760788e-01
-4.274887355497314356e-01
2.592717680490410070e-01
9.111886049128206655e-02
-4.018805147115008247e-01
1.482662763898545955e-01
6.034090225193862456e-02
-4.005190781069545847e-01
7.399172328178396651e-02
-4.915736132388912605e-01
7.634104955568660200e-02
1.770123114910746309e-01
1.077892110330724573e-01
2.443870306679039872e-01
-4.518784228604657005e-01
7.034082915283762505e-02
-2.525352016852761700e-02
2.545964440528952211e-01
3.883639810428699685e-02
2.078328034725092643e-01
-4.369594194638944384e-01
-4.327063413531578862e-01
9.035498098640634690e-02
-4.280128702543117836e-01
7.059630872404984436e-02
-7.451193009501762277e-03
-3.844908324555494361e-01
-4.672081280604753473e-01
1.445549329684170103e-01
6.366292026777632673e-02
3.041945685581159270e-02
-1.492541201031903630e-02
-3.392309093971291878e-01
9.392243175889186668e-02
-3.823694353102345955e-01
-4.109954918764642806e-01
1.389050313411967219e-01
-4.815445450269759675e-01
2.173160670070427292e-01
-3.831918429933074965e-01
-4.736388543120622630e-01
-4.466260247729100241e-01
2.945443421785486904e-01
1.450306443912248722e-01
1.322023125923524889e-01
1.390743960404563218e-01
-4.434709243943712464e-01
-8.001066135545541191e-03
9.523837504939250409e-02
3.351626413832218820e-01
-2.903739597000339900e-01
1.258090716342708804e-01
-3.477140593151105685e-01
-3.741156464220186662e-01
-8.222288674462721256e-03
-5.005429053189678346e-01
1.290665003255188070e-01
