6.946036984364145628e-01
-2.186017029803161843e-02
8.530462438120960389e-01
-5.614076708505649771e-01
8.873670063442986589e-01
-4.506145389952291858e-01
3.735580162707337615e-01
1.173504449112025283e-01
-6.285034044760591243e-01
-5.992628195574851713e-01
9.869713501258885469e-01
8.860787444953006631e-01
9.576879311983645948e-01
4.222354028692490435e-01
-5.839254518614085399e-01
1.567650632478583828e-01
-1.496099692901882994e-01
8.906965658768843941e-01
-5.996479669970105064e-01
4.817165539164875998e-01
8.250988513082972986e-01
-5.081931352352797582e-01
7.489273004589301896e-01
5.857094951067142174e-01
-5.927487681831085098e-01
8.877340968493395712e-01
-6.302210129457184173e-01
-5.829243531948342660e-01
5.376369041501449786e-01
7.269928877075546580e-01
-2.497925486257014382e-01
4.538627796356210498e-01
9.477092812832631497e-01
-6.071757888284932125e-01
5.398241093062217111e-01
-6.221555220966639155e-01
-3.019392383013395909e-02
8.207070986398328216e-01
7.987734336509720867e-01
-6.180869310837404651e-01
3.918421282746084033e-01
-6.117768102664139507e-01
-6.279826641519798969e-01
8.849260838848926891e-01
-5.856823342975518987e-01
4.659478840840025060e-01
-6.199636655259478379e-01
7.782504303360768816e-01
7.072183387929772413e-01
-6.139521470742059783e-01
-5.646943044133700962e-01
6.483562274361911459e-01
-6.137483327471853212e-01
-5.844290399107125999e-01
7.747408753436171303e-01
-5.729349684835414180e-01
1.312975475759085575e-01
-6.085639811260830090e-01
7.510442912635112434e-01
-6.190324697736115933e-01
4.008219020823469148e-01
9.179296562188618003e-01
-5.395327737234389964e-01
-5.851725501769224902e-01
7.164666387851357232e-01
-5.893382944741494267e-01
-5.822056191868840713e-01
-6.297905770143144011e-01
-5.777860873148674692e-01
8.686838454853804681e-01
-3.927653029547697461e-01
-5.025913780011233012e-01
-5.253726147343351638e-01
-6.014893200449373811e-01
-5.192437354077426015e-01
-5.754356921066714481e-01
-3.662716137333096311e-01
-5.640323552998077750e-01
5.566710515542556692e-01
-6.126211842834647925e-01
-5.475499827882572834e-01
9.334754150177301257e-01
-6.310988007746238804e-01
6.874120014550488822e-01
-6.046867451805242322e-01
-6.250934935459924180e-01
8.590970677913802866e-01
-5.545009753844193368e-01
8.504300311200586604e-01
-3.247449514125803904e-02
-5.738708060676667166e-01
8.641344966545227990e-01
-5.774734274605718420e-01
7.116870879922465587e-01
-6.063510978123369810e-01
3.521230843548664446e-02
6.785452133873959291e-01
8.679607806653386604e-01
9.501302420443723529e-01
9.483229969348327959e-01
-6.154198233477399249e-01
-5.846287940397446592e-01
-6.285575061376265094e-01
2.341980309727627607e-01
-5.741261821759622297e-01
-4.527408008968702990e-01
3.386679334328575042e-01
8.675095801166402554e-01
-6.244632204810680598e-01
7.158970714475354491e-01
1.635627925257363835e-01
-5.913907630324517495e-01
7.196564358299333275e-01
4.022707988610716989e-01
1.853858103326570250e-01
-2.283677725035367923e-01
4.198982373376474175e-01
-6.188168434396578155e-01
-3.851971431754024899e-01
-5.797441726159189290e-01
9.879668592538967120e-01
8.652208711260147567e-01
-6.388107108095666398e-01
7.181348416662638456e-01
2.549172208095860093e-01
-5.365829874178817960e-01
9.329338451648350183e-01
7.994319599453016956e-01
-5.824768428399453857e-01
6.399916068965889604e-01
8.461474484328654899e-01
-3.685989427598848067e-01
8.324431195456578614e-01
8.911215079370338188e-01
-6.277639269749585305e-01
8.393155094481510314e-01
7.533465651796118490e-01
-5.848738394596457724e-01
-5.784836550774483666e-01
7.928557686354140710e-01
-6.173040157228155689e-01
-5.915740293581884801e-01
-6.066670291788105462e-01
2.933788750858555838e-01
-6.348240980875812234e-01
6.183346420271556010e-01
-5.965712311232200804e-01
-6.081473399489673026e-01
2.665257885061779741e-01
2.506535749375680133e-01
-6.269153927654984582e-01
1.719689644204029089e-01
3.657212298219918445e-01
-3.076260170904921432e-01
5.648969290498866425e-01
8.862932293835551478e-01
-6.308973247632138071e-01
-5.741746915457389688e-01
9.462214054707900335e-01
-3.238604549559159773e-01
3.572208621694678010e-01
8.865867987057827193e-01
8.384618062346819167e-01
-6.260564860273740706e-01
-5.610546328166958752e-01
-5.531880194580358623e-01
-6.124508867004075929e-01
2.665901264332044551e-01
-6.341774853108412824e-01
-4.345784067124984773e-01
-5.844345944032800499e-01
-5.789071680318738089e-01
7.409553524175056527e-01
8.610627442538801302e-02
-5.305814912051196597e-01
7.359219048059123525e-01
-5.986165732001003104e-01
5.767793810605555960e-01
8.830168603750511158e-01
-5.623173328136760185e-01
-5.988113183164753828e-01
-4.752505322809706945e-01
8.941252208234462540e-01
-4.011993040188942539e-01
-5.952095551921149363e-01
3.922423617355474956e-01
4.065181548922212063e-01
-4.135107416042497208e-01
5.776002956544856737e-01
4.346659422109971915e-01
1.831961725006545361e-01
-4.985255038430420060e-01
8.677858893095831139e-01
-6.069663739745505548e-01
-2.770301766720214554e-01
-6.175329340999918815e-01
-2.623892005443538844e-01
-6.114733635254466781e-01
-6.149568035910537578e-01
7.788695769443572114e-01
8.163094099691396988e-01
-5.254285605759605460e-01
-5.879702788194174357e-01
-6.232385226148540180e-01
8.864964575760196919e-01
4.871364089252429030e-01
8.411742041518318613e-01
8.337485566678786153e-01
6.030475968523150154e-01
-6.058647908823788786e-01
7.696750053616111531e-01
7.596642338218193569e-01
-6.118613792034323096e-01
-5.717843406157763209e-01
-5.957121116202895861e-01
2.813940245198250922e-01
6.557987892173702260e-01
8.117729702597049624e-01
8.549846912949710109e-01
-5.905384496509618053e-01
7.010526175891762524e-01
-5.013364508892641513e-01
7.495986271035348647e-01
-6.024844500045243301e-01
-6.190538409820094401e-01
-5.947675532467787685e-01
-3.741835165896267856e-01
1.834845180738047810e-01
9.571328130079660435e-01
8.905597690618702877e-01
9.576327346230968374e-01
8.862647553623175245e-01
2.065565978395171587e-01
-6.257109556845552589e-01
8.727049502674040227e-01
-5.681348140896625987e-01
-6.262937061997980726e-01
8.876438366729592078e-01
-5.883375875544648581e-01
-4.128767090283877450e-01
-5.651332615036153140e-01
-4.952807957922754634e-01
6.719462734671802773e-01
2.591468329135224180e-01
-4.534074415486293308e-01
-6.076967626303046988e-01
2.893507611771545252e-01
-6.398759006955661022e-01
-5.377295731106728205e-01
-5.892563661763410288e-01
-6.155688786692483649e-01
9.794310124150269470e-01
-4.202983557708898088e-01
-5.683759768136370516e-01
-6.211066145718820986e-01
-4.138413039551974704e-01
-6.182942516559241097e-01
-5.351416781870450556e-01
-5.600755167180286875e-01
-5.494696270070731359e-01
-6.245716790064026469e-01
-6.035418059067925167e-01
8.851789637158886670e-01
8.770399904426529059e-01
-5.753609166370198258e-01
9.884398512641752177e-01
-6.027060300591682296e-01
7.568017156859971895e-01
-5.660317293412304718e-01
8.896178494061619535e-01
-5.706641359357739196e-01
6.005872493439390336e-01
8.564531071885064240e-01
-5.758712671357286705e-01
9.932564338087153111e-01
8.478396170600648318e-01
5.732788667884616274e-01
-4.021154254500328706e-01
7.237886715746899569e-01
-5.669004892860938227e-01
5.884163232414166833e-01
5.256723447106279590e-01
6.792164357504322236e-01
6.423802366176274425e-01
8.150835959791602470e-01
-6.218516364628606796e-01
-5.457408722686794000e-01
-5.345711309873044659e-01
8.903776063784015760e-01
-6.099998500609876695e-01
7.109016304736606173e-01
8.684842316475009927e-01
4.876816358945165186e-01
-5.609588983366738946e-01
2.664921717965820225e-01
-6.243204875237244877e-01
-3.441211285965707356e-01
-5.208183128363846892e-01
2.311629624160640994e-01
-5.323232722497572844e-01
