8.135157383429107991e-01
-8.471855295710986611e-02
-2.387553815495942477e-01
-3.848945904769087711e-01
-2.551362337483404352e-01
-2.514373212352503106e-01
4.968177895922585297e-01
4.617503015849282466e-01
-3.169484134165621025e-01
5.040957376788245126e-03
3.735003770409405233e-01
-2.451553805832890065e-01
-2.437024636306556469e-01
4.385050332606065804e-01
-2.676762897996939339e-01
4.623672540121396279e-01
4.704205369379184098e-01
-2.378573816320031509e-01
-2.553000974314360016e-01
8.177862259665407141e-01
3.800317443672876494e-01
-5.769345731836560132e-02
8.197397853564174497e-01
4.556551627278478955e-01
-3.196321916517499417e-01
-2.582155390618002255e-01
-3.280970411102949735e-01
-3.134838723152456597e-01
-3.509534353969079312e-01
8.193912081408387671e-01
5.128988445947783026e-01
3.698709665287428505e-01
4.691715490034674141e-01
-3.508056531366486319e-01
-3.030727703629261249e-01
-3.584324305276790357e-01
4.532045831352496945e-01
2.982406326370802274e-01
-2.299662478844605451e-01
-2.800947178224787448e-01
4.658416601532938128e-01
-3.601985228396760164e-01
-3.584481267701173923e-01
-2.359452017049598616e-01
7.825864170738867642e-01
4.767373538394682475e-01
8.120266056856960679e-01
8.210632877549255415e-01
8.183631759123994875e-01
-3.693643990911101849e-01
-2.975425239370645958e-01
8.210632877549255415e-01
-3.180127001660641994e-01
-3.387599500486526694e-01
-2.493930708696631693e-01
-2.687163086437767134e-01
4.722404498902592618e-01
-3.776953836814664900e-01
8.175396691017482453e-01
-2.567275907551179737e-01
-1.686179046528380188e-01
7.564255472329116659e-01
6.769127327791371052e-01
-3.667585915564248733e-01
8.157082125325001432e-01
-3.091985241262911743e-01
-3.482150211748336055e-01
-4.116550280033144382e-01
5.644003727568496220e-01
3.071766480739374083e-01
4.058707623242462370e-01
-3.395284627633505248e-01
4.523608845537689938e-01
-2.946796054216302974e-01
3.618130396602968757e-01
-3.632891257635861848e-01
-8.075788511991505159e-02
-3.824573737339755919e-01
1.159896519731855036e-01
-3.424259838447980542e-01
4.627422012098465487e-01
4.532045831352494725e-01
-3.609343165571217149e-01
8.148901614170339647e-01
3.924436894187312008e-01
-2.735461501816637275e-01
-2.493930708696631693e-01
-3.294380529447141770e-01
-2.327890657116955808e-01
4.546957288712262235e-01
7.622275167133996110e-01
-2.493930708696631693e-01
-2.858393893086180193e-01
8.119930144036724418e-01
-3.130673593907560281e-01
5.269144043076169348e-01
-1.808379792214511728e-01
-2.518098925108127606e-01
2.772167656238937461e-01
-1.626858158886201888e-01
-3.284213293957287672e-01
-3.565188771285469072e-01
-3.192434907103969266e-01
4.563745801089662546e-01
5.293252500678115036e-01
3.030984346957709130e-01
-1.155393819036318603e-01
-2.493930708696631693e-01
-3.594967641616279019e-01
8.126327949261764605e-01
8.345046512673084393e-01
-2.168467056576982577e-01
8.291376060208801579e-01
4.532045831352494725e-01
4.658389310679271755e-01
4.577948381523202492e-01
4.680039441759262231e-01
-3.125963913808852412e-01
-1.331476662669613953e-01
-3.900630793232237048e-01
5.241247629108211070e-01
-2.493930708696631693e-01
4.574833129549488175e-01
8.210632877549255415e-01
-2.984850040947935046e-01
1.085928219810574358e-01
2.609942653194378126e-01
8.210632877549255415e-01
-2.587665746463414518e-01
8.193853114357453338e-01
-2.493930708696631693e-01
-3.736910679819775982e-01
-2.493930708696631693e-01
3.355095773002459980e-01
-2.204887233807249491e-01
-2.493930708696631693e-01
8.035759357162172156e-01
-3.159665198751153703e-01
-3.772916286423336762e-01
8.210632877549255415e-01
-3.569212528302195819e-01
4.530640154533237540e-01
-3.675537209907601133e-01
4.532045831352494725e-01
-3.670711397134305831e-01
8.161917943905785400e-01
-3.848423211757121543e-01
7.157575579198455218e-02
2.714713518427366301e-01
8.183631759123994875e-01
-3.792133627714775468e-01
-3.986196729948255357e-01
4.532045831352494725e-01
-2.373853314362353306e-01
2.463799286441836767e-01
-2.493930708696631693e-01
-3.568532354724976985e-01
-7.713760301246988527e-02
-3.777055733757673228e-01
1.297330997086907911e-01
4.660778189104123337e-01
-2.493930708696631693e-01
-2.493930708696631693e-01
-1.614193863202009749e-01
5.476000878829275775e-01
8.661916043001856025e-01
4.939344674568547644e-01
2.913622783321342391e-01
-3.783641877265464526e-01
8.399525248365891095e-02
-3.644746265804079122e-01
-3.557375496953400495e-01
8.163543564667565811e-01
2.913622783321347942e-01
-2.570649308775707076e-01
8.210632877549255415e-01
-3.013702441812979860e-01
-2.740923667115564566e-01
-1.168644449550664821e-01
-3.718043641299948465e-01
-3.139506982851836270e-01
-2.974692576069344341e-01
-2.493930708696631693e-01
-2.351523864156450927e-01
-6.595392453177742476e-02
9.460331251528084073e-02
-5.758922812257092488e-02
-3.636277497815694204e-01
2.709248711550797384e-01
4.027431509022169065e-01
4.532045831352494725e-01
-1.935956141022044386e-01
-2.493930708696631693e-01
-2.718526481946260676e-01
-3.515315479109138996e-01
-3.558543883153873488e-01
-2.534608119172218621e-01
-1.267042454727103640e-01
-3.786458020339040775e-01
8.034379210251674230e-01
-2.493930708696631693e-01
4.546452025693092924e-01
-3.683472621635850985e-01
1.288092830709313130e-01
-2.900010798355960318e-01
4.603809881294003148e-01
8.218789165595754564e-01
-2.493930708696631693e-01
-2.538450830171926076e-01
-3.983765583743174021e-01
8.210632877549255415e-01
8.210632877549255415e-01
-2.787314328608661018e-01
1.996827702223564482e-01
-2.422067195750988999e-01
4.044640089576445607e-02
8.061285894497577376e-01
-5.131532328292234824e-02
-2.493930708696631693e-01
-2.512700388450018751e-01
8.186391597904282280e-01
-5.785855933929406891e-02
3.527313532143770969e-01
-3.576734504797414727e-01
-2.712692893331360988e-01
-1.397061562352776842e-01
-2.516235958559638330e-01
4.563745801089661436e-01
4.563745801089664766e-01
-2.493930708696631693e-01
2.913622783321347942e-01
-2.493930708696631693e-01
4.532045831352494725e-01
-3.839222832937027041e-01
-2.493930708696631693e-01
2.542577860393559902e-02
-3.443216060850678994e-01
-2.493930708696631693e-01
2.836294192335241937e-01
4.532045831352494725e-01
4.744441773722813394e-01
-2.648558457921454945e-01
-2.493930708696631693e-01
3.480255238538264573e-01
-1.381301586081562505e-01
6.644668963384552374e-01
4.532045831352494725e-01
-3.241242957721968132e-01
2.450198603562433464e-01
-6.320051001214327391e-03
-3.708741608308037119e-01
2.913622783321342391e-01
2.745244352872789895e-01
-3.814990845852569423e-01
-3.367692574438405639e-01
8.293487268737071982e-01
-3.203130520400768178e-01
-2.510838364195979167e-01
-2.972278060636188157e-01
-3.805013850734557668e-01
-3.862910920398854864e-01
-2.898399949036689072e-01
-2.493930708696631693e-01
-2.493930708696631693e-01
-2.571427838034956448e-01
2.843823823596223765e-01
-3.863274081940012983e-01
8.210632877549255415e-01
7.907978736912347761e-01
-2.493930708696631693e-01
1.890302139227680034e-02
8.210632877549255415e-01
-2.493930708696631693e-01
-2.086403301295090551e-01
2.913622783321347942e-01
-2.493930708696631693e-01
-1.445816021565433096e-01
3.157739110583653308e-01
8.210632877549255415e-01
-1.986536033051029548e-01
8.210632877549255415e-01
-8.184060077984044168e-02
-1.944384589103000383e-01
3.847554340632353131e-01
-3.857682036489504807e-01
-3.385972572758395582e-01
-1.412908335687440564e-01
-3.511395610961941527e-01
-2.493930708696631693e-01
-2.738887594500205580e-01
4.532045831352494725e-01
-2.493930708696631693e-01
-1.683589921528985678e-02
-2.812420238819818286e-01
3.437902675361227400e-01
-3.905424721284765921e-01
2.217454796941838169e-01
4.247941766672622133e-01
-2.199990427140285920e-01
1.628803501748131710e-01
