1.273672494149874213e-01
-4.777034487075235147e-01
6.570785283512272645e-01
-3.812745818216870530e-01
7.251849144425728255e-01
-4.802204502201025127e-01
-3.858082543865841707e-01
-5.709719457125249642e-01
-5.075765668179965662e-01
-3.163655040739392632e-01
7.406962426479746231e-01
7.356936207895559132e-01
9.274605882269961743e-01
-3.327916566074804461e-01
-4.558705591974635540e-01
-3.148853132058971327e-01
-5.777853656160281126e-01
7.261456376859403150e-01
-5.360776021522557500e-01
1.380860519153045418e-01
8.947361217769780328e-01
-4.755655465072118337e-01
1.763923942088084507e-01
-5.490920608439147088e-01
-5.032261939448791077e-01
5.971703350767741947e-01
-5.298719749096688636e-01
-4.929760072000058391e-01
-2.573672878961761334e-01
1.320534830312956598e-01
-5.145046946048583703e-01
-4.214548454182063253e-01
8.504727660841182590e-01
-5.222222362908767179e-01
-5.335826985832918812e-01
-4.077719480474485958e-01
-5.383592150652364294e-01
-3.145270878694306216e-01
6.014242467996107067e-01
-5.198701623428600982e-01
-3.881886284025767297e-01
-5.193965902243597998e-01
-4.985054986499357077e-01
7.136525432702718330e-01
-3.983855217566225626e-01
-5.823005389580169222e-01
-4.417515968829995865e-01
1.697026073992057016e-01
1.694397043386350610e-01
-5.347804704949283838e-01
-4.921493603614589540e-01
1.588646373981404403e-01
-4.653664443577261167e-01
-5.190832644084115710e-01
6.859310461379424240e-01
-5.061315688352467923e-01
-4.142062607561606269e-01
-5.253234630244433268e-01
8.764245718702204369e-02
-4.582946951180233430e-01
-4.868534167690679593e-01
8.401419730345911496e-01
-4.678472644312106077e-01
-5.640063340456382690e-01
1.132621371637037855e-01
-4.498684079771873012e-01
-4.631079879102418806e-01
-5.536400423257727965e-01
-2.967486888188293204e-01
9.239287625854111230e-01
-4.377079564624599683e-01
-3.736258607024151024e-01
-4.931294351305814949e-01
-5.154701573587995300e-01
-5.004211739765225264e-01
-5.122816343176512799e-01
-4.735522057381148509e-01
-4.942631541069953949e-01
-3.253902607886041132e-01
-5.298227693735229060e-01
-5.383940029320314347e-01
-1.622994848288463188e-01
-5.018575230469375370e-01
1.694397043386350610e-01
-4.006705456074886040e-01
-5.283445088168226000e-01
7.272189605218828401e-01
-3.876313033714601786e-01
7.272189605218828401e-01
-5.887159659966516578e-01
-3.152988234546490465e-01
7.246053638056558777e-01
-4.659435250713742649e-01
1.651623647026644326e-01
-5.133868630381059894e-01
-4.289645962162370596e-01
-3.395978784174156218e-01
6.830326277596165951e-01
8.594593937426101560e-01
-1.221056135286510136e-01
-5.123510151506701638e-01
-3.429722026029607962e-01
-5.664503367437709880e-01
-5.852386690108926093e-01
-4.114010041616084079e-01
-4.359950069551605800e-01
-3.930861914596317508e-01
6.282568075868049107e-01
-4.183341518419146920e-01
1.694397043386350610e-01
-3.509473163271866758e-01
-4.638673753384381371e-01
-7.249266957301701841e-02
-2.971564879040924367e-01
-2.365311502102463437e-01
-5.108917181408153541e-01
-3.875300822573285453e-01
-4.963873742157534075e-01
-4.795458338578580948e-01
-3.363861507759143832e-01
8.917717452228877129e-01
7.272189605218828401e-01
-5.470901647740998852e-01
5.332943086471589322e-02
-5.111252819433941275e-01
-4.290543421831903292e-01
8.466238354405257738e-01
1.612378192574996372e-01
-5.105659998832412505e-01
1.694397043386350610e-01
7.272189605218828401e-01
-4.206564369872418663e-01
7.342393362589499928e-01
8.524531268218040747e-01
-5.074050855845301244e-01
7.272189605218828401e-01
1.314562780570074363e-01
-5.674118355852166840e-01
-4.005092656330532797e-01
1.701007099777711584e-01
-4.374854883793927729e-01
-5.565549427172642449e-01
-5.226013656141859087e-01
-5.707947904734168576e-01
-5.103139264186272728e-01
2.072025124714574895e-01
-3.642639885812544165e-01
-4.295419921666790986e-01
-3.731896168382901058e-01
1.694397043386350610e-01
-4.363383633600648737e-01
-5.258916289202493211e-01
-4.054311768727898446e-01
-4.490136445071150617e-01
-5.078925622500403136e-01
7.272189605218828401e-01
-5.396449778564904598e-01
-3.454264448737527915e-01
8.632259494805423206e-01
-4.495440925990935588e-01
-5.647498466116400717e-01
7.272189605218828401e-01
7.272189605218828401e-01
-5.234621196853095348e-01
-4.630155421073044453e-01
-2.488048854129921716e-01
-3.525658300200020800e-01
-4.105906627314619972e-01
-5.603047414013413441e-01
-4.608913699229021388e-01
-5.051092410619153483e-01
-3.595248976306018585e-01
1.368318416568360951e-01
-3.119166251644522880e-01
-5.037809110461903828e-01
1.694397043386350610e-01
-5.242501337132492445e-01
-4.666907073901639946e-01
8.596842581681753970e-01
-5.439125263158075541e-01
-5.598860137637967638e-01
-5.053085012437047441e-01
7.272189605218828401e-01
-4.972257001253772568e-01
-3.011103698342305623e-01
-3.935147343945263332e-01
-5.595886187044765148e-01
-5.470592375371821081e-01
-3.863514862150055906e-01
-2.943894102624811659e-01
-2.585050931570104238e-01
-4.668675318119239748e-01
6.577331894774197663e-01
-5.283905145029115236e-01
-4.946606281850579601e-01
-4.017599548614778637e-01
-4.586336739289393338e-01
-3.966192741380658582e-01
-5.452598503934550367e-01
1.293669819852726888e-01
7.272189605218828401e-01
-5.229443348045745843e-01
-4.816688650030659380e-01
-4.209521730728524869e-01
8.928963090951280712e-01
-4.391067985992703759e-01
1.251291493379339537e-01
7.272189605218828401e-01
-4.246370403525571158e-01
-3.405605365476129798e-01
1.694397043386350610e-01
1.706089808371165084e-01
-5.154296620739825530e-01
-2.940490566560736152e-01
-3.353729999290938624e-01
-4.137082796691146092e-01
1.688453502948905616e-01
-4.056233706942730666e-01
7.272189605218828401e-01
-4.781676514720362703e-01
1.694397043386350610e-01
-4.791990390022582424e-01
-3.372178615414177516e-01
-5.272311943907430631e-01
-5.156295997045408086e-01
-4.480862140783682390e-01
-4.737974191603672725e-01
-4.038160410511393295e-01
-4.126634916343716042e-01
7.272189605218828401e-01
9.295939527374549316e-01
7.272189605218828401e-01
-5.289765342526887570e-01
-4.392419092962884797e-01
7.272189605218828401e-01
-4.548495549808380667e-01
-5.074703951922329148e-01
7.272189605218828401e-01
-3.873765185337837980e-01
-5.845508621079449352e-01
-2.715814750424679902e-01
-4.873293947990953168e-01
7.274572837098212119e-01
-3.172537398103688622e-01
-4.833330047878063862e-01
-2.827365706275908330e-01
5.826253836447696510e-02
-4.832067250589180407e-01
-1.121799363142951256e-01
-3.957475869262894186e-01
-3.499229094419289421e-01
-3.491380646973175628e-01
-4.286590447782170354e-01
-3.305714154346521827e-01
-4.526724955093019975e-01
-2.819149718282207839e-01
-5.225123593803994160e-01
-5.065167104577643631e-01
-3.447985937214924079e-01
-3.838868487415793007e-01
-5.342481044588076600e-01
-5.210464087029779146e-01
7.272189605218828401e-01
7.265336430595314976e-01
-3.565121387977334688e-01
8.348384170265412685e-01
-5.126576818529389179e-01
1.997741641321708062e-01
-3.648893512159382402e-01
7.272189605218828401e-01
-3.159168157584115733e-01
3.500210789975273518e-02
6.612996234658010675e-01
-4.836609622437677003e-01
8.310784921291000105e-01
7.248980286940839290e-01
-5.062911750004233102e-01
-3.548929141805876597e-01
1.226298649486619041e-01
-4.705717764202556608e-01
1.212576988239555259e-01
-4.236964386139393524e-01
-5.588702203085544884e-01
-4.926388817224324201e-01
-5.233156675875696440e-01
-5.289478258424218371e-01
-4.620962277539719665e-01
-3.296835682851702587e-01
7.272189605218828401e-01
-5.242965350720956152e-01
-1.641728532218851844e-01
6.984608302747223885e-01
-3.923554627361451885e-01
-4.950040268405264121e-01
-2.271833587601598814e-01
-5.400530308612909725e-01
-5.091113574317205348e-01
-5.070169927760797002e-01
-5.174144504392890198e-01
-3.122806617985267041e-01
