-3.052822920720901223e-01
-5.791886031447481820e-01
-3.963798197458587858e-01
-5.128841854595117544e-02
4.303845529697245542e-01
-4.344941150485887582e-01
4.214795804099651100e-02
2.399210464653408481e-01
-5.409863983002273224e-01
8.937666847318422036e-02
-5.999268446911039110e-01
1.711142654232302440e-01
-1.903942928898341713e-02
5.099740544717685786e-01
-5.116728939169925550e-01
4.365436951013904610e-01
-4.944544277290954248e-01
-2.648520028108288793e-01
-5.207083242205968743e-01
-5.714806078114100796e-01
-5.744620118365151296e-01
-5.299675768789474661e-01
-5.932102236949781116e-01
8.436718458808318832e-01
-4.804045707805716381e-01
-4.750139927676850227e-01
-3.541777752848641603e-01
-3.569858304454381903e-01
-6.069336615895191134e-01
-6.003398355225405547e-01
9.403945202027715888e-01
5.136298106454524337e-01
-4.211893386275053497e-01
-5.010880823790598848e-01
-5.679388107129127450e-01
-5.236929087652341108e-01
-5.419241141272961304e-01
-6.063115140260948444e-01
5.492152695280401176e-01
-4.369121879743635417e-01
7.315476458218108657e-01
-5.242409524979148028e-01
-4.893779273326439028e-01
3.873511191585048419e-01
-2.280333306536293236e-01
-1.140261873898831130e-01
-2.633116544427208106e-01
-5.938943839645933753e-01
6.752227512595458947e-01
-3.209288659234968977e-01
-5.337247672556562073e-01
-5.962311478977977419e-01
-3.335432125205538556e-01
-3.927487869607893534e-01
5.919425170057270869e-01
-4.828283002168274884e-01
5.230118770329514888e-01
-1.887537542731505535e-01
-5.661267406456029772e-01
-2.256956852304792260e-01
-1.386553217256895898e-02
-4.838604108143100824e-01
-5.601445017185965325e-01
-4.404774281389468582e-01
-6.046917580804962444e-01
-1.348918078416666833e-01
-4.431190862908431782e-01
-2.956220648551485808e-01
-6.021352185196529039e-01
-5.508105575095237905e-01
-3.480522907600785976e-01
-5.662732693613150570e-01
-2.120336981919381802e-01
-5.652344940529872019e-01
-5.698683607551024988e-01
-4.158105689209942168e-01
-5.931814628415819080e-01
-5.789480562562406840e-01
-5.930543254543197973e-01
-5.179047699147842909e-01
-5.861057340714836972e-01
-5.491153401102021325e-01
-5.414822305793646207e-01
-5.963675519038693640e-01
3.935923334794191875e-01
-4.330970422563640287e-01
1.694618394419383778e-01
-5.818082300340534641e-01
-6.074172861915679844e-01
-4.434568641605346473e-01
-5.044164034542134578e-01
7.569658144327997551e-01
-4.938379705023281940e-01
-6.111011039025018299e-01
-4.966288042708875694e-01
-3.860223689053832175e-01
-5.852153220814289014e-01
-4.435449034951570724e-01
-1.310907559027069125e-02
4.744395821235904975e-01
-2.690856010444613311e-01
-5.792013663486277331e-01
-5.523891252043751088e-01
5.753192807117730734e-01
-1.764121319877185179e-01
-5.599265134921301845e-01
3.371446915687491969e-02
1.385800134344384316e-01
-5.413016839153510507e-01
-5.868259523412947543e-01
2.015491815577582224e-01
-4.483446016625263764e-01
-5.996114924428921356e-01
6.103281891648615343e-01
-4.670376503833712500e-01
2.135540057643912637e-01
6.333972927273263664e-01
-3.780721904005565071e-01
-5.463778523410599552e-01
-5.985332248565566893e-01
-4.722655077049346395e-01
2.952820290108290058e-01
-8.737236385799343474e-02
-3.688684012338733775e-01
7.737580701172124265e-01
-5.386868215608436872e-01
-5.764897607148444791e-01
8.015693476600138645e-01
-5.250831163399951595e-01
8.818871017403242529e-01
-4.658947595165368050e-01
8.614702348826670519e-01
2.861952082447264956e-01
-6.018889649755487792e-01
-5.610326710497515190e-01
5.759232648295604662e-01
1.912666552015800103e-01
-2.043719432066135322e-01
-5.905636177159676592e-01
-6.119170724205786893e-01
-2.835792574403782629e-01
1.796554810185359008e-01
-5.442516984765760624e-01
-2.430118971057250166e-01
-4.892520523453793291e-01
-6.010148364126266518e-01
-5.032402191499476540e-01
-3.591424034009577104e-01
6.835955996336788854e-01
-6.065046938928921882e-01
-5.448611078334317792e-01
-3.620284665966202464e-01
7.041032821898496330e-01
-4.383787388503368465e-01
-1.743505491083695291e-01
4.916961565884704344e-01
-2.392970481296302077e-01
-5.404267555376162102e-01
-6.103769235659342041e-01
-5.283280220858133092e-02
-5.890308262868393374e-01
2.837648520706375632e-01
4.691937469494404933e-01
-5.508706768859157332e-01
-5.127433500886455775e-01
3.130931783786010669e-01
2.423981627881489215e-02
2.933312792960906523e-01
-4.233575402610311178e-01
-5.979439246137316921e-01
-5.074780015272893907e-01
-2.397264097040319175e-01
-1.685803146589880952e-01
-4.889017262678593823e-01
-5.915843468622393742e-01
-5.996739597360175589e-01
-4.627973726737987237e-01
-5.626414878419029320e-01
-5.891921650003449917e-01
-4.390053569376272113e-01
-5.951890627544931256e-01
-5.349781919379745787e-01
6.438805844302148973e-01
-3.615348151307199442e-01
-5.662743336688151885e-01
-5.585570602070958346e-01
-2.176095898777160587e-01
-5.529086277934291971e-01
-5.390672547611570220e-01
1.573507694918476196e-01
7.067184528980878788e-01
-5.591959748286507992e-01
3.241901364188560231e-01
-5.523596495370108883e-01
9.630316976799314643e-01
-5.393818802166517878e-01
9.557268701160270830e-02
-5.498277786493757091e-01
-4.665333445299868487e-01
-5.971558077286889255e-01
1.423303934420845074e-01
4.228321736494829453e-01
-5.605795427005288989e-01
-5.480851979252753248e-01
-4.858031001836170537e-01
5.253676485438021349e-01
-2.610783669763077075e-01
-3.478488798898758949e-01
-6.020599584596766363e-01
-5.696172551219106372e-01
5.524997724181883729e-01
-5.920189153629586976e-01
-4.653238942359149699e-01
-2.081501397190117092e-02
6.641799854186231089e-02
4.667312235977751911e-01
-1.833768320158383480e-01
-2.832005472701444315e-01
-2.237334555628871513e-01
-3.928846225119168034e-01
7.457756913148999578e-02
-5.373350284158449064e-01
-5.916833096090141630e-01
-2.942659111813218376e-01
-4.687875884016960981e-01
-4.864342276506309348e-01
4.437076009228395623e-01
4.715776594499238028e-01
-1.721861720124639727e-01
-1.634175308698083140e-01
-6.034284465598565017e-01
1.607687725464222450e-01
-4.358612297659547052e-01
-4.805998194233526144e-01
-5.583869109560832822e-01
-4.435626892591694181e-01
-4.730077567521484561e-01
-4.234713220325166394e-01
-5.466388551120793249e-01
-5.654046071059491974e-01
-2.204252466325434257e-01
-5.447708376860860291e-01
-2.302067101406533589e-01
3.374129242134255580e-01
7.628855386407100703e-01
8.255888836172479983e-02
6.696678793971506671e-01
-4.793570622472647091e-01
-5.901026618772413634e-01
-4.529370722506690927e-01
-5.958476588436547594e-01
-6.087984753537822868e-01
-5.551421124770850035e-01
-2.328427052510111395e-01
-3.915933225315657018e-01
-6.050263617223725632e-01
-5.385191543419765026e-01
-5.737214132554484536e-01
-1.961370621871184050e-01
-5.744102101279899841e-01
-5.450445781674027046e-01
-5.064308079697721343e-01
-3.167036534012422355e-01
-5.009703038644399697e-01
-1.596416836288019336e-01
-6.197357484423198226e-01
-5.438249718547518707e-01
-1.671740531458664469e-01
-2.825234721471625576e-01
-8.079906971854920739e-02
-5.666161357082486472e-01
6.663210445444476271e-01
6.748340132420829196e-01
-5.860268114068321044e-01
-6.185666274264727260e-01
3.398007464890427931e-01
-5.563418847564520764e-01
9.657891566965133290e-01
-6.045125415068715036e-01
-5.365741621013798701e-01
2.456360668467830466e-01
-3.185383139665510788e-01
-5.628179043343151111e-01
-6.066241360368729296e-01
-5.809193512220927058e-01
-5.082717861999219711e-01
-5.823167241466227217e-01
-5.163972550842644837e-01
7.916455326102890266e-01
-2.606245259274526660e-01
-5.803349477891703856e-01
-5.424687555229579239e-01
7.680932919083430788e-01
-5.152612768025373047e-01
4.543214594488684810e-01
-4.234084902065847755e-01
2.379318998697018128e-01
6.492178396307315968e-02
-5.988595640913338958e-01
-5.741410522813934492e-01
