2.296694501475828876e-01
2.296694501475828321e-01
2.296694501475828598e-01
2.296694501475828598e-01
2.296694501475832761e-01
2.296694501475829431e-01
2.296694501475828321e-01
2.296694501475828876e-01
2.296694501475828321e-01
2.296694501475826100e-01
2.296694501475828598e-01
2.296694501475829153e-01
2.296694501475828321e-01
2.296694501475828876e-01
2.296694501475828598e-01
2.296694501475828876e-01
2.296694501475828876e-01
2.296694501475828876e-01
2.296694501475828876e-01
2.296694501475831651e-01
2.296694501475828321e-01
2.296694501475828876e-01
2.296694501475828321e-01
2.296694501475828598e-01
2.296694501475826655e-01
2.296694501475828876e-01
2.296694501475828598e-01
2.296694501475828321e-01
2.296694501475828876e-01
2.296694501475828598e-01
2.296694501475828876e-01
2.296694501475828876e-01
2.296694501475832206e-01
2.296694501475828598e-01
2.296694501475828598e-01
2.296694501475828321e-01
2.296694501475828876e-01
2.296694501475828321e-01
2.296694501475829153e-01
2.296694501475828598e-01
2.296694501475828876e-01
2.296694501475828598e-01
2.296694501475828876e-01
2.296694501475829153e-01
2.296694501475828598e-01
2.296694501475828598e-01
2.296694501475832206e-01
2.296694501475828321e-01
2.296694501475828876e-01
2.296694501475828598e-01
2.296694501475828876e-01
2.296694501475828321e-01
2.296694501475828321e-01
2.296694501475828876e-01
2.296694501475833039e-01
2.296694501475828876e-01
2.296694501475828876e-01
2.296694501475832206e-01
2.296694501475832206e-01
2.296694501475828876e-01
2.296694501475828876e-01
2.296694501475828876e-01
2.296694501475828598e-01
2.296694501475828598e-01
2.296694501475828321e-01
2.296694501475828321e-01
2.296694501475828876e-01
2.296694501475828321e-01
2.296694501475828321e-01
2.296694501475832484e-01
2.296694501475828598e-01
2.296694501475828876e-01
2.296694501475828876e-01
2.296694501475828321e-01
2.296694501475828321e-01
2.296694501475829431e-01
2.296694501475828876e-01
2.296694501475828321e-01
2.296694501475828321e-01
2.296694501475828876e-01
2.296694501475828598e-01
2.296694501475831929e-01
2.296694501475828321e-01
2.296694501475828876e-01
2.296694501475828876e-01
2.296694501475828876e-01
2.296694501475828876e-01
2.296694501475828876e-01
2.296694501475828876e-01
2.296694501475828321e-01
2.296694501475832206e-01
2.296694501475828876e-01
2.296694501475833317e-01
2.296694501475828321e-01
2.296694501475828876e-01
2.296694501475828876e-01
2.296694501475828876e-01
2.296694501475832206e-01
2.296694501475832206e-01
2.296694501475828876e-01
2.296694501475828876e-01
2.296694501475828876e-01
2.296694501475828876e-01
2.296694501475828321e-01
2.296694501475828598e-01
2.296694501475828598e-01
2.296694501475826378e-01
2.296694501475828876e-01
2.296694501475826100e-01
2.296694501475828876e-01
2.296694501475828876e-01
2.296694501475828876e-01
2.296694501475829153e-01
2.296694501475828876e-01
2.296694501475829431e-01
2.296694501475829431e-01
2.296694501475832206e-01
2.296694501475826378e-01
2.296694501475828876e-01
2.296694501475828876e-01
2.296694501475828876e-01
2.296694501475832206e-01
2.296694501475828598e-01
2.296694501475828876e-01
2.296694501475829153e-01
2.296694501475828598e-01
2.296694501475828876e-01
2.296694501475828876e-01
2.296694501475828876e-01
2.296694501475828598e-01
2.296694501475828598e-01
2.296694501475828598e-01
2.296694501475828876e-01
2.296694501475832206e-01
2.296694501475828598e-01
2.296694501475828876e-01
2.296694501475828876e-01
2.296694501475828876e-01
2.296694501475828876e-01
2.296694501475828876e-01
2.296694501475828321e-01
2.296694501475828876e-01
2.296694501475828876e-01
2.296694501475828876e-01
2.296694501475828598e-01
2.296694501475832206e-01
2.296694501475828876e-01
2.296694501475828876e-01
2.296694501475829431e-01
2.296694501475826378e-01
2.296694501475828876e-01
2.296694501475828876e-01
2.296694501475832206e-01
2.296694501475832206e-01
2.296694501475829153e-01
2.296694501475832206e-01
2.296694501475826655e-01
2.296694501475828876e-01
2.296694501475828876e-01
2.296694501475828876e-01
2.296694501475828876e-01
2.296694501475828598e-01
2.296694501475828876e-01
2.296694501475828876e-01
2.296694501475828876e-01
2.296694501475828876e-01
2.296694501475828876e-01
2.296694501475828876e-01
2.296694501475828876e-01
2.296694501475828598e-01
2.296694501475828321e-01
2.296694501475832206e-01
2.296694501475828321e-01
2.296694501475828876e-01
2.296694501475828876e-01
2.296694501475828876e-01
2.296694501475827765e-01
2.296694501475828598e-01
2.296694501475828876e-01
2.296694501475828598e-01
2.296694501475828876e-01
2.296694501475828876e-01
2.296694501475828876e-01
2.296694501475828321e-01
2.296694501475832206e-01
2.296694501475828321e-01
2.296694501475828876e-01
2.296694501475832206e-01
2.296694501475828321e-01
2.296694501475828876e-01
2.296694501475831929e-01
2.296694501475832761e-01
2.296694501475828876e-01
2.296694501475828321e-01
2.296694501475828876e-01
2.296694501475828321e-01
2.296694501475828876e-01
2.296694501475828598e-01
2.296694501475828876e-01
2.296694501475827765e-01
2.296694501475828321e-01
2.296694501475828876e-01
2.296694501475828876e-01
2.296694501475828876e-01
2.296694501475828876e-01
2.296694501475828598e-01
2.296694501475828876e-01
2.296694501475828876e-01
2.296694501475828321e-01
2.296694501475828598e-01
2.296694501475828598e-01
2.296694501475828321e-01
2.296694501475828321e-01
2.296694501475828043e-01
2.296694501475828876e-01
2.296694501475828598e-01
2.296694501475828876e-01
2.296694501475828321e-01
2.296694501475829153e-01
2.296694501475828876e-01
2.296694501475828876e-01
2.296694501475828876e-01
2.296694501475828876e-01
2.296694501475828876e-01
2.296694501475824435e-01
2.296694501475828876e-01
2.296694501475828321e-01
2.296694501475828598e-01
2.296694501475828876e-01
2.296694501475828876e-01
2.296694501475828598e-01
2.296694501475828876e-01
2.296694501475828876e-01
2.296694501475828876e-01
2.296694501475828876e-01
2.296694501475828876e-01
2.296694501475828876e-01
2.296694501475828876e-01
2.296694501475828321e-01
2.296694501475828876e-01
2.296694501475828876e-01
2.296694501475828876e-01
2.296694501475828876e-01
2.296694501475828598e-01
2.296694501475828321e-01
2.296694501475828876e-01
2.296694501475828321e-01
2.296694501475828321e-01
2.296694501475828876e-01
2.296694501475828876e-01
2.296694501475828876e-01
2.296694501475828598e-01
2.296694501475828321e-01
2.296694501475828598e-01
2.296694501475828321e-01
2.296694501475828876e-01
2.296694501475826100e-01
2.296694501475828876e-01
2.296694501475828598e-01
2.296694501475828876e-01
2.296694501475828598e-01
2.296694501475833317e-01
2.296694501475828321e-01
2.296694501475828876e-01
2.296694501475828598e-01
2.296694501475828876e-01
2.296694501475825545e-01
2.296694501475831651e-01
2.296694501475828876e-01
2.296694501475833594e-01
2.296694501475828876e-01
2.296694501475828876e-01
2.296694501475828876e-01
2.296694501475828876e-01
2.296694501475827765e-01
2.296694501475828876e-01
2.296694501475828876e-01
2.296694501475828876e-01
2.296694501475828876e-01
2.296694501475828321e-01
2.296694501475828876e-01
2.296694501475829153e-01
2.296694501475828876e-01
2.296694501475828876e-01
2.296694501475828321e-01
2.296694501475828321e-01
2.296694501475828876e-01
2.296694501475828876e-01
2.296694501475828598e-01
2.296694501475828876e-01
2.296694501475828321e-01
2.296694501475828321e-01
2.296694501475828876e-01
2.296694501475828598e-01
2.296694501475832206e-01
2.296694501475828876e-01
2.296694501475828876e-01
2.296694501475832206e-01
2.296694501475828876e-01
2.296694501475828321e-01
