-3.883378485295616023e-01
4.723501312633405363e-02
-3.295494034006931083e-01
-1.310370297789456018e-01
7.574831991412230847e-01
-4.219705637106765939e-02
9.262208625730827816e-01
9.364475418233910720e-01
9.256563885827709948e-01
-3.672483387445595326e-01
-2.786182041282305732e-01
-2.601827401655273375e-01
8.629732453808118819e-01
1.873546457386776609e-01
7.221122228075431693e-01
-2.475272122100843908e-01
-1.110940047460490798e-01
9.129014115933191398e-03
-3.817119078614946148e-01
-2.726666945114098461e-01
-3.517810007086755730e-01
8.905143543242423076e-01
9.325892437017291314e-01
-2.484993616738256639e-01
-3.662834016648937041e-01
9.362897108967018767e-01
-4.180938579300579744e-02
7.411726456592142576e-01
4.610787265135467272e-02
-3.814751798455414122e-01
7.555412305987649901e-01
1.235198594899558633e-01
-1.956219295601955288e-01
2.270000303518008300e-01
-3.497941404408431709e-01
8.623246908951783807e-01
-8.748498907959831317e-02
-4.011356907746420064e-01
7.112380609061595971e-01
8.649356231513316562e-01
-3.974349262644512604e-01
-4.030955543120235962e-01
-3.317657171720203579e-01
9.148066989111033331e-01
1.410909518141270080e-01
-2.736149453622432337e-01
9.160365467196077693e-01
9.297322356627474305e-01
-9.566044673797778619e-02
2.102083316023784232e-01
7.785644503761363078e-01
9.212987931286907850e-01
9.233658049805943957e-01
2.141031895388424422e-01
-2.762789337401329037e-01
3.067413623178545934e-01
7.831135331968377411e-01
5.838367456068099814e-02
7.848619978059734326e-01
-2.815645158123419867e-01
-3.555516400902966057e-01
-1.659190775199748391e-01
7.862035572928919303e-01
7.618443526743552408e-01
-2.422231336744697650e-01
8.296874949970441948e-01
7.469014175435020331e-01
8.012723013903826352e-01
-3.495476139871425136e-01
9.296154658947930471e-01
8.219339614328895482e-01
9.245738725155184801e-01
-3.648793726015702177e-01
1.459459871027573089e-02
9.004748593719437144e-01
-3.526277696242346438e-01
-2.192575941070494250e-01
7.336717387716100713e-01
9.386764144558494838e-01
8.174578535521748179e-01
3.513707724082940076e-02
9.336589168011777407e-01
9.256008742992847260e-01
8.169712254773777715e-01
-1.952271830596679636e-01
-1.570514468331262181e-01
1.818596228469342435e-01
2.559761403620156583e-01
9.229209231239512423e-01
-2.453290400939034666e-01
1.929089029744342487e-01
3.313383487699800845e-01
-4.298545578377485077e-01
1.603717161871130448e-01
8.992147267897868668e-01
8.579064786582127899e-01
-2.989949806053477516e-02
-3.668783568755297486e-02
-3.885383081274065842e-01
8.910369701052506253e-01
8.872251839465802314e-01
3.289087883869579176e-01
8.487968291011471766e-01
-9.508030850815560320e-02
8.936689941611064558e-01
9.105753380386840679e-01
-2.599594463747453843e-01
8.623588971457436525e-01
7.566208320342080462e-01
9.347421122770127599e-01
7.727838858343238915e-01
9.121855670520901960e-01
-5.207901896417795051e-03
-4.067750671333785206e-01
-2.629743099893970815e-01
2.467910579793156090e-01
7.491400710720653722e-01
7.489552548971382118e-01
9.253170254126201755e-01
9.298191589797305534e-01
-7.266321485267196456e-02
9.316272729326169344e-01
-3.548724712327371300e-01
1.165384703891605422e-01
9.042152575485441490e-01
-3.251216213461462501e-01
1.146859294446114647e-01
5.791685893880376551e-02
-3.331457764588371950e-01
7.102039443902576910e-01
6.760284461275458678e-01
8.737691483783938118e-01
8.410370040276335946e-01
6.751034948026511662e-02
7.057389553155118955e-01
8.803375761546848866e-01
7.440620594433138280e-01
7.178987657163842240e-01
-3.290027651937110220e-01
7.281306007655140300e-02
9.155891975267527183e-01
9.168450831945912372e-01
1.108568371129673713e-01
7.335448199593879171e-01
-1.756525364306751880e-01
-1.550600996116062447e-01
-1.824399312223121683e-01
6.748480410778489036e-01
7.564422127297810716e-01
-2.487612932171657520e-01
8.350437343670220613e-01
-1.821107693091474355e-01
-3.387224485783144612e-01
-4.117068456935960574e-01
8.558904381677279183e-01
9.014860450124706492e-01
9.321324896357472412e-01
9.246550909384309014e-01
-2.004245113076301987e-01
-5.505384293265788709e-02
8.049952454389063261e-01
-4.473436003206285871e-01
7.482674063422789512e-01
8.082438198759545056e-01
-2.025131008118455367e-01
-2.474568215030149843e-01
8.999212567011590780e-01
8.175819867054618939e-01
1.918521760202444859e-01
8.637578372637064739e-01
5.403348952538832017e-02
-3.168581884477230104e-01
-2.726191501905440573e-01
7.380589603395790732e-01
-7.243456993247826547e-02
7.390709124679808451e-01
9.106473974607731670e-01
2.550526749017380593e-02
8.714598565398139485e-01
1.724762565659638813e-01
-3.833734416513714383e-01
9.094266582895562667e-01
8.573685947838636245e-01
4.598058819062947333e-02
-1.238857300282829033e-01
9.280728652942503709e-01
-1.808701174593116690e-01
-3.052963042893112600e-01
3.884820560186005856e-01
9.319354676581997898e-01
-4.145910946258098972e-01
2.710377848210758778e-01
9.037743212203843690e-01
7.622111087061163304e-02
-1.680576076940635266e-01
7.023913579760386883e-01
8.183889933148731366e-01
-1.857918423336850713e-02
7.333060741016691475e-01
-1.524497241529184921e-01
9.159594470127143673e-01
-3.851462821918762991e-01
7.510026684753874360e-01
7.547914630073515596e-01
-3.795057393764376119e-01
8.011791719032880232e-01
9.101148214903593825e-01
7.425334721712152364e-01
2.358207620539177762e-01
7.791417244001730413e-01
7.651439990250473722e-01
-2.244474351245075716e-01
6.849350347993228283e-01
1.657673376949645172e-01
9.101806081681567129e-01
-1.507744115690273778e-01
8.026488803714925124e-01
8.593345042457342098e-01
7.725263288480805901e-01
9.353864443450539135e-01
-1.280627581810729054e-01
7.722268557653519938e-01
-2.703698321402779881e-01
2.225478044898821783e-01
-7.918735128739438911e-02
7.682068349627774184e-01
-3.323747449501383011e-01
-3.249237416532392841e-01
3.390583971486024056e-02
-3.989969639881834063e-01
9.270489934864316606e-01
-2.962836128731899735e-02
1.018848790086444994e-01
-8.978616929708163608e-02
-2.365969375305570777e-01
2.590725302093384586e-01
8.494764195063810863e-01
9.293953105313754737e-01
8.691666065339269664e-01
-4.019022532471059339e-01
7.985841741567797358e-01
1.505146061961462958e-02
-3.080127809444099252e-01
-1.962900338027601388e-01
9.283758454051328490e-01
7.380949607194048356e-01
1.560944328651770185e-01
-3.222592933025029971e-02
-4.156831717707762386e-01
8.978809593119138066e-01
9.173188620842771535e-01
7.664148642162215141e-01
-2.416818123856177489e-02
9.215203366785774675e-01
-2.036559798479950223e-01
9.083001505589870517e-01
7.921458129608488496e-01
9.245076838988538492e-01
-3.591581207797069908e-01
-4.073794816155168474e-01
-1.393046947574220346e-02
2.525841140143834929e-02
-2.187244005785074497e-01
-3.524873640239449823e-01
-3.688871713536769348e-01
8.066127806819342050e-01
9.219634904798806874e-01
8.400060862433922360e-01
7.396296248814696606e-01
7.728135409318426241e-01
-1.777027530635891805e-01
9.291646549614414052e-01
9.193735999210330689e-01
8.773530039281589310e-02
-2.842395977786243977e-01
-2.135703093352697701e-01
9.241758729302671505e-01
6.248008545925860108e-02
7.677063176105040077e-01
9.149615088567927268e-01
8.649240019243935318e-02
7.715878945287439894e-01
2.233311959421374893e-01
1.127564188149095675e-01
-2.123616761929335989e-02
8.783255270162974027e-01
9.343854923051578276e-03
9.253925888315885917e-01
8.146405048308211772e-01
1.194391655697030069e-01
2.261415692160470836e-01
-1.297358971131914451e-01
7.220807222853612428e-01
9.320281258981146788e-01
8.879101217857039430e-01
7.775289309113588843e-01
1.912431549043037138e-01
6.791232123138389865e-01
4.126772761768426889e-02
1.623190606977819583e-01
