7.739947082222223274e-02
-1.506225356055407860e-01
-4.289265327807897932e-01
9.264365454961795976e-01
-2.312551710826611651e-01
7.285170365645752266e-01
2.962554011624384809e-01
-3.789767053366193128e-01
1.064091379898843975e-01
1.289362298992131062e-01
1.120978272530224751e-01
7.886813984385103726e-01
2.714373748843330880e-02
8.800865931907678741e-01
7.369060275267338422e-01
-3.115832892754828998e-01
-1.546727929281272590e-02
-7.812681672930493759e-02
9.197705152991912936e-01
6.442774940370660230e-02
-2.591491199208275087e-01
9.054141834296768332e-01
-1.518945170245791232e-01
2.249859781686937565e-01
7.763683434466198685e-01
-1.501019082234127111e-01
7.705446041164404347e-01
8.860516130243749622e-01
7.290599965559351192e-01
-3.580868066962774043e-01
-2.723331738507839828e-01
7.015153769761314773e-02
8.825742973555381621e-01
1.856178938652434385e-01
-4.150165394867759705e-01
7.443228001032883290e-01
8.497987756690630889e-02
-3.916954659452298593e-01
-2.950226333212946361e-01
9.339442497379694119e-01
-4.302851430191953486e-01
-3.812065455864998009e-01
7.651286933642457155e-01
9.116761656256289204e-01
9.150566585464822711e-02
-4.275732448748377212e-01
-1.760848327066209806e-01
-2.790564304441568444e-01
9.193280580440520433e-01
9.148555513620911794e-01
8.799791068349974710e-01
-4.116030366953344899e-01
7.594998743249359308e-01
-2.263603934394659845e-01
9.159706742316442440e-01
8.129554619111293290e-01
7.727500461004259691e-01
1.946917572429979759e-01
-2.838023388820143378e-01
7.570141509507303246e-01
8.865728431278404598e-01
8.794237282909029840e-01
8.666422963909701238e-01
8.075831178347184780e-01
7.527484492750353695e-01
6.687134332010219451e-01
-3.457879252346462984e-01
6.970540198592234393e-01
-1.470585813403531006e-01
7.210272475309579265e-01
9.184184887347662807e-01
-2.516449148268395386e-01
9.168053435426346542e-01
7.708490221741145509e-01
2.690318103925811166e-01
-1.456114711607451595e-01
-4.052533858449637871e-01
8.561192139647321175e-01
-3.394891703751907186e-01
1.836208329918354309e-01
9.317367163875256431e-01
7.132445127734842183e-01
-2.548885649589635038e-01
1.748201786313388628e-01
8.967254774479676005e-01
2.876626739800338117e-01
-1.494654323655775774e-01
-3.228354671796322961e-01
-3.350212204758385437e-01
7.923578887034993246e-01
8.417321021713490836e-01
7.431472911055503339e-01
9.168282931190401275e-01
-3.183373417111245440e-01
8.994900060331622038e-01
9.215092811409211215e-01
-2.648990560381324633e-01
-1.180757892002435444e-02
9.160436338761800412e-01
-3.596414453337515860e-01
8.810283416276688540e-01
8.080487850132854755e-01
-2.351861248614019462e-01
8.854056330205494207e-01
-3.544340887146425478e-01
1.898080137916354215e-01
1.140173488597926721e-01
-1.859278451124916631e-01
1.656174019764281580e-01
1.608185235324615658e-01
-6.863290047950487693e-02
9.277127526156945247e-01
9.269271457942038772e-01
-2.532988862762816096e-01
8.589260565758035648e-01
5.524867749951475893e-02
-8.655465327698162736e-02
-3.446926005181261687e-01
9.295209120324247065e-01
-2.012999673411476620e-01
1.479181405113400849e-01
-3.006520739215879923e-01
6.933377364665277431e-01
-7.281220651100170360e-02
9.225676688412485227e-01
7.014671045411285943e-01
-2.295841158428364170e-01
9.324353877029367688e-01
2.717989289287228716e-01
9.267017964093483551e-01
7.610646415638168127e-01
-2.955902366837120931e-01
-7.498962415536698789e-02
-2.447005895236207262e-01
-2.264722184628735757e-01
-1.375481773116321860e-01
-2.710770674429734406e-01
8.997825680675761717e-01
1.897436409686299452e-01
-2.678144077959119795e-01
-2.926988441407994412e-01
3.902717007889820733e-02
9.517729193181209135e-01
-3.909366727149081733e-01
7.922686410481081243e-01
9.265781604966101259e-01
-1.279921752297796811e-01
-4.039450378870038105e-01
-2.861403327457696100e-01
3.016052803020534134e-01
7.247762660064122064e-01
7.932206033428421676e-01
9.322926356854003282e-01
9.192797581427446518e-01
-9.177344058181911846e-02
-2.642682728070751552e-01
-2.125049907673300376e-01
-3.249943859833821502e-01
7.390690932240554512e-01
6.817248123848711483e-01
9.057943723840499173e-01
-3.141166394601805356e-01
3.859439060176952235e-02
9.056684471572361561e-01
-3.809718389136549921e-01
-2.157845074074493663e-01
9.303005648024901264e-01
2.432560245290795453e-01
7.420103662421062563e-01
2.038725934470291545e-01
9.008788703395022024e-01
-1.115592843993081507e-01
-2.879940103094295600e-01
7.590734689552272041e-01
7.314269689859937973e-01
-1.801889494191311891e-01
-3.935560515442613205e-01
-1.297049846188936817e-01
-4.174412316029710857e-01
-2.993001267290774092e-01
-3.673706788733610562e-01
8.278336314648918615e-01
-3.591398265791926891e-01
-2.464216736255115947e-01
7.789943111111656826e-01
2.042562348193483757e-01
-4.437792041990901160e-01
-3.049425155806800292e-01
-4.176414550639658829e-01
8.810433184571748733e-01
7.123928092538277523e-01
8.996875979455375427e-01
-3.507982730697833396e-01
-3.861010851296681756e-01
1.443779057151590717e-01
9.253226985391358461e-01
9.164179700349727176e-01
9.212304808172192550e-01
8.291313427605978559e-01
7.120642251826713176e-01
9.096193892264524683e-01
8.801797471672521134e-01
-2.969238602524541110e-02
9.185475543769673346e-01
9.141182990137834974e-01
6.017449888618493781e-02
9.325491414008311164e-01
9.213566301202524844e-01
-2.516983745551918394e-01
7.347747547973286775e-01
-1.700368474722309675e-01
-2.892623258601986769e-01
-1.584631805948537309e-01
-2.638736549876842252e-01
-5.135127045483409147e-02
-3.132616175567015659e-01
8.558271163449980845e-01
2.175865440379859406e-01
2.298343089588211763e-01
7.846459260202164332e-01
-2.760319169460479505e-01
7.110434338163652557e-01
7.445058551518930479e-01
2.007750657913871528e-01
9.287938837392571978e-01
-1.017693420716905828e-01
9.176560788962458970e-01
9.041138315055035068e-01
7.236958056602893485e-01
1.568202703503730408e-02
-3.381153218691186901e-01
-3.711824119997220728e-01
9.069982610711226911e-01
7.609052547538152078e-01
-1.835532084375024464e-01
9.237234562973496432e-01
8.084263802127733545e-01
-1.262160993972666900e-01
3.061040233941802469e-01
-3.612738936214239804e-01
7.179780763026605284e-01
7.057334563121911986e-01
9.099141270103867640e-01
2.749178571982432429e-01
8.634602729163501911e-01
-4.430740245823904244e-01
7.824279744163684658e-01
-2.343214943317883381e-01
9.096981534433186412e-02
-2.403267251258497245e-02
1.098068054418566419e-01
-1.271704004388145848e-01
7.951548488505508772e-01
-2.678173506028249662e-01
8.959341278496881777e-01
9.067564849855203057e-01
-2.294733724858037394e-01
-3.004034325391925497e-01
7.294072249296442711e-01
8.426959145553946096e-01
9.248503764277741235e-01
8.300645924846391521e-01
7.357050614191105176e-01
-6.118625525125188924e-02
8.969480472325090936e-01
-4.360051199521114973e-01
-3.729316718129252473e-01
-3.892596532000989207e-01
8.972519261464655393e-01
9.687525019703067952e-02
1.733054640484787967e-01
9.694026604082426127e-03
2.451201577124814401e-01
7.503234928932519532e-01
7.051760707336878209e-01
9.380584420669617618e-01
3.065824911298515310e-01
4.686302117383864957e-02
-3.303231066233434099e-01
8.024984476918954890e-01
1.928670685737610968e-01
7.658006807362478519e-01
2.127057469865016870e-01
1.972186865687144686e-01
1.493398414985576683e-01
2.240046347279875394e-01
9.374437862289758394e-01
-3.073613281563852828e-01
-3.801721428635921329e-01
9.155251621057168832e-01
9.236449737918961400e-01
7.618967041698353482e-01
-2.163441942106036631e-01
9.071526061147704434e-01
9.191580171462380155e-01
-4.252322066817803420e-02
7.907020500105678140e-01
9.284670902060810915e-01
9.012805224574536034e-01
2.517752459202930448e-01
