-6.145412902921967152e-02
2.951493792103931368e-01
7.242614425737770034e-01
-3.911098469382437992e-01
9.235997903992329006e-01
-4.314128197284828325e-01
7.744920556288115154e-01
9.092971291601567030e-01
7.386683163885742198e-01
9.207927163729144604e-02
-1.540062840917501563e-01
3.101819042091851220e-01
7.198087438086870904e-01
-4.322393790852262496e-01
7.947273373922653095e-01
-3.807444431630586934e-02
8.242463198506673194e-01
-2.142941776900946643e-02
8.165499777174265450e-01
1.715811985798021688e-01
9.185009422334237117e-01
-1.018797970182598600e-01
-3.545366807526129094e-01
9.019399295608240275e-01
2.045975452335878075e-01
7.565942964815010052e-01
8.353374281068419727e-01
-3.273347967903327271e-01
9.074399854458986558e-01
-2.549375815748648466e-01
7.288308145504277524e-01
7.711573743087385413e-01
-1.541033746485536704e-01
1.417689527429517038e-01
-4.406456037420350969e-01
-2.669696208060171605e-01
-2.461491823361072750e-01
9.071114754881279829e-01
-1.334180913744909547e-01
-3.738434862783170942e-01
9.114119014525434714e-01
9.098600792576240215e-01
7.437013103425327287e-01
9.063481363168632843e-01
-3.808762285881045484e-01
1.727309587023005411e-01
9.177445835440819488e-01
7.719066363304242229e-01
-3.802611787149945966e-01
7.143814564907275955e-01
9.220132785959848087e-01
-1.436659537178573975e-01
1.313841276217860010e-01
-3.631420063312037483e-01
7.885091916855234695e-01
6.539721365257005203e-01
9.190639071834871832e-01
7.644885415889136615e-01
7.725682225582524154e-01
-4.499035680647807123e-01
-3.738954119831128797e-01
-4.593539065046997050e-01
-2.840631451393411666e-01
9.030879960507020021e-01
-3.508014013214221793e-01
-3.338167272336121927e-02
2.365291843608368916e-01
-3.323293499567369080e-01
9.353571595497135460e-01
-1.453328142671839185e-01
9.099558513835234175e-01
2.222188156564561257e-01
-3.781606439703295575e-01
-4.336664194630497349e-01
2.334378686451758222e-01
-9.875192196299215075e-02
8.775111772013770572e-01
-1.510022750185533447e-01
-1.605933131520301538e-01
9.172882091780893976e-01
7.349123501677474746e-01
3.473929311019028909e-01
-3.007772683431765293e-01
1.824111445790101149e-01
3.192875281420984312e-02
9.180483501311161865e-01
-2.537686746024596651e-01
9.084687357237954952e-01
9.144489269478344173e-01
7.970666606264669163e-01
1.162022265394896392e-01
-2.189163351539161195e-01
-3.078342059972349332e-01
-1.654409848238081460e-01
2.639856278895089670e-01
-1.405136726560192728e-01
8.650078716529711054e-01
2.788294609618149344e-01
-3.383292202961260542e-01
8.878829797714784533e-01
-3.530588038058418143e-01
-3.047776869358469476e-01
-1.443053953362622710e-01
-1.854278192775261069e-01
9.252333998935526882e-01
8.032251213934911149e-01
9.074567717586210502e-01
-7.562402357605600700e-02
-4.112132807390891376e-01
8.032680605410396080e-01
-3.219655830486112258e-01
8.995792604455422614e-01
-4.493383148916812453e-01
7.891815829282278205e-01
2.784638772610146806e-01
-1.604911102037950565e-01
-4.220589195149558326e-01
-4.151008606335447881e-01
-3.467091117327740502e-02
7.003458370789441556e-01
9.193106076187701481e-02
-4.257088942048466995e-01
-1.890958391269937366e-01
9.088245050446204232e-01
-8.414263370773697459e-02
7.408838790304407285e-01
9.086144571302176010e-01
-3.674529475336106299e-01
1.446659612947135687e-01
7.487835583030930664e-01
-3.884759168462922907e-01
-4.151436374786000583e-01
8.756458067408066093e-01
7.848090382783264873e-01
-4.099034720131504161e-01
1.457284502668356463e-01
-1.110451150386621288e-01
2.186677018676574102e-01
-3.333343118162216401e-01
7.292979493920608292e-01
-1.726052171676613900e-01
8.803764663565748494e-01
8.477992088623834688e-01
9.166033888765867665e-01
9.166015278801469268e-01
9.051274563244324778e-01
8.468662614471867967e-01
9.114832502350928012e-01
-3.680555055981171719e-01
8.645216476817033646e-01
-4.717036654240199661e-02
-4.539672515556856247e-01
8.962018282485918474e-01
-4.209546522422044634e-01
-2.327940179579796043e-01
9.214432079704275580e-01
-3.682388240763441734e-01
-2.876603751904004969e-01
9.233123049666157600e-01
8.832618620497797446e-01
2.003723450452983279e-01
-4.300860640346219066e-01
-1.441828069236975873e-01
7.446755387111014812e-01
9.284482791822312731e-01
1.885240954253346590e-01
9.307745411753998166e-02
7.638112746187742941e-01
8.553867399833576801e-01
-7.001522286865197175e-02
8.999133761723694391e-01
1.872824120927774894e-01
1.033941548556729512e-01
-2.398674684378468147e-01
7.343203884933230396e-01
8.386381047853791459e-01
7.855559640548283040e-01
7.337030327839069166e-01
9.277025015387414530e-01
7.858226357044105770e-01
-3.819868619286324041e-01
8.468633958418841923e-01
-2.878458647382035052e-01
-4.061417048332907065e-01
-3.207224842602749426e-01
9.205012359797088983e-01
-3.018026843421395822e-01
7.284546238097335813e-01
7.249812085368760872e-01
8.918440186453728824e-01
9.027035707708038759e-01
9.283640053977393336e-01
-3.594130608006344541e-01
-2.282494946105092237e-01
-2.854026901065556676e-01
-3.672476826358676560e-01
-3.566551828194945428e-01
5.992692032378345302e-02
9.180759340975421789e-01
-2.480833284435812747e-01
-3.799847981785522411e-01
-3.510294694178324737e-01
-8.131721304633070246e-02
9.191831274594916001e-01
1.532164547237878094e-01
8.808484190699928940e-01
-2.663741088100132770e-01
2.462335285113656236e-01
-3.073698741809587423e-02
8.058876299897022033e-01
-3.639840095517503094e-01
9.125702234878257935e-01
7.498191397229300170e-01
-1.777056475759786758e-01
8.740813692056551565e-01
7.205435647534027543e-01
-4.471477347706659944e-01
8.419208243835075711e-01
-7.745027803795576093e-02
-3.895885382460859137e-01
7.443519696805356300e-01
-3.807936288677928327e-01
7.863087575232367010e-01
9.222263853418385393e-01
7.790988626873012191e-01
-4.828940610586558713e-02
7.396832048439085927e-01
-1.011924000818473363e-01
9.134719851075351338e-01
8.971415995659176579e-01
-4.111808544699790957e-01
8.731091967588490155e-01
9.219702730096913657e-01
8.400542437707750887e-01
-8.262418982144494051e-02
3.417196257243330648e-01
2.249659529257854174e-01
-4.346428875335412445e-01
-9.423957051542551644e-02
7.275272960923885313e-01
-2.998006663048324860e-01
9.196875919416622747e-01
7.821493550143713280e-01
5.298866034299593020e-02
-2.036090176408017205e-01
8.714920026115549057e-01
-2.032558458865988960e-01
-2.277858370844546010e-02
-1.245889637833829180e-02
-1.331984305299280524e-01
-4.070338768579259137e-01
7.609599193487355251e-01
-1.108950965374707054e-01
-3.489945499973984289e-01
8.992649121644673560e-01
7.534112866188601432e-01
7.785756002504606865e-01
7.008828373730136008e-01
-3.838210366394348982e-01
-3.166314234264979710e-01
9.187190712490021782e-02
-2.595303069328743217e-01
9.081565263247257658e-01
-4.810691398250650092e-02
-1.511237752419638813e-01
-2.357532614348305244e-01
2.285665556584012270e-01
-4.252043378460097500e-01
9.193692151130266055e-01
3.088542823446541741e-01
1.137633281658256487e-02
7.801470114260882216e-01
8.149875058962412488e-01
-3.369974437390469424e-01
-3.109656861213356827e-01
7.189412798275504057e-01
2.633359108656048164e-01
-4.448592211686099307e-01
-3.777624982303966483e-01
2.323097730359726179e-02
-2.953389747534637330e-02
1.527948424293371632e-01
-2.625770068082376452e-01
8.384005232887110637e-01
-3.120280437770549531e-01
-2.887822222127770511e-01
-2.202222305187440804e-02
3.450163828360257590e-01
9.148906905314906357e-01
-4.327390102006886119e-01
-2.524220007986698322e-01
7.112319009514113111e-01
-2.464474273571222451e-02
-2.494951305996809254e-01
8.940416916761844135e-01
2.129256546364082237e-01
-2.360600248888863884e-01
8.791118184433728278e-01
-2.333615243126290206e-01
-3.261742478517574151e-01
