9.210886652140913844e-01
-1.968255091888264363e-01
8.271327755226397516e-01
7.563893195815017956e-01
7.858303286213812466e-01
-3.431056578386373901e-01
7.773391663731025192e-01
8.883199456320887144e-01
8.797387203982721671e-01
-3.549540485238530385e-01
7.665863989748109564e-01
8.854219964651143249e-01
-2.569074850075763194e-01
-3.988284963629860069e-01
-3.328309779318912032e-01
5.006411629195004626e-02
-2.166527195542758133e-01
-4.650782923783282063e-01
-5.980356745303174598e-02
-2.123496076235653618e-01
9.229699350591952234e-01
1.945452855934398650e-01
7.015556880013300300e-02
8.020456665558478582e-01
8.192927835193765107e-01
9.337945964924456721e-01
-2.475010697978648894e-02
2.889883705394126756e-01
-4.807050327756025310e-02
2.147504627847792724e-01
1.871065050885675485e-01
8.871126967278193387e-01
-4.118359505539479493e-01
-2.578990883244065002e-01
8.973668599615731711e-01
-4.183704376571660555e-02
9.230452222951047725e-01
3.770585522861455430e-02
9.388496396556581525e-01
7.684235638900290821e-01
9.268220610627762035e-01
-1.030886198180218510e-01
8.941370128714886123e-01
8.847753769286792469e-01
-4.171143242809265406e-01
-1.319021157600420713e-01
2.454411255802396163e-01
8.426320910929793184e-01
-3.407841458392159573e-01
-4.603892586220048599e-01
-1.873234890464159641e-01
-5.673756412982526587e-02
8.893254741104867911e-01
-2.726549667032166502e-01
7.321115537639708570e-01
-1.625045753619102085e-01
-6.944491235556543574e-02
2.408637993737158534e-01
-4.580964572726928807e-01
8.686066779950510908e-01
7.492663436113486952e-01
9.172404226666138749e-01
7.548130929556419455e-02
7.726679702127362548e-01
7.793280179024247856e-01
-2.624148467050448907e-01
-1.528932669304367276e-01
9.097461531407426971e-01
2.178153542544719046e-01
8.159768839773873239e-01
8.486508875666366469e-01
-3.760902360872817596e-01
-5.956864230866714544e-02
1.924825154478544964e-01
7.685227906390019736e-01
1.967691807894638434e-01
9.010892388701073896e-01
9.399110806181246724e-01
9.145347918168356127e-01
8.936031313785528507e-01
-4.083097352099175903e-01
7.567670636257365357e-01
7.941487968224200111e-01
-2.919093809287634511e-01
-5.978770381153988844e-02
7.335438563293771308e-01
-4.143234791108029169e-01
-3.017717056377259843e-01
-2.817930499300623504e-02
8.358265487431886243e-01
1.789781190464952987e-01
-4.225164627022983677e-01
8.599206357914748189e-01
7.780662740086298212e-01
9.162204579584406483e-01
-3.292765380319604973e-01
3.437153205939131317e-01
7.779907740667264537e-01
-1.596456703141431455e-01
-3.758926469624542799e-01
-4.448323868891727040e-01
9.192788211638991402e-01
-4.002317588431971718e-01
9.203220970911650811e-01
8.902176037237576889e-01
2.457494563613635274e-02
-3.897997352815151251e-01
-3.842842814593036005e-01
-2.103731121687177907e-01
8.371099704287512377e-01
-6.223754471590077497e-03
-4.628638060806981591e-01
-2.340513992438253976e-01
1.218275780974033828e-01
7.643447858546762452e-01
9.184680858032959749e-01
7.601387030620713192e-01
-3.518366392136662024e-01
8.903972321725569516e-01
9.140789226157678415e-01
9.229045494618208778e-01
-3.820663948381665675e-01
7.821846974048897172e-01
-5.677575707676962152e-02
-1.821530601617404599e-01
-4.614927154759478900e-01
1.923934964279763182e-01
-2.679522521846254279e-01
9.010402602051298393e-01
9.180198803757431136e-01
8.239023173558658319e-01
-3.478357495948856126e-01
9.120521296608326001e-01
-9.144960890046734125e-02
-2.637107890797598109e-01
8.926204264958341739e-01
7.718595566727999568e-02
7.496204700191858583e-01
8.951714778370186698e-01
7.357317238688517724e-01
-1.899407558582108246e-01
9.126397072082246265e-01
7.911777750923543184e-01
-4.487117762214643535e-01
9.155381782914561173e-01
-2.950557213937979872e-01
7.894273069553389144e-01
-1.364448051887298674e-01
7.515740221220114092e-01
7.597391755690031667e-01
-2.956601079311278468e-01
-3.035337799571179440e-01
2.727976020190658185e-02
9.213555713282256532e-01
-1.738153952941920433e-01
7.492224551948070133e-01
9.113479582240229249e-01
9.164553526274076267e-01
7.745618814992917267e-01
3.998822934675168306e-02
2.648205559680023580e-01
-3.562700535900524823e-01
7.196612110357960557e-01
7.670984819557012946e-01
-3.310010386256824200e-01
-4.109594616967171543e-01
9.240540349922449215e-01
1.339085424884665643e-01
1.012472311491301458e-01
-6.406986373238381105e-02
-2.544681843043413716e-01
9.277984680845950960e-01
-2.821044081643239720e-01
7.821289254061838947e-02
8.618167253633240987e-01
-4.456254281870190570e-01
-3.538576420898305319e-02
2.331152959872112920e-02
-1.497665552514932663e-01
7.950019784390948141e-01
-4.508028797867684179e-01
7.445562729770788257e-01
-3.495489068825225476e-01
1.492704302476561828e-01
-1.933353971575600128e-01
-1.121625240539372431e-01
8.783860788012612941e-01
-4.036572375885628117e-01
-1.614165554885096110e-01
7.116401019398165273e-01
9.315071054194902223e-01
2.840232854003798546e-01
1.991805417668728873e-01
-3.695683010746771413e-01
-4.054504138958991977e-01
7.373534186360508613e-01
1.101695332126238075e-02
2.390922431062030840e-01
7.556178163023036243e-01
-4.003616488219620684e-01
7.239912818550870988e-01
7.920206793761440656e-01
-2.535188212486240156e-01
-2.037836511830398989e-01
-4.752405145128383857e-01
-1.947125522066180670e-01
-1.905635293770774896e-01
-4.081936925798231863e-01
8.963942058538276747e-01
-1.132463776138377398e-02
7.317788009204370114e-01
8.930681353769613917e-01
-2.873183354618455976e-01
2.824483568300864555e-01
-2.905825909610382785e-01
-4.194947111069926016e-01
7.573559415206686518e-01
7.922470774708953445e-02
-1.846017109455860561e-01
8.954340233703398377e-01
-4.378620543674044963e-01
-3.640954741593003252e-01
9.254013204288374927e-01
3.405106295330853627e-01
9.203991739067767242e-01
-4.652068486866284269e-01
-4.249772582873880822e-01
9.213950183688879303e-01
-1.696514841732773560e-01
-3.004968237424354705e-01
-3.989491369164984147e-01
-3.454981528639911592e-01
-3.048901476872716287e-01
9.289572933643177599e-01
7.721733273333001302e-01
-2.296805732428013891e-01
-3.547916029588576992e-01
9.279831812173443550e-01
7.226965213099616481e-01
-3.739642854292200558e-01
-4.056777383648135227e-01
8.955305214394327917e-01
8.829659898000777885e-01
-2.805974748959190745e-01
8.472458376151386084e-01
7.396601331816871072e-02
-4.766734753014148507e-01
7.465041374228129634e-01
7.280189226174071937e-01
-2.478068308497076155e-01
-1.826450814106600207e-01
-1.290691952579018364e-01
9.141046633189847670e-01
-3.217887450968534013e-01
8.133477676436510206e-01
-1.855122340654958429e-02
2.360602588026890214e-01
2.253988939441781414e-01
-4.038559248735549279e-01
-2.244729116783440170e-01
-4.202224085060178305e-01
-3.005539459460022655e-01
-2.527360041549168712e-01
8.317300338850133201e-01
9.203308469061741715e-01
7.165946874577104886e-01
-2.905169188271789493e-01
8.038610755616840686e-01
7.975622075044064285e-01
-9.609762113068315292e-02
6.894943419640182647e-01
9.038175515848809738e-01
7.732272184759361178e-01
9.037576963405300479e-01
-1.005619313771905221e-01
9.336067278404794889e-01
-4.596890004239825300e-01
8.733438897337052476e-01
7.818520093356458034e-01
-3.387807514951059196e-02
9.117363708614341089e-01
2.510258502840342354e-01
9.251050706849892613e-01
4.333795816669117063e-02
-1.192525203647889082e-01
-4.079364581203088758e-01
-2.049013215409746513e-01
8.728931965611469446e-01
2.022389620676763311e-01
-3.945677514388836737e-01
1.069071513893773279e-01
8.647660553403214712e-01
7.415382619489269134e-01
-1.104445415836327743e-01
2.403175627101234446e-01
9.112470592598073127e-01
7.692407889580012981e-01
-3.536892138406023678e-01
1.872114083670002593e-01
7.839710987326443670e-01
