-1.014994864415093984e-01
8.872246304841793219e-01
8.495250206756068678e-01
-3.373733330523064899e-01
-6.928002939581892616e-02
8.739934577993931919e-01
-3.629235612748702433e-01
-3.880629401048535931e-01
9.369641208158657752e-01
-1.298692737221371907e-01
-3.043978703710720213e-01
-1.760471005869150285e-01
-2.843123466659103760e-01
9.169665212953049815e-01
7.563385982546133590e-01
7.677204873657824669e-01
7.804623998810474861e-01
8.734873018730022753e-01
6.887778911975205309e-01
-7.885605166646544872e-02
7.971463606011680580e-02
9.213565126858545007e-01
-3.026510805473205945e-01
8.474350871770138793e-01
9.306148025169953542e-01
-3.131498277155765342e-01
-3.049591111374388985e-01
9.306229488316941634e-01
6.743153059626964818e-03
9.036054891636410291e-01
9.260744773533687857e-01
-3.808885171084401833e-01
9.204478555089999903e-01
-4.290939181383545131e-01
-1.123674147737463783e-02
7.088426228289087527e-01
-2.084543081248485807e-01
-3.229020450315899238e-01
7.899915041811907956e-01
1.299282975791809236e-01
9.200699417527657964e-01
2.314200458969317142e-01
7.904826617785019049e-01
-2.298412176839672583e-01
9.030767825182647313e-01
-3.852198389515192889e-01
-2.778905191318414292e-01
1.330706888020699030e-01
7.592523767106713617e-01
-2.110053349868454275e-01
8.428880862430294663e-01
-1.752962146287486145e-01
-3.975149137329426208e-01
7.650633880206195725e-01
9.159509583366556296e-01
8.872313504237860915e-01
-3.308145129781992488e-01
-2.986747566740197701e-01
1.835667833235233026e-01
-3.856645566695371952e-01
8.820375218827646302e-01
-8.321719778372491105e-02
9.395157179040622974e-01
9.269972689463262805e-01
8.221447405036326206e-01
8.224621088398934576e-01
-3.142495210299898756e-01
1.455190087265003651e-01
7.356383262961267988e-01
7.297738019552783006e-01
9.204984617205913544e-01
6.869244556879484653e-01
2.787293532961336862e-01
-1.562037086405879405e-01
9.359540270515541716e-01
-2.710403735988465845e-01
5.822230585242780393e-02
8.208999625085665608e-01
-7.755120405614052137e-02
8.959446521947520559e-01
2.500588671082276115e-01
7.706590199644774986e-02
-3.682286367522656367e-01
3.603666324895254958e-02
-3.775465046145179970e-01
8.965526335909004829e-02
8.837367225211572030e-01
1.323226722194287275e-01
-2.188733614187622356e-01
-2.324671879751621928e-01
9.063874718424718147e-01
-3.572466263422254262e-01
-1.198246883531574603e-01
8.115458180103726216e-01
7.091049965627069795e-01
8.823006419754819696e-01
9.256966016453804791e-01
-3.431455921913280083e-01
7.801190174572688596e-01
9.162300961774034747e-01
7.591639202473055015e-01
9.379749666870066394e-01
7.148865192166337090e-02
-3.670934741929573475e-01
-3.907951080912203667e-01
-1.295730956197749528e-01
8.460897716860000806e-01
6.854672714296764502e-01
-3.483738975032121821e-01
-2.923884291651815959e-01
9.261459249285455275e-01
7.261466222637691370e-01
-2.707539336981159561e-01
7.138891220504687274e-01
-2.514796125718952169e-01
7.553261067919445626e-01
7.900293811667695731e-01
-3.732334110444973096e-01
9.271737069864884884e-01
9.245575373701883093e-01
7.197029552392312235e-01
-1.035551629921223904e-01
9.243849368264058786e-01
-4.845792888796586484e-02
9.091812430997232575e-01
-3.698172343212939306e-01
8.785035414099102991e-02
-4.844775690475466301e-01
-4.227973849874239187e-01
-2.170915159373521530e-01
8.140524405073272796e-01
6.953182418749309646e-01
2.147838555530872662e-01
1.462803202033882699e-01
7.382230573315337052e-01
-3.895440772622199010e-01
8.896868918358867839e-01
-4.292498815988539662e-01
9.265812588729371857e-01
-3.471283084979101541e-01
7.955959996746379825e-02
8.404077374224021568e-01
-2.348445022584572661e-01
2.609111120036500253e-01
9.272407734395579082e-01
9.023211600742793159e-01
-1.565597447930745512e-01
9.215526374717325497e-01
7.609495585835697185e-01
9.272235871060970913e-01
1.585127425465841233e-01
7.794502334053310388e-01
8.650407865962100873e-01
-3.664479680722531607e-01
2.599876715328394150e-01
1.218516881753433645e-01
9.151806601216304626e-01
6.498949494390434678e-01
9.296183305278300502e-01
-2.659171389597825841e-01
8.283879386894145158e-01
1.600478117606848327e-01
-2.605868564480519067e-01
-3.937867324610370701e-01
7.334318265670838333e-01
7.952575695869962269e-02
2.009434072694345208e-01
9.096519274443902736e-01
7.725364837670544160e-01
8.232854757080226848e-01
7.636347968855460300e-01
7.931907220889699017e-01
-3.147444640979037978e-01
8.192178725283463248e-01
2.773531773222186469e-01
9.200050888471786870e-01
1.978388043753037673e-01
7.283815400199604717e-01
1.375913403455989448e-01
6.735760539093141874e-01
8.667837397959865520e-02
9.263017131088536749e-01
8.761722583185874713e-01
7.987824577654685232e-01
1.053200201356257054e-01
-1.489770614729998277e-01
7.408298734699912957e-01
-3.450076284396861870e-01
8.648170531901262503e-01
1.792432283302979601e-01
-3.638224624911289840e-01
1.072313112952173741e-01
2.433066043566639927e-02
7.093144864845148945e-01
2.384772548424723138e-01
-4.929220566362531308e-02
8.402594666202487517e-01
7.245364294730226584e-01
7.337269435242264048e-01
8.757102561921799033e-01
-3.707931644424922735e-01
8.076065123654091460e-01
-3.841751502755327285e-01
8.964244318654820409e-01
8.127988114586125468e-01
-4.056855778790833256e-01
1.466155217372290542e-01
-7.999932429638024339e-03
8.942872059430198028e-01
-3.880844971100913532e-01
7.644511556694033594e-02
9.246581617150849697e-01
9.335219335757307668e-01
-2.593363559532365636e-01
8.004839046429972349e-01
-3.171903276168360208e-01
9.245348138539444260e-01
-2.720084337811728425e-01
7.154601442699156655e-01
8.644409661851267801e-01
-1.346568766047835097e-01
1.431143450949907414e-01
8.231887440986066506e-01
7.086437468904246972e-02
-2.842258247662811099e-01
9.315437652138518487e-01
1.031905594762064643e-01
8.791479763023608562e-01
1.292593358635102732e-02
-3.530089650751168096e-01
-3.679513493674753666e-01
2.370638413507100417e-01
-2.562515373699683630e-01
-2.989367382093817138e-01
7.819041115046905244e-01
2.578553978299497063e-01
9.060683408296142938e-01
4.072053119868676574e-03
9.056640089427805407e-01
9.203567161144059483e-01
-2.149096238351100585e-01
8.619684457309866321e-01
5.563909109407837866e-02
2.286939202080294775e-01
1.111890857005794486e-01
9.213021566046947219e-01
7.781474303628286293e-01
-1.268988482975563770e-01
-2.576586337636752599e-01
-4.294008261635650081e-01
9.107884841612550186e-01
7.197773878472315534e-01
7.156839949221335262e-01
2.172835083060673245e-01
-3.504101839656393880e-01
3.661329136689554092e-02
9.394127608561693432e-02
6.889983951315835631e-01
-1.188929552500075232e-03
7.303804545197930542e-01
3.139928979614237670e-01
1.623123491726740086e-01
-3.636749371145837073e-01
-2.221916020945178816e-01
1.795589590246427503e-01
9.294103293051549919e-01
-1.256098331180891536e-01
8.976293958805612316e-01
8.963312355685418842e-01
-2.637023821781064870e-01
8.740744885500718597e-01
9.041813545634422855e-01
8.716437438111943603e-01
-4.152546986453048983e-01
7.372734924630708342e-01
-3.239407769546330806e-01
7.467923873326749451e-01
-4.374061050693837660e-01
7.502654848180512204e-01
-2.721547923932005064e-01
7.681785970761217941e-01
7.355961153324158674e-01
8.991993911184008592e-01
-2.761612289389742125e-01
8.938082385155623477e-01
7.283867079210805395e-02
8.534476149741158091e-01
-7.033718341212266689e-02
9.200011602577939929e-01
-2.291058311386930391e-01
-3.304348959535918784e-01
-1.512417520071931698e-01
7.892336646589636073e-01
2.108343205018254132e-02
9.286283037720864941e-01
9.059158945348063652e-01
-4.066110818829928308e-01
-1.882484046801526922e-01
8.851937203672605170e-01
7.696082043421301755e-01
