6.852763052089630991e-01
9.266301576216338098e-01
9.456926742826549104e-01
-3.134333017070827232e-01
7.341103732937299675e-01
-2.507763434791656643e-01
9.117844449973011578e-01
-3.716533631417268668e-01
7.545817236663910910e-01
6.983854767250756712e-01
-3.896828499336311147e-01
-4.545220196781693534e-01
-2.972026505678069253e-01
7.496909888670131306e-01
1.577432337883802882e-01
7.326314352918825712e-01
-3.657103290529866157e-01
9.136038181118527612e-01
-3.504257053979635272e-01
-3.999787229295396762e-01
2.937801492013910123e-02
8.217980153771093921e-01
2.369260391567441504e-01
8.876052291283436091e-01
-5.702092269490437182e-02
9.293977838305819139e-01
9.064630076080395504e-01
-3.645126989382316274e-01
9.390235292007451662e-01
9.113076768068019140e-01
8.920129058876141714e-01
-3.888167131923642716e-01
7.469625272937022720e-01
-3.143965888418047139e-01
9.199901057717505548e-01
-2.200238785022334276e-01
8.380807404402713656e-01
-2.859036038198666807e-01
8.897131584986122110e-01
9.232823534970742152e-01
8.043052610853304030e-01
5.836246428441889400e-02
-5.374536846904699045e-02
8.570016520420331574e-01
9.276362097213702862e-01
8.972842455222403979e-01
8.574996636336316980e-02
9.057905996319191022e-01
3.258808796709328215e-02
-3.840841375743814790e-01
9.028243987153271588e-01
8.831653674430343104e-01
-4.608096599874865751e-01
2.653821922303155056e-01
-3.925063516034167366e-01
6.161841936636897055e-01
8.476260242015235535e-01
-1.851528025309476799e-01
-3.244831691026612286e-01
3.697316644986745615e-01
1.183269359217853228e-01
-1.418292445518587463e-02
7.213476537633788377e-01
1.712134457821804998e-02
-3.007693017264288504e-01
9.259472535428830975e-01
8.252199484021373044e-01
-2.358716741198937650e-01
9.252145330407641755e-01
9.343820313303438096e-01
-3.494053499623126502e-01
-1.675484827520795639e-01
9.097606956901735931e-01
-3.997908964332327897e-01
8.737535743204454253e-01
9.172674785008544385e-01
4.624660582905585487e-02
7.934822276811119846e-01
8.082469608014926088e-01
8.905909331287178432e-01
-2.967614271655464875e-01
9.310819934439635848e-01
7.091148288246276188e-01
-2.906655921752188121e-01
9.423283139201718006e-01
9.048929234796060372e-01
4.823896278478680133e-02
-1.976982355817736292e-01
7.265732282954118215e-01
8.432209276597865122e-01
7.725166983614012439e-01
-2.370278659846775104e-01
-2.355089696702707680e-01
3.150210922241983291e-02
7.048237045482554919e-01
9.401680676280554927e-01
8.608448299079749511e-01
-1.900907406772810448e-01
9.456040594109195174e-01
-2.839213340934088059e-01
-3.805699412879963162e-01
-2.891573747717245402e-01
6.390537705702856730e-01
-4.573846139698196922e-03
-1.443940704807930853e-01
-4.432911478363648072e-01
9.449030204872049810e-01
7.681177086961824552e-01
9.072193544411293331e-01
8.882132945813828728e-01
9.220019607950481477e-01
9.146379050252952947e-01
1.710805988673231304e-01
9.018315144485349322e-01
8.207992554399106133e-01
9.105600180016836243e-01
1.526906906856509705e-01
7.866447996206779036e-01
9.079170250687732535e-01
1.367854620596208048e-01
-2.663052146327536951e-01
6.512786895682082244e-02
-1.677896202314385354e-01
-1.121230600032012414e-01
7.082601945799870125e-01
6.459531624406948946e-01
-3.744256060738487824e-01
-9.894851221954498177e-02
9.310846972112235553e-01
7.586215729886981451e-01
9.394503370135824927e-01
2.488494045010037348e-01
8.162031234310513916e-01
-4.400540262677447578e-01
9.155957754561582229e-01
-3.463945605895936142e-01
9.100752467104263055e-02
2.230700337804105149e-01
5.999707579537794794e-02
-3.408333602455388411e-01
-4.318625265621973269e-02
9.298178718805132359e-01
3.606864972905303446e-02
2.921572823721718115e-01
-1.910007515228798192e-01
9.031195878088281725e-01
-3.447622000985648416e-01
6.921110658508827784e-01
-1.173712714367377286e-01
9.279193608013460715e-01
-4.745676059912015132e-01
7.937591970273039088e-01
6.872828723171170440e-01
8.010281164289023703e-01
7.153667279275555124e-01
7.264051693386958108e-01
-3.450115672243611042e-01
-4.299363788669822162e-01
8.647656399605380129e-01
8.768143285470951787e-01
-3.394531601956372047e-01
8.066732305174427742e-01
2.014683379291985488e-01
7.061882804079582243e-01
-3.237298797676879114e-01
7.223585451467778862e-01
7.772737866265694295e-01
-1.981797249556744578e-01
-4.484089605364357523e-01
1.068015977392307997e-01
-3.820812890165400377e-01
8.840547629782842254e-01
-2.424401816258664466e-01
-2.820772798815021076e-01
-3.319161778609686086e-01
-4.205343016266519518e-01
7.990706388587665021e-01
8.816344023911460992e-01
-1.466775774003764021e-01
1.447777841262617160e-01
7.779223045850293117e-01
7.820621163027441369e-01
-2.879424256086892675e-01
-2.408510386123006997e-01
1.012590576445919210e-01
8.604430199888752906e-01
-3.474050779069185607e-02
8.653045465149915572e-01
-2.154882446608907820e-01
8.867555678717594647e-01
7.172070100340750543e-01
-3.434002311409553587e-01
-7.890715070037494783e-02
-4.093583027988781375e-01
8.863503304033746311e-01
8.762917623141653900e-01
-2.285418939310214781e-01
8.958802626823223481e-01
-6.083998662029976162e-03
7.432958515264154187e-01
-1.673300416255091017e-01
8.920842324559450365e-01
9.057400987411806659e-01
2.057484051044251028e-01
7.588328461083578835e-01
9.368489791340341988e-01
7.626027544671081237e-01
7.358578036478989892e-01
6.446525897207547873e-01
-3.549645184600369041e-01
-2.543793414621848270e-01
2.582796776440534625e-01
7.610249184422938074e-01
8.062671599632723063e-02
-3.610636063919642758e-01
1.864495044759600928e-02
1.433276588954968817e-02
9.291452456640670876e-01
7.365269108703786927e-01
8.359008254457198639e-01
-3.434371013263312067e-01
9.382816302364072047e-01
-4.027486293772771786e-01
9.170723758513957824e-01
-2.044354257301492228e-01
9.331761295725571337e-01
-3.570978257810903389e-01
-3.833681422565867192e-01
7.956296260006050503e-01
-3.445659144489596759e-01
8.807916632114316524e-01
9.190308824895445650e-01
1.287762532605494781e-01
9.789762341009392022e-02
8.862359787127361832e-01
-1.110986778655876778e-01
9.423194287197100838e-01
8.142926358201002524e-01
-4.103789802654551622e-01
1.225631951360129160e-03
1.562237895804403920e-01
1.728889304717158293e-01
2.749918409404374375e-01
7.307979879340454898e-01
9.211097128291914071e-01
-1.317981445177022759e-01
1.459331387478339515e-02
-3.956760392032682705e-01
5.650244842377762783e-02
9.177167041875976539e-01
-1.350944793077702710e-01
6.699621894342363548e-01
-3.468975915899420448e-01
3.014055987852733987e-01
7.008670753350076943e-01
-3.934509480905208356e-01
4.105798629418976747e-02
-4.347968705523327926e-01
7.613555081913614062e-03
-2.698077215716708777e-01
7.465335701664693735e-01
7.247760994615628505e-01
8.020866181199051148e-01
-2.417495414517253360e-01
9.171289955057123633e-01
-8.792630490920302910e-02
9.360398975204248240e-01
-2.522249104561082866e-01
-7.318886711765368314e-02
-1.057440765761536727e-01
7.424205221660273857e-01
8.131756472782785128e-01
9.627193268684895722e-02
-3.940109371164997043e-01
4.073725498467917205e-02
6.147979002306641627e-01
9.086894026247274159e-01
-4.244709535050537053e-01
7.283982827766606327e-01
-4.016988730287865406e-01
-3.784701408100857312e-01
1.649966844646431618e-01
8.275014193653780215e-01
1.171572361582212951e-01
1.177434350708889826e-01
9.160269128580367237e-01
5.396445336058917908e-02
9.164340046662285966e-01
-4.608623654590336682e-02
8.944163510685415597e-01
7.668706583023936485e-01
8.953868944471482516e-01
-8.655780408924268476e-02
-4.126023575599796489e-01
-3.246988234507348636e-01
-3.054913795128189058e-01
-3.090251414300748123e-01
9.011585819419644094e-01
3.249514110355720686e-01
7.989762822812624954e-01
