1.158355651023525862e-02
-2.965658474412287693e-01
7.959510631355375121e-02
-2.084311231503724327e-01
-4.490548021417931635e-01
-2.605098101314010095e-01
-3.305200275782000929e-01
4.366867350247266577e-02
9.197040846923767443e-01
8.488411014620647066e-01
-4.428356901601757656e-01
-3.522045629055101101e-01
-1.170989000721597006e-01
9.059041996162947585e-01
9.379322176642073128e-01
7.891656890517870226e-02
9.074772236918448032e-01
-4.106636550287858234e-01
3.794936318179927270e-01
-1.905840003379191683e-02
9.303278764732459960e-01
-3.647828291951931146e-01
-3.525515522252434808e-01
-3.116121250954325544e-02
-3.554002744673279146e-01
-3.624044557392643306e-01
9.035975273929648388e-01
9.265727241505993250e-01
-1.593010126933950554e-01
-2.696983247506009596e-01
-9.314418682309132114e-02
-1.823270421119751739e-01
-4.629455399517097280e-01
1.360254532930855326e-02
-1.598037649830608697e-01
1.431985467986651994e-01
6.948168928433079428e-01
2.761321842018187311e-01
7.060689365646268811e-01
-2.717394529677694126e-02
8.406599878478990817e-01
9.075653422842735463e-01
8.004897699678803491e-01
1.228355773027722253e-01
7.459804943689141155e-01
7.781786243219261934e-01
8.577331078772320039e-01
-1.860095425328689989e-01
-4.456999375527134766e-01
-2.776953047637327199e-01
7.212086485357765975e-01
-3.619018760633237464e-01
5.735920615751631535e-02
8.870222307179955745e-01
-2.287431879191354628e-02
6.369315439418865576e-01
8.105846068121702608e-01
7.130217376354519576e-01
8.468689398485006459e-01
7.455978671312144535e-01
8.457224750090939214e-01
7.503176734928940217e-01
7.715377810075088050e-01
9.009334531267833013e-01
9.323909016637611513e-01
7.805825676029020110e-01
8.253796237281337822e-01
-3.241314979478028824e-01
2.139793998341000814e-01
8.924030949042789373e-01
-4.269079846459678529e-01
-3.739099924419022059e-01
4.094466495557943508e-01
7.497983900017088921e-01
8.981160307800989395e-01
-4.004289136110312786e-01
4.740347199802576877e-02
7.939104465354589468e-01
9.376887204571302536e-01
1.201347154662237154e-01
9.278363833410789852e-01
-3.306072184564631256e-01
9.053916838478730522e-01
-6.797919498468378563e-02
-1.099757573742150968e-01
-3.435529093344694834e-02
9.228629879013138249e-01
8.757101328634969706e-01
-3.407452619268347971e-01
9.127096605105516902e-01
7.014990344732441319e-01
-1.003788098522519628e-01
9.237716846770803736e-01
-3.724385801448394928e-01
-2.607747249487711860e-01
9.110954041618207766e-01
-2.916699878939986168e-01
-4.188505520469317789e-01
7.795178689216690771e-01
9.674512085404352035e-02
8.732847600482708250e-01
8.573536181876791895e-01
8.930795175882394465e-01
2.860008499497340706e-01
-3.523292762408457568e-01
-4.466553893966344613e-01
7.367336986892829565e-01
-3.801871649805610431e-01
-3.279611205746235658e-01
-4.426579895936335607e-01
7.678238347139543230e-01
8.399756606141309812e-01
7.909355870358842910e-01
-2.122712993207057641e-01
1.130988258592958637e-02
-3.840645312446941406e-01
-1.817783405769800020e-01
7.854067973523161106e-01
3.639169607068078460e-01
2.242131861916672464e-01
-3.197679512318813977e-01
9.200853348770315909e-01
8.555555449727365591e-01
-1.642616676814748211e-01
-1.862682684730987415e-01
7.497504262009456744e-01
9.237536760330210539e-01
-6.203882968998461478e-02
-2.963375364630040365e-01
3.949668158961178871e-02
9.377055232943265484e-01
8.977620948561371161e-01
-4.012717881317114932e-01
-2.347845198684453683e-01
-4.731544823806623223e-01
-2.991354056199746481e-01
9.267636235213198015e-01
-4.197388027160415258e-01
9.068689525123566630e-01
7.741294778975986723e-01
2.315959710896298498e-02
-2.466148876371116183e-01
7.724226247438645832e-01
7.612716334218800895e-01
-5.078516825779185728e-01
7.851398840058118056e-01
-2.698788306304817919e-01
-2.250920304933602401e-01
7.080372491114245159e-01
-2.422981351755133239e-01
-3.670373633060999286e-01
-3.520958619309780269e-01
-8.741783126360409828e-02
1.472790797257963469e-01
-3.388429778919655466e-01
4.724607706594287360e-02
2.242575898478831598e-01
7.880534881821121829e-01
-1.438810382767873597e-01
-1.730719668819274415e-01
2.876447909826909122e-01
7.081693631334042838e-01
2.900643207348723232e-02
8.974747057545668927e-01
9.257529481169627372e-01
-3.675427214142258925e-01
9.126778650183992037e-01
8.997756928725423320e-01
7.956314365029130142e-01
9.721761600720447982e-03
9.128170838194195058e-01
9.073013846474351496e-01
3.869148265559653743e-01
-4.928453715767278642e-01
7.306099284014568873e-01
-3.976235320488077929e-01
-3.627134077683005775e-01
9.805460053141162868e-02
9.353454772104867754e-01
-3.918315394328359957e-01
-4.479825432024055476e-01
2.412422370570931063e-01
9.071786628620336357e-01
-2.996637768607616770e-01
7.154151352667834640e-01
8.105166130891384713e-01
-3.349744069724449602e-01
9.279188654118762924e-01
7.846788981362958770e-01
-9.106863695376624102e-02
9.402057212437961997e-01
-2.401694545359880639e-01
9.132599222356740931e-01
9.035147257846363189e-01
7.948594834922778629e-01
-3.937663230195553865e-01
-2.836612265652929676e-01
-3.585212348631982016e-01
9.054832280732121319e-01
-3.410779245757848965e-01
9.085336223304356640e-01
3.809994854995899655e-02
7.776608281918776511e-01
8.000995379408240016e-01
-2.226722368167410593e-01
2.586815578753792755e-01
7.500433623276259176e-01
-2.653381675531373829e-01
9.071275459182730483e-01
-3.180473883624204690e-01
-2.950324216579415793e-01
9.078748751135492512e-01
8.513711747009318209e-01
2.638099376693385859e-02
-1.354389490823617315e-01
7.843305770252736453e-01
1.908517611183540019e-01
9.142035520008792160e-01
9.270044576690270599e-01
-2.520727625818873219e-01
-9.454113038589936902e-02
-2.154652561628519203e-01
-4.130865663158153622e-01
-1.092836648670348146e-03
7.320820266218147632e-01
-2.033086731130802627e-01
1.970178163661122916e-01
2.245593565608062780e-01
9.010678313094702130e-01
9.007795518744253771e-01
-1.008305805897468516e-01
1.588893472523585787e-02
7.562444531851407747e-01
9.138172021423052183e-01
7.404947482056890573e-01
-4.001124655624384019e-01
2.210913788359095411e-01
9.025687413910121748e-02
9.059247128113396830e-01
1.926503467255031299e-01
9.036174095704258002e-01
9.307020145347555395e-01
-1.632963874209778232e-01
-2.391635988354995079e-01
6.567255698803339814e-02
8.299363611713969080e-01
7.849576517507887985e-01
9.101950294952817488e-01
8.737195481252280072e-02
6.497363219652605437e-01
-4.962543556446485926e-03
7.571668508744807680e-01
9.016772139813302722e-01
-3.003937284682244302e-01
-2.596838462619628363e-01
1.984999115894942046e-01
4.334685368889813761e-02
7.982282290041483597e-01
-4.336925739887305120e-01
9.149830020954560217e-01
-3.749994830892565134e-01
-3.116090916900655650e-01
9.240653484947136675e-01
-3.627601161777456173e-01
-2.014205168483615416e-01
-2.258935460530515915e-01
7.684861539781937534e-01
3.980286220358384419e-01
-1.148188591131548003e-01
2.103933715401630766e-01
7.948625347344354664e-01
-1.810212902066970220e-01
-2.945239534463876541e-01
8.074522080792893020e-01
9.247070782641445552e-01
7.117119358676798901e-02
2.184341610613294848e-01
-4.484385429026989112e-01
8.073538549329348779e-01
-3.170448750014048245e-01
1.063525113934467720e-01
9.174752330873386930e-01
2.571900835324940071e-01
7.714612317517220985e-01
9.169501548122015455e-01
-3.692589254378630947e-01
-2.870318662296219570e-01
-3.467936312253829256e-01
8.859325606504426798e-01
-9.530029156309877125e-02
7.465458950841290520e-01
4.139472468833164942e-03
6.968548634767175454e-01
8.915005206190559361e-01
8.881988065520706188e-01
3.176125850695542957e-02
8.912011942418320842e-01
8.075652052023012395e-01
-3.829017751628580601e-01
-2.166508207550131015e-01
