3.423742008051771646e-01
4.674913516776108002e-01
8.177101732052752814e-01
8.071518208256224236e-01
-7.232545953515670534e-02
8.770102182389679646e-01
8.793818904744361564e-01
9.367141125037123928e-01
-1.117594261215648088e-01
7.364179907398664682e-01
7.898990059248476303e-01
9.070679019151456357e-01
7.651294984822114564e-01
1.725834735301753908e-01
7.883116997998933506e-01
-2.002058808765487807e-01
6.763643414917511754e-01
1.065758355252768158e-01
-3.618114827716490400e-01
-4.281692275099790446e-01
-2.769869105103492934e-01
-3.970260220954283659e-01
-2.161752059957400829e-01
7.932733696996705497e-01
9.919864515146438466e-02
-1.273297902175160035e-01
-3.941985993064617277e-01
-4.561028592553280081e-01
8.620693577152745979e-01
-1.432969566557250884e-01
-3.103634636073261399e-01
9.144743823799473814e-01
-3.637845182777087460e-01
9.518083262212901907e-01
7.786605313654220151e-01
9.130223773924979191e-01
-3.918848193918492151e-01
-4.699893887736852349e-01
-2.886660713121268484e-01
1.850836989405773847e-01
9.181467674937571211e-01
-3.880967070089841875e-01
9.029620813406601387e-01
9.372188917897612548e-01
9.177951851099105385e-01
9.397149545040656138e-01
-1.222719107242761505e-01
9.328865218942632431e-01
7.894194306282261708e-01
-5.346247832915107523e-02
9.054504485782403078e-01
8.838729964864596722e-01
2.841061299722058009e-01
-1.256607949858219442e-01
7.246556827972402415e-01
-2.229877818753502605e-01
9.221495871392904053e-01
3.079801142421641491e-01
7.603863781323135784e-01
1.902742369416418611e-01
-2.112779496354286468e-01
-2.623007598513800720e-01
7.728935626946425996e-01
8.126885781443674572e-01
-1.724763034256519834e-01
-4.448023481302576521e-01
8.094703953408974861e-01
9.591698917687024872e-02
8.050145401773893816e-01
9.338142057101073146e-01
2.329033055139645980e-01
-1.883247553789758194e-02
-1.157427619048737866e-01
1.803018060395554234e-01
7.843159612703565209e-01
-1.713294927827282432e-01
-2.925202431948411563e-01
1.560474319989595959e-01
7.942902108563234531e-01
-2.383198512923040968e-01
-3.479785577014177234e-01
8.046191573566030542e-01
9.393738493132197664e-01
-3.635786319053216364e-01
1.451438032681494350e-02
-5.948494854274649635e-02
8.883223066999496043e-01
9.065597377673699775e-01
9.139734687389345913e-01
8.881282142734240326e-01
9.360853075945811952e-01
-1.986645410598592842e-01
1.371637916250235123e-01
7.693291166132777414e-01
8.815005333683400002e-01
8.069788667974883145e-01
3.333164238950517277e-02
-2.698963829975503659e-01
7.874815693276283612e-01
-2.826179986749517425e-01
1.549415510530613993e-01
7.749625345891869577e-01
-2.044750668429012874e-01
9.368379682521044138e-01
9.046791660098372212e-01
9.484551160702769934e-01
-1.673639258262782370e-01
9.431842597705930586e-01
9.123113321883653537e-01
-1.253033103428198569e-01
-3.348393759344209242e-01
-2.379389638918706362e-01
-2.723254546011115163e-01
8.568556076364270968e-01
5.869282063246235026e-01
-4.563403681613819041e-01
9.195093684051520722e-01
-3.613847439942483031e-02
7.771088482694280541e-01
2.980768232000869516e-02
9.469717993387740673e-01
-3.101076317569666507e-01
-3.493154392088971272e-01
-3.544518399550385390e-01
8.216699415849322286e-01
-1.192041995427484125e-01
2.153359855301437142e-02
1.018198542924974859e-01
7.810083207310194453e-01
-4.670174867158691789e-01
-2.849848128403549286e-01
-4.969143372831204275e-02
-4.595787881980923362e-01
7.881935988131956172e-01
8.973902980385538575e-01
-4.386558099340760464e-01
9.433333869579333397e-01
9.263850783410774170e-01
-3.569241378499785622e-01
7.377470993817877298e-01
8.758799305644437982e-01
9.087957996082028922e-01
-1.047888442900318517e-01
-1.294074291192611470e-01
-1.434986572296354790e-01
-2.782132594927219649e-01
-1.731245080107765011e-01
-3.795137650286553588e-01
7.978347368426446096e-01
-3.427563299297837207e-01
-3.261982805539409558e-01
1.192600124589566490e-01
8.827096398790545972e-01
-1.762026723662396821e-01
9.040658822628407920e-01
1.748417881926941364e-01
2.184176917663929046e-02
-3.776313862360153317e-02
8.023951455189175519e-01
8.536126630558245054e-01
9.223004882749035183e-01
2.376989425837633119e-01
9.195262008009126298e-01
6.188395348199270812e-02
2.200285066115267515e-02
-1.470410727382670812e-01
-3.694160061013899710e-01
4.280436509607605799e-01
1.918949326233140851e-01
-3.092503669927553211e-01
7.861542528630069970e-01
8.621090183644878335e-01
2.818721953323760632e-01
6.905296769716461336e-01
-1.264133143049000346e-02
9.031080988000097509e-01
-1.687500263974300585e-01
-1.005085049747933140e-01
-2.081409094599852017e-01
4.228773111458926093e-01
9.118767654877565354e-01
2.462476052871843679e-01
9.425445701586986358e-01
9.324321230560194129e-01
7.186403911179437554e-01
7.554213451169272675e-01
-5.808238743747422966e-02
-9.545385253076625609e-02
9.129832245599962537e-01
-1.008803922521690072e-01
-1.124003637739820483e-01
8.058303092066132489e-01
-4.902615720482250694e-01
7.997421073863928420e-01
-3.121943286231191328e-01
3.346922043167597366e-02
8.989834695302827416e-01
9.226052304198426590e-01
-5.247139824816535875e-03
-3.518653197125068965e-01
9.298165592151215186e-01
3.228739395603145296e-02
-2.611893342146832664e-01
-4.164836518842672808e-01
-3.266327387021670248e-01
-1.326432472994484024e-01
-3.457252334733111332e-01
-3.143620115501646328e-01
-1.828874778732551831e-01
8.608792762532838649e-01
-2.421590811190732773e-01
-3.840003311658513052e-01
2.715294084543504738e-01
6.929467563429401178e-01
8.155300756603163226e-01
8.159195779852598251e-01
7.269772427161234896e-02
7.817714273002782654e-01
7.591533960809816461e-01
8.160837075444485889e-01
-4.634852429777534533e-01
7.427821195198704984e-01
8.660353890530652077e-01
-1.828108045886275290e-01
-4.088704590392407967e-01
9.119577864649921484e-01
2.297397141357137018e-01
-1.399186397552510397e-01
1.430313658694075396e-01
2.062991269971128916e-03
5.830353996947995610e-02
-3.931179209259227925e-01
6.717254825017475728e-01
7.674200868671443576e-01
-3.862171153412392588e-01
8.990897970790687754e-01
8.741808102311410256e-01
-1.652742343189558816e-01
2.242818598119358520e-01
-1.144835771829700796e-02
8.197924176679083352e-01
7.415760176374370793e-01
-3.563348721310742873e-01
8.334099189598168644e-01
-1.398626975228601799e-01
7.247580541596922998e-01
6.793545550105997144e-01
-3.594084323788844793e-01
8.244148482643778308e-01
9.883974261337935552e-02
-6.986521667392936452e-02
7.729967799218218083e-01
7.635290978765004732e-01
9.323882348310158497e-01
9.140235136265931759e-01
-3.232507861042633879e-01
7.820084296757863207e-01
6.882886202789529895e-01
7.018162325814061298e-01
7.596686946571760968e-02
-4.124948161975546257e-01
1.085837624748729052e-01
7.393374661282567928e-01
7.478926468292641516e-01
9.007191512592668259e-01
1.866999863984052932e-01
-4.292945679111594415e-01
8.823863189657139561e-01
-3.883192175485964959e-01
9.480250906220973883e-01
-4.302695782133990066e-01
-3.320881405648017926e-01
7.544286614308663985e-01
2.270287141554660493e-01
1.073676580649637335e-01
-2.904476549007559694e-01
-2.169684588090408373e-01
9.020709971881326616e-01
1.167871130101873628e-01
7.611936157298899719e-01
7.669355145791739714e-01
8.770207783103920463e-01
8.878057860565330417e-01
7.356161348992437676e-02
-2.346259726492516406e-01
9.078985713214796638e-01
8.909707297589790631e-01
8.736734981933734767e-01
-2.589087121618888765e-01
-3.578139607137870715e-01
7.749850032127593158e-01
8.421203740288015771e-01
7.006986549665664699e-01
-1.944772968970305549e-01
8.174796776665470555e-01
-3.197039467658128742e-01
2.998326892895870066e-01
7.392054114376246376e-01
-2.555928103708798860e-01
-3.561012693038725363e-01
