-1.364450161211145096e-01
8.102437605253918207e-01
-2.870616284194989487e-01
8.016707737187569460e-01
8.532455588094641774e-01
-3.535143403412431828e-01
-3.899851126691785685e-01
9.263578599286019788e-01
9.266316205204445655e-01
-1.671941146403888717e-03
-3.659729526019155910e-01
9.085021550758894948e-01
6.986515741572063565e-01
2.834414129889385459e-01
-2.871823408560307267e-01
7.733591456571290434e-01
8.230342796405614170e-01
1.268866912511657785e-01
-3.191309270781883534e-01
-2.148085179687231339e-01
-3.803861615556859976e-01
7.679460816367312814e-01
2.333099786324100422e-01
9.914802451037704745e-02
-4.757579873033804807e-01
-1.082110219002405116e-01
9.199000903522174255e-01
-3.322973402913039775e-01
9.274266412345527621e-02
-3.894785347366781503e-01
-2.291595921147552284e-01
9.127111360118479455e-01
9.382484146670416747e-01
-1.350840711285238305e-01
9.201505291684456411e-01
9.004481100250627534e-02
8.914885780101018398e-01
9.224046418859981333e-01
-3.082889003088474245e-01
8.453788316971030392e-01
8.653590596354764353e-01
7.522178035337623303e-01
9.421628813773710309e-01
-3.607578231609916974e-01
6.194517502321712776e-02
7.540528135198145687e-01
7.951347951174314588e-01
-2.242985388308603445e-01
9.032776588837241327e-01
-2.806188486497990797e-01
-2.917039149099788231e-01
3.413752586604494876e-01
1.115381493661907614e-01
-4.202730664483377288e-01
8.319280217780051778e-01
9.187233270991397305e-01
3.120277900648588121e-03
-3.909183153816737644e-01
7.490752019108340987e-01
9.180297941529054206e-01
-3.477523289434751863e-01
7.787311447302491807e-01
6.944612979015811760e-01
6.958752024544183623e-01
8.841333336983208113e-01
7.792485656727017318e-01
9.265656046193253559e-01
1.302436100073990910e-01
-2.571379496667780540e-01
8.844577126618057283e-01
8.184201975061826673e-01
2.132311849522236513e-01
-2.467373576943294733e-01
8.302413964567157967e-01
-3.561700988527832790e-01
2.442757648109489810e-01
9.144145446602988114e-01
6.719238536300033982e-01
8.106984043187224209e-01
9.051483692683507387e-01
6.706266659360832216e-01
-3.393174931138970840e-01
7.475085081321146685e-01
-4.106889429826055538e-01
-5.527342449913310446e-02
-1.826878069520010972e-01
7.703829941845892204e-01
-1.751376765223738308e-01
-1.913340185264167936e-01
7.382944652214870063e-01
-3.803097510453168906e-01
8.421557951945679577e-01
3.757107879788675331e-01
9.091556048374838106e-01
1.696263317289878614e-01
-3.312329128117853516e-01
-3.745768812032592709e-01
-1.799058414292997038e-02
-4.571546832648432090e-01
-3.763090151018443907e-01
2.593613159044140803e-01
-3.220595791104648442e-01
-3.269527096630309160e-01
3.348572629144814239e-01
-2.817628104098293673e-01
6.884262801137167598e-01
9.463876124883674468e-01
9.199306004237399748e-01
7.876869836507572886e-01
-1.812713588132392750e-01
8.824620164179985959e-01
9.265127300192095294e-01
-3.160662587181978234e-01
4.039233996593556697e-02
8.522639062933430321e-01
-3.760142647501972801e-01
8.234435047111615669e-02
3.673566387773540276e-01
-3.750427867062304244e-01
-3.645557852213447969e-01
1.307249659688535792e-01
9.411374214509907743e-01
2.394990681708250302e-01
9.193905137122603266e-01
7.742454240825142886e-01
2.531825656483255652e-02
1.363202570907384448e-01
-2.452626884532715101e-01
6.647063322253379258e-01
7.843013188517772294e-01
9.044279994715975768e-01
8.771180873220160157e-01
9.130604758132461196e-01
1.913899029580795608e-01
9.119042651966720037e-01
1.225461506112389964e-01
7.564008408818124751e-01
7.385571045589425232e-01
1.054628774334617491e-01
2.696077469141525129e-01
-4.471227405939044441e-01
7.853698495346569386e-01
-2.949081344974682772e-01
7.739844732411559347e-01
7.007214951327750407e-01
9.139793737290928810e-01
6.461784997534704145e-01
9.080025118121997085e-01
-3.830695207009794379e-01
7.541554597189465969e-01
8.000108497076418024e-01
8.403342810093171744e-01
-2.273643767884494793e-01
6.844210809410421203e-02
7.906670907586795805e-01
-1.021935675488325201e-01
8.888948350579323199e-01
-2.556154000300493445e-01
-2.547370128916794374e-01
6.928473019156509149e-01
7.830533059066695500e-01
7.634716886010071146e-01
9.248391650394216512e-01
8.181242956453403936e-01
2.647833387653851789e-01
2.214812385967683817e-01
7.922836143825502386e-01
8.920391664017596201e-01
7.338926185622264287e-01
8.862767358135309470e-01
-2.554969406892236283e-01
8.661250317170685609e-01
-8.326182608911274208e-02
8.818958861693505513e-01
-3.391178051413420436e-01
9.100362453663408679e-01
6.292066952580561978e-02
4.062167740932547122e-02
-4.165525881041702294e-01
-4.531297441275076721e-01
9.359415848106867886e-01
1.168800511157913613e-01
-6.163473107073497159e-02
-2.442432576859902282e-01
-2.423523734284002695e-01
-1.991772537957980371e-01
8.350696646282620428e-01
-9.873705549695335759e-02
-4.062371073064061089e-01
-1.493722422947501294e-01
8.361339830255906103e-01
2.318029007717311296e-01
3.524554292554425011e-02
9.287992188263332061e-01
2.297468660464118406e-01
9.046240092298537538e-01
8.751560987680855330e-01
7.455218634648645981e-01
5.718295760270521860e-02
-4.391555041394676895e-01
1.469703396072325752e-01
-1.528879464449648951e-01
1.367543728808297276e-03
7.744023956599701553e-01
-9.849672017251409617e-02
-3.306659255806775333e-01
2.737746388889638061e-01
3.150701726052519414e-01
-3.842690973685188305e-01
-2.472352281988765277e-01
-3.054848962329667073e-01
2.712102639652687053e-01
-3.079921798099552466e-01
2.397061358454226077e-01
-2.984493721369165242e-01
9.112116096273535915e-01
9.463302323678021155e-01
-2.807730128904546985e-01
9.306677408162431497e-01
8.933636255609934684e-01
9.005324985406996108e-01
-1.399860969812214140e-01
-3.443858645208150993e-01
2.071400579576639922e-01
9.369848175448580729e-01
6.772683832582221397e-01
8.169849771714070563e-01
-3.887300300660037067e-01
-2.856913737831706102e-01
-3.120686403590071656e-01
9.293281390775441908e-01
9.309490108240219275e-01
8.923226425398984585e-01
8.541181945329108238e-01
9.417586752156840157e-01
-2.931291487796758299e-01
9.351453223414221139e-01
9.270235022053883167e-01
-4.172298181560051278e-01
-3.204066925369718488e-01
9.090922195361296199e-01
8.664882849241544172e-01
9.263441139092324361e-01
9.100446825286693242e-01
-1.879222424886414083e-02
6.086023520863148573e-02
1.573094481771932229e-01
7.822438080508430369e-01
-1.323301618619921460e-01
-3.709958761684927775e-01
-3.172130206804506525e-01
9.126722933018374118e-01
-2.117447311413574867e-02
6.470303896719047376e-01
-4.291953509269429423e-01
9.396047495882563494e-01
8.679190931893913108e-01
7.031139365257021989e-01
8.972469507389218002e-01
9.081062405865607534e-01
3.032543993492154422e-01
-2.199161627295608268e-01
3.567925003037293874e-01
-3.008444257442115521e-01
9.337297638529362676e-01
9.257483862392108520e-01
-1.819257354339263166e-01
8.268218827113860137e-01
7.313112608884803079e-02
9.152982788180272777e-01
8.791967489571168581e-01
8.584530179294604935e-01
-2.309506714291792440e-01
-1.205547944729207233e-01
-4.680338101045494748e-01
9.228584149543657134e-01
8.522106242566197531e-01
8.366260852317699559e-01
-3.844794578528328288e-01
9.306799797293733301e-01
4.947685374621156873e-01
1.324469158664280943e-01
-1.492399669893856584e-01
7.363317740415437074e-01
6.784683701540747958e-01
-2.626251230806058157e-01
-2.748474031596265799e-01
9.148792373924060639e-01
8.221158168300645164e-01
-3.257533551214544243e-01
-4.300365965926495337e-01
7.187806389001866192e-02
8.954295333818897973e-01
-2.155774111934806725e-01
1.875727813767934238e-01
-1.523109852258460739e-01
-2.681255844799106391e-01
-7.678081403935076155e-02
7.873019366718004841e-01
-7.440705463916871820e-02
