-2.908116075783172549e-01
-2.509269980045178983e-01
-3.107273912586344111e-01
-4.636235734456634061e-01
2.628978872727543714e-01
8.966647591272485229e-01
7.573457387719715328e-01
-1.524029023874940991e-01
9.171543484827267001e-01
-3.452670874694968584e-01
-6.500596438386523068e-02
7.838316934809828052e-01
-2.937298236774943949e-01
7.405122192966778760e-01
-3.488461219746737951e-01
-4.391087699552792545e-03
2.474414649225060436e-01
-3.280135944045518004e-01
8.505179607896951044e-01
9.042110117346232601e-01
6.846049307232912051e-01
-4.040672880948847218e-02
9.278005414269140383e-01
1.942745709675835764e-01
-3.072909819272910403e-01
8.106461481413820280e-01
-1.214609539067705857e-01
7.920803099941993164e-01
8.473531361990697119e-01
7.143496964024584339e-02
9.105470883066504317e-01
9.178151198833098823e-01
2.156690277039389481e-01
9.344503165374877796e-01
-2.402874679293022508e-02
9.516089148488593441e-01
9.275452970446164125e-01
8.346053801040934639e-01
9.529949646638559146e-01
9.824598691873875911e-02
6.953668271794311018e-01
1.590095186318798148e-01
1.971324472191524624e-01
9.234860011633070354e-01
9.211044541145745335e-01
6.578457897105891572e-01
7.658815397143666770e-01
7.703128466996944645e-01
8.924942467662010381e-01
5.218982740426068162e-02
-1.344180196790818460e-01
8.349302917669665369e-01
7.365403322857241308e-01
6.719529327729978352e-01
-1.191591115974541260e-02
-3.418858114879978483e-01
7.575503177485294337e-01
7.123185477340581162e-01
1.966046594240725490e-02
9.262907076971603759e-01
9.094805345483432113e-01
-4.060601889561575861e-01
-3.748325207818762328e-01
1.307554499922769231e-01
6.907443161731514625e-01
8.940892163810260085e-02
6.780057200545818175e-01
6.398432427823990132e-01
8.395451892836074403e-01
9.047978694327811766e-01
8.778482787803894016e-01
7.065241794997711988e-01
-4.169210593247938412e-01
-3.669515826708364958e-01
7.645704524071313957e-01
-2.781740381722352384e-01
9.085495010820592299e-01
7.313657175108252417e-01
-4.555985466268070438e-01
7.415277927597733187e-01
9.280771997409019702e-01
9.365311055979479438e-01
-3.221994499381215515e-01
8.049962840939102193e-01
1.496576716321369183e-01
-3.040460921997717447e-01
9.305706593634855972e-01
9.137291959087635584e-01
8.926193716647341514e-01
3.278420506360064240e-02
7.587459098708040361e-01
7.679733760670300891e-01
-1.585050558545861993e-02
1.482136600148137306e-01
-4.476999090208562126e-01
-2.755922851140974461e-01
-3.871985686374979085e-02
-9.859217392599758933e-02
1.098468073813369805e-01
-2.352438301205980187e-01
8.089790879530706080e-01
-2.499074080886925231e-01
9.291042731411540689e-01
7.173203234093198377e-01
8.325081738082464877e-01
-3.522140692140171003e-01
1.079274168467262221e-02
7.327691634266693121e-01
9.011362728584634274e-01
-2.738070687448938556e-01
-5.488147301233890080e-02
1.559647029931262030e-01
-3.934163476143597710e-02
1.015601238655980953e-01
6.619584222665748641e-01
9.311165263320032581e-01
2.570382671878923553e-01
3.658332991476753726e-02
-4.227803975412690596e-01
1.419203787437737022e-02
7.815376122765560485e-01
-3.566122817176635151e-01
-3.568681826610511365e-01
7.920815456607512850e-01
5.519770173866692109e-02
6.551361059397626807e-01
-1.232600188434781474e-01
-1.109523811323733997e-02
1.474251431801201495e-01
8.971404397079999482e-01
-3.554388906235426138e-01
2.335235712985969311e-02
7.802614829632932292e-01
4.396087099104664109e-01
-3.782912987820554740e-01
-2.339130212553289789e-01
9.342533835241312312e-01
8.455360719231054256e-01
-3.489684188836918999e-01
7.971452110343396624e-01
2.610790145019644126e-01
9.071577601345142128e-01
-2.363106451109690531e-01
6.453082575562398837e-01
-3.926368401884067216e-01
-1.426765813464568322e-01
9.010128955809104667e-01
8.366988269156426794e-01
9.248189884509891989e-01
-4.572097377528658857e-01
8.333210775485634381e-01
9.360868052652906446e-01
4.567582790679040189e-02
-8.526831549988567183e-02
-2.332399173448178320e-01
9.391761024075151454e-01
3.729373883106199550e-01
1.417363029317991185e-01
-3.191122009109358393e-01
8.771292649738725300e-02
8.977231906582442411e-01
-5.623073443931459608e-02
9.002803439973880995e-01
9.070421052487263047e-01
9.555506651836990217e-01
1.250073547934799079e-01
8.074766922553675563e-01
8.266689443175049279e-01
-8.050585443483124215e-02
2.000856229059072011e-01
8.437833715263911571e-01
7.656193521563017246e-01
6.831047811215081866e-01
-3.388824946637528646e-01
9.135277049279559858e-01
9.224280224555611030e-01
7.771146935071960860e-01
8.859017336847675450e-01
2.820314406655000661e-01
9.254616994643329875e-01
7.779121744777554026e-01
7.228702806444814444e-01
7.098703398308164880e-01
7.210214894515015738e-01
1.385943626657195893e-01
2.141641804826691434e-02
7.678107513323749744e-01
9.212260572772279499e-01
-3.368879088810620981e-02
9.369289803499614155e-01
8.711832453350929484e-01
7.972005505862475028e-01
-1.462730159757972825e-01
4.782137544324729928e-03
9.267630171737428757e-01
-3.702778369189935748e-01
3.851611377974905465e-02
-9.035521805329410627e-02
7.596443890135073929e-01
-3.233223751726743700e-01
7.674702955905313706e-01
7.872792724493719030e-01
3.184787344901094941e-01
-2.566849063792358554e-01
-6.200519840605879518e-02
6.781395056382040487e-02
-3.829527948965152362e-01
-1.163180057923246663e-01
7.263273727001192670e-01
-3.314858933983009237e-01
6.109624552698249556e-01
9.119559369470108257e-01
6.423595745159077497e-01
2.256315187104033712e-02
-3.421517888833249810e-01
-3.020206187945531084e-01
9.642947086734099393e-02
-4.193383030351103269e-01
-2.459594073316934970e-01
-2.755159193885876601e-01
9.075360923339882424e-01
9.080333657025994043e-01
-3.294996713606608285e-01
9.313178308298470931e-01
8.939058625070868402e-02
-3.374999164089884651e-01
9.116662589036230724e-01
-4.532756408126348835e-01
-3.959940114393987187e-01
-4.202329293751411177e-01
-4.151307759477469439e-01
7.646596564986216649e-01
7.547798392622189212e-01
-3.181421015235945671e-01
1.406368883863797492e-01
7.250784494757924747e-01
8.325885129701168785e-02
7.296973149862613361e-01
8.069756852407733438e-01
7.925620287689725263e-01
8.730664301488938461e-01
-1.027976220505095184e-01
-2.921914116702454267e-01
-2.433741477883799298e-01
9.136981908656490736e-01
3.988244413655177290e-02
1.550772221130654882e-01
7.932419874711268415e-01
-2.964052663364354911e-01
-2.672872611414570110e-01
-3.981973042664777029e-01
6.652636099229733979e-01
8.835969194096674473e-01
-3.258264319284780441e-01
-4.170829164019121960e-01
8.164923017138382699e-02
8.915697757481311214e-01
-2.993829912982899910e-01
7.315584045340743913e-01
7.658356819083415035e-01
-3.485215201017500819e-01
6.433717351657844974e-01
-3.923907928970570280e-01
6.830115423443130496e-01
9.047879128671626470e-01
9.166878451437938669e-01
7.282050701986459984e-01
-3.899656289394488606e-01
2.095909206625880816e-01
-3.642331033837521437e-01
-1.632993974315233299e-02
7.039513013298455135e-01
6.879427933480087853e-01
-4.688467799254815715e-01
-3.376457343969861968e-01
8.728895167226475849e-01
9.173448177138737725e-01
-3.328566758928760971e-01
-1.374736295444667356e-01
8.594168720324708577e-01
8.697554821566272354e-02
-4.295288591518774401e-01
9.052305214089414465e-01
2.009983041429629427e-02
8.216532746152072075e-02
-4.587997290057456434e-02
7.660167683064770250e-01
7.953623419758099056e-01
9.494091196969796087e-01
-6.769293163887823983e-02
-4.202682609159124616e-01
4.883005899847998876e-02
-4.281591806090078722e-01
9.450734540477825352e-01
8.127616143620536304e-01
4.459339255453977913e-01
8.056098736923171799e-01
-4.268019529527679601e-01
9.035889723183925248e-01
7.208335826271534685e-01
