-2.285587326775330719e-01
7.423145454995894177e-02
2.714775522009316711e-01
-3.738566017438962330e-01
1.635512700961776478e-01
-3.947739121142040952e-01
2.956179358404284474e-01
2.005649617109356575e-01
2.999973538196358813e-01
6.159445269053539368e-02
2.605739864406822481e-01
-1.972208007481713044e-01
-2.648779257046800506e-01
2.146012017512669567e-01
1.983630500631160531e-01
-3.634351551982925588e-01
2.525263251708667056e-01
-2.448529215223759770e-01
2.937037581257988528e-01
1.547568937506288433e-01
3.455681127294721322e-01
-2.707229307493719261e-01
2.933802446264084929e-01
-3.040658199529690936e-02
2.354164826339138761e-01
2.553450225548263841e-01
-3.762855411650763982e-01
2.271858524852628791e-01
-3.721780029405231116e-01
-2.870988284276690394e-01
1.875253539170348427e-01
2.209658654209502027e-01
1.431709433020870170e-01
2.810371745010292188e-01
-3.095818195234488202e-01
3.637302344555441991e-01
-3.466378597544073070e-01
2.056470860913245657e-01
2.445753071375818544e-01
2.637757703047101110e-01
-3.450888601634186648e-01
1.202421850540357218e-01
-3.833788103825087612e-01
2.644331148293362355e-01
3.159322427041759140e-01
7.927989312218591822e-02
-1.509103346840886817e-01
-2.461943115427331075e-01
-3.470869571733166681e-01
1.312180023191096001e-01
1.622353045541695959e-01
1.759690664550771222e-01
1.641616332461690586e-01
-1.285186533027872224e-01
2.993426015474029978e-01
3.623442800077836951e-02
1.543386083643893958e-01
-1.478753549955355850e-01
-2.794563246017309766e-01
-1.600715963519137863e-01
2.353502214234812207e-01
2.702297673765423069e-01
2.514552719639408518e-01
-3.276907601801259950e-01
-2.631586740332401975e-02
3.090701055270293485e-01
-3.390676848406268262e-01
-8.408504426259344466e-02
-3.381051551973831559e-01
-2.592649152318823869e-01
2.708439116670049440e-01
-3.506680094561315797e-01
-3.411857101985238394e-01
2.744195365850545798e-01
3.098248904641957013e-01
-2.264953121345204823e-01
-4.029410570369765798e-01
2.212049189238277092e-01
-3.256231639137400213e-01
2.546017579510761464e-01
-6.392855644026496087e-02
4.348754942827622316e-01
1.723044302323780141e-01
2.321884951209340076e-01
-2.919533060564769023e-01
-3.991900480214961577e-01
-1.244540005589157491e-02
-3.737679543350460598e-01
2.939070871445654820e-01
1.852690336188006492e-01
-3.010776961345956182e-01
4.905023425070006438e-01
-4.521425794251669739e-02
-3.548795816912478363e-01
3.057112323564867284e-02
-1.533134062956705568e-01
2.344696158655896479e-01
3.824202438384505798e-01
-1.775788307159285040e-01
-9.600688098267681769e-02
1.757761434875322326e-01
2.943808560736739799e-01
1.815725256319398739e-01
3.451211756636112793e-01
2.181076437021684522e-01
5.725764457084044079e-02
3.334877683166015405e-01
-2.876100547557884912e-01
2.303014665624323332e-01
7.978202722358315735e-02
-2.402614587959439885e-01
-3.895470531502087663e-01
-1.996014437632219751e-01
1.904366069317861565e-01
2.750688225043898538e-01
2.431110319807503473e-01
-2.241499002001065000e-01
-4.004701765052656737e-01
2.424835845568189818e-01
2.793294281929190048e-01
5.572849884699136724e-02
-2.421206775805910538e-01
2.583786528716700559e-01
-3.318816807559756832e-01
-4.066182541294216524e-01
2.421642557252814687e-01
1.885723796239860972e-01
-2.884843408135869813e-01
2.277617045147382613e-01
-2.910321896087812443e-01
9.093834391903499181e-02
2.457490316710273515e-01
2.535037097114260507e-01
2.688364188673312838e-01
2.983089160782642635e-01
-1.628462295100472912e-01
2.897774971252918830e-01
3.578198404319999359e-01
3.406752443198149405e-01
1.243120871062706606e-01
-3.400310721536477510e-01
3.439706500124232180e-01
2.420201641108623014e-01
8.221852146640008796e-02
3.209595901023671871e-01
1.656214736229591755e-01
2.185556275212285626e-01
-3.296822973508808374e-01
2.398861328402125404e-01
-3.042482212485016491e-01
2.543066095453724862e-01
-3.279918906126744194e-01
-2.677356982958906118e-01
-1.925305394905107437e-01
1.711433782325787467e-01
-3.752152999137346456e-01
-3.214384266194032502e-01
-2.807569883929943444e-01
1.892221987684647444e-01
2.090297363698671584e-01
3.903029763936974872e-01
1.727084431187646263e-01
2.857756504180409829e-01
-8.700453913240795145e-02
-2.386049037481843271e-01
-3.726374101599791433e-01
-2.260103995120559817e-01
1.733354812596978323e-01
8.667490502750926917e-02
2.090865879899153623e-01
-1.604781444559488790e-01
-2.425792126035778984e-01
-2.967895947514200272e-01
1.705678999959016340e-01
2.712642443129824610e-01
1.777045497582499523e-01
3.159491524268069340e-01
3.312094977209971702e-01
2.565477485790009782e-01
2.618880999012769828e-01
1.474904850283187407e-01
1.653898735595739633e-01
-1.424673153687502636e-01
-3.557859377375885979e-01
-2.872090591365965562e-01
-1.977395373808203682e-01
-3.060188904583164837e-01
4.298083505512651503e-01
2.432133322868702541e-01
-1.137817426180152691e-01
-3.656045627235204321e-01
2.213263892526917409e-01
-3.506115670104438808e-01
1.817159797791382259e-01
3.140294634381691763e-01
-1.770239134300435335e-01
-2.679050820703491320e-01
2.988323254199738988e-01
-2.847410118039055416e-01
2.936464058323656201e-01
2.222281064897643488e-01
-1.903919481086371185e-02
3.328336532969669026e-01
3.733719702684007991e-01
-2.022259835626335212e-01
9.213093538208519395e-02
2.937931084897849043e-01
3.340593871002325299e-01
4.054162993365886813e-01
-3.473314332988275965e-01
2.222466019602425402e-01
3.946706320115845323e-01
1.745989847082154434e-01
3.552308232403668109e-01
2.297005842330151482e-01
-1.533053152196886537e-01
2.443097244667799262e-01
-2.964026265897061752e-01
2.608624298582666312e-01
1.791827890371360255e-01
-4.043493432539140287e-01
3.433749459731733067e-01
2.852872295087326981e-01
-3.271243105989284916e-01
-3.797047400716163645e-01
1.684128565879016437e-01
3.330004248963430169e-01
-2.385395945940404494e-01
-2.130078019684783219e-01
1.984196886129729609e-01
-3.650437677499783207e-01
-3.081907890920949633e-01
2.829224744240607103e-01
1.461912801315342486e-02
-1.511502140102681246e-01
-3.887102356631221278e-01
2.143541977047329905e-01
-3.524284968102236459e-01
3.203766645181305162e-01
2.755599016537050860e-01
-3.066959290049734443e-01
5.147211065368673122e-02
3.850707647320881222e-01
2.200510929227385004e-01
2.945837140042598667e-01
1.379167087040865936e-01
1.095938503288368671e-01
-3.236499090228902586e-01
3.275751058428705842e-01
-6.352710397224012318e-02
2.304678911196270663e-01
-3.764280343453513256e-01
-2.331965534552479513e-01
-3.631840485239180571e-01
1.394579894531384860e-02
1.554926975363282171e-01
2.414373595846679710e-01
-1.393828582352296397e-01
2.454961096443623592e-01
3.086398539353556458e-01
2.227759730224848633e-01
1.315910250752514721e-01
-3.326877763301305801e-01
1.971136520426950700e-01
1.884105907445236261e-01
8.275291177014759691e-02
-3.225656596840320578e-01
2.363391848993378064e-01
2.230509930639683613e-01
2.434132202355491770e-01
3.365537712281653215e-01
2.816802552492443934e-01
1.649371446998149360e-01
8.105982408957353169e-02
2.428354929101725068e-01
2.063153828775373955e-01
2.176666833395828893e-01
2.676399343791036056e-01
-3.835411181910316492e-01
-3.563707352736962819e-01
-1.843343750762651279e-01
2.707482786998198221e-01
2.746968734563076109e-01
2.542860105980938590e-01
2.042761586260840589e-01
2.289191427811316515e-01
-3.511718612178665877e-01
1.564596573957543341e-02
-1.730553323858088077e-01
2.824936552251451349e-01
3.073340636239007551e-01
2.463820917006571409e-01
-2.562019225358949659e-01
2.041245455558580724e-01
1.729531219939506037e-01
-2.866841476976389469e-01
2.857501087411653540e-01
2.289291567231163671e-01
1.625215662045602361e-01
4.011599941393609869e-01
