8.810844735953269335e-01
9.791188644879060821e-01
8.892884335324853229e-01
8.675439944543112958e-01
8.423224105820960039e-01
9.773019241421283532e-01
9.528979589323695043e-01
9.797226247360116824e-01
9.598457131085226246e-01
9.718084614510946739e-01
9.478569664907110504e-01
9.512998293055467958e-01
9.801288398760602538e-01
9.224518845578859594e-01
9.307664034687335164e-01
9.035998904077711114e-01
9.800126921483163223e-01
8.573322752512924083e-01
9.262400053862336335e-01
8.901513969499404988e-01
9.693755420534091449e-01
9.625491428773100822e-01
9.382063861440168573e-01
8.596287852731618884e-01
8.714377395925911873e-01
9.564546106543585502e-01
8.346280215709471761e-01
9.440363198365318009e-01
9.077213537317045944e-01
9.363888426761552974e-01
9.435919076105325765e-01
9.803986685423670133e-01
9.241339747085224321e-01
9.163306827131841859e-01
8.904572940894721622e-01
9.779278833426027218e-01
9.782536692224776953e-01
9.800464844795309105e-01
9.544035075200593132e-01
9.299380192558697189e-01
9.628051888369005828e-01
9.595968834945000081e-01
9.704486980736435342e-01
9.669698427364832316e-01
9.851351946192952180e-01
8.759681781002477408e-01
9.481830030403595178e-01
9.265785440459111122e-01
8.167403484758117838e-01
9.746992352944158222e-01
9.396787110732706116e-01
9.470580597927442668e-01
9.828823686466841014e-01
9.793986521792686917e-01
9.232789695578859090e-01
9.781815062528079752e-01
9.439014814217917548e-01
9.668492648610313989e-01
8.197095547456574316e-01
9.590081148358973184e-01
8.558367684561363209e-01
9.186209796748523448e-01
8.448971207589612842e-01
9.657931915749169427e-01
9.800211076646029307e-01
9.395164832453275494e-01
9.661799159071119414e-01
9.069301947158803223e-01
8.925716482997375634e-01
9.628181854725814670e-01
9.168369840183469011e-01
9.579737505514094309e-01
9.658857780396149506e-01
8.413611180067364081e-01
9.850035806361401303e-01
8.654759503783554520e-01
9.176758806661092782e-01
9.826538694376791838e-01
9.843103412889028236e-01
9.689877811124135709e-01
9.550874816397172395e-01
9.502627520032596031e-01
9.373552101113925561e-01
9.176636909855836466e-01
9.799839661784846001e-01
9.027346969409438815e-01
9.792962998318605061e-01
9.826298265292134904e-01
7.888761794219983914e-01
9.806730830480143712e-01
9.668217933949440068e-01
9.494570096259900005e-01
9.815348358054178934e-01
9.542612560646978048e-01
9.731014498174493932e-01
9.826721738436801079e-01
9.345731931309562146e-01
8.083020358717341036e-01
9.035370552786075038e-01
9.443859513713119824e-01
9.828853388752999409e-01
9.765734775405596757e-01
9.223605464938173792e-01
9.767365112786403625e-01
9.763599433133617334e-01
9.769935248198422517e-01
9.145867165883940775e-01
8.860905561796956764e-01
9.318138753618474546e-01
9.799308946729961001e-01
9.766780840483202386e-01
9.564070407711020572e-01
9.628470897243954774e-01
9.157609759740459321e-01
9.322972110331984030e-01
8.587524530857184590e-01
9.858416416161948082e-01
9.820257231726480240e-01
9.416331120382239739e-01
9.546698572866443300e-01
9.361766402832054634e-01
8.732184698716507487e-01
9.452300181258833645e-01
9.474535524190595970e-01
9.736149287683993903e-01
9.683455967131660014e-01
8.065975330517849429e-01
8.573621765780383708e-01
9.727858637905111294e-01
9.748318691305399852e-01
8.912350712200323155e-01
9.113944960521264127e-01
9.509719845010202732e-01
9.747362082020776253e-01
9.238160751322359587e-01
8.424832479325995438e-01
9.158584791211150655e-01
9.795464568576551789e-01
9.828087029837329069e-01
9.698803922886125584e-01
9.762246614380040155e-01
9.103439868905063292e-01
8.919379548056748375e-01
9.566848755049170983e-01
8.495351009999663194e-01
9.453375504594208056e-01
9.164580190175448671e-01
9.825854011274333111e-01
9.437924485814692677e-01
9.246494557229414379e-01
9.314233749422251574e-01
8.533256195355783946e-01
9.121125491376980143e-01
9.502769419397634199e-01
9.604632630114333658e-01
9.549620311025557307e-01
9.462010930959714461e-01
9.659017205985112042e-01
9.739755775048010156e-01
9.381025898280586084e-01
8.040215468932684351e-01
9.266038714545770105e-01
8.488494980717165017e-01
9.415798866604523365e-01
9.689741317460021097e-01
9.107113416998995348e-01
8.551151661573159757e-01
8.893035412769479953e-01
9.056832014101714456e-01
9.157082972330685688e-01
9.777061840573724183e-01
9.848485181873882777e-01
8.695930745337909773e-01
9.657044666921104081e-01
9.749226424129935342e-01
8.305664038603064458e-01
9.829881223085079611e-01
9.322050822230645295e-01
9.018459236455018679e-01
9.500404795219157261e-01
9.752919699739241999e-01
9.826619851406295236e-01
8.037054491978432580e-01
9.540271661127910363e-01
8.309739128283493148e-01
9.652702541022584182e-01
8.698242788330715625e-01
9.390081358197031047e-01
9.420296333929003563e-01
8.119792552079816428e-01
9.798623909474312166e-01
9.553680551166565671e-01
9.727075038870889312e-01
9.046114371783045005e-01
9.374733247160902394e-01
8.722325465129403543e-01
9.725050855942141137e-01
9.804647979317674400e-01
9.213294342000835080e-01
9.603833288565366555e-01
8.251398498843460771e-01
9.569377381720627351e-01
9.387220746251364600e-01
9.765592935366357308e-01
9.354022943511137722e-01
9.686643603987024065e-01
9.804940023501600432e-01
9.529382329674735974e-01
9.691314480448098845e-01
9.577850607048521425e-01
9.742899434310727802e-01
9.344701717481991299e-01
9.790663288958592059e-01
7.803308182235324519e-01
9.119289554851284230e-01
9.782992200858087184e-01
9.783669437257940249e-01
9.833187090795216800e-01
9.563847800862956827e-01
9.420579717982928702e-01
9.142832671172371750e-01
9.196015644955267687e-01
9.464777141936011606e-01
9.213212830213168836e-01
9.507498025471201597e-01
9.245469225499818311e-01
9.047151452484089029e-01
9.584325634819753637e-01
9.472546167267601458e-01
9.846113470378685673e-01
9.408956400732688685e-01
9.013962545881809563e-01
9.616754896711611211e-01
9.504992847310725912e-01
9.799309183462214801e-01
8.930940475615274377e-01
9.522713622885192741e-01
9.687995885562709075e-01
9.653176738237490007e-01
9.829475786444605845e-01
9.294825183756849629e-01
9.501635624611739495e-01
9.457060672426850223e-01
8.678889905447096931e-01
8.922106415988773076e-01
9.161598317179414641e-01
9.552984340241891248e-01
9.494781270642337345e-01
9.135072521468157181e-01
9.049838746407118384e-01
9.294588253122109123e-01
8.931510211031007396e-01
8.743441005105764274e-01
9.344005191188973214e-01
8.424999373272600289e-01
9.050214759027769285e-01
9.775880186219212398e-01
9.763163309772218135e-01
9.280752418790926273e-01
9.706754603064622344e-01
9.835944433597652026e-01
9.214970402137772076e-01
8.950902447874350409e-01
9.717777029325753713e-01
9.434247019484585106e-01
9.152434544624991064e-01
9.035117144308527637e-01
9.776883950362984521e-01
9.282667537000219848e-01
9.558229130189950240e-01
9.539065783207090199e-01
9.245173264669164226e-01
9.276635310514984578e-01
9.556532433997273479e-01
8.718816741780590629e-01
8.966740322743237401e-01
9.728107833946080252e-01
9.281664642424173328e-01
9.057569517162150641e-01
8.939430657226801191e-01
9.773947531922926313e-01
8.224269644771570187e-01
9.809283154992507470e-01
8.804936120241060316e-01
9.313093721754623910e-01
8.965701159764248862e-01
9.452492618934318358e-01
9.806363684151031546e-01
9.751865937559490716e-01
9.279853954982266728e-01
9.801300452632297766e-01
9.025497488432125959e-01
8.711960208167104369e-01
8.966765039517681224e-01
9.630926681438622960e-01
9.103935615081701904e-01
9.624902416466922794e-01
9.657308849155679109e-01
9.666800653782650077e-01
