-3.118564674121656610e-01
-2.730753924204257777e-01
-3.101433621538778329e-01
1.885840125777372145e-01
2.474202843545272867e-01
-3.013592820481400536e-01
-2.126389781023639569e-01
2.962676121649304717e-01
9.924853876982063505e-02
1.397443456289387820e-01
-4.189788454172381493e-02
3.195781286153075440e-01
3.349347568380384166e-02
3.039442524237008225e-01
-3.212823634432500630e-01
4.501409979880208745e-01
-2.538675091623685542e-01
2.105514912691192342e-01
2.871194624142800467e-01
-3.170709019418468388e-01
-2.947028278919641697e-01
2.610128053794359415e-01
-1.581724315644109091e-01
1.403876639232344847e-01
4.439710671080919768e-01
-3.411248783918320315e-01
1.229165612393432333e-01
-2.647988235732215423e-01
2.760681381530858403e-01
4.938417021171050830e-02
-3.301160017758093534e-01
5.251863779805947957e-03
2.509671811027057720e-01
-3.281062923037403878e-01
4.312162236409221028e-01
-1.650122778695828907e-01
2.022216123734759119e-01
-3.409906190242812940e-01
-2.652913276952927335e-01
-3.394172313023470777e-01
1.463047052507437940e-02
-1.682752771734883912e-01
1.549579028002310288e-01
4.709446918060102849e-01
-4.268463709238726894e-02
5.615892389210735969e-02
1.448525454783756439e-01
8.781427360758473077e-02
1.368013240039134271e-01
4.759166360323557887e-01
-1.380363184741041083e-01
-7.612936301575562448e-02
-1.592488204821335684e-01
-1.735103543215932020e-01
2.493765435977688683e-01
3.656294261809870383e-01
3.673163360182929993e-01
5.691478512060003103e-01
1.551535161276102089e-02
-3.407216943853709212e-01
2.862199312056810108e-01
2.157118512400321986e-01
1.087852184693325897e-01
2.629903931118297566e-01
4.858084674879704079e-01
6.548989138978372759e-01
-2.899584555381451989e-01
9.543482660464021328e-02
-3.307438618425901367e-01
1.160436258621860839e-01
2.966039190636552969e-01
2.003309576203444742e-01
-3.423520911353858942e-01
3.945291077037389460e-01
4.804120142433720986e-01
-3.552295297716900890e-01
2.805300931996924652e-01
-2.685000696720419855e-01
-1.376654875841830383e-02
1.592678761478080740e-01
-2.734404570002419987e-01
-3.299708172297951547e-01
2.552611342063462740e-01
-3.234333005825167917e-01
-2.925036167940284204e-01
3.181271188636847214e-01
-3.098105605933676454e-01
-3.135513571533282695e-01
7.468079848157338496e-02
1.908243242651518068e-01
-3.285703700173804864e-01
2.789254878947688421e-01
-2.504914018668572551e-01
5.014901088277488872e-02
-2.915053528867116439e-01
1.106714221981710822e-01
-2.904748002503397264e-01
3.920378253512433742e-01
3.634548928615667918e-01
4.304132271880935501e-01
-3.016559060022598882e-01
-2.940378146616346999e-01
1.772234626115199163e-01
-3.311828933476042292e-02
-4.965656424504651806e-02
-2.917304900883420649e-01
-2.629420572723463745e-01
1.324891856713212579e-01
-1.542402892054883512e-01
2.901311578128155100e-01
6.423148920193170186e-01
4.090217820361357615e-01
1.351735303136507027e-01
-2.807734157518898543e-01
-3.452807352135894292e-01
-1.773934558793060778e-01
-3.623507922996749842e-01
4.483854878486374235e-02
-3.399405107160111683e-01
7.711199704172309877e-02
5.721759542000022236e-01
-7.356929940847016514e-02
3.619236292514941278e-01
2.033800111003127575e-01
-2.549154077287980602e-01
-1.238403273008906458e-01
-2.586908449647041253e-01
5.835448193997687660e-01
-2.682540017257920573e-01
-2.728790127206747185e-01
7.528685987733378937e-01
-1.496954849833022697e-02
-3.930821118464746244e-01
-2.810341023831741114e-01
-3.549451412567917186e-01
-2.490786296211332795e-01
-3.434380469727552621e-01
2.647815214080241342e-01
-3.616261826795182932e-01
4.257914485035597663e-01
-8.610832776587321047e-02
6.357963025625115172e-01
-3.542593413217384191e-01
-2.640671859390712473e-01
4.858689156039407431e-01
8.220043022931737900e-03
-3.789922927149557141e-01
-3.348340680804908764e-01
-3.065735554844250532e-01
-3.435836359354271230e-01
2.099959856846705109e-01
7.960123711297291405e-02
-5.409323853232508861e-02
-3.269270182843469486e-01
-3.285225627406121451e-01
3.289262280634298041e-01
4.479372130175171551e-02
-1.331997033055208057e-01
-4.547931689085510376e-01
-3.412096650792664776e-01
-2.184294762428063419e-01
-3.851932020321333638e-01
-2.721745252017837569e-01
2.883813179597665144e-01
-1.613963490419371150e-01
2.405099538697044181e-01
-2.650649559098495756e-01
-2.950832353678102815e-01
2.110418633143743838e-01
2.362297315962205713e-01
-2.523816769159229478e-01
-5.178881020853109973e-02
4.263023883915844636e-01
-2.110305423963605154e-01
3.051641806329357109e-01
-8.156065343389659605e-02
-4.145967848605305872e-02
-1.686600529895980749e-01
-3.794929460721783165e-01
4.623001721951614518e-01
-3.565190467266906582e-01
2.840997551539657384e-01
-3.112755502656180395e-01
-1.193620033204552677e-01
-1.812550716740204126e-01
-2.843278166330353018e-01
5.502604260597885322e-01
-3.030550589085503899e-01
5.631387835637459149e-01
-1.437493954453342715e-01
-6.950916107297284985e-02
-2.521170143295760613e-01
4.188564112977004039e-01
-3.345906091514530001e-01
4.449994935139416907e-01
-1.164836049100511778e-01
3.549129903051005397e-01
-9.502111201205427904e-02
-1.801338642008935495e-02
-2.669009734694351155e-02
-1.047773296714484687e-01
-3.681893383400789976e-01
2.373285632084300434e-01
5.181959502924010641e-02
2.699370399855920977e-01
3.417298246881347867e-01
-3.537104089865271694e-01
-2.877877315292493021e-01
-1.574167166190548195e-01
1.573097846149391354e-01
3.323832440491508722e-01
-1.515897746197020779e-01
3.022043712572274887e-01
3.215671052111757078e-01
-6.419413068367067765e-02
2.665355171677874502e-02
8.941344696397721115e-02
-2.453055696723242529e-01
4.772442594971779140e-01
-3.261471164708750203e-01
-2.100967344409414572e-01
5.566152294126559541e-01
-2.547687805975172304e-01
3.648632350494356857e-01
-2.939649113554872462e-01
4.966127958787099339e-01
2.761367893078155444e-01
5.690460410333469943e-01
1.324303204411947932e-01
-4.039918020801702148e-01
-3.336750942866630876e-01
-2.784263802946060906e-01
-3.941992262754840937e-01
-3.675720360251139018e-01
-1.798046375068230729e-01
-3.564808197780198196e-01
-2.319228791161352665e-01
3.075647878635477950e-01
-3.702875725345133318e-01
-1.880190578822757419e-01
6.665161249993305503e-01
3.790352507950056626e-01
-2.815050998580744812e-01
1.258181644761389717e-01
-3.731344074184785309e-01
1.630864669758392560e-01
6.495501790847452162e-02
3.474414925649374486e-01
5.159112532436823662e-01
-2.356857523091223094e-01
3.352244695346366932e-01
7.213259535637126518e-01
-2.860576373778169201e-01
-3.394290122122164410e-01
-2.223621385405991080e-01
-3.607908125785145859e-01
3.166147525741326296e-01
4.975450764011505322e-01
4.062793830333457090e-01
5.796352723150006714e-01
-4.106741018336968474e-01
2.082762985582037873e-01
-4.633372581672837859e-02
-3.344377390307701758e-01
-2.247090553438182425e-01
1.572050243776915990e-01
7.760076053277081831e-02
2.044294829735720798e-01
1.377899417192024294e-02
3.173391108763422563e-01
-2.769853334993838123e-01
-5.566900421097759066e-02
-2.719983099563406115e-01
-1.180063462720626205e-01
1.734475930749450612e-01
-3.861726567187828141e-01
-3.634394857720552041e-01
-2.994001230899871469e-01
-2.730047812542627517e-01
-2.792510478525145334e-01
-6.187121519412794313e-02
2.190204338780092908e-01
-3.266400359557381505e-01
3.959447356234142013e-01
1.915138184488950068e-02
-2.652839498679110952e-01
-3.277500405323752752e-01
3.281381522632246250e-01
-8.628622805733414391e-02
9.393209938686707117e-02
-2.921262672210654943e-01
-2.116081984151080564e-01
-2.903632072126106634e-01
4.651326491836256516e-02
1.632826615462313058e-01
3.904978281224908976e-01
2.203783755433811331e-01
-2.992001934017693432e-01
-3.071179512598842254e-01
