6.721271139811462181e-01
9.224536970085197574e-01
7.289604354262541053e-01
7.593965292606582596e-01
9.198356392349755772e-01
7.504323043698738482e-01
6.363053790999620984e-01
6.184613945569781279e-01
6.060943433064639452e-01
6.656263783301266113e-01
8.260255233429756316e-01
9.023282859120155264e-01
6.572583737805099968e-01
9.108757879210638286e-01
6.869757633739356217e-01
9.027089276959010533e-01
9.280209778844391577e-01
5.813475828341971852e-01
5.790295066891222309e-01
6.144910456776270236e-01
9.284332439685405447e-01
6.433904878448511999e-01
8.424147465825174708e-01
7.309617472255890425e-01
9.104924397674157843e-01
8.586373926645894938e-01
7.572334608342354834e-01
8.056406350196317900e-01
6.327989322067859579e-01
9.233090819984264286e-01
6.369567882989215502e-01
8.294082901538025743e-01
5.501197659455219213e-01
7.307412378217549298e-01
9.387714360450767348e-01
9.272196955130560525e-01
9.274152323118942665e-01
6.058135060365648084e-01
5.599649341908710110e-01
6.239956353680695678e-01
6.183758894134996353e-01
4.918643214403910502e-01
6.731355261724258909e-01
6.005806440445990990e-01
9.330989675570380282e-01
9.363757674151654831e-01
8.947876498988386329e-01
7.359157162670940666e-01
8.878855563872594114e-01
9.439693130716629854e-01
9.276856497727554718e-01
6.255410558880467597e-01
7.645168860412308032e-01
9.371438209128553076e-01
7.548723629190315920e-01
5.486870095916469570e-01
9.257229261439072765e-01
7.499178038100936527e-01
6.612852042900763117e-01
4.456934902473681515e-01
4.373309889023121455e-01
9.255734443923953059e-01
9.277202675749506300e-01
8.240103291768449134e-01
5.829756261669047923e-01
9.062478958473524360e-01
9.464804812013720703e-01
7.143904617409693181e-01
8.982089194567342005e-01
8.378419257687115262e-01
8.443062685016300417e-01
9.305077884939985111e-01
5.901262262043044382e-01
8.950212435909793429e-01
9.062122343010079462e-01
9.285305220383330838e-01
9.031059055082389930e-01
9.218184943951202026e-01
9.301806542682297119e-01
7.827119444175129059e-01
8.605724957287709254e-01
9.353468984512460782e-01
5.875642144413797396e-01
5.924003608349724948e-01
7.366546630146986185e-01
9.278228863691684314e-01
9.184903206754984062e-01
6.622710467772816578e-01
6.929382867180714500e-01
6.333131034325145681e-01
8.061680304824592191e-01
7.159043052991264089e-01
9.306316150521198871e-01
5.386800048618556325e-01
8.022334113749154394e-01
8.178188695901270622e-01
6.658548739077607692e-01
7.171770507959729368e-01
9.139374552703851684e-01
6.682558456927932822e-01
5.961256816274522752e-01
6.717517365830971698e-01
7.240451992912363410e-01
8.690897634216695478e-01
6.282082940345452560e-01
6.636804109560520137e-01
4.172918773105718793e-01
7.254129694779002380e-01
6.961879248940481268e-01
6.976320365262627110e-01
5.418967189921681804e-01
9.262438269482587971e-01
4.397891517065438127e-01
9.308394398675519099e-01
5.249825292262608745e-01
5.936959490633777481e-01
8.495550795230859542e-01
5.538437555909426768e-01
7.029943265666702690e-01
5.767667135089189490e-01
7.048996395390528802e-01
9.210625489143519085e-01
7.021740989386517917e-01
8.179696812356642699e-01
7.363037533577972971e-01
5.812531252183537056e-01
8.922475325639240840e-01
8.950146966617228417e-01
6.008631036841376449e-01
9.239844203095126662e-01
6.457123994062673455e-01
6.710109476878013401e-01
5.567660851155473711e-01
6.633774832203505056e-01
8.060923694640111936e-01
9.375515649213056468e-01
8.287138416688810683e-01
6.691430192331411231e-01
6.811655131699997368e-01
6.252186498882777999e-01
9.297331956712620027e-01
9.020313512507832643e-01
9.244636393994019041e-01
5.984609334443383721e-01
6.690600636864147965e-01
9.033954852145881231e-01
7.813378980824368103e-01
6.775220204214207342e-01
6.517474035209949168e-01
9.261810303995600124e-01
8.073704076024440512e-01
9.309920321123742459e-01
9.019901851659443137e-01
9.268289531211969523e-01
5.839419383833042154e-01
7.674912844620536134e-01
7.527519563883586784e-01
7.129678277253062024e-01
6.642328448647940586e-01
6.748416460020854046e-01
8.926852488356227244e-01
5.603413778665300438e-01
6.271297508513824503e-01
9.238635281121101439e-01
9.246644371893975034e-01
6.300591266870172458e-01
6.677878286730289936e-01
8.807771936641664023e-01
8.282274396103349590e-01
6.612290146734794982e-01
8.932240878707197185e-01
9.302715138083968993e-01
6.215874364018200149e-01
8.773859119111289129e-01
6.828788176182307712e-01
6.964496116264825565e-01
8.784112774824985870e-01
8.351351440669529946e-01
6.653523167410954064e-01
8.699181268288947999e-01
9.034022342436320852e-01
8.024540134147638559e-01
8.374068568963852766e-01
6.651696880775689324e-01
6.906173542873010884e-01
8.935101771259507109e-01
9.155984687059287586e-01
8.098962469279881171e-01
8.786247288595790961e-01
8.144045725306831018e-01
6.547101062175368913e-01
6.063896942399613632e-01
6.488682724920759037e-01
6.599976739603108378e-01
7.273259189044910533e-01
9.239631997508405137e-01
6.550865914171738469e-01
5.393301667614762707e-01
6.682067687190084149e-01
7.768389704058286105e-01
9.077545227218437596e-01
6.794770833805131582e-01
8.484470875294638503e-01
9.291109291409300752e-01
7.127921754440179614e-01
7.499737954524459127e-01
7.238752543496312919e-01
8.744347882703514818e-01
6.804946152777920920e-01
7.390636882071524028e-01
4.968962218614412230e-01
6.093683109884415749e-01
9.220499480674144710e-01
9.143119209463812513e-01
7.318041465813655000e-01
5.882295053276954677e-01
7.902854681678479487e-01
6.526839862917180879e-01
6.249827394886894316e-01
5.925922188806659330e-01
8.804624727007694940e-01
9.419743002021667699e-01
9.217227826626768206e-01
5.580738718647730856e-01
8.611669271259857483e-01
7.516017021360754669e-01
6.976220495316043380e-01
9.152387921694009609e-01
6.708122175187467562e-01
9.276852176919431203e-01
7.392529540118046860e-01
7.994284679459016107e-01
6.436575754821889372e-01
5.692176563824886681e-01
7.077855817377995962e-01
6.956518137502165633e-01
9.038731583217092247e-01
8.427199985995474929e-01
6.234497048265987829e-01
5.698681762247844729e-01
8.169379502348551592e-01
8.054180659919552010e-01
6.699293887155511884e-01
9.017169768170054667e-01
6.476585654642229573e-01
7.799916378642778314e-01
7.054098081361360739e-01
4.503037171432630048e-01
5.732734889745985107e-01
9.062538772670118981e-01
3.501064025738680474e-01
4.758738076726597432e-01
8.429818895717943183e-01
9.150316259742876657e-01
5.762228006187647411e-01
5.297095006871028744e-01
9.015599867722561278e-01
9.264956520917408955e-01
6.912038267300502081e-01
5.843584502888233834e-01
7.226672087221466256e-01
8.184448876976365694e-01
8.534854137244050065e-01
8.789519997873573853e-01
8.150210651298399611e-01
9.273356768349403367e-01
9.425755619733843238e-01
9.380448357434877371e-01
5.594578665538809670e-01
7.019552645948690106e-01
7.436999130607959696e-01
6.337576241263584986e-01
8.423116409858073528e-01
9.310338197261494031e-01
5.691760630170099589e-01
8.139402996489045750e-01
8.309766909401667956e-01
5.566430577932408585e-01
6.118032467030822819e-01
9.185029968275431056e-01
8.717902925868139530e-01
6.306296553145596118e-01
8.827364880449204421e-01
6.164940883393663640e-01
5.968882847061189878e-01
8.330863192832380637e-01
7.418568873715918333e-01
9.324200469030287097e-01
6.151285943491778818e-01
5.814676530721466508e-01
8.744173341086904916e-01
7.192366101577581938e-01
6.114861788921868158e-01
6.897576905895066446e-01
7.102418677659682045e-01
5.831107477772938807e-01
6.076878689733004046e-01
8.741064514494012450e-01
8.765367416543781154e-01
