1.988569170810694231e-01
-1.065804286268601658e-01
3.550858950415256565e-01
-3.910912971515269065e-01
-1.522238301145093786e-01
-3.573258609748635184e-01
-2.420826415100715834e-01
1.700600608274456249e-01
-2.923350698962755012e-01
1.818078568349912605e-01
-4.855877414576503098e-02
-1.410469998407952730e-01
2.512708130658662942e-01
-4.682185079189430527e-02
2.384268237254086320e-01
-3.638788262402347651e-01
-9.951049999855821060e-02
-4.268601274078229757e-01
-4.414410415509293500e-02
-9.372175923733831737e-02
2.747539029811491562e-01
-1.221980409108762572e-01
2.830357150372821984e-01
-3.573538133003613670e-01
1.035006826567702043e-01
1.567386557762376897e-01
-2.544865510489359162e-01
6.734597639246701906e-02
1.755709315808757498e-01
1.650473352156744677e-01
-3.146069525979803272e-01
-2.839163780450609242e-01
-1.653439953483586966e-01
1.812364001738492603e-01
1.930069086121318778e-01
-3.312363980755783088e-01
4.245222243200159895e-02
-2.534908469736338321e-01
-3.737468250591199914e-01
1.172866811913883117e-01
3.326311482592805291e-01
-7.728556886360518630e-02
2.085629398140026458e-01
1.636412947273196139e-01
2.508450191158309028e-01
-3.461470039845164770e-01
3.360757996773936496e-01
-1.131202168691973625e-01
-1.707942386988353656e-01
-3.767162327546582090e-01
1.812680670615400835e-01
2.142917961989107556e-01
2.734724167729304378e-01
-2.577580568908663383e-01
2.460392504968766381e-01
1.586525427529361931e-01
1.582999034656975834e-01
-6.283148451163730885e-02
-1.791164063719044297e-01
-3.741438665252118656e-01
1.968010213718784096e-01
-3.242044721841338406e-01
8.940802699519946606e-02
8.059376578111297762e-02
4.995422229545080223e-02
-1.168955778803727197e-01
-3.660690603429885837e-01
-1.618733348890970813e-01
-1.794424103072968235e-01
2.366231663887655157e-01
1.268954689042310346e-01
2.029533465184257257e-01
2.878601009879807604e-01
1.672016059714040437e-01
2.530241245301114716e-01
-2.105382225265275686e-01
-3.786257784987723252e-01
-1.300099710961280242e-01
-2.499035762263124294e-01
-1.900348269857687900e-02
2.280514490184535059e-01
4.970523908291026721e-02
3.371554420109165173e-01
2.215300531404472695e-01
1.166054124979299944e-01
-2.696744009100418213e-02
-1.611649911510434074e-01
-6.601911451431304034e-02
-1.243276609850950398e-01
-1.247312257441235278e-01
-1.907410100039022560e-01
-1.819416340359726325e-01
1.076022112936796948e-01
-2.626868231000754617e-01
1.620265284163789898e-01
2.514066419814601355e-02
-3.066443609695851946e-01
7.972212646443072037e-02
6.708258321650514833e-02
-1.489684508400768437e-01
-3.471715727802679452e-02
1.170089416299975732e-01
-1.891846958426993131e-01
3.298196983659155146e-01
3.514518915767342322e-01
2.835827529574485584e-01
-2.661144915991200954e-01
2.231054552491468779e-01
-1.660217244759541189e-01
1.976234348361260440e-01
1.462678592151873264e-02
2.040063427785522854e-01
2.475090028212061088e-01
1.981367330298083318e-01
-2.867524044419351714e-01
2.810939346970528496e-02
5.685316435079985214e-02
-2.875727251642463123e-01
1.869116929990836951e-01
1.206753665535737763e-01
7.172376933975568858e-02
1.842211468557882204e-01
-3.885578401136572380e-01
1.329542548143231584e-01
-5.252080940832186406e-02
3.250317122359331901e-01
-3.653882848856748744e-01
-2.489638110135469415e-02
-2.481535990285585469e-01
-2.719370842229318352e-01
-1.410656354849846306e-01
-3.504396124882435681e-01
3.327705888814279367e-02
2.020241207879058115e-02
-8.706178620943118285e-02
1.707603728557489653e-01
2.517274998185069501e-01
-1.320412193501011855e-01
-3.662886844059186076e-01
1.672070121995267444e-01
2.493240300782134933e-01
3.212615674090021911e-03
3.056682656323783664e-01
2.299865926687908457e-01
1.062833789204700383e-02
-1.630250868561508582e-01
2.148570471488842060e-01
-3.637921171229064332e-01
2.623580790998380485e-01
1.262474140538357159e-01
1.591785736119889771e-01
1.955042596174380864e-01
2.646769530919689320e-02
1.420428690515795900e-01
-3.458379018682852801e-01
-2.614677145599361707e-01
-1.566751798225795855e-01
-2.187850594076250765e-01
-3.753404648070966798e-02
-3.995821496477850454e-01
3.473436417757165273e-01
1.035992508430442910e-01
-2.626273326213415249e-01
1.967188187681285366e-02
-2.413029028814510646e-01
3.527077707695415176e-01
2.605026955886681206e-01
-9.555641822875153568e-02
-5.161558494205625847e-02
1.643589179039885995e-01
-1.787283674662502320e-01
-3.602525133432632476e-01
-3.582296337874274483e-01
-2.813070728510526641e-01
-4.978474497795894876e-02
-3.761533270849468091e-01
1.699835303886254589e-01
-1.356206906943291657e-01
-1.381945252038038197e-01
-2.595918039609300676e-01
-4.213867487534577426e-03
-1.126760238525376795e-01
-2.220492661657301470e-01
1.128037172734353000e-01
1.477653289575733553e-01
1.512526658290870851e-01
-2.455298263385833901e-01
-7.099981581037188849e-02
2.158205380777395710e-01
3.408642417622023135e-01
-1.116855913636637526e-01
-3.410518514366873699e-01
1.972768369902619390e-01
-2.413804862980775401e-01
-3.676340038748717176e-01
2.617190870910253153e-01
1.612131856666531582e-01
-1.883974358650767067e-01
2.295293755895227716e-01
2.158457715188915604e-01
-1.142601956242364353e-01
1.231642565920519627e-01
2.351526913915039374e-01
1.417090436080056248e-01
-3.195315340930370840e-01
-8.263034033757622743e-02
6.525574708610248909e-02
-2.104899277586412265e-01
1.743930855469693619e-01
-3.163285065398319662e-01
2.294158773032257403e-01
2.086396996662162329e-01
1.011753546104993962e-01
6.479090671415256575e-02
-1.699278934433381960e-01
2.368027802118545244e-01
-3.066227823103337413e-01
3.588368366932209730e-02
2.456339957025807930e-01
2.445910591600172768e-01
1.789229741726093836e-01
2.599691756385946739e-01
2.482838706626182834e-01
-3.025253658300561810e-01
1.846376790858735295e-01
4.625529618391607117e-02
3.276275461259954835e-01
9.856408319384277195e-02
1.491740221081900297e-01
-1.840472996959661295e-02
2.340259277085400547e-01
2.692318203481264827e-01
-1.483787926512520894e-01
1.040193595677243038e-01
2.471359900730272785e-01
9.748351253629503055e-02
2.063214622249282537e-01
-2.618310943196944240e-02
1.042659337736232539e-01
-1.468890335351650811e-01
1.878861636709135141e-01
1.460946340529638288e-01
-5.938986852102614428e-02
1.363637356803416578e-01
2.540531400438519882e-01
-3.582290361021038816e-01
1.711160105813567811e-01
-3.316448874138930858e-01
3.145266326822976355e-01
2.820182265071370376e-01
-1.036731179909070322e-01
1.061567818285499842e-01
2.390149329732386974e-01
-1.829135661773104160e-01
2.570668335751685740e-01
6.253124008599724760e-03
-1.043935728443100702e-01
2.790213185822191244e-01
1.644467428014257659e-01
1.310649332304207881e-01
2.035442358852808664e-01
3.380238389177929736e-01
2.597567041706819735e-01
-1.377429671724376414e-01
3.620757764222721775e-01
2.701702022792813462e-01
-2.208588693482973209e-01
-1.294169075276377368e-01
-1.606077564544522440e-01
-1.990688390197954682e-03
-7.676157166375033314e-02
6.094176998647250765e-02
2.428601198267278383e-01
-3.279699534414062256e-01
2.768413563350591300e-01
-4.137407913577916679e-02
2.407314884063593563e-01
4.112032951874127762e-01
-3.526608255256418190e-01
6.169787496328429932e-02
-3.251335208309821811e-01
-2.118147420721200047e-01
-1.128653884210735481e-01
8.052735725264295596e-02
3.184562432687650380e-01
2.031509001212386534e-01
2.259608590186550914e-01
1.414866846912310738e-01
1.526014922165243037e-01
2.579703293318099111e-01
2.216448122200173343e-01
2.408820353439934947e-01
2.627188391155496627e-01
2.682051411419790199e-01
-2.715517684537703882e-02
3.487513092701226558e-01
-3.780025082772071610e-01
-2.262472223196389520e-01
2.126498136915384307e-01
2.395239187014149007e-01
