9.276119805911586802e-01
3.618517992860903476e-01
9.526598854586227905e-01
9.344875045300857774e-01
9.309339613939744407e-01
9.511669761655728861e-01
9.444147613435530664e-01
9.268158199694730426e-01
9.582637045350530514e-01
9.703315449087566158e-01
7.751206511306958369e-01
7.152130018980424886e-01
8.036000113024783786e-01
4.008583115162381860e-01
9.782517009755691273e-01
7.619736237260361644e-01
7.230035948721372785e-01
4.250560364793889434e-01
1.545384853077415299e-01
9.269879165932335408e-01
7.730121477506708416e-01
9.281507299537039568e-01
9.295195826520465943e-01
9.612143818288488850e-01
3.642476373410896695e-01
7.699880620109764706e-01
3.910678419079828827e-01
4.720801488931418155e-01
1.387449681064346352e-01
6.110900647808372721e-01
3.782037163300873139e-01
9.328310861398343423e-01
5.863246784638482811e-01
9.360016371068401453e-01
8.953558313184458717e-01
8.364048153836280974e-01
9.108086286387193642e-01
3.899189366914145860e-01
9.679455933749214758e-01
8.716183773218263431e-01
4.374453681007879347e-01
3.795229944828662494e-01
9.133643950971284120e-01
7.279927362661364754e-01
8.996193950253839056e-01
8.036052411490861580e-01
7.109084086235317734e-01
9.563673257774534253e-01
7.325042317107041123e-01
3.840021740570497277e-01
1.905756908814317252e-01
9.550426695291436285e-01
9.556033405190992314e-01
9.498739834490710354e-01
7.758457326917419516e-01
6.220441001086740584e-01
9.344266159891940760e-01
3.593992853189896808e-01
9.516456968042221742e-01
7.634933708446027811e-01
9.573964450520215941e-01
6.074508173743227157e-01
8.250621816290166777e-01
3.736126676862777662e-01
9.640136949521382892e-01
5.752390374519782412e-01
1.322305422892880167e-01
9.422517989067114019e-01
4.457249057951040982e-01
9.852592919330152021e-01
9.651965431212087276e-01
9.404207663911593462e-01
4.083743057588901659e-01
9.321676597424877198e-01
8.806174993058083489e-01
6.828874977925918355e-01
8.420402165182225840e-01
7.328094639409392652e-01
3.577279908574669265e-01
7.273134932822699072e-01
9.612690649724817682e-01
7.992773561652446457e-01
7.011293251320209752e-01
3.820766051360634519e-01
9.350195169053611144e-01
9.431110750408413512e-01
1.659366387768566320e-01
8.006248440119033694e-01
9.703565067125503596e-01
4.332127228490833537e-01
9.053789973352905918e-01
9.552152871628227793e-01
9.394238550473683613e-01
7.514663440246784898e-01
3.747533242797604913e-01
9.646677241201225828e-01
6.892175598753826904e-01
1.426100525040693290e-01
7.310614670899602263e-01
3.607887830495269399e-01
7.280076022771755362e-01
9.397501830011378843e-01
7.966436899686393236e-01
3.187903515394624465e-01
9.663379969574794615e-01
3.712554246723983042e-01
1.424067267227041578e-01
8.258493515218762182e-01
4.826830075278744081e-01
9.530633558107386438e-01
6.235586779288194714e-01
8.082524563015043295e-01
8.937859141684501019e-01
8.815403040841587323e-01
3.955685255935993405e-01
7.517588078407066998e-01
9.345219382742000480e-01
2.001748444845034558e-01
9.844225986203045675e-01
4.286256659641670685e-01
3.821682552541407762e-01
3.907421607173052203e-01
7.373993122354738361e-01
2.000223916982353800e-01
9.860607394879730148e-01
7.352744989507240536e-01
9.394363697709715577e-01
7.850368783112493531e-01
3.899345183438488460e-01
5.756554038303123289e-01
3.787898168730701176e-01
4.548658471358631994e-01
9.556964671864449645e-01
7.738939581764281428e-01
9.427418967195498878e-01
9.508724121575204968e-01
9.560024917454164051e-01
9.496891299819796295e-01
8.390523629747094203e-01
8.458922132790316351e-01
8.856088080456718803e-01
3.999180333681984223e-01
7.973912402076825945e-01
1.252288985885903760e-01
6.488712778801204450e-01
7.315400312835986796e-01
6.903182500254192444e-01
5.629270769147909359e-01
3.728227956704424639e-01
3.592494613010857041e-01
9.287522418548525005e-01
8.729791212625531704e-01
1.709022122736856553e-01
7.588535333543600103e-01
9.370837483720388938e-01
7.954872957579114390e-01
7.388578845474507162e-01
6.911729426153283562e-01
9.362518471756002825e-01
3.735924177418638026e-01
5.672902195615761034e-01
9.135641935214742215e-01
7.709325885984472659e-01
9.355917287136497063e-01
8.567136822815220043e-01
3.816572182926909473e-01
9.506549332701860200e-01
5.310320708610797302e-01
7.295036372757099929e-01
9.295402036151838576e-01
1.535182359617253134e-01
9.347205412363055466e-01
7.418512277465397764e-01
3.679598817286172663e-01
9.322359372418038692e-01
9.841089856746714215e-01
9.145596603609533748e-01
3.738181492675913820e-01
9.516144248668061412e-01
8.701946496269691300e-01
7.302415003417193073e-01
6.646455887161377696e-01
7.320255217026842010e-01
9.675205368718480248e-01
9.923072154615757423e-01
9.352992821071511864e-01
4.338482409389963768e-01
5.152377909631939978e-01
6.312869474722249130e-01
9.193780227546324291e-01
7.268830195862128196e-01
8.991570255007188539e-01
9.292890080191831270e-01
4.004465729452723055e-01
9.399333614106779589e-01
7.450060385746775093e-01
8.885343501634759278e-01
9.546231703723191409e-01
7.009383641557893618e-01
9.676408679380592570e-01
9.281511865913263382e-01
6.971947535655833583e-01
4.061693418877644346e-01
9.411901160870007610e-01
9.219209169645939950e-01
9.394945382512529530e-01
9.674488159319372116e-01
9.487808615888770891e-01
9.342351798830569320e-01
3.701504282522868339e-01
9.325233455212817990e-01
9.344819325781370534e-01
8.534180500626251664e-01
6.657141214663702122e-01
3.801916027541578647e-01
7.590620633329350220e-01
9.403137041132466623e-01
9.225378933712164997e-01
9.469269718592979723e-01
9.291238863358629585e-01
4.660581956829136785e-01
9.479922387311483511e-01
9.352451291168005776e-01
8.690922029626779732e-01
3.680144070545449120e-01
7.542386535283840399e-01
9.239572154150348382e-01
7.517399807202158613e-01
9.390369087274335058e-01
5.115853729952070106e-01
9.695550720002799050e-01
9.031797218657704462e-01
9.414186284956178596e-01
9.492001024371262696e-01
1.470287082824018876e-01
7.643894372083979150e-01
9.607428927669576790e-01
6.207241291296681229e-01
8.889801232986141999e-01
5.110960316025425776e-01
8.303698591224601966e-01
7.467270173525393240e-01
7.762299801431555846e-01
1.958518551684299280e-01
9.666396853809908762e-01
1.729400444434188167e-01
7.461652004178573883e-01
9.644580479386766214e-01
9.781659141574268190e-01
3.971194896912968453e-01
3.956861205573828366e-01
3.776995310487379909e-01
3.881270893129251665e-01
6.281170617096134556e-01
9.148604570207909958e-01
9.305009660637559854e-01
9.691659397220885319e-01
7.648895362649736906e-01
6.996881853250673799e-01
8.184120582344132089e-01
9.345728486281121850e-01
8.642872835598810477e-01
9.148309791161459703e-01
8.087803161531808005e-01
4.073665432095321948e-01
1.363926526710344811e-01
8.546893738183165556e-01
8.461047939958020736e-01
9.236464437623514989e-01
9.481935079045391568e-01
7.423617936002395723e-01
5.418918647601083105e-01
9.330360634396523967e-01
6.170477059035603951e-01
9.535666458276227386e-01
7.252478541355330544e-01
7.271228318699450854e-01
9.408483650965800971e-01
8.257992125045650056e-01
9.663028229943397829e-01
7.073502372863056387e-01
8.073944589011992079e-01
9.423166400411226995e-01
9.009938711419657187e-01
3.815480557059934275e-01
9.517076751120665534e-01
1.913886383676531022e-01
9.364197529260666064e-01
6.514445696974324740e-01
9.878161757138631538e-01
3.450165638062813733e-01
3.804594573015586678e-01
3.578086554741810588e-01
6.227624619491082258e-01
4.170471807008057086e-01
3.712554246723983042e-01
4.354171677067610879e-01
6.980411551619176702e-01
6.508256234130606055e-01
6.939896365117049770e-01
