6.936843014171205635e-01
-3.132903057280524983e-01
7.269962817933155463e-01
6.798915304949948446e-01
6.582060295385011583e-01
7.144663937139190679e-01
7.165475107380119280e-01
6.513502732377260962e-01
4.449481459283596840e-01
7.545530631879999728e-01
6.345608893008970464e-01
9.411331146579493545e-01
6.158424709490002424e-01
-3.048213985553506755e-01
2.980753722432010200e-01
-2.340270913717500678e-01
6.497420189275548985e-01
-3.209471936002299963e-01
2.545425788904903674e-01
5.699719852888582849e-01
2.692812688411726496e-01
3.137322223704562818e-01
6.385363290448657914e-01
7.801090073158934990e-01
-2.460392214300040625e-01
5.859388060174561819e-01
-3.146295820036658641e-01
-3.331669137186806240e-01
6.121092330728198361e-01
6.523441272721819395e-01
-3.209471936002299408e-01
6.154719003949331579e-01
6.813085137760106491e-01
6.695193701633604944e-01
2.164467846969524989e-01
6.763096196222264656e-01
6.725944581304262870e-01
-3.209471936002299963e-01
-3.933318644811614195e-01
6.479998434078035885e-01
-2.521427628672729404e-01
-3.209471936002299963e-01
7.233626437080575844e-01
5.903070995341017646e-01
-2.549803113717782899e-02
5.607682004648049945e-02
9.599872442905147407e-01
-1.317801378380100419e-01
8.410306817577385408e-01
-3.209471936002299963e-01
3.679390682951709790e-01
7.646498561694314855e-01
7.786419420644707934e-01
5.419424382663948769e-01
6.817452016024492245e-01
5.204855115899500451e-01
7.109042449414350040e-01
-2.990984757525073645e-01
7.703765053596922652e-01
6.710793581946479236e-01
7.760412778786722754e-01
2.502200057721062354e-01
5.942739695860657090e-01
-3.169992962420941085e-01
7.883686963487145372e-01
8.656264282751304773e-01
1.643665121603473667e-01
8.160200580731791220e-01
8.668978992431639607e-01
2.812058197032794027e-01
-1.010084095636402529e-01
7.140615502090079669e-01
-3.125957595273717304e-01
3.707843439579346922e-01
6.997444100437931747e-01
7.597471357536285108e-01
6.557477242747747903e-01
-1.351890393620763520e-01
-2.678340353066577251e-01
9.653908980961517505e-01
-8.360271412665221114e-02
2.462741698881511787e-01
6.618916456209787968e-01
-3.192684618273246011e-01
7.218662792943451034e-01
5.783912695207265031e-01
4.271840599871347122e-01
8.287356825367926394e-01
1.589137656742725668e-01
-3.270854369895924707e-01
-4.046883718145917186e-01
7.348975496931521301e-01
7.269134977127578168e-01
9.561012346094390768e-01
-3.209471936002299408e-01
-9.392747805966064623e-02
2.870819090476532387e-01
5.469848041865853494e-01
9.493469578213747928e-01
-3.209471936002299408e-01
9.638369713440104736e-01
6.558050941142301582e-01
6.505214037204506417e-01
8.689109240844221649e-01
8.083529751048333933e-01
-3.209471936002299963e-01
-2.749842027144779322e-01
6.870397284013846084e-01
8.520467272105192169e-01
6.801041549114863471e-01
-2.934399589259629737e-01
2.153663980547879386e-01
6.468343680212234048e-01
6.674997599566463435e-01
-2.972727581757519943e-01
6.781557272040170670e-01
6.817651071631719573e-01
2.056226391075936799e-01
-3.092155294405570243e-01
8.612857606583605996e-01
-3.007398023343997862e-01
-2.571579995170116262e-01
9.598870827765252356e-01
-2.282720137857860154e-01
-2.160125720175661568e-01
3.686467030364547481e-01
7.476515914808665730e-01
6.819377738630910679e-01
-2.780880371769136050e-01
-3.188096842896102068e-01
8.518440152156228073e-01
-2.647451605392949769e-01
9.060950835136878379e-01
9.385031746938328201e-01
7.506580103735540632e-01
9.859394754961239848e-03
7.426816743317223857e-01
8.309145278178494687e-01
4.914483318196530837e-01
2.460714247989648495e-01
6.357146461222988876e-01
-3.209471936002299963e-01
3.312353650762707158e-01
-2.662550405127813158e-01
6.606830821856755076e-01
9.194881769481464406e-01
8.432240711554472856e-01
7.627717493741836829e-01
-3.073651634633212115e-01
-3.188096842896102623e-01
6.600638070473128227e-01
2.070156189098814603e-01
-1.216063195525453472e-01
9.206781926768453639e-01
6.474618033707226772e-01
4.684846000736863081e-01
9.514183316914146538e-01
8.186106507119694786e-01
3.206831232264789056e-01
-3.188096842896102068e-01
2.933659126602882194e-01
1.565612886813221027e-01
9.439604924631153082e-01
6.080028888072721571e-01
1.119464107931978786e-01
-3.209471936002299963e-01
8.154310352189488853e-01
-3.209471936002299408e-01
9.491972651752698109e-01
7.676876406694179700e-01
3.139458304445826853e-01
7.624337601779214157e-01
9.373580027758499078e-01
-3.209471936002299963e-01
6.155593905360384754e-01
2.405171143679343815e-01
6.354926874756403610e-01
-3.047064770335908834e-01
7.465698915287601878e-01
-1.417849158478526883e-01
9.441706085631160761e-01
7.848371522038890546e-01
9.638369713440104736e-01
7.159032654376461524e-01
8.921142292221951875e-01
5.829637223376682442e-01
7.209291134409598900e-01
7.888520202161617423e-01
7.052691931440627782e-01
-1.745246448762065306e-02
9.326444841042096368e-01
7.831526884743621464e-01
6.798553025811685524e-01
-3.188096842896102068e-01
5.868857938039576672e-01
9.387500211702664021e-01
6.771053845407036809e-01
8.189214811655902704e-01
2.963583242099303572e-01
2.471259901639323575e-01
6.589133624815787238e-01
9.248024789126965128e-01
-2.894517178601175855e-01
7.837593999494920638e-01
6.326647497869707371e-01
7.709170809298440119e-01
5.666947486163851355e-01
9.581373588745328851e-02
6.985150085215459104e-01
-3.166915022309413352e-01
7.989624544178463017e-01
7.017440641317583827e-01
6.162010768198823429e-01
9.610842346140183734e-01
-3.209471936002299408e-01
9.566106310324955508e-01
7.637367361186422343e-01
-3.234131762054051062e-01
6.577642517653258247e-01
5.754962758167395664e-01
-9.138728398092507699e-02
2.782732794942016641e-01
6.676990251021870382e-01
6.563726204311159940e-01
-3.148075523603214854e-01
9.265100393220773167e-01
6.206046418897029904e-01
6.424169077685981666e-01
6.253383394790932304e-01
8.173917870730574853e-01
8.402931379230766940e-01
6.598154458526079846e-01
7.468953297307996397e-01
7.116161827261735517e-01
2.187285629299233203e-01
9.154940325270362056e-01
8.361247011229833159e-01
-2.663805120510521207e-01
-4.588820881917597960e-01
7.396373635320042661e-01
2.415875781808125289e-01
7.764931735380955491e-01
5.429801450441977817e-01
1.846237970344196122e-01
5.324487216009577972e-01
2.885538561744943609e-01
9.638369713440104736e-01
-2.376637829590059758e-01
2.771092939724414395e-01
-3.209471936002299408e-01
7.176613135494201989e-01
-2.662672156232366305e-01
-3.209471936002299408e-01
7.246099159424495006e-01
5.762166800737220651e-01
8.332511613154259811e-01
6.686363054227553171e-01
7.144020623326672315e-01
5.120620491299470167e-01
8.520925935464538359e-01
7.893815698572259620e-01
6.295427337486475539e-01
8.706657568086818566e-01
3.305264478514464699e-01
-3.209471936002299408e-01
2.155234277515892527e-01
-4.490755715808690540e-02
7.450839011910408427e-01
6.831053892014158357e-01
6.616533871679550760e-01
9.638369713440104736e-01
8.182631210874345973e-01
6.604194142175208171e-01
7.514000792046875432e-01
7.516970721792810561e-01
9.450734321075420219e-01
9.638369713440104736e-01
6.027654743268258120e-01
6.371817063537297265e-01
-3.169523706213358549e-01
9.476542627055881685e-01
4.366228339005338022e-01
3.507717789801819142e-01
5.947118148110484004e-01
-3.209471936002299408e-01
-3.224039176941581042e-01
8.292041212417709806e-02
7.902784212460298718e-01
7.976535782819935694e-01
8.687370076458063028e-01
-3.183467602710033928e-01
-3.209471936002299408e-01
-3.209471936002299408e-01
7.286935523973298023e-01
-3.189691742736711633e-01
-3.209471936002299408e-01
-3.028634938172313218e-01
9.468633084388023979e-01
9.638369713440104736e-01
3.123230601608035784e-01
