-6.293342004149642399e-01
-6.293342004149642399e-01
-6.293342004149642399e-01
-6.293342004149637958e-01
-6.293342004149640179e-01
-6.293342004149642399e-01
-6.293342004149640179e-01
-6.293342004149642399e-01
-6.293342004149642399e-01
-6.293342004149640179e-01
-6.293342004149642399e-01
-6.293342004149640179e-01
-6.293342004149642399e-01
-6.293342004149640179e-01
-6.293342004149642399e-01
-6.293342004149642399e-01
-6.293342004149642399e-01
-6.293342004149642399e-01
-6.293342004149642399e-01
-6.293342004149642399e-01
-6.293342004149642399e-01
-6.293342004149639068e-01
-6.293342004149642399e-01
-6.293342004149642399e-01
-6.293342004149642399e-01
-6.293342004149641289e-01
-6.293342004149642399e-01
-6.293342004149642399e-01
-6.293342004149641289e-01
-6.293342004149641289e-01
-6.293342004149642399e-01
-6.293342004149642399e-01
-6.293342004149642399e-01
-6.293342004149640179e-01
-6.293342004149642399e-01
-6.293342004149640179e-01
-6.293342004149639068e-01
-6.293342004149642399e-01
-6.293342004149642399e-01
-6.293342004149640179e-01
-6.293342004149642399e-01
-6.293342004149640179e-01
-6.293342004149640179e-01
-6.293342004149642399e-01
-6.293342004149642399e-01
-6.293342004149640179e-01
-6.293342004149641289e-01
-6.293342004149637958e-01
-6.293342004149639068e-01
-6.293342004149640179e-01
-6.293342004149642399e-01
-6.293342004149640179e-01
-6.293342004149642399e-01
-6.293342004149642399e-01
-6.293342004149639068e-01
-6.293342004149642399e-01
-6.293342004149642399e-01
-6.293342004149642399e-01
-6.293342004149640179e-01
-6.293342004149640179e-01
-6.293342004149642399e-01
-6.293342004149642399e-01
-6.293342004149640179e-01
-6.293342004149640179e-01
-6.293342004149640179e-01
-6.293342004149642399e-01
-6.293342004149642399e-01
-6.293342004149642399e-01
-6.293342004149640179e-01
-6.293342004149642399e-01
-6.293342004149642399e-01
-6.293342004149642399e-01
-6.293342004149640179e-01
-6.293342004149640179e-01
-6.293342004149642399e-01
-6.293342004149642399e-01
-6.293342004149642399e-01
-6.293342004149642399e-01
-6.293342004149642399e-01
-6.293342004149642399e-01
-6.293342004149642399e-01
-6.293342004149642399e-01
-6.293342004149641289e-01
-6.293342004149640179e-01
-6.293342004149642399e-01
-6.293342004149641289e-01
-6.293342004149642399e-01
-6.293342004149640179e-01
-6.293342004149642399e-01
-6.293342004149642399e-01
-6.293342004149640179e-01
-6.293342004149639068e-01
-6.293342004149642399e-01
-6.293342004149642399e-01
-6.293342004149641289e-01
-6.293342004149639068e-01
-6.293342004149640179e-01
-6.293342004149640179e-01
-6.293342004149642399e-01
-6.293342004149642399e-01
-6.293342004149639068e-01
-6.293342004149642399e-01
-6.293342004149642399e-01
-6.293342004149642399e-01
-6.293342004149640179e-01
-6.293342004149642399e-01
-6.293342004149642399e-01
-6.293342004149642399e-01
-6.293342004149639068e-01
-6.293342004149643509e-01
-6.293342004149642399e-01
-6.293342004149642399e-01
-6.293342004149642399e-01
-6.293342004149641289e-01
-6.293342004149642399e-01
-6.293342004149642399e-01
-6.293342004149642399e-01
-6.293342004149642399e-01
-6.293342004149640179e-01
-6.293342004149642399e-01
-6.293342004149639068e-01
-6.293342004149639068e-01
-6.293342004149642399e-01
-6.293342004149642399e-01
-6.293342004149641289e-01
-6.293342004149642399e-01
-6.293342004149640179e-01
-6.293342004149642399e-01
-6.293342004149642399e-01
-6.293342004149640179e-01
-6.293342004149642399e-01
-6.293342004149642399e-01
-6.293342004149642399e-01
-6.293342004149642399e-01
-6.293342004149642399e-01
-6.293342004149640179e-01
-6.293342004149639068e-01
-6.293342004149642399e-01
-6.293342004149642399e-01
-6.293342004149640179e-01
-6.293342004149642399e-01
-6.293342004149642399e-01
-6.293342004149642399e-01
-6.293342004149640179e-01
-6.293342004149642399e-01
-6.293342004149642399e-01
-6.293342004149640179e-01
-6.293342004149642399e-01
-6.293342004149641289e-01
-6.293342004149637958e-01
-6.293342004149639068e-01
-6.293342004149642399e-01
-6.293342004149642399e-01
-6.293342004149642399e-01
-6.293342004149640179e-01
-6.293342004149640179e-01
-6.293342004149642399e-01
-6.293342004149642399e-01
-6.293342004149640179e-01
-6.293342004149642399e-01
-6.293342004149641289e-01
-6.293342004149642399e-01
-6.293342004149642399e-01
-6.293342004149642399e-01
-6.293342004149639068e-01
-6.293342004149642399e-01
-6.293342004149639068e-01
-6.293342004149640179e-01
-6.293342004149642399e-01
-6.293342004149642399e-01
-6.293342004149642399e-01
-6.293342004149642399e-01
-6.293342004149642399e-01
-6.293342004149641289e-01
-6.293342004149640179e-01
-6.293342004149641289e-01
-6.293342004149642399e-01
-6.293342004149640179e-01
-6.293342004149642399e-01
-6.293342004149640179e-01
-6.293342004149640179e-01
-6.293342004149642399e-01
-6.293342004149642399e-01
-6.293342004149641289e-01
-6.293342004149642399e-01
-6.293342004149642399e-01
-6.293342004149642399e-01
-6.293342004149642399e-01
-6.293342004149640179e-01
-6.293342004149640179e-01
-6.293342004149642399e-01
-6.293342004149640179e-01
-6.293342004149642399e-01
-6.293342004149642399e-01
-6.293342004149640179e-01
-6.293342004149641289e-01
-6.293342004149640179e-01
-6.293342004149642399e-01
-6.293342004149640179e-01
-6.293342004149642399e-01
-6.293342004149639068e-01
-6.293342004149642399e-01
-6.293342004149642399e-01
-6.293342004149639068e-01
-6.293342004149642399e-01
-6.293342004149640179e-01
-6.293342004149640179e-01
-6.293342004149642399e-01
-6.293342004149642399e-01
-6.293342004149642399e-01
-6.293342004149640179e-01
-6.293342004149640179e-01
-6.293342004149640179e-01
-6.293342004149642399e-01
-6.293342004149640179e-01
-6.293342004149642399e-01
-6.293342004149642399e-01
-6.293342004149640179e-01
-6.293342004149639068e-01
-6.293342004149642399e-01
-6.293342004149642399e-01
-6.293342004149642399e-01
-6.293342004149641289e-01
-6.293342004149642399e-01
-6.293342004149642399e-01
-6.293342004149641289e-01
-6.293342004149642399e-01
-6.293342004149642399e-01
-6.293342004149639068e-01
-6.293342004149642399e-01
-6.293342004149642399e-01
-6.293342004149642399e-01
-6.293342004149642399e-01
-6.293342004149642399e-01
-6.293342004149639068e-01
-6.293342004149640179e-01
-6.293342004149641289e-01
-6.293342004149641289e-01
-6.293342004149642399e-01
-6.293342004149642399e-01
-6.293342004149642399e-01
-6.293342004149642399e-01
-6.293342004149642399e-01
-6.293342004149639068e-01
-6.293342004149642399e-01
-6.293342004149642399e-01
-6.293342004149642399e-01
-6.293342004149641289e-01
-6.293342004149642399e-01
-6.293342004149642399e-01
-6.293342004149639068e-01
-6.293342004149642399e-01
-6.293342004149642399e-01
-6.293342004149639068e-01
-6.293342004149637958e-01
-6.293342004149641289e-01
-6.293342004149642399e-01
-6.293342004149642399e-01
-6.293342004149640179e-01
-6.293342004149640179e-01
-6.293342004149641289e-01
-6.293342004149640179e-01
-6.293342004149642399e-01
-6.293342004149641289e-01
-6.293342004149640179e-01
-6.293342004149641289e-01
-6.293342004149642399e-01
-6.293342004149642399e-01
-6.293342004149642399e-01
-6.293342004149640179e-01
-6.293342004149642399e-01
-6.293342004149642399e-01
-6.293342004149642399e-01
-6.293342004149642399e-01
-6.293342004149640179e-01
-6.293342004149640179e-01
-6.293342004149642399e-01
-6.293342004149639068e-01
-6.293342004149642399e-01
-6.293342004149639068e-01
-6.293342004149641289e-01
-6.293342004149642399e-01
-6.293342004149642399e-01
-6.293342004149639068e-01
-6.293342004149642399e-01
-6.293342004149640179e-01
-6.293342004149642399e-01
-6.293342004149640179e-01
-6.293342004149640179e-01
-6.293342004149642399e-01
-6.293342004149639068e-01
-6.293342004149640179e-01
-6.293342004149641289e-01
-6.293342004149642399e-01
-6.293342004149641289e-01
-6.293342004149642399e-01
-6.293342004149639068e-01
-6.293342004149642399e-01
-6.293342004149642399e-01
-6.293342004149642399e-01
