8.479487758674388864e-01
8.844228846029980051e-01
7.744094215665455749e-01
8.227480936441338155e-01
8.493409618959897323e-01
7.445193820823253761e-01
7.793372558124360694e-01
8.540745950691476240e-01
-2.598846497114079002e-01
7.569491609267389176e-01
7.840128728368165323e-01
6.726259935920578248e-02
4.145966417001877291e-01
8.844870913178795035e-01
7.173237506416418885e-01
-2.673631338526722412e-01
5.661834129802496562e-01
9.003608526106773313e-01
6.526181936567478914e-01
7.959200887242956490e-01
-2.806461626039028490e-01
7.659783731498097659e-01
8.414188148229129194e-01
8.158819297318367081e-01
8.879735928551771851e-01
-2.951714434130712217e-01
9.126879295114118662e-01
8.883704646302728047e-01
-2.745979192849924977e-01
5.023901542509634499e-01
8.538454094278110640e-01
7.856018688184516208e-01
5.457941626554259074e-01
7.834865970491353693e-01
7.173237506416418885e-01
6.956682038615955577e-01
8.224766872290276698e-01
8.508941769868405558e-01
-2.470302320354500203e-01
6.554162201679125666e-01
8.740798150226488650e-01
9.126879295114119772e-01
-2.667134868795855152e-01
6.293128826876562831e-01
-2.757526357718967924e-01
-2.574637501809141082e-01
5.485040281540760898e-02
-2.744786725488583823e-01
8.012608023068101826e-01
9.164866169486806102e-01
7.071575201986490811e-01
8.067811408715260812e-01
6.913583731324454695e-02
6.663104574260647617e-01
8.529154583114706423e-01
2.712540375758811795e-01
8.701014907810927790e-01
9.004643578550795002e-01
8.132366428263462232e-01
4.226750580032574423e-01
7.541766180141031839e-01
6.939674169108748236e-01
8.626918603123634455e-01
8.080968534067926035e-01
7.491238103726188813e-01
1.561800791812900380e-01
5.735982396495649116e-01
7.716592285255803318e-01
1.426889092659273384e-01
7.173237506416418885e-01
-3.278929783406220322e-01
8.305137910604852847e-01
8.866025386522717877e-01
6.027364200146811957e-01
-2.786042880908412567e-01
4.511289383149684751e-01
7.103553657138648170e-01
-2.846943308746935353e-01
8.971116151803550931e-01
1.593979323305530216e-01
-2.676686270018723279e-01
6.980749578829512636e-01
7.350167974861832043e-01
9.126879295114118662e-01
8.389553943217031851e-01
8.528377721921840404e-01
-2.757232044091949552e-01
8.006218495225587706e-01
6.294903658745185648e-01
9.126879295114119772e-01
-3.217905703474573387e-01
7.682171108005677596e-01
8.352952372497164379e-01
-6.347851686394404003e-02
9.126879295114118662e-01
-2.599186090214981038e-01
7.351899551515777009e-01
7.779102654680686291e-01
-1.105544450224243795e-02
9.126879295114118662e-01
-1.912862148648998908e-03
8.488232144689183967e-01
6.603286915330749962e-02
7.836747240463345920e-02
7.533200112327773645e-01
9.126879295114119772e-01
-2.744786725488583823e-01
3.144440735234252382e-01
5.425232018903194953e-02
7.030655000846588454e-01
-2.684911681856940180e-01
8.711829843329952361e-01
8.396164475973170171e-01
8.431286134558981793e-01
9.126879295114118662e-01
-2.708535741875127689e-01
7.781968574180982978e-01
6.882810499198317444e-01
-2.385467350400988507e-01
-1.241465545153237759e-02
9.126879295114119772e-01
9.126879295114119772e-01
-8.635520908476607138e-02
-2.609783023006897462e-01
-2.454462070306708821e-01
7.173237506416418885e-01
7.875144411334042971e-01
5.988274648624394292e-01
9.126879295114119772e-01
9.126879295114119772e-01
1.584602547298914477e-01
9.126879295114118662e-01
-2.744786725488583823e-01
-7.781915342030615301e-02
7.961254742418316654e-01
6.484957948152212381e-01
7.722581746042834761e-01
7.636292586896273882e-01
7.002433133070385951e-01
7.173237506416418885e-01
8.459909754105909840e-02
9.126879295114119772e-01
7.331340104709999084e-01
-2.832646977579275083e-01
6.608751311521514626e-01
1.254986248487237888e-01
6.951141532993615479e-02
5.684701967017855573e-01
9.126879295114119772e-01
9.126879295114119772e-01
8.463702963233081800e-01
8.277714300711643824e-01
-2.846943308746935908e-01
-8.506071860867311929e-03
8.280557433359433395e-01
6.227703457766013972e-01
6.283457704118206553e-03
5.854764106315435424e-01
6.641878963449991957e-01
9.126879295114118662e-01
7.173237506416418885e-01
-2.800224603485444996e-01
-6.347851686394404003e-02
8.817615912537745126e-01
-2.658351592003718178e-01
9.126879295114119772e-01
7.144611253900299275e-01
9.126879295114118662e-01
-5.042112362390396840e-02
8.182509406311819777e-01
7.173237506416418885e-01
7.422792317008981566e-01
3.221521857066853879e-03
9.126879295114119772e-01
7.812379900635177954e-01
8.186851044291025836e-01
8.169121432824925089e-01
9.126879295114119772e-01
8.049012379960731600e-01
-3.046438884766667354e-01
9.063741716952219973e-02
3.874781361493225273e-01
-1.325271304587538786e-02
8.135780144318565110e-01
-4.403413004523417523e-02
8.924394212627411171e-01
1.588745363270040456e-01
5.203636185212306975e-02
4.294727565305128114e-01
-2.769676949322807946e-01
-6.347851686394404003e-02
8.068477407485037389e-01
8.411561612272213662e-01
9.126879295114119772e-01
8.778186279562387728e-01
7.593874571734493539e-03
8.565383149362589821e-01
7.825869987491400614e-01
7.041523885087177526e-01
-3.276817923830062096e-01
8.460396205902014355e-01
-6.347851686394404003e-02
9.126879295114118662e-01
7.584611163918754118e-01
8.550658132091428776e-01
7.719672439512145212e-01
-3.004557084037269288e-01
7.285403803280082746e-01
8.031048332680300605e-01
9.126879295114119772e-01
7.374723287598186072e-01
8.414044085248544302e-01
5.255335972491927965e-01
9.756947196388889715e-03
9.126879295114118662e-01
1.543946814111786525e-01
8.442326782219642389e-01
-2.967592132455083576e-01
7.700659341039507444e-01
7.775694463823605851e-01
9.126879295114119772e-01
-2.744786725488584933e-01
8.446389975464057009e-01
7.564254710649709335e-01
9.126879295114119772e-01
-6.347851686394404003e-02
8.101703751673812182e-01
7.958302363968214888e-01
8.554395856476985083e-01
4.423304304359715333e-02
-2.710120702565517181e-01
7.687421708882852256e-01
8.251936676046408570e-01
8.012129246712460517e-01
6.526882680080137167e-01
4.757602374915975707e-02
8.028995054831151723e-01
-2.762159042125243991e-01
-2.674768790078988490e-01
5.496542501196097774e-01
7.173237506416418885e-01
3.526565810203795559e-01
7.047434162586396766e-01
7.173237506416418885e-01
8.236780738700237858e-01
-2.982210373903002587e-01
-6.347851686394404003e-02
-2.726542886572863589e-01
7.173237506416418885e-01
9.126879295114119772e-01
1.922748757395495167e-01
9.126879295114118662e-01
9.126879295114119772e-01
2.594635659513214732e-01
-2.937472905932397849e-01
8.147608303558884213e-01
7.754069847351452438e-01
3.105926207610471002e-01
8.426578822563430826e-01
8.349569313528482084e-01
8.353349690199470823e-01
8.107222817027421868e-01
8.657949633642173515e-01
5.803981415600867333e-01
9.126879295114119772e-01
-2.521522425914298760e-01
-2.744786725488583823e-01
-2.557871952618170353e-01
8.438718617288886170e-01
6.501453918822701628e-01
6.593410868111411471e-02
4.440274924420173353e-02
8.462088320316266676e-01
-2.752815782039627068e-01
8.227388572591982641e-01
1.104704754764468944e-01
-6.347851686394404003e-02
8.480132122189966148e-01
6.325303403387525503e-01
-2.712379374714687374e-01
3.910474097423562168e-02
7.173237506416418885e-01
7.173237506416418885e-01
7.945392968330549088e-01
9.126879295114119772e-01
-2.676814821032356129e-01
-2.553922785756038705e-01
7.687556060129245861e-01
5.930958470718230569e-01
2.896780047584829321e-01
9.126879295114118662e-01
9.126879295114118662e-01
9.126879295114119772e-01
2.718194635037792795e-01
9.126879295114118662e-01
9.126879295114118662e-01
9.126879295114119772e-01
-7.418758892934747273e-02
-6.347851686394404003e-02
7.173237506416418885e-01
