9.479527295554186495e-01
9.489552782114185625e-01
9.438904747659022654e-01
9.175194344226990095e-01
8.978881421894686632e-01
9.254957888996564463e-01
9.301521169700344149e-01
9.511650321960805066e-01
9.492225983041637782e-01
9.616193498246261573e-01
9.695301971122716189e-01
9.637046358673360125e-01
9.495600963907554481e-01
9.071215510308088259e-01
7.762124986073615229e-01
9.373971035383583672e-01
9.592964442510092393e-01
9.545139058960978584e-01
9.783835455196778774e-01
9.276072244256252652e-01
9.350455730503945961e-01
9.662864443254994828e-01
9.228940542753952814e-01
9.482478956939606185e-01
9.512994989719194550e-01
7.660880182182390197e-01
9.330329622701996062e-01
8.865607745741153067e-01
8.952243992216317725e-01
8.181173066529409121e-01
9.352719857417237659e-01
9.000776220181259113e-01
8.618579730608796341e-01
8.850457149009169910e-01
9.281414893457076154e-01
8.938456388415279008e-01
9.365025783693690098e-01
9.518061772552487421e-01
9.602996287670517717e-01
8.827265151781340524e-01
9.125926437356359777e-01
9.392382720533485330e-01
9.664138966041488921e-01
9.331697881170186726e-01
9.010452427086141913e-01
9.694732402188757092e-01
9.300747842162837564e-01
8.992491373935316279e-01
9.678147560522776249e-01
9.488116147884235740e-01
9.301477938254054667e-01
9.523928675282755663e-01
8.794340068843236047e-01
8.742853829070060812e-01
9.667366314523474502e-01
9.678667390154638284e-01
9.145194433267218592e-01
9.507329696327206925e-01
9.320896333090986641e-01
8.458745761069872415e-01
9.156872904641829569e-01
9.614875572157453032e-01
8.644537298089177701e-01
9.322178740955910925e-01
9.552330752007139880e-01
9.663683670619904742e-01
8.643170951049092832e-01
8.477312255956981346e-01
9.691048506379804639e-01
8.471622483021075123e-01
9.614852335953538720e-01
9.338968892166135127e-01
9.038834206276920025e-01
9.601318391838673527e-01
9.511778770865223498e-01
8.670916198335757441e-01
9.442861581216385192e-01
9.710432741490775399e-01
9.453329986287190012e-01
9.264851957268196436e-01
8.514969918689004880e-01
9.448609496682416342e-01
9.091448791589160638e-01
8.709649523026519180e-01
9.365448284042703353e-01
7.845377305470211393e-01
8.812416912527125668e-01
9.660356387776183329e-01
7.220340927259405461e-01
8.659827454974009520e-01
9.362903716621377992e-01
9.434888272805288523e-01
8.950541714680826377e-01
9.247355660348999251e-01
9.266400304748344530e-01
9.752386039828269126e-01
9.614374688111033684e-01
9.683620338853702325e-01
8.120818396383038262e-01
9.636486155966368372e-01
9.012078870906028438e-01
9.576442444912126595e-01
8.427566622117972361e-01
8.379762252575686521e-01
9.316143510866812250e-01
8.902008202331543885e-01
7.837441096004084118e-01
9.290032524721270057e-01
9.365859424858991034e-01
9.641837541016944346e-01
9.683855500651155079e-01
9.584458075123195586e-01
9.149460649379410615e-01
9.434842548642203841e-01
9.363350839530917291e-01
9.163001957449092849e-01
9.374009786954856649e-01
9.686736368193755720e-01
8.861314482750830557e-01
9.505006250571403914e-01
9.462008126222012372e-01
8.441726918607399544e-01
9.530917674683450080e-01
9.678600207245002807e-01
9.150676555808487933e-01
9.644998467075801551e-01
9.104043715732442754e-01
8.359255594775727438e-01
9.720007561011398955e-01
9.598844641610541073e-01
9.372676867516551713e-01
8.724982506340359656e-01
9.209765269206646732e-01
8.676399336297471176e-01
9.438950367752556581e-01
9.560649962315093120e-01
9.450196979011953324e-01
9.443079151603240851e-01
9.346453901312323786e-01
9.600381937530668708e-01
8.355535254549943947e-01
9.610847331187446496e-01
9.468023453960558999e-01
9.431603986172313325e-01
9.624526347083077749e-01
9.660928496201498517e-01
9.485227752430753778e-01
9.114552842092529250e-01
8.871680114321779387e-01
8.957810327508901604e-01
9.634596780621320633e-01
9.427977829427145462e-01
9.486696027803750431e-01
9.569141589062954978e-01
9.046592766252282702e-01
9.701087452923509158e-01
9.467846413873471922e-01
9.444489814279455331e-01
9.610887834037395994e-01
8.461671207122871685e-01
9.687013019820434057e-01
9.640399851845811163e-01
9.056990412167886806e-01
9.231823629956739108e-01
9.336563865179678956e-01
9.753300320400033474e-01
9.642045148509628127e-01
9.267411868931412222e-01
9.329036331578419716e-01
9.442641484880955893e-01
9.584429580050073394e-01
9.606747577061911514e-01
9.432281005338534197e-01
9.395103076369819561e-01
9.481274318252287392e-01
9.409997395875867587e-01
8.843479449821488592e-01
9.024286054332756324e-01
9.334973292997379435e-01
9.713678023085678959e-01
9.486014133506748269e-01
8.924201202304293812e-01
9.686810528952674026e-01
9.631320319879455027e-01
9.516539569256488029e-01
9.311183561629305938e-01
9.467474756334186559e-01
8.584397949038506948e-01
9.767430461073302039e-01
9.548205917187806424e-01
8.684219502321706141e-01
9.691680190798023231e-01
9.135963919286060886e-01
9.224059897762965088e-01
9.239331186690392661e-01
9.578278727781682766e-01
8.941046678516457735e-01
9.541064264010719054e-01
9.124053834657789297e-01
9.614386897115718700e-01
9.263746444726321805e-01
9.678597488954612249e-01
9.607168944498791774e-01
9.375794304998859019e-01
8.663403987049104193e-01
9.245438742065238413e-01
9.693087853398349996e-01
9.122524723489832121e-01
9.165419729416226513e-01
9.281883117273210804e-01
8.803929348074225336e-01
9.310784987509963528e-01
8.688042076995674545e-01
9.427135003000530755e-01
9.087698305853029179e-01
9.698977735645726295e-01
9.137389959777191262e-01
8.797671268801505740e-01
9.621052844160913331e-01
8.806760595964127081e-01
8.172958423518641435e-01
9.434997725995302176e-01
9.271670107660301419e-01
9.022954566422974887e-01
9.219232145498708064e-01
9.615294071370216189e-01
8.591656542325216694e-01
9.413149475446975778e-01
8.785911038532272510e-01
9.393913996093322671e-01
9.545966660820368599e-01
9.467132178796227038e-01
9.497030630414414754e-01
9.448590959525730026e-01
9.640305059117408870e-01
9.600726969388506671e-01
9.358681378976902998e-01
9.219023601735553131e-01
9.621349511592323100e-01
9.616427677972041455e-01
8.876064027665055978e-01
8.065669688211773991e-01
8.393334160870399296e-01
8.365946421842265224e-01
9.714517290043516162e-01
9.673716165134533806e-01
7.621572129984144350e-01
9.540902496754908313e-01
9.367133560380268564e-01
9.387644639008652092e-01
9.398445350296862344e-01
9.390141942917450413e-01
8.752086877575387946e-01
9.399017144417974867e-01
9.673597723657612057e-01
9.040224610012875806e-01
9.401065352311035461e-01
9.552635461956842100e-01
9.425728541273417083e-01
9.292745864250364640e-01
8.990345695188486363e-01
9.302989123315590358e-01
9.518600817308284778e-01
9.616595842404328520e-01
9.396487364156453914e-01
9.436324937075821762e-01
9.677226887435188551e-01
9.334307963345773729e-01
9.661573053957268620e-01
9.444972576803548625e-01
9.670805389355200399e-01
9.434008746285588165e-01
9.700628481524135038e-01
9.089878966882498634e-01
9.275848748434288860e-01
9.470527050590280549e-01
9.164245738892660142e-01
8.562959335467523747e-01
8.613016882000706920e-01
9.536067484285841722e-01
9.665873387872729872e-01
8.896339721616421947e-01
8.943385397084230304e-01
9.163856043639855287e-01
9.550050755167607264e-01
9.070710408159368132e-01
8.110342306213674801e-01
9.061789768119984378e-01
9.135216685690259464e-01
8.891670533892658268e-01
8.898362035092969302e-01
9.727110226132551496e-01
8.304223714727883010e-01
9.659364611412721846e-01
9.459300075374755812e-01
9.348755073143855121e-01
9.474432552420617437e-01
8.556198829571382003e-01
9.552837599501324828e-01
9.644390972124199379e-01
