7.395501741487973124e-01
8.172455343293133501e-01
-2.070089472269783792e-01
-3.770262011674423430e-01
9.694776849058867052e-02
8.633506261664949388e-01
-2.900130675431814575e-01
7.013715921566732181e-01
-4.124743623389151570e-01
9.191106747292061563e-01
7.065318033064178493e-01
-1.723146904204726215e-01
-2.859252285450243347e-01
9.007244955841972045e-01
7.970192477124835584e-01
2.147538418961111306e-01
8.839191155464422023e-01
-2.788449893365093635e-01
-2.026873770794661023e-01
-4.283456960936946611e-01
7.345336750863629138e-01
9.194831982351641120e-01
8.812240834030644621e-01
8.760467839218555319e-01
-4.341723394741878184e-02
-4.321770219609987196e-01
1.980386197836042084e-01
8.625284054491365593e-01
2.445209056870471243e-01
-2.956864331872291474e-01
-4.424480881078733940e-01
7.294388463350102159e-01
2.236483059100274062e-01
-4.609758295012217899e-01
-3.231250507979714914e-01
7.453983381251672036e-01
-4.427717865033055089e-01
8.661047200010156821e-01
7.216980524343457049e-01
9.177638658810998162e-01
-3.977672324870777654e-02
1.461617185586608636e-01
1.266571297969374121e-01
-4.759042905444420268e-02
8.874640231740295038e-01
7.852289456940133583e-01
9.122004618504699902e-01
-2.326289247877459110e-01
9.335377269007286705e-01
7.772922061836766705e-01
-1.524636844373596367e-01
-3.447063525608555223e-01
8.137908726069876808e-01
6.982069876056099522e-01
-9.380190012801900568e-02
-1.310675892961975786e-01
-9.474268273601697821e-02
-2.448598649919958570e-02
8.914920725129465984e-01
2.192347403382949866e-01
2.671055473335393060e-01
-3.560110284302018813e-01
-4.121742585848128804e-01
-4.990386999098746501e-01
-2.315092824960956475e-01
9.189239342040995684e-01
6.989316793330163646e-01
-4.062467323852611556e-01
7.989922674585892004e-01
7.771723455834650407e-01
-3.727044086232264575e-02
-3.151651355990182646e-01
7.765841194246307921e-01
6.507368294689501731e-01
8.893249015124242707e-01
-3.637623660834389261e-01
6.928610662062041348e-01
-3.330519628757196426e-01
8.985519207603012148e-01
8.499278910321997893e-01
-1.534215874705684990e-01
1.914380520295872468e-01
-2.138101390672340896e-02
-3.726426457646748180e-01
-4.022002669156443111e-01
-1.887052178518193735e-01
2.022983458462356832e-01
1.360646420668383538e-01
-1.311834756245210953e-01
7.855502502771813944e-01
-4.414038211871106343e-01
-2.591612490271128499e-01
-4.694938095492997565e-01
2.619824980601430098e-01
-1.686089944392914486e-01
8.734824057691963350e-01
8.916027856401246288e-01
7.918799383194463637e-01
2.188063756052633924e-01
-2.563910712592776808e-01
-3.174792605183169858e-01
8.868690847002297373e-01
-4.595195044606266155e-01
9.187943055238294576e-01
9.049135473664162710e-01
-4.431047095259319502e-01
-3.725628688965480495e-01
-1.764044137237189003e-01
-3.412401705425806009e-01
-3.278679167150908569e-01
3.444091467617187152e-02
-2.740403986084111176e-01
7.513688388583632527e-01
8.953805557938541160e-01
9.175898870772400961e-01
9.240490472112764531e-01
-4.500908040775239427e-01
1.273522896243998725e-01
-1.069636987137793926e-01
-6.723571157852714641e-02
9.364040056197793227e-01
9.334569263221423885e-01
-9.042798302672483413e-02
-1.883226987484664938e-01
-3.190815251281639009e-01
7.780483800261384086e-01
8.580899321950268277e-01
9.364014198151267010e-01
-3.132162774394286475e-01
-3.544491796688554741e-01
9.089921972861729760e-01
-4.066681873607549402e-01
-3.814407548509936019e-01
7.862473076620271062e-01
2.351998250778049304e-01
7.598661891201999863e-01
-3.522118137002342997e-01
9.277889344693602824e-01
8.129990103154990377e-01
-1.611181109813695500e-01
-4.047723639259123707e-01
7.664320360399695664e-01
-2.459606957150770323e-01
1.481612312512065044e-02
-2.874655267351950982e-01
-3.996078195466126748e-01
7.708586603084803812e-01
-3.692340921775865148e-01
7.704450394577921912e-01
3.540874638429111765e-02
-1.562737197160106728e-01
9.007600563382157643e-01
7.244296446029849790e-01
7.879721688805472191e-01
-2.071881146239816507e-01
8.944841231025929540e-01
9.257277671127598362e-01
6.304052273684842556e-01
-1.948244709454124146e-01
9.269752782441965655e-01
2.091335862091829589e-01
-2.760337691414349592e-01
-3.061580693875479708e-01
-3.032112897819330133e-01
-2.983055777073357340e-01
-9.681028631299756770e-02
9.131948925279361751e-01
8.387099841906856534e-01
-3.296909933667522830e-01
1.499090512876140036e-01
6.997338998757901551e-01
9.188698778034574133e-01
1.854108384491973960e-01
8.927750752222802788e-01
9.275851966919071989e-01
9.169430011347051712e-01
8.657074711487235952e-01
-1.263744008905557867e-02
-4.035434279296434834e-01
-2.583747349211804600e-01
1.439813460941499479e-01
-2.573438815943087099e-01
-1.559520396864571279e-01
9.065891908460891324e-01
3.241009523536274584e-01
-3.807736901965295129e-01
-1.965700124598351584e-01
9.133598763225373451e-01
7.947354764602058141e-01
-3.873064425418445422e-01
7.174485271565578248e-02
7.769047896518890273e-01
1.870451431374284268e-01
7.161245760962309248e-01
7.751276175424179904e-01
9.274586957607036108e-01
-2.925640127529512968e-01
-3.792407806109304169e-01
-3.836262445523705988e-01
-3.209132205387220105e-01
7.179413792142675943e-01
9.056107254551130081e-01
7.944129222849677374e-01
-3.718947556595033621e-01
8.059817222200675868e-01
3.091739277358361224e-02
-1.468796683341886400e-01
6.545580667914110418e-01
2.443031036148316515e-01
-3.604944649734335149e-01
-3.230338459220660763e-01
6.657576927987842730e-01
3.175280239108916325e-01
8.997301489094207128e-01
-2.932588837485920752e-03
-2.749967777140606140e-01
-1.467131096612279140e-01
-4.123429460351620279e-01
-3.366107722338063102e-01
7.735309049376143387e-01
9.006214726104363466e-01
7.374001255713517056e-01
-1.765365812510334143e-01
9.008488778464077695e-01
9.245682335801040930e-01
-1.783206232959474169e-01
6.541309957258268915e-01
-3.661475357222580829e-02
-1.320301399046308610e-01
2.342301472133760942e-01
-3.224380255466794964e-01
9.242699969273231453e-01
1.471973470561791300e-02
-2.837452075185193934e-01
5.013579483279599625e-02
-7.679916354883888074e-03
-5.438278822875348972e-02
7.389257459052069876e-01
9.214125914490290947e-01
1.240391815399999320e-01
7.334667689506135790e-01
-2.663573287526784794e-01
8.095732390632278674e-01
9.241823425071290510e-01
3.366177116472100078e-02
7.755172694932190025e-02
7.008811673498431816e-01
-2.089792338020165507e-01
-1.680373181121424253e-01
7.371793635858924221e-01
8.961029329986043290e-01
-2.161599243893800315e-01
-4.144941914232261881e-01
7.922086956476341868e-01
7.552638882971232093e-01
-4.496171137493353287e-01
-2.935996855716872522e-01
1.893810815198413988e-01
7.909844849416345358e-01
7.505739038534122720e-01
-1.273816370946334597e-01
-3.973019326284211727e-01
7.365686101550305009e-01
1.394863102699528401e-01
1.889293629970196509e-01
7.742834463398486911e-01
-2.086170156498682315e-01
-6.414744920087303570e-02
6.744395768069244568e-01
7.141105720450918737e-01
2.466867560637274470e-01
-2.969666469149176979e-01
8.940054859550157218e-01
4.056255980329228489e-02
7.172341647713561530e-01
9.228774011407747668e-01
8.999696694057297552e-01
-6.451685885262298248e-02
8.275865958421161350e-01
8.486934268792056812e-01
9.004156286562799982e-01
9.196789560125671059e-01
2.127099438126500985e-01
9.241236322467291653e-02
-3.510147193208034699e-01
-7.680465849682524548e-02
8.927454161576851011e-01
9.103774173574363804e-01
7.194789306810780438e-01
-8.578184222076182253e-02
-1.022185002658328734e-01
-1.703504193811672673e-01
-1.017947346101305273e-01
9.106635644762445247e-01
-2.845385491766562192e-01
5.814037355554928926e-02
6.929853324470234277e-01
7.813578471316547924e-01
7.565282301617601846e-01
1.189189870689553036e-01
