8.960582117004219915e-01
-1.548528395459120299e-01
-3.597671416392512200e-01
8.968683562448909186e-01
-3.733511513797799219e-01
8.465546201886199329e-01
7.568465233214758392e-01
1.476387388502654711e-02
8.972496663182902843e-01
2.740609974952420425e-01
-1.360540868076599158e-02
-4.120699851888467991e-01
7.305752530945277545e-01
-8.221198003456900438e-02
-3.556190612886723224e-01
-4.359323282431364355e-01
-7.172815561467010825e-03
2.021894840854706332e-01
-2.601307752558212338e-01
-2.070224383554742920e-01
8.915064545867357193e-01
1.813525158001966925e-02
-3.081413199263729474e-01
2.354202173896114136e-01
8.854874528474510065e-01
-3.814987428726396290e-01
-2.772712622311932634e-02
9.179447041449972922e-01
-1.759558404213429905e-01
8.645152739681636334e-01
6.854801068548381782e-01
2.070658814601136488e-01
-3.071264677853528524e-01
7.522482649824090428e-01
7.325517932234245633e-01
7.299231454925094731e-01
7.812619342843893921e-01
7.990614841689848147e-01
-3.596949667473220424e-01
-1.625961250239328637e-01
1.971978466528052643e-01
7.731073688286540513e-01
9.229387628533269883e-01
8.349315374400031464e-01
-4.127054904210324393e-01
7.764796722761398984e-01
8.177717496174882195e-01
2.477864707933491173e-01
7.015401200359407952e-01
-3.269028606824488370e-01
-3.940924529491234285e-01
-2.102227248190374070e-02
7.389700827523117965e-01
2.147971599850309887e-01
-3.983193268729702807e-01
-2.074102235562208796e-01
8.244087131708602856e-01
9.282872188681097203e-01
8.893673607810084203e-01
7.670314576722981892e-01
-7.055420958298339040e-02
-3.529029737723540783e-01
7.940764647238317542e-01
-3.607652774511800331e-01
-6.918332553779389660e-03
9.316000287959628201e-01
7.214989428535025784e-01
8.231175970367029526e-01
9.113337194143099618e-01
-3.525982098444701007e-01
7.032693390578497183e-01
-4.803451621505062247e-02
6.583066679165641144e-01
3.162407312210793187e-01
7.139396120090153453e-01
-3.548696009249326377e-01
-2.170817225223012625e-01
8.924288865775263646e-02
9.210566586404249634e-01
2.221747811008222273e-01
6.902335057742179369e-01
-2.475287268487443293e-01
-3.423802799934506647e-01
9.082097915739150151e-01
1.238747562449651618e-01
9.223761551397874348e-01
-3.760522992105396201e-01
7.936632030504494617e-01
9.206742910898573218e-01
2.786774072268122238e-01
1.988424399633931527e-01
8.217371160761991478e-01
-1.892396851651292067e-01
6.809153771814218103e-01
-7.883587190181524929e-02
1.985573228249988553e-01
7.383777150580038418e-02
9.268800863818185132e-01
-9.481056659250902685e-02
9.193462685359827802e-01
8.976808628962085201e-01
-3.130472918325791776e-01
9.223423621863404698e-01
9.197009987072374271e-01
1.212181094765825001e-01
-1.650864614077150044e-02
-2.643199956596847811e-01
-3.207056430002394598e-01
-4.098208819111762713e-01
-8.314750285806279950e-02
-4.153229484203181388e-01
8.961911865359523111e-01
-3.984593415516243797e-01
8.577163178276263622e-01
9.088317567293709986e-01
9.186847682073454591e-01
8.796308342561957039e-01
7.802173598147868483e-02
-3.227211861589666109e-01
9.297974031726502497e-01
6.782017241283979647e-01
2.643817626263671172e-02
7.723684929692749002e-01
-6.800086208724347159e-02
7.847905139160678001e-01
7.358450666503746351e-01
7.456488645371504020e-01
-3.757405331989010500e-01
-2.880382075508682305e-01
-3.900702653672182274e-01
8.472733264714811252e-01
8.675885416364127467e-01
9.282494306648106930e-01
1.566198868330040683e-01
8.659497362560661937e-01
-3.547673353050436740e-01
8.751048530302001360e-01
7.730847803713054578e-01
-2.102826427145438881e-01
-4.044688132767035316e-01
7.693194243734948756e-01
1.819244646104997976e-01
-2.568357257144686101e-01
-3.094759750102855089e-01
2.606844414713165858e-01
-2.884535192764490774e-01
9.470258313539478001e-01
1.247866869076079271e-01
-3.744859750386921315e-01
1.201766265968405162e-01
9.087281681431406133e-01
-3.750932294329386574e-01
-4.525496084425402743e-01
7.577881187602286683e-01
9.243317716083211399e-01
-3.581579834461496858e-01
-1.084203563075914062e-01
7.343988219823031072e-01
-3.434389067940960549e-01
-5.459176364223383704e-02
8.763114401848884905e-01
-2.049697959153600757e-01
9.276857986886515306e-01
7.382824164279081502e-01
1.054227822212295829e-01
9.199341103821161436e-01
-2.300775589077648231e-01
7.138857051460140157e-01
1.421848046892453254e-01
8.102884616882823909e-01
-3.861809454856274249e-01
9.403730197813168212e-01
7.887032050466197264e-01
-1.816446448964055826e-01
8.463294615468628379e-01
2.477507136686972478e-01
-4.197798375115596725e-01
-1.072921995025974962e-01
2.372046331081146819e-01
3.248247829328848035e-01
9.272329871655383693e-01
9.279973700348658205e-01
9.034093963786253845e-01
-3.325645219518176821e-01
9.163946805254097328e-01
9.165414558445682536e-01
-2.626895542063087396e-01
-2.121430605020068610e-02
8.921111342710353886e-01
8.256768476134305201e-01
-3.388721355080415165e-02
8.942780570556421171e-01
9.133506740832594284e-01
7.621228991229170857e-01
9.088816363600573656e-01
8.137925292852454806e-01
1.080817177216693292e-01
6.871275659084949972e-01
8.137290307351651153e-01
2.435930075173171894e-01
7.612565290944057761e-01
-2.896669162710375778e-01
7.606986491189052790e-01
1.360218476056334613e-01
8.058344488706383757e-01
-2.885980696393172784e-01
-3.412788150879255689e-01
6.576454931698472173e-01
-1.563997036451865719e-01
9.107786728535514076e-01
9.266311765816409585e-01
8.772708926200641910e-01
1.967738375742874024e-01
8.007788470189857177e-01
-4.394063872888798739e-01
-3.255002537831224174e-01
4.872756380427885337e-02
9.067964545285024380e-01
9.200882340242124702e-01
9.213615448829155508e-01
2.643507192593250871e-02
-3.899050235144778109e-01
-7.320596929431710809e-02
-2.454724202799112576e-01
-5.365054858133335575e-02
8.644163159914697303e-01
9.070092998496397385e-01
8.134881729420163632e-01
-4.142776167830692358e-01
8.846762420709660679e-01
-3.799053666636794668e-01
7.430569358586133211e-01
9.090148243103545189e-01
9.343070278130217732e-01
9.094860571781975267e-01
1.406185657845317460e-01
2.013174690635735620e-01
3.633226821239671223e-02
2.387948905003535460e-02
-3.649329772106715275e-01
8.815320410205638169e-01
-3.785035372409018550e-01
9.098387929039591926e-01
-1.944522855358414570e-01
-3.904661382441759754e-01
-1.055855040814585033e-01
9.296255712282266437e-01
-2.845568130316352695e-01
1.699262486451235676e-01
-3.740116846828818176e-01
7.180919474482180265e-01
9.295929005738253759e-01
7.129434793500217804e-01
-2.280865934804486572e-01
7.839552712658653943e-01
-2.729682415573647658e-01
9.112091926484578996e-01
6.986988216226260873e-01
-3.194752689064821183e-03
-1.957107508214628866e-01
-2.479476715849111557e-01
-3.017494397105042747e-01
-3.263858081541231027e-01
-4.817571332766065750e-01
-2.522998641968167699e-01
-4.096647104436884623e-01
1.801418263537288844e-01
8.991425109239656877e-01
9.347948622644030037e-01
8.601095162239590364e-01
-3.255126130723394740e-01
1.036192949732190755e-01
7.352753924713847367e-01
-2.079370837605786781e-01
6.865505877029981496e-01
5.106898845540498721e-02
7.578438520694994462e-01
6.709862971554292344e-01
1.467982786587317956e-01
3.180578148410636019e-01
8.822954395261378702e-01
-3.805358296391719297e-01
9.309827339896546983e-01
7.550329145766542238e-01
2.378299166650539587e-01
1.979163145114165023e-01
9.288152901068047473e-01
7.297910960208621178e-01
7.106363998994329467e-01
1.624399644618570726e-01
-7.266206365542479673e-02
2.354583380742735765e-01
8.879693627009911383e-01
-2.747326203329967798e-01
7.833841143391701012e-01
-1.843052396259081405e-01
8.673389067672744313e-01
8.476567643170617172e-01
-2.969653761203315812e-01
-1.429368617476765302e-01
