8.606152505696585964e-01
7.227913637153401405e-01
-9.317762125920964200e-02
7.816413418598687768e-01
7.242571156561185275e-02
-3.205614535982713453e-02
7.461233733200474116e-01
9.030612822783804505e-01
-2.457711174633084583e-01
7.834928031638878076e-01
7.735218323799046836e-01
8.276617575746821887e-01
-3.457486452580256220e-01
2.210285920981049784e-02
1.360751584585017104e-01
-3.686269919035718434e-01
-2.860541097781184039e-01
2.267930879009621425e-01
-3.751255428981321582e-01
7.059843598651158736e-01
8.944474136616485938e-01
-2.066085606236105210e-01
-2.282633565951449062e-01
7.371290740289843102e-01
9.088646453199926700e-01
2.111772207082326588e-02
-3.616004759938036273e-01
8.374226500424628572e-01
2.123516060323732413e-02
-1.598242520707493508e-01
-3.899545943973616868e-01
2.964875617345020808e-01
9.247392676257494282e-01
9.224769185445574893e-01
8.239796272389997567e-01
8.626976811997077998e-01
8.726250677132790790e-01
9.136090719953640082e-01
-2.579461721266003704e-01
-7.323028399201514382e-04
-2.361208463664787871e-01
7.137355708546480049e-01
8.607852463620871974e-01
2.806368672414391585e-02
-3.527426446173399788e-02
2.196125023567929713e-01
-8.601860337647419807e-02
9.246703240221995079e-01
-1.156696111602229238e-01
-1.277779820088070784e-02
8.129250639366507603e-01
8.829154823577562983e-01
-2.711874405111078246e-01
-3.104537557605946407e-01
8.550769265732581781e-01
9.232680409841301783e-01
7.343169077544660084e-01
1.362139319789321401e-01
8.185400800091482409e-01
8.629287218224641620e-01
9.131840844582674865e-01
1.842572866422046984e-01
-1.469331053638233686e-01
7.144101111403787785e-01
-4.045672160064378020e-01
-3.330656378171710785e-01
8.114209169899178065e-02
2.231764161243986189e-01
9.037462586039364254e-01
-2.012513506930815321e-01
2.152075864689096396e-01
-3.881461941684174466e-01
-4.323361520426558524e-01
-3.123405679927755418e-01
7.600554589323156307e-01
-3.578631009973906041e-01
-2.722041747253164390e-01
9.302572372743959095e-01
7.790199476674970480e-01
6.678758321832590772e-01
1.727472193625723684e-01
-4.021164921198791542e-01
9.290873143541898971e-01
9.297113384854065465e-01
-3.537182947669263999e-01
6.612826196131350587e-01
8.634236807599903196e-01
-3.263165721285155585e-01
7.645141162336085427e-01
8.237260342512967570e-01
2.145215343364249849e-01
7.162992265443457462e-01
9.158617028565559925e-01
-3.564809873880575575e-01
1.039745937732883263e-01
2.271201383259251472e-01
9.408576883157245829e-01
-3.360349630640710461e-01
8.483382361822091600e-01
2.185945265244408631e-02
-4.354765315650346302e-01
-2.035912813696399704e-01
9.470119173277596891e-01
9.272656701316787098e-01
1.254422262554462930e-01
-1.690267991298302630e-01
-3.584947170085489576e-01
-3.244431193332580898e-01
-4.206229593672619615e-01
-3.198506874226222374e-01
8.842517765618121972e-01
3.273235815802402054e-02
-3.164074184515557331e-01
-3.452117381435745314e-01
7.645549905682540448e-01
-3.954944950614793786e-01
-3.461037773495023173e-01
-7.581576669055738182e-02
1.743520145407143063e-01
7.816586545855924717e-01
9.508075573965880656e-01
7.776003177354758877e-01
-3.627031190895977919e-01
8.477883116179937284e-01
4.010686853565442744e-02
-3.057829712080429863e-01
1.144853869628205678e-01
-7.840535175615573338e-02
8.975306703805048247e-01
8.465545391063739045e-01
9.007718095179828577e-01
-4.207740452477181647e-01
7.241266510681794166e-01
9.087019736770208800e-01
-2.560248952300033798e-01
8.669931399277521766e-01
8.407181664795848608e-01
8.420569562593728241e-01
-3.700321670174036015e-01
-1.541358103414722236e-02
7.230390735445214601e-01
-4.478739715238985036e-02
7.807183799071359953e-01
9.195763792260546188e-01
-2.065254118706317810e-01
-3.001699456598838633e-01
-3.657030554175524917e-01
1.916827221687530947e-01
6.912892028107713305e-01
1.063448120546602871e-01
9.211497925398676179e-01
7.572427943069106604e-01
9.197214813529207555e-01
-3.870528439302746704e-01
1.026958445728130831e-01
-1.599098604727719475e-01
8.267648587272340421e-01
9.017160451523478226e-01
-4.836795070870780200e-01
9.272576878403409051e-01
9.432703529652488594e-01
7.738726084337828048e-01
-6.645765705740259988e-02
2.298166989458765852e-01
8.688279494984246787e-01
1.175772566970426508e-01
9.010221564769418379e-01
-3.856030836287428487e-01
1.227944409176713950e-02
8.843429712316973612e-01
9.063802402533530644e-01
9.088723293753366850e-01
1.763049610123682276e-01
7.801436577331450906e-01
9.309807560737745069e-01
2.288528968061423127e-02
-3.695721263237038978e-01
-1.977704275553709146e-01
7.179163306880510520e-01
-1.048688188377724095e-01
6.433958921840578216e-02
5.745852764866192508e-02
8.772803833129849682e-01
2.729601607362896476e-01
-2.625828971438692316e-01
-3.747214850514277718e-01
9.754005578909238916e-02
9.288275700680808100e-01
-4.235722648265748957e-01
9.052579035822726494e-01
7.873944914271628903e-01
-7.842427794813237873e-02
9.226397347249820635e-01
-5.125484444341264767e-02
7.294889629776861728e-01
-2.964473260683140321e-01
-4.450774992472192326e-01
2.077359632457302374e-01
7.963990354034434782e-01
-1.391041736557203645e-01
9.381130815236844445e-01
9.460183056968262116e-01
8.985637121090808144e-01
8.518310905462954663e-01
7.386334744887523840e-01
-3.198137499738518130e-01
-1.138865283239485354e-01
9.363866234422486556e-01
8.526430133390532351e-01
-7.424251031218156993e-02
1.031247150818879049e-01
7.945903192393307668e-01
-3.748919840072000853e-01
1.851551914426470546e-01
9.311758870738792160e-01
9.067920670631076652e-01
7.605710997971386611e-01
9.150629122740041588e-01
-2.667849824777089318e-01
7.545948695707190845e-01
-3.284801872541475709e-01
8.918878344079296250e-01
9.177231305531302619e-01
1.314415146745441798e-01
-1.044579312612058525e-01
8.246543651768176719e-01
-3.596788702233373880e-01
8.884654371828194785e-02
-1.525656726912292260e-01
6.969037602381836782e-01
-1.411790904833370441e-01
7.730072776629587361e-01
9.341565857928489924e-01
8.776819456172000322e-01
9.286696261831701715e-01
8.527533525046938623e-01
-2.437691155174707969e-01
9.296137478870943882e-01
7.703131661566740007e-01
2.376962140043703542e-01
9.242066494740598381e-01
4.969570067125116120e-02
6.650922014284585959e-01
-1.334562078924753648e-01
9.167013199664962864e-01
-4.465196582462852559e-01
-4.775195932272944810e-01
4.809742670323451791e-02
7.286476169685373039e-01
7.376511839539202642e-01
9.066821104285798238e-01
1.975507294747151366e-01
9.262565717304404034e-01
1.094415350384774083e-01
-4.016737460072104526e-01
-3.436085187563966969e-01
-3.798275512401764198e-01
-3.235260484859838748e-01
-3.028700049600098199e-01
-2.269931941917281426e-01
9.276558328158168720e-01
2.295047282387417953e-01
-2.888565202325777403e-01
8.393761451146368735e-01
-2.083378982982601602e-01
-1.319085793241759064e-01
9.014282125723758199e-01
7.430940902881673082e-01
-3.002384325659537279e-01
9.225301081647351298e-01
8.848629426303401546e-01
8.900743866263638449e-01
8.645222573270119337e-01
1.421711767247590685e-01
8.916554127832998500e-01
8.798551393946659749e-01
-2.937930097228702575e-01
7.931644059096225607e-01
9.074223372797630693e-01
1.711386144097057360e-01
-3.774177799475343931e-01
9.231875983528446961e-01
7.789493876750643864e-01
7.147265933851005837e-01
8.648409820293689876e-01
-3.799844424557438649e-01
9.161097348617635028e-01
-3.576154584038205853e-01
8.359820969487804510e-01
7.395008800371560831e-01
7.682958627870702939e-01
4.224425485886876275e-03
-4.324413063946302982e-01
6.964802384804397173e-01
7.347719826728619230e-01
8.289471298971876623e-01
-4.488143648370651606e-01
2.943323433813903600e-01
9.036472275758267170e-01
8.939258885957473977e-01
