7.646186822062847055e-01
-2.690520948526737843e-01
9.119260258679671161e-01
-3.551396612825679644e-01
-3.479437305888354315e-01
-3.943830682281740385e-01
8.620171865333967065e-02
7.589276862981542138e-01
-3.315826289481748623e-01
1.931115559652476499e-01
2.402699573417204082e-01
8.395523290734294708e-01
9.093457016486231614e-01
9.052282537021785203e-01
7.796309708322755050e-01
2.741945321159391380e-01
8.787554763806897373e-01
9.414693144026795024e-02
9.245705755800827097e-01
7.915291660121466233e-01
-4.316487718076337243e-01
7.227626098731823046e-01
-2.614807832274622101e-01
-1.200610988684232411e-01
8.135738062174879826e-01
-5.704403026196780413e-02
-4.118349617118924333e-01
9.162478322880259762e-01
9.238538452000181200e-01
8.763305096433268160e-01
7.328580934121495805e-01
7.021690802620693672e-01
-8.366925943771115481e-02
9.184793864231494132e-01
-1.238704787510625654e-01
-2.509326582984753307e-01
-3.749131481473067518e-01
-1.940387707795831473e-01
-7.254142500264532806e-03
1.664465430852314354e-01
2.699251924582614648e-01
8.511536895391921265e-01
8.907363229605641530e-01
-3.864396830527799809e-01
2.153850542821031389e-01
9.085770474539980324e-01
9.218885804435890396e-02
-2.565024716214244771e-01
-3.637213201071940460e-01
8.895355871101906509e-01
-2.066142187574936950e-01
2.021955212737434338e-01
-4.216039192284428694e-01
-3.412354738160558454e-01
1.532216909056954290e-01
-4.583819052871243582e-01
2.422088467392467803e-01
1.257603362492167309e-01
9.082371148535143268e-01
-1.915907259759130621e-01
-1.463108972120095164e-01
-4.078462941861664692e-01
8.887332246975518935e-01
1.327624932157625282e-01
8.996721521139749989e-01
9.019549286909233077e-01
9.234490924551753688e-01
-3.819962919391965972e-01
-3.160274829494685300e-01
9.092397053554915898e-01
8.697167645721446405e-01
-4.351871429424300497e-01
7.363907130975513304e-01
9.105672928763685059e-01
-4.368501007980603590e-01
2.433177151452450004e-01
-3.622340622068777050e-01
-4.179593062595996500e-01
9.235483851013635004e-01
7.650720216193870327e-01
9.024894517160942931e-01
-3.769943186125306878e-01
9.274776443156351746e-01
9.072865626529839078e-01
-1.804453235490638963e-01
8.288401619841029300e-01
-2.996859628829764977e-01
-3.694559511133423124e-02
-3.197666088204692558e-01
9.310366332064200501e-01
6.127538539607306489e-02
-3.290402313823057590e-01
-2.833585965177135013e-01
1.625242112863231059e-01
-4.684347777257224510e-01
7.585309835759524999e-01
9.119570423350958910e-01
7.820562728488906767e-01
7.330919393967610942e-01
7.530776156146704592e-01
9.059840288859163371e-01
-3.268713761425776632e-01
7.914837909777654446e-01
8.613790027729035792e-01
-3.899940547657309575e-01
-1.312577366025934333e-01
-4.291774029050888367e-02
-3.106442204084333691e-01
8.095320976632061627e-02
9.050517063499826653e-01
8.964548290969505118e-01
2.141839987769943998e-01
8.308753845145022687e-01
1.456324117028671983e-02
9.223058212525349076e-01
7.786986814017040626e-01
7.090289189782336132e-01
-2.852341708118671937e-01
7.466392438234193962e-01
1.718589561896843310e-01
9.181900069602012548e-01
8.719841235104017763e-01
6.560346237349248266e-01
-4.137261884568050330e-01
7.853444323455223142e-01
1.287738410500966213e-01
-1.244102071586354885e-01
-2.259297140174146984e-02
8.990177997950348221e-01
9.100255999779532923e-01
-4.662613866385923456e-01
8.301630374835586856e-01
3.189778198920925623e-01
9.290777918578823069e-01
-2.034069651665453005e-01
7.544974655843570410e-01
9.065804411434699173e-01
8.953662030241782421e-01
-3.278939940153556276e-01
7.713724820527760873e-01
1.682338585447178403e-01
-2.758542482398935736e-01
-4.456411260299030230e-01
-1.410095868665842134e-01
9.107233995017576245e-01
-1.691053960010936441e-01
7.809406375632554909e-01
-2.759161866830003307e-01
9.291266463550479360e-01
8.108274017242325105e-01
2.757218281024139128e-01
-3.706059978182753983e-02
2.645685721198147711e-01
-3.619798070482411201e-01
2.122115217166179180e-01
7.912413283055107494e-01
9.230848166091265572e-01
9.399030521267565108e-01
9.150080643883773401e-01
7.924390759784774030e-01
7.106586175621102397e-01
-2.993883047612890813e-01
7.117504544073438577e-02
1.653665233913786670e-01
7.894831100618397990e-01
4.773976779859496339e-02
-4.538404319791900510e-01
8.960913230443456889e-02
1.127860497070272416e-02
-3.077608116881624944e-01
2.978748822152550990e-01
-2.301080561224846249e-02
-1.804638730660957854e-02
-8.809190191000718095e-02
7.343176487991133206e-01
2.802102243312205032e-01
8.768781447996721878e-01
9.004132137729238261e-01
1.474518269937360737e-01
-3.685586747723178513e-01
1.070941564025796877e-01
2.999959942248507372e-01
9.241500884090859680e-01
-3.235390683494693276e-01
-3.872195501461609957e-01
9.370313481538629086e-01
9.163161666000384509e-01
9.102765763993725390e-01
6.417372169580952412e-02
2.452593436417075945e-01
9.146451287641944594e-01
-1.785177982797217511e-01
8.726838696052502398e-01
-6.363423895226862081e-02
-3.716543309245817217e-01
1.069563616798488714e-01
9.136263038073789700e-01
9.295604585597395664e-01
8.262677382212562094e-01
2.627747587666536266e-01
8.282477858677670390e-01
2.227162907100745104e-01
-3.700898577402325085e-01
-3.304579264820842188e-01
9.013571815765989426e-01
-9.480280552754703771e-02
8.720043066486344863e-01
1.694019857378351868e-01
-3.028441958904442566e-01
9.356671971742289706e-01
7.600468091635983470e-01
9.245166095881781620e-01
-2.311205312609235785e-01
9.161111127246810426e-01
-2.713428075698208763e-01
7.378390570188125830e-01
1.292497920392055299e-01
3.882862745517938474e-02
1.406795972426068131e-01
3.041861954774191523e-01
3.282967295172247724e-01
7.812858206652647519e-01
7.162443700759477672e-01
-3.825612929145380536e-01
9.421351191315525675e-01
-4.366553146769293625e-01
-4.108225214200094677e-01
7.877515958237740756e-01
7.719038239942486168e-01
-4.150263589677657405e-01
-2.124803590986520385e-01
-2.376597339021729316e-01
9.067324403180234693e-01
-4.089150684231248473e-02
1.261780708609656076e-01
3.013670178581200343e-01
8.499518910118055715e-01
-6.966946736125342876e-03
2.702601930873518299e-01
-8.413709296822034778e-02
7.598679718869755240e-01
7.263677267570292084e-01
1.302953342623477395e-01
4.512824484825758015e-03
-1.350389510110704960e-01
-3.273145896496108542e-01
4.257251374007540307e-02
-1.611743197228636404e-01
-3.561644435188976443e-01
9.069659621456587217e-01
-9.614797089830304233e-02
7.534082168247479006e-01
8.349081409451135638e-01
2.635616335701205237e-01
7.488996645211647429e-01
9.011807025689402284e-01
-2.164922140151437635e-01
9.181994418717936979e-01
-1.884111801907731032e-01
-2.098728185432058996e-02
-1.242020779045587969e-01
8.962158398193440512e-01
-4.241875899230957980e-01
9.013199633247501730e-01
7.080263438075838911e-01
-3.614330320386148765e-01
9.199090571793130389e-01
1.079742511475010602e-01
8.104612829207079594e-01
7.969696719507493032e-01
-2.612881733746839630e-01
8.128781511307396901e-01
7.594553265059530434e-01
-3.463627593521114711e-01
-2.947070392118694010e-02
9.200080027187148568e-01
-3.807438924498935395e-01
4.177631053339410649e-01
-6.976969673120132082e-03
7.899965153371384385e-01
8.080124328776412401e-01
7.521916077128659728e-01
-2.236658441465985969e-01
7.959690441696072316e-01
-1.549609161234084820e-01
2.060425661742346093e-01
7.943205762452389962e-01
-4.049060993147366450e-01
2.320644418254242669e-01
7.592718077815404643e-01
-3.607065319345734711e-01
8.265437261152304149e-01
9.088870704600410244e-01
-2.256394512624963211e-01
8.294986100936081463e-01
-3.292121439532351146e-01
-3.254036475603530043e-01
9.175508457438042997e-01
-1.569218385420760309e-01
1.710300818047960913e-01
