9.008165684659555916e-01
-4.040473813220424315e-01
9.141445353577928312e-01
5.331501488946234490e-02
-3.638159925602593714e-01
7.853662293906346070e-01
2.223984694371836657e-01
2.375545332620235817e-01
-2.690385665689689065e-01
1.734419189840696318e-01
6.822396471437248699e-01
-6.501761653224416571e-02
9.348604738095900313e-01
6.998041658840356005e-01
-4.213111360952746520e-01
7.644821902170324535e-01
1.221296010035376467e-01
9.130925980544208898e-01
7.285997991650901007e-01
7.271911025177277832e-01
-3.681289160230191149e-01
8.262716690131474140e-01
8.333461564797177701e-01
1.018353272536846876e-01
8.466668540597356296e-01
-3.102307751429436711e-01
2.256086036645441051e-01
9.167122189166575508e-01
1.353767450264851679e-01
8.482801384281786206e-01
-3.421710310091979901e-01
8.971451067436774229e-01
-1.996970823118165150e-01
-2.809851332134273294e-01
7.086307917075849172e-01
-3.806485937950249143e-01
-4.887426483374025521e-01
-2.042377663285673273e-01
9.181990480674715460e-01
-2.960008118559659396e-01
7.826669831971569402e-02
-1.442350118732552700e-01
7.417898296476259645e-01
8.773818782323575816e-01
-1.797870955640217261e-01
9.059063176364496872e-01
-4.406838673253350436e-01
8.650198932725408074e-01
6.989109236686497084e-01
8.938155395074175447e-01
7.623293005526173838e-01
-3.499438876336898874e-01
7.794084951935127403e-01
7.945544946079365900e-01
7.172091685166941399e-01
8.996050051039704565e-01
-2.331391771641382060e-01
-4.247843218932932374e-01
1.332643795861748748e-01
9.203573876020070266e-01
8.437543747593169163e-01
-4.217390427437732181e-01
9.157189826338945071e-01
-3.887970349548275362e-01
2.509678960703379258e-01
6.849205223304116741e-02
2.965195420595611794e-02
-1.900304406619502118e-01
8.053828364365339665e-01
-1.797059550413619977e-01
-3.295171949563260871e-01
8.757709861117276562e-01
-2.828465247976156768e-02
-3.412570531489782510e-01
1.258034100090227592e-01
-1.407679507827421517e-01
-3.129744251943457622e-01
-3.645242660326712403e-01
-2.814909009878310830e-01
8.055285843705103366e-01
-1.071235376714662069e-01
1.209697256018514439e-01
-1.839640523203724953e-01
9.278526469524195353e-01
-3.558336102230231224e-01
-2.094302083017903215e-01
7.945209232025669532e-01
-3.282152572270366497e-01
9.083807877140750442e-01
2.979730409782713196e-01
-2.396615634589339128e-01
9.138718148451937529e-01
7.446069425196155667e-01
-2.271086432804895749e-01
-2.422029156062691369e-01
-3.485292771073685292e-01
9.085502220245043059e-01
-2.048457515771063553e-01
8.457249981242693782e-01
8.906967191567110032e-01
-1.011795417422514942e-01
-6.762828523981363749e-02
9.326241460267002958e-01
-1.160674321367518719e-01
-4.188288539721702897e-01
-1.337505741069487664e-01
-2.023704717489322458e-01
2.000937604736753861e-01
7.456483829990414591e-01
-3.856816348704238950e-01
-1.821430261765391578e-01
8.990181299551565086e-01
-4.189900763240214654e-01
-3.733936548800454447e-01
9.753647254303590697e-02
7.404925871195519038e-01
8.401293492879111646e-01
3.435801709924465874e-01
9.035050118320854251e-01
-4.247523280157143866e-01
-4.814261730499059255e-01
-4.453743020684345355e-01
9.078696919531427101e-01
8.930413793384109900e-01
6.609167026108143939e-02
-3.080523319492902701e-01
-2.865289142982171272e-02
9.312572233800725519e-01
1.930434431612020330e-01
7.604285186818983133e-01
9.086225673490860855e-01
-4.192236569825804615e-01
8.944332000548039785e-01
2.569103078409477603e-01
7.601064962664464408e-01
8.708411359448900990e-01
-1.844050456226355161e-01
-1.642926928372164808e-01
-4.660683560065084219e-01
9.086923236889901112e-01
9.221741381114342273e-01
-2.407164663542102692e-02
3.380287187870983923e-01
7.350211708704755820e-01
-3.876121237597773828e-01
-9.229100072110060782e-02
7.842037984595336964e-01
6.799688528228122752e-01
6.229366464657062896e-02
9.291055953235947129e-01
-3.568828320415194932e-01
-3.475163983491723618e-01
1.980683699880703141e-01
8.677685249549698110e-01
-4.207763954234725046e-01
1.567073061070433093e-01
-1.763047771604783209e-01
-4.237556142374866441e-01
5.461017968403245049e-02
9.298220869513768028e-02
-3.174462130850448371e-01
1.970744261655472118e-01
7.922615202468724638e-01
-3.285513623439611508e-01
-3.254774509585080244e-02
2.110344224594094265e-01
9.076411029644655404e-01
7.000659288838496641e-01
1.788537701597297525e-01
3.122578855847493728e-01
2.983149373798844872e-02
-9.037864953293833770e-02
9.156228031528109712e-01
8.565664812914863813e-01
9.072603747628594784e-01
-2.810387828927484732e-01
7.374654145991004217e-01
6.858687551265332250e-01
-1.698698375499200219e-01
-3.730912490487210409e-01
9.196255995498352487e-01
7.253947100742058618e-01
-2.614869235261948477e-01
-6.122079793197595515e-02
-4.261535556887344756e-01
9.067371943088388120e-01
8.589465262731889039e-01
9.061831190047273665e-01
1.182163786763961583e-01
8.021162182813343922e-01
7.274551262849198174e-01
9.191359259412662519e-01
-1.641454709180552030e-01
9.157528383970987562e-01
-4.424464258839744257e-01
1.219017397101015698e-01
9.242398968612075549e-01
-4.041448312917791941e-01
7.313278238771353523e-01
9.215716352704707015e-01
-1.815342682707576094e-01
6.792584420279398350e-01
9.251798515356348673e-01
-4.531097470648926540e-01
-2.456352309062695138e-01
-4.324707434191169542e-01
9.399198017687567797e-01
9.064810338419674318e-01
-3.473639479766123528e-01
-1.355396914699060207e-01
-3.664664838631299104e-01
9.209254629865435415e-01
7.373461264740380772e-01
6.845008485561592249e-01
7.813641884258640813e-01
-2.389512206551874518e-01
1.711142184386096887e-01
-3.461515266567853910e-01
-3.790125771509835761e-01
6.592890468852629082e-01
-1.044781460485587066e-01
6.950105210927591814e-01
-3.811824560137839213e-01
-1.984650061698386703e-01
9.859176446762821233e-02
9.114336301779940586e-01
9.139552240225935487e-01
9.129987811378715845e-01
1.993495260216030240e-01
6.510070704240439321e-01
-2.150837561545548837e-01
7.486544403272696879e-01
8.959276512892018207e-01
-2.623850269967675231e-01
9.300723695807747715e-01
9.044552042260868285e-01
-3.965204528637147341e-01
9.216279874399568861e-01
8.897500350734650620e-01
9.121671078573994063e-01
-4.688527888599024473e-01
7.943775849519830734e-01
-3.017676265553184134e-01
1.564756046457558836e-01
1.948051084080448803e-01
2.549121280064802209e-01
-3.284277167982820878e-01
-1.852597742955749693e-01
6.212174079474507699e-03
9.087363805739766542e-01
-4.737445412201339856e-01
6.695069479271070767e-02
8.013860763883763338e-01
2.143354344972908110e-01
-3.806578304075581842e-01
-2.600565840239589810e-01
-2.871694473033008510e-01
-3.447894943125660583e-01
-7.688908394117496825e-04
8.864059293416550744e-01
7.958551622994176622e-01
7.538571324336793555e-01
2.921415328056193861e-01
-3.764201681691870527e-01
7.722146823024104156e-01
-6.881117445329543170e-02
9.281315624511508044e-01
2.163434418261802328e-01
7.961903606364499897e-01
-3.807257140911390891e-01
7.485430995617637917e-01
-2.052432621103930377e-01
9.209544692284946654e-01
8.631231308868075880e-01
6.563046023405141316e-01
7.616618312058226481e-01
-2.600862481711483515e-02
9.021859210988988353e-01
8.914415061736642443e-01
-4.658798238196482089e-01
7.467243467395359158e-01
-4.091198509084033041e-01
8.047347416065305792e-01
9.081351910679362760e-01
-3.631723196462323111e-01
7.553546031710461905e-01
2.480558910680787099e-01
9.222046540287083261e-01
-1.417474048476459192e-01
-1.916470063199785245e-01
-4.764462412324321217e-01
1.061517570911615360e-01
7.881222779537430112e-01
-9.292826042478849469e-02
9.282432228104928740e-01
6.659055975134015037e-01
-1.377307642188008996e-01
9.083649358150073239e-01
1.827815454303752252e-01
-2.326638827442668589e-01
