1.549041581380604660e-01
2.383566705023421051e-01
5.625639456578791497e-01
5.888479973568231385e-01
5.468338597659117006e-01
1.118808065374322647e-01
5.029377100253684674e-01
4.361570431373856804e-01
2.615011460487484674e-01
2.071894349011237924e-01
4.583628935204648314e-01
3.816755499559388864e-01
3.704935471965496996e-01
3.543224846052536181e-01
4.235546937807120882e-01
5.129606366573594700e-01
5.381590077538361827e-01
5.122635027008627384e-01
6.102063603566831862e-01
1.555868334038439382e-01
4.718785808703080953e-01
5.686955051829621910e-01
1.082173521240307468e-01
5.687308363363630104e-01
4.425036928202814579e-01
4.346638970624907561e-01
5.091517602602563253e-01
4.397493350566765713e-01
1.760617853686936851e-02
4.186796710401109456e-01
2.720671273957319114e-01
5.581594609201867563e-01
4.532553898366003531e-01
1.626314762740873610e-01
5.829037086309382110e-01
4.932420082004236317e-01
4.925231000552512395e-01
4.915640815427195776e-01
1.942801472987516764e-01
3.102832690674098837e-01
5.377385195375564697e-01
4.474863728275665364e-01
1.936263219931900759e-01
4.690570799750497510e-01
5.871963436565241778e-01
2.942691952694664326e-01
5.967954052309256685e-01
6.013921042912637738e-01
4.803063597408507301e-01
3.214833658111000414e-01
5.782474440512938019e-01
1.829991715391087737e-01
4.561136241515257872e-01
2.189440762249196815e-01
3.002496703570766146e-01
2.449821667305714379e-01
3.619000593260964793e-01
5.364967389761008398e-01
5.204297471424683685e-01
3.757530273688418632e-01
2.598136945512665719e-01
3.827412631558558820e-01
2.220968340966703591e-01
2.490848692776497231e-01
3.049456082141069890e-01
5.677800531593388822e-01
5.377704320707457075e-01
5.892280306005600599e-01
5.391581823712090493e-01
3.204073577324256239e-01
1.286600123633974968e-01
3.626281300124943874e-01
5.721389885866579039e-01
1.330762456288644979e-01
3.600079739458323380e-01
4.861758172979713244e-01
5.436126996155629110e-01
5.307291804182894257e-01
5.556840318797475753e-01
5.241550255639674250e-01
4.091089529743854314e-01
3.041728589710336328e-01
4.245009032634263768e-01
4.799201688972655755e-01
1.376445738209334246e-01
5.602419985783272383e-01
4.938514068795947787e-01
5.300747829906342634e-01
3.396378868311368260e-01
5.827174750275693205e-01
3.574246301553229976e-01
5.336845569704671277e-01
1.613127379088743207e-01
5.411469308736734929e-01
3.316400171920544926e-01
5.807460491224959442e-01
3.613418181678792473e-01
5.987566715376776427e-01
4.517603146854675122e-01
5.356058087510022769e-01
5.136369089584138514e-01
2.244329627399128113e-01
5.466691722928005426e-01
5.441360486204591673e-01
5.346567344602940475e-01
5.594285663855409485e-01
5.653573059281435942e-01
4.058246021934129866e-01
7.378568830411547097e-02
4.757839976611825672e-01
5.844376326363520668e-01
6.455575956949033412e-01
3.606326975096321164e-01
5.492638456206523356e-01
4.999290257990638420e-01
4.868580734714061387e-01
3.339196133209967887e-01
5.298816986763508208e-01
2.045234557816121845e-01
2.584300474323938390e-01
5.474050401849730463e-01
3.777225960945564398e-01
2.956972064149949730e-01
3.852093251465623092e-01
5.059575038328087970e-01
2.717499835845563760e-01
3.285372087351733916e-01
5.668454343999325129e-01
4.969644923628803723e-01
4.344354750013040833e-01
4.390243949697996695e-01
4.908857949764372508e-01
3.408127088101927105e-01
4.401805386266329223e-01
3.172084142268208895e-01
4.478475711537711068e-01
5.312056499581440105e-01
1.134069025275900588e-01
4.664493804891707840e-01
5.649258230161948724e-01
2.844688506883855661e-01
5.212443056277057396e-01
5.123079259624322424e-01
5.014037518070648680e-01
4.479137833446844019e-01
9.318990877122786121e-02
2.544390558157433313e-01
4.826530304860955356e-01
5.781836748590574171e-01
4.012510397099650628e-01
5.246730931172116641e-01
5.085965267783539856e-01
4.881981334585917542e-01
3.843375263323762225e-01
4.024532363741402108e-01
5.479554974271502177e-01
5.662978948942805069e-01
5.296257355088729302e-01
-3.695015643251919890e-03
6.023120295741187791e-01
6.117648618250927095e-01
3.126394564984290581e-01
4.750630665427099664e-01
2.593034555072310510e-01
5.808597946219802299e-01
4.935822484887787409e-01
5.356335025717612330e-01
1.569441508410255870e-01
5.823176561056813139e-01
6.043031317498676058e-01
5.084972282293970247e-01
5.605063763068299787e-01
4.469313988024266049e-01
3.082379559180764006e-01
4.080230259103674317e-01
4.129615637697101049e-01
6.158617639887974393e-01
4.791002838150877352e-01
5.170395693380657187e-01
1.228795492184271698e-01
2.480384784267970211e-01
2.053533958373691959e-01
1.481122580677242950e-01
2.076342321926912260e-01
3.780695925215832309e-01
4.950921636739267218e-01
1.632755151440115071e-01
5.145102384443702714e-01
3.759878663180623026e-01
4.596673911495187670e-01
5.614203758470897032e-01
5.492086390228919646e-01
6.145631086516857300e-01
4.303441475979148945e-01
-3.551264836601457364e-02
2.912823915948524744e-01
5.037027220946723727e-01
2.796062616722335137e-01
2.343152209338802971e-01
2.432088322508752787e-01
2.565138862889897453e-01
3.878567918728870745e-01
2.755787854139361004e-01
2.112968643819899683e-01
4.506948329925591912e-01
5.646778703525837662e-01
5.262220004706973375e-01
5.616459190548679370e-01
6.034299906816351644e-01
3.804655425513926992e-01
5.462379255865612571e-01
3.690113674131410004e-01
4.143573293412636804e-01
5.076600535197155484e-01
1.295224980956303229e-01
2.747456243140643517e-01
4.594146417940755400e-01
4.710520097970736786e-01
2.074266631419541262e-01
6.149880132000142829e-01
5.390309526266581219e-01
5.562862239499046790e-01
5.222747799043626626e-01
3.783589582781995420e-01
2.548996071666611574e-01
2.207380171673896108e-01
2.087784148339320023e-01
5.655448236255611327e-01
4.082070107668382408e-01
3.618145345541638469e-01
5.576906588222189098e-01
5.613212700872305394e-01
4.449971010341702282e-01
4.495216534970593036e-01
4.836810615341795572e-01
5.719432484089517210e-01
2.434408277500114681e-01
5.704832731532931689e-01
2.277032319516189007e-01
2.326727887977539377e-01
4.932053725873050687e-01
1.575038747430976827e-01
4.000977077523997782e-01
3.834572775001874323e-01
5.077983506000108838e-01
4.672684062181214348e-01
2.905141401424152781e-01
3.942134397597457651e-02
3.899206552308339124e-01
2.860831734636918311e-01
3.702244349810461799e-01
4.732545064729319906e-01
5.412270032032067135e-01
1.844372955208916087e-01
4.459839377568504681e-01
3.256946845138817270e-01
2.861527588708796532e-01
3.053730700998537051e-01
4.614622304223373606e-01
3.008713819787717236e-01
4.860805917376221919e-01
5.862508986978468561e-01
3.832925908170082274e-01
5.588276869054012996e-01
5.387159418211622253e-01
5.460434083130675242e-01
4.024582572447147899e-01
4.192367172412293508e-01
1.733619416395441870e-01
3.256194134749778035e-01
4.564940172924162320e-01
5.484260241687091142e-01
4.776062357320804974e-01
2.464856400204959719e-01
4.259696189135688260e-01
5.668124307002448958e-01
3.115761670173478048e-01
4.341799506341809667e-01
4.354994495658135456e-01
3.893258207965530349e-01
4.763345745614282478e-01
-1.035797221624137898e-02
-3.969684229677368503e-02
-2.743947006540937983e-02
4.382284054708275867e-01
4.986047981420919095e-01
1.461214510454026672e-01
4.646293154761909072e-01
4.887300619115418909e-01
5.709996150528803271e-01
5.648612069383709411e-01
5.179254152606794781e-01
5.840909284156339254e-01
2.333793871566881006e-01
1.423409173940217154e-01
4.963928159046532285e-01
-1.263279737524545254e-01
1.226981585859881346e-01
2.356929116797210622e-01
4.218779067485071144e-01
