9.673958410593054280e-01
9.272910602904677058e-01
9.811906970406865103e-01
9.773864558417797443e-01
7.922720973093119179e-01
9.296049735832936367e-01
9.293632901027608639e-01
9.178748598167083550e-01
7.570975158640489422e-01
9.843820427817184804e-01
9.834569749877326572e-01
9.294654475303314456e-01
8.230463858735314053e-01
9.698597249949154619e-01
9.555902384727485988e-01
9.009072568912475099e-01
8.543846988800704034e-01
9.590759749956483393e-01
9.647314177533031776e-01
9.374909397580060144e-01
9.750986220607850141e-01
9.373136105014500119e-01
8.720396554920480936e-01
9.624851424327529603e-01
9.773796098500323604e-01
8.960986489077520378e-01
9.782160844234946140e-01
9.782833872589540292e-01
8.654124502237829919e-01
9.593509294522339914e-01
9.350630646189449502e-01
9.739850713703450680e-01
8.875660677788792530e-01
9.804578054785598740e-01
9.631565672050570459e-01
8.473435882875547387e-01
9.714782573465214899e-01
9.554993007808371130e-01
8.749878991800261741e-01
9.479845661133041723e-01
9.772488446481714108e-01
8.409670194112706110e-01
9.455458976668229543e-01
8.623467915331490818e-01
9.828661911965076436e-01
9.596111480929784276e-01
8.746978686110937762e-01
9.782890356897575579e-01
9.669067938402793327e-01
9.824980107669856189e-01
9.676644414675896755e-01
9.554629548889819191e-01
9.850181830515767345e-01
9.672759549873566343e-01
9.789257160615352227e-01
9.274469887241284516e-01
9.742141420928689399e-01
9.822060752082285573e-01
7.901858539436592554e-01
9.743357343137999393e-01
9.703517795718317185e-01
9.483386166231995151e-01
9.690771979081526100e-01
8.290589547475620824e-01
9.773574863189258277e-01
9.479131558415507808e-01
9.495262024265425094e-01
9.588814171794393104e-01
9.000778637609954114e-01
9.635588898445901496e-01
9.866313397122252749e-01
9.634643041975696764e-01
8.285422309337173719e-01
8.008631618875043934e-01
8.322598137802290630e-01
9.560688342460647027e-01
9.733337861468516206e-01
8.162066419393858574e-01
9.489734415084689623e-01
9.740209954070985221e-01
9.643085279567042978e-01
9.750861794312899455e-01
9.407164406280985602e-01
9.674066162868434349e-01
9.758132305527784656e-01
9.657431399324469812e-01
9.539175349702262441e-01
9.579284048989272771e-01
9.579788971590497137e-01
8.889813372644927991e-01
9.485222962885759834e-01
9.443810479747292153e-01
9.128214382424761908e-01
8.569150943511699703e-01
9.814877680870152110e-01
8.549376781423275728e-01
9.678651560536581933e-01
7.802602833131164761e-01
9.734279571582354906e-01
8.754746381093343466e-01
9.746290557774828223e-01
9.614561580024192367e-01
9.641612954447322803e-01
9.808211047219983492e-01
9.616816375762058389e-01
9.312798657732479501e-01
9.608480755671001683e-01
9.789268300295312919e-01
9.090594932766102865e-01
9.795776737795738320e-01
9.361278032863680210e-01
9.577505121765131912e-01
9.027512896544822585e-01
8.708721690234338952e-01
9.714076137185199133e-01
9.113978523108806629e-01
8.423699188595425991e-01
9.736923924644838024e-01
9.662338456641840212e-01
9.297324044880981297e-01
8.260074205555683058e-01
9.792041792267629496e-01
9.810371024637438708e-01
9.865564037153129462e-01
8.790912648263738971e-01
9.771719005000525371e-01
9.787649651281808971e-01
8.140637537869043205e-01
9.427269157388817877e-01
9.784984130861424934e-01
9.690980353711972084e-01
9.792469396255223391e-01
8.323822558110831604e-01
9.778248274208176660e-01
9.485772870602882101e-01
9.603475328494646135e-01
8.633359389887036439e-01
8.974778089501301848e-01
9.506465413151771182e-01
8.537997305877815801e-01
8.908705826987681764e-01
9.858288095297793596e-01
9.665343399474543018e-01
9.720419030919369430e-01
9.276442362144129428e-01
9.599517952304931212e-01
8.505603759154845012e-01
9.476074284960026572e-01
9.766641415090852041e-01
9.545670266269586923e-01
9.850392660701448033e-01
9.778235207620388225e-01
9.302782779432260396e-01
9.597997271154343757e-01
8.906864697099579065e-01
9.640202228758156799e-01
9.395926787337570696e-01
7.599724853546565573e-01
9.170043584807652248e-01
8.925367482782453621e-01
9.694957156211165827e-01
9.441759497153909830e-01
9.649749857565632638e-01
9.615778106265362446e-01
9.766856497740687981e-01
9.733198181733490051e-01
8.751189944019104328e-01
9.841497061649859823e-01
9.802230475097062357e-01
9.026623890471726641e-01
8.517830830869561609e-01
9.697357255747394156e-01
9.726320260667564721e-01
8.935774349389612459e-01
9.633636313227957881e-01
9.769851827623896590e-01
7.892457718559706681e-01
9.600225346300680362e-01
9.429157365073128627e-01
9.529653248462244264e-01
9.344511939679258639e-01
8.763779189240556988e-01
8.642419165842396556e-01
9.341910845944854103e-01
9.388827903321754764e-01
9.731803766698048364e-01
9.624641512829389400e-01
9.390072428485127798e-01
8.944713840101002900e-01
9.781973522370668306e-01
8.963408465445912299e-01
9.378023409721689685e-01
9.421027951147871171e-01
9.755400405216405613e-01
9.786921638177881189e-01
9.152308405900291266e-01
8.970029305716280543e-01
9.512578377000082686e-01
8.209126047492911749e-01
9.732704145428381359e-01
9.822771086536370433e-01
9.542582616848818144e-01
9.475138180542500566e-01
9.669252905984346835e-01
9.247881011394256667e-01
8.925956587433589995e-01
9.742369408767078687e-01
9.573747844083001501e-01
9.689141690121061412e-01
9.683836764577195000e-01
9.777120285093306995e-01
9.800162371289415919e-01
9.650592975972807075e-01
9.616833379624405431e-01
8.822283662038682417e-01
9.076280095097772893e-01
8.851236160180855350e-01
8.730014398072181159e-01
8.786407473045921845e-01
9.445139129918413978e-01
9.751032862173083515e-01
9.229016891769519226e-01
9.045213691744515838e-01
8.867438724099228065e-01
8.988731413355237621e-01
7.636738404608567343e-01
9.593782698315417301e-01
8.382362803214917779e-01
9.160576231587252982e-01
9.191709742965340491e-01
9.360141512074651171e-01
8.674635671348627231e-01
9.854366216998373673e-01
9.606952921808501467e-01
8.750817265366606090e-01
9.566863498140980582e-01
7.974630262791153612e-01
9.759739023383484646e-01
8.773707788877165292e-01
9.791164892128345620e-01
9.278018013213753523e-01
9.482976733638579514e-01
9.104435398649290967e-01
8.772362354718781230e-01
9.498198615325295080e-01
8.080159393060590833e-01
9.662484966348765525e-01
9.782402185492873326e-01
8.967298375678751654e-01
9.496165939141349988e-01
9.374427983905850859e-01
8.984761034946704417e-01
9.415755125725153718e-01
9.859254887529367295e-01
9.083087329243726415e-01
9.462684122562422528e-01
9.611089856684553734e-01
9.716333095352924776e-01
9.709192929811563122e-01
9.061614414835617026e-01
9.785479777439491933e-01
9.425582332028574761e-01
8.886604770782267071e-01
9.480335879873534877e-01
8.926649527438056397e-01
9.775547442887273508e-01
9.457240623584145522e-01
9.381391098556556285e-01
9.808816461113536445e-01
9.566670179146758990e-01
9.646403849632205763e-01
8.974707351265944766e-01
8.791632688662069928e-01
9.100547490194039746e-01
9.139357813790413010e-01
9.809184432092976635e-01
9.164672137273481844e-01
9.064160440453945533e-01
9.754254058264297811e-01
8.986327624207897102e-01
9.651853948035515884e-01
9.816588238334842398e-01
9.317059619680113647e-01
9.764286530155656951e-01
9.788099245697921003e-01
9.635979992795047355e-01
9.512916735943203195e-01
9.742725654338872943e-01
8.694134160537498879e-01
9.475114891270999262e-01
9.076271610759381048e-01
9.430941955355944817e-01
9.715634093992095988e-01
9.452509646627013096e-01
9.527267407548654088e-01
9.777131910312958363e-01
9.220885528917794893e-01
9.240225550068569271e-01
9.685208504793604289e-01
