1.886615958160213768e-01
-5.750127683536096490e-03
8.519691597630352220e-01
8.597386760075945711e-01
8.626038803452260595e-01
1.774087362255825362e-01
-7.307555805861100373e-02
8.231351187313391549e-01
8.287338534220334285e-01
1.908542986375837136e-02
-5.949366907230455026e-02
8.871396978909203979e-01
1.661329814735947041e-02
8.519976249240098776e-01
7.045655734850372887e-03
8.248646457261440412e-01
8.099546054915085502e-02
3.995797387312317872e-02
8.493574314082051879e-01
1.095905420451173673e-02
1.299017307541736332e-01
8.453711861775352610e-01
-5.524720791456397273e-02
-1.784234802586773250e-02
8.594879424697781101e-01
-2.937696297993074024e-02
4.054306028067243828e-01
4.863488370166757502e-03
1.169554417408731339e-01
2.385051933829961113e-02
-5.708626990389678579e-02
8.791044982505429317e-01
-1.396991908503364965e-01
8.664024775890210028e-01
8.697300171050063033e-01
1.414969673049572274e-01
8.582554763268667175e-01
1.067419598957051463e-01
8.622715750712195426e-01
8.372387309178973558e-01
6.263551697322257417e-02
8.363741077962494330e-01
8.597559573585646930e-01
8.601009084384371173e-01
-6.993989639113580570e-02
3.288733254697140396e-05
8.486658118453482835e-01
-1.353471165216681149e-02
7.804551696582802123e-01
8.502574610296576019e-01
1.672768246657044267e-02
3.085218559483252077e-02
8.658413526651851377e-01
8.155625736794895886e-01
-1.013089065915791787e-01
-7.888067276555925378e-02
5.074743720170174499e-02
-1.624727000983267056e-02
8.473500071086955687e-01
-5.412041367718924134e-02
8.503159382517611053e-01
-1.179751490560134730e-01
8.148581472116448454e-01
-2.346893259183596703e-02
8.648863726504947280e-01
8.429065659420529322e-01
-3.364542039441338617e-02
-5.122146300999293189e-02
8.687698388889134593e-01
8.260638798373365344e-01
8.513862417603507149e-01
-7.635265025206533496e-02
2.045219764231706594e-02
-5.613769431024248635e-03
8.356763212302775745e-01
3.096245210175772866e-02
2.281998847527955121e-02
8.875779019346211607e-01
8.574309059020868151e-01
8.700500204294931983e-01
8.318056873420882624e-01
8.675445676610866741e-01
-4.327207563773466381e-02
-2.449068114049272882e-02
8.446676529759228336e-01
8.025732563810214493e-03
8.351427096938246475e-01
-3.477108464649501796e-02
8.658583419404067838e-01
-9.085461505730789422e-02
8.685371974943583151e-01
8.648210800428270950e-01
-9.708020888511900703e-02
8.399603236275197116e-01
8.515315956540653319e-01
8.201365731112523205e-01
-5.053598341320270082e-03
8.721751808566121644e-01
4.034374091584318200e-02
-3.119839551229719454e-02
8.554383330698338561e-01
-3.347694296108270906e-02
-1.460436763586846765e-01
9.256149312165035115e-02
1.953008545908264948e-02
3.441950583154711196e-02
-6.562505313420723130e-02
8.494845603522062083e-01
8.626414583027454119e-01
8.353556235156490706e-01
1.290908641741063401e-01
8.499538777204408424e-01
-2.218159357126553433e-02
5.130194864086252970e-02
-5.513767315499534805e-02
8.459853635111990178e-01
-4.738819702021983271e-02
8.563020461373412884e-01
-6.854611385489015052e-02
-1.349680568339587106e-01
-6.373499765060909594e-02
-8.668174773982503800e-02
9.564023686484451892e-02
1.646473284637857415e-02
2.675102210359218968e-02
8.353724546789028649e-01
1.500321269280562031e-02
-1.318010092144163148e-02
-9.634573436727632278e-02
8.547838463224930461e-01
8.549581583772346560e-01
8.468919797121970960e-01
-4.656018074837678378e-02
8.527373210171722562e-01
8.489144681335829556e-01
8.721097743683365877e-01
8.353780185097778865e-01
8.584942004396839410e-01
8.133426390913400805e-01
8.546381701476707393e-01
8.432879347315348495e-01
8.273399174733320205e-01
-3.333963334888111196e-02
8.306991619866774812e-01
8.673222097332057290e-01
8.531110689378671452e-01
8.626310359632761715e-01
-1.139498469496616484e-02
-1.674497043810674324e-03
2.281832940861934500e-02
8.491676590095988963e-01
8.367009645460250500e-01
5.487887745647325455e-02
8.563647747218743334e-01
8.064948805101728180e-01
4.956089148832065749e-02
8.556740178912225492e-01
-1.695561403748559182e-02
1.313044616832767519e-02
8.530640705433361060e-01
8.536579853964910702e-01
-7.508756363858648530e-02
8.612283612583555570e-01
-2.884217677657642531e-02
-7.268218839736441395e-02
8.681173475205969936e-01
8.546553063950549367e-01
8.520662329017416603e-01
-1.158664699491120109e-02
8.204025579184645034e-01
3.515853515685685160e-02
8.421883981708517819e-01
8.563744475768881870e-01
8.565670545842949402e-01
4.808480374978209293e-02
3.452679687329361646e-02
-1.095538219988587136e-02
8.144830781131406905e-01
8.480638720335738068e-01
8.537220111608636586e-01
8.364050009117000029e-01
-6.062835194874693912e-02
4.050201766531409675e-02
2.958110207393691016e-02
2.878326240462337759e-01
-7.908543971102839631e-02
8.671366753527620652e-01
8.298810348720113694e-01
8.750542636339133651e-01
3.269587928605004190e-02
-3.015017618984035253e-02
8.379025157648347655e-01
9.896723806452704941e-02
8.436508425510282905e-01
8.562487418542155115e-01
8.689742032273160000e-01
8.523299597543816386e-01
8.234476077615239253e-01
1.012331458333225187e-02
-4.425964065974832828e-02
8.567346805983049318e-01
1.696278215396404832e-01
8.348782740502416200e-01
-1.949251195004733650e-02
-3.981161495391706551e-02
8.326971832305357646e-01
-7.988447537548944155e-02
8.484158397432015608e-01
8.291237363411642081e-01
8.528908676794487720e-01
-5.401520505486827328e-02
8.622959035785979776e-01
8.565459033359162921e-01
8.357766063281701907e-01
-1.737028105729772343e-02
-8.024147775843777641e-02
-5.402149437102676810e-02
8.557195393394764205e-01
-7.278259219680251191e-02
8.547217793118838669e-01
8.687190982357693159e-01
8.404411971555962868e-01
-3.890561567498813933e-02
5.225623054899418418e-02
8.401018434950172642e-01
8.358011318488138830e-01
8.678561732911568294e-01
8.555546499468591470e-01
3.249844630981378601e-02
8.496697808962853093e-01
1.831507870395451820e-02
8.417240639940626323e-01
8.449834911962853523e-01
8.530894887352926670e-01
8.557500918230722675e-01
8.692919322248189307e-01
-1.200276027868810852e-01
8.534370616799985543e-01
8.660479103263323264e-01
8.674408424442476839e-01
8.336499774380972116e-01
2.405214586280915445e-02
8.216039532436039128e-01
5.865171386168281653e-02
8.370827761472985351e-01
1.103552794937174286e-01
8.531825036167490772e-01
8.674235293691779924e-01
8.285351113818226754e-01
8.412145746380006450e-01
7.423338582890626203e-03
8.622695535875616324e-01
8.424248612136918668e-01
8.605169275318573785e-01
8.756935319110270566e-01
8.383012458146976709e-01
8.589640729168204203e-01
4.931665530965545496e-02
6.666271687820540803e-02
8.598074415195376963e-01
6.186398666206668895e-03
8.397907625563358902e-01
8.513510579681720092e-01
-2.503734167789763154e-02
8.375322534060218871e-01
-2.248291356916604089e-02
8.674650207579750472e-01
-1.769019750282670167e-02
2.177197404845432338e-02
8.491144838356335933e-01
-1.967824336103106420e-02
-1.037765713207257634e-01
8.550433862354762660e-01
8.246946107086776667e-01
3.556417072849718530e-02
-6.518073267794440018e-02
8.495912936040103114e-01
8.468626204421167980e-01
-4.522090005426514236e-02
8.241220567914316897e-01
8.525132400956531020e-01
8.565528628431122726e-01
3.943495347705672227e-02
8.494921879909129725e-01
5.466969693557154064e-02
8.697590500444216666e-01
8.395851465997531404e-01
-3.440484266410355485e-02
8.617724832647722932e-01
1.397221605086999829e-02
1.116927149640909583e-01
8.623006985539207747e-01
4.998936802340882279e-02
8.529636679608860739e-01
2.526873360765380383e-02
-4.395179123692138923e-02
-5.514883261554942573e-03
-1.651788055869678196e-01
8.599134362920286545e-01
8.602253146139208217e-01
