6.399140640883635989e-01
3.989343052672446044e-01
6.166262249886321767e-01
3.904967780179774417e-01
4.914862718318544488e-01
1.205215551589358253e-01
6.653148586783685925e-01
5.106899028781641814e-01
5.787315044976256706e-01
3.298927057025708987e-01
3.689320764526766716e-01
3.601437304433648956e-01
1.889517560886678771e-01
-1.830807277504898911e-01
5.674551278153832090e-01
5.774990917812738989e-01
5.291978585701935245e-01
5.911024875108249477e-01
2.681566945486314468e-01
5.225670091991574395e-01
4.147096539959485573e-01
5.236172901841313898e-01
3.562123116777379805e-02
4.665934675906416862e-01
6.293302781389340517e-01
1.057519887695494570e-01
6.227060648497603212e-01
6.281035936705949840e-01
5.559250368638818385e-01
4.788760897427911667e-01
5.863649502444820971e-01
5.028840591132333060e-01
6.380811214040192914e-01
5.303187441351304710e-01
6.488988654351526275e-01
6.112883633948056339e-01
5.419192097653275919e-01
5.606177416866303664e-02
1.708935417432415338e-02
5.653563098693055178e-01
3.108076833590178722e-01
5.821509162740491350e-01
4.777968783041176004e-01
3.644935194540935841e-01
3.457891882847063947e-01
6.432208713236775566e-01
5.113653324470635031e-01
1.395722006797943948e-01
3.730998825809527797e-01
5.119020135666674243e-01
1.593294328495811485e-01
5.395465302249760065e-01
3.736615088625055425e-01
6.329445047316742956e-01
2.524689858531195541e-01
4.004710507998229252e-01
5.145242325445718024e-01
6.221806386835657676e-01
4.402041625285973980e-01
5.986490587948283260e-01
1.195634344563252099e-01
5.689381302240216209e-01
3.416015329071762086e-01
3.720876234193229992e-01
1.964530891170493954e-01
6.048189407486261882e-01
5.887452832142172632e-01
9.161736918693297316e-02
6.737769497828620668e-01
4.394743668047006446e-01
6.012345015946178872e-01
5.923784673555063662e-01
1.465160894728609331e-02
4.740484719650385204e-01
4.941418638843207978e-01
2.461837212239584294e-01
4.923827323289722280e-01
-6.753004026108332114e-02
3.524956919857822335e-01
5.706227302562520975e-01
5.435940769814958662e-01
5.948927795277568764e-01
1.802890320774310218e-01
4.787971464225982965e-01
5.959545706841211654e-01
2.622578298650806161e-01
4.988240704427950867e-01
5.002947885998808575e-01
4.435620759140554981e-01
5.520059470339541141e-01
4.405673825329682325e-01
4.258765792751998958e-01
5.548663676606799822e-01
-8.905953798751281569e-03
4.590611710297062831e-01
5.648697834440011833e-01
5.670867216282549084e-01
2.356107522349141781e-01
6.609777558129082964e-01
6.013337446892330629e-01
7.250841773433060189e-02
6.283788362731711485e-01
6.033522921791714122e-01
5.653998246392066829e-01
3.089151942251500138e-01
5.833998338284853702e-01
3.661431117657860113e-01
5.784828678199798180e-01
6.699777967370783571e-01
6.078233291557662010e-01
5.662605301466030472e-01
1.064652251874377842e-01
5.449473710601494547e-01
6.204659891616566281e-01
5.731187379331884602e-01
6.448845063815313861e-01
5.217039403268488584e-01
1.966402719465618065e-01
-4.928612387950682960e-02
2.015269833779800568e-01
3.626364821599885047e-01
4.311160107629014582e-01
5.065717698334197827e-01
3.176280222707065226e-01
-4.271048558804751982e-03
3.577949862085916255e-01
3.200598774657541501e-01
1.765244649328032989e-01
1.745390568266499409e-01
1.322890388554066321e-01
6.156692579721707581e-01
8.164038861048225626e-02
2.014222667236348907e-01
5.551695235752430735e-01
5.974805431836672787e-01
5.773633088043461647e-01
5.579834301215131909e-01
5.351024278540645884e-01
3.503072382293020981e-01
3.563597320432220217e-01
3.799238078233904137e-01
5.596076087712928970e-01
6.788099758822923047e-01
4.778349638802766863e-01
2.484073632347890692e-01
6.010189724259318300e-01
5.495452431086333966e-01
1.074163421256291023e-01
6.441071579940462755e-01
5.555339008510400411e-01
5.250487063149196221e-01
4.377563645683933968e-01
6.012546297417847851e-01
4.993280942377362197e-01
4.984567559105510526e-01
2.694086156552513711e-01
2.689884419598544962e-01
2.287095853219662245e-01
6.063448835663749481e-01
4.685387203315743987e-01
3.733834942912890864e-01
6.007790770722007956e-01
5.041993285026634686e-01
5.698612983698042589e-01
3.184749548457658230e-01
4.086758694896457378e-01
4.729934201781914593e-01
5.633260629528414887e-01
4.340394511918963527e-01
5.273222929358835076e-01
2.252398206925789181e-01
5.419751742415759299e-01
3.959637767187749735e-01
1.198278173635092259e-02
6.252821712331646520e-02
3.464563989170946767e-01
4.502745436515652178e-01
3.341457853375258413e-02
2.024790121122331810e-01
4.492951915331033774e-01
4.334706798013695517e-01
5.150639926359248388e-01
5.122590862174203341e-01
3.976949270913590073e-01
5.132998099029406625e-01
6.528237101551684907e-01
6.443884547677287689e-01
1.504388100117819149e-01
6.104337669055540649e-01
4.917435783776377134e-01
5.120383066055710364e-01
5.762505475456265458e-01
5.107433139048297432e-01
5.582470628880858987e-01
-4.399110427837242543e-02
4.469863480034191872e-01
9.639345706102005196e-02
4.095162615030707443e-01
6.044817929203891715e-01
-7.401167454493316755e-02
-4.049166619851221616e-02
4.188137361009341975e-01
5.872341213351468109e-02
4.330573167411568836e-01
4.652867547865733311e-01
4.416453612942128348e-03
6.435732522825012847e-01
6.454477311092643443e-01
5.837547305241703732e-01
5.319924458951935664e-01
1.812945159769836778e-01
6.821241453599893312e-01
4.912671776662371759e-01
4.762496562438379155e-01
4.894738225468848736e-01
5.686388972989009361e-01
-3.716642914379482410e-02
5.982003854009656507e-01
1.307991454252410701e-01
6.002606556967927665e-01
3.238498515889515206e-01
6.297250842547660321e-01
5.776850822707972899e-01
3.096221010374463067e-01
5.500779994485001101e-01
5.406780329744449443e-01
-1.172831108146756007e-01
5.939819746693103530e-02
5.327750753457887178e-01
3.576043908333772503e-01
4.336257621125204076e-01
3.059260434479674218e-02
2.840762630476804107e-01
-4.027706204149661406e-04
2.811296253428737235e-01
6.193479595180939601e-01
8.886015407450141568e-02
5.959524476732608322e-01
7.611831652045707164e-02
5.475679732044759218e-01
4.857025844782071333e-01
1.495311866791775857e-01
5.347613394810826204e-01
6.404945355914987148e-01
2.034696944509328809e-01
3.144936527804207405e-01
4.520325042606444521e-01
2.560768756381540667e-01
5.141864163438486512e-01
5.706043476070398190e-01
4.380856786175854056e-01
5.883431141213013582e-01
5.720554811037910081e-01
6.355219473560329568e-01
3.778441400274369366e-01
6.506270432638556755e-01
4.851084504370638539e-01
4.291173488307888917e-01
4.115362866676694487e-01
6.023662010283897805e-01
2.156040101119619523e-01
3.502177302446276563e-01
5.630760026029809628e-01
2.855001610185689542e-01
1.551162315319876972e-01
1.232746226956690366e-01
5.740521389780008921e-01
6.260272972010674231e-01
4.491471118287531095e-01
-7.044679224156552566e-02
5.715768721859665336e-01
2.519252983054408035e-01
2.841318869578646211e-01
1.390126405076626270e-01
2.231273359786142552e-01
3.044718789738014297e-02
6.035049796261807709e-01
4.232382690238606360e-01
3.499927168606028483e-01
4.702039356842886986e-01
4.551240352964909253e-01
3.923179075415240691e-01
6.170305508192046595e-01
2.599775557480534793e-01
5.836090393239909968e-01
8.330919166876493698e-02
5.874825739055870022e-01
3.989442647423995236e-01
4.595816915282318060e-01
6.160677248632568936e-01
1.843674286597837830e-01
5.994021595818681547e-01
3.601042498274846793e-01
4.670349867028487090e-01
5.645469870968503612e-01
2.192602639261448105e-01
5.282396005857218357e-01
6.649277054212237026e-01
6.575520225946379638e-01
