8.175818917040079681e-01
9.604383004133556501e-01
9.269376333227653530e-01
9.509527807461644056e-01
8.331437336498568325e-01
8.253708123709814215e-01
8.814951445702572386e-01
7.960652623240549453e-01
7.054844510372133559e-01
9.112745072224428533e-01
7.946526282354389181e-01
7.550127907082102574e-01
9.123498005237502539e-01
9.517561233504692186e-01
8.411958316902103938e-01
9.589796508202058645e-01
9.275471234363292794e-01
7.704777468668622120e-01
9.676986890620071780e-01
7.941211449886107498e-01
7.036096514369079014e-01
9.213037047094901899e-01
7.560002125297925479e-01
9.654676466514989785e-01
7.848689831078652368e-01
8.588487771652021374e-01
8.230507405375993013e-01
8.598994982300625090e-01
9.678280218119317269e-01
7.736498365335492400e-01
7.943714545681757055e-01
7.636382539390483837e-01
9.249171429243225884e-01
7.626561197558674454e-01
8.898354078012367108e-01
8.833424123645603476e-01
9.786767692609440461e-01
9.607669620689689438e-01
8.831165994174654532e-01
7.811221618408954459e-01
7.492339673601091654e-01
9.116513227327364133e-01
9.671501868084458886e-01
7.646828112953585332e-01
9.495238050216502357e-01
7.733831100577408524e-01
8.863816244858075954e-01
9.462368205275093480e-01
8.301659102072891372e-01
9.618695173224094397e-01
9.714591018786602472e-01
8.619958911944987090e-01
9.653049828422612944e-01
9.691044424898085374e-01
9.648240898375711749e-01
9.609670152774194563e-01
9.263679162840566805e-01
8.557738145653428496e-01
9.687119207207750549e-01
9.599832377495298719e-01
9.552433395257703408e-01
9.421304322740828852e-01
8.222978983415638599e-01
9.259261790203497933e-01
8.234907425023360039e-01
7.991713969068185985e-01
9.528874235944997384e-01
8.120080818069402850e-01
7.991527634398223334e-01
9.414224557028758600e-01
9.440128467054870187e-01
9.405408464187190454e-01
9.297811929930739350e-01
7.232105147679124268e-01
9.415863295027273594e-01
9.144133709187663994e-01
7.759165717395057893e-01
8.649009775189249183e-01
9.680497179794060880e-01
8.359141893100310305e-01
8.723097371421137947e-01
9.638215640598403189e-01
9.429654505656108743e-01
9.698433696367181334e-01
9.376189930488034729e-01
9.476870426738152053e-01
8.440255578053906804e-01
9.566541196516742396e-01
9.284628076606532554e-01
8.800352153893874485e-01
9.511670331379444843e-01
8.747256023942494574e-01
9.632902317955294169e-01
9.753857343973890703e-01
9.411855464068115129e-01
9.500091126310659106e-01
7.886010003015551106e-01
9.236693524394719024e-01
7.671350276830593007e-01
7.354447635019523144e-01
9.548433302102229403e-01
9.479955789289312706e-01
8.731320920261030905e-01
7.248345222723573400e-01
8.359312043665434455e-01
7.749254617363914299e-01
7.371555076655778027e-01
8.002038268071258731e-01
9.338672391423253893e-01
9.630661777928835043e-01
9.778733049230485808e-01
8.811065102210466904e-01
7.748379501020941085e-01
9.636155495250007252e-01
9.531549311603779717e-01
9.492634811873028600e-01
8.405089157453220494e-01
9.359117407213621842e-01
7.823609090212073625e-01
9.593634476393519961e-01
9.634438459114027520e-01
7.629710665094862065e-01
9.260357957170146648e-01
7.736338137980376395e-01
9.554730594280412825e-01
9.265245732794105127e-01
9.555938391593620240e-01
9.357717257120889975e-01
9.475165723706473475e-01
9.585863494702488996e-01
8.153870244774926723e-01
9.572765188746440446e-01
8.190321366332419251e-01
9.475908613681542914e-01
9.346796536231516406e-01
7.862053946213796163e-01
9.717238425885981190e-01
9.498803232856426471e-01
9.499563725802604441e-01
7.365280951536250509e-01
9.718446246659993015e-01
9.575712078958394935e-01
9.660452137398444217e-01
9.456178311685875526e-01
9.687961401691507213e-01
9.340942860573859807e-01
9.030187639195537130e-01
9.641224170832283225e-01
9.523392375564230239e-01
8.992326983378358118e-01
9.414950773882009294e-01
7.735303881113819724e-01
8.529283560648128759e-01
9.415152611866040022e-01
8.380990854373268073e-01
9.664204107743762373e-01
9.108888459280970462e-01
9.283531235343869259e-01
8.355791824725420369e-01
9.115728733873456058e-01
9.430117043271206700e-01
7.745323466083953168e-01
9.362798484019992928e-01
8.089971749001534373e-01
8.276339710817376405e-01
9.463333475586108712e-01
7.998190385499550636e-01
8.772981087141974443e-01
8.653329302432408721e-01
9.238990116592189494e-01
8.264456316253168122e-01
8.799843593812445297e-01
9.638001492024288464e-01
9.706041667613735102e-01
8.234713186009121610e-01
8.026842655027150997e-01
9.465958313766840160e-01
9.136729670897065780e-01
8.816806914033257225e-01
9.544610058112875661e-01
7.774890035569892444e-01
9.220786190844019181e-01
9.616234431046538633e-01
8.744492399810581684e-01
7.267764236548570622e-01
7.812140016539038667e-01
9.668521759273791538e-01
7.956601837720309600e-01
7.603023354370581632e-01
9.606397401428050653e-01
7.799517384330345582e-01
7.338489847758311591e-01
9.643483987973251459e-01
7.573140506976420161e-01
9.573208870415562677e-01
8.919607283504874529e-01
8.620775175874311191e-01
9.342956389071945811e-01
9.690739805719692512e-01
9.623616869454253431e-01
9.557567295999056523e-01
8.155640212690598023e-01
9.410967406758590226e-01
9.530740902284877691e-01
8.110810808282628015e-01
8.747586533298068456e-01
9.299869568131264863e-01
7.882256165286809502e-01
9.709432180892274555e-01
9.555965054883959198e-01
9.539876128164258562e-01
9.590437311860451342e-01
8.972663237790221569e-01
9.601926353819132398e-01
9.409484292472474198e-01
7.519314641789816012e-01
8.056310159547741545e-01
9.709219919760130324e-01
9.518570136342099364e-01
9.757182110899258465e-01
9.111942492753153378e-01
7.752472955814145861e-01
9.662075268032130904e-01
8.492522819888148611e-01
9.440229569667639709e-01
8.712735749277555897e-01
8.670245061720097679e-01
8.067021977999793148e-01
9.725290758260527468e-01
7.750294666973497337e-01
9.728281348177039156e-01
9.444851767520291430e-01
9.715632906775457656e-01
9.588411007436842270e-01
7.461144365084597663e-01
8.647905241583405678e-01
8.521113392129737729e-01
9.655649111962019138e-01
9.690035213147648596e-01
7.893232297660432994e-01
9.609298909885982676e-01
8.631106841876381441e-01
9.567126656168170040e-01
9.005310266589245938e-01
8.397234966459496963e-01
9.595212559216479420e-01
9.619110466321132424e-01
8.924381138339598785e-01
8.344997890932157603e-01
9.667972483274036577e-01
9.379767725399436040e-01
9.710993764218974755e-01
7.717462649097051042e-01
9.622348574213828165e-01
8.313750865652609345e-01
9.557453335425327712e-01
7.240991435913933794e-01
9.432555994240554575e-01
9.682989894662075159e-01
8.473058905033865607e-01
9.687287330350152770e-01
9.617033132602276213e-01
9.345577497081614116e-01
8.866362158179463826e-01
8.294474758957808280e-01
9.436829640025221622e-01
9.126005641185190864e-01
7.886195773647551865e-01
9.636619912728523474e-01
9.698321590984005924e-01
9.497004808886218008e-01
8.535165224956908769e-01
7.427184359631822108e-01
8.277367075739219260e-01
9.701676652403852241e-01
7.924289913177111622e-01
7.775550650214630988e-01
9.261299978909740549e-01
8.714413707242658624e-01
9.558685121413517116e-01
9.285772440668162986e-01
8.590202514364628783e-01
9.608590934798437733e-01
8.024670988547519812e-01
7.688552387982021674e-01
9.654922376135095519e-01
9.668878966362348670e-01
9.601282689272609971e-01
8.160677010583361479e-01
8.613270503228279695e-01
9.640792322834508266e-01
9.439665451448666644e-01
9.676768123258856491e-01
9.359707655542113258e-01
7.508076988367935467e-01
8.505561898381910346e-01
9.633099415873054294e-01
9.604235310335780262e-01
7.331138468452953472e-01
