-1.638543074037734915e-01
-3.193840178135006203e-01
-1.484521560041463795e-01
-3.341436888534925487e-01
-1.262121838191884449e-01
-1.753650773233624005e-02
-4.275648356959217411e-01
-3.348813498568359304e-01
6.837829979349333009e-02
-1.219539813923359167e-01
-2.763227896877252232e-01
-3.499513877189949218e-01
-3.474053632808793424e-01
-2.427131537337698652e-01
1.070928663580288515e-01
-1.244305589528364731e-01
-4.232344999270225561e-01
-4.546846601062540794e-01
-8.786189797439410143e-02
-3.339262828016539841e-03
-2.346273123753263024e-01
-4.066868056319291047e-01
5.069213924283502704e-02
-9.413799527589972183e-02
-3.888800817563441425e-01
-4.013665379894155727e-01
1.146469048079483966e-01
-2.704866885827184597e-01
2.893214502450475178e-01
-2.031196889950875606e-01
3.782816910337014615e-01
7.976162251457466490e-02
6.331777080629300003e-02
3.606822117289638086e-01
-1.198405398436277469e-01
-2.027991107959496997e-01
-3.578178273272905607e-03
-2.153118970320864745e-01
-2.810614301830222095e-01
-4.132199204467305598e-01
1.766119725880036517e-01
-9.222068107618061616e-02
-1.109997382517335929e-01
-2.565561643024121263e-01
-2.918412108630490387e-01
-3.603036125766987952e-01
-3.536684315312127458e-01
2.952589543047433596e-01
1.200167597361445626e-01
-3.547958068921028829e-01
-3.733323199929155511e-01
2.555164218735549442e-01
-4.358833271971531698e-01
1.740495921835658044e-01
8.758405850400211023e-02
1.191706780161852497e-01
-4.117879798521020263e-01
-1.773295551731214892e-01
-2.235404678162525860e-01
-3.769783046445470132e-01
-1.866622998280081935e-01
-3.789443480763619587e-01
-4.078903555564163952e-01
2.063328971062443062e-01
-2.470901035952164093e-01
-1.555749743984766453e-01
-2.927448815563983842e-01
2.299468808423225930e-01
-6.276628203614350449e-03
-3.606728547436696131e-01
-3.716691293278506780e-02
-2.521096986238233195e-01
-3.374472412762296453e-02
1.421778867608948782e-01
-4.486870203210142627e-01
-5.016687899239841153e-02
-3.588811403474938544e-01
-3.786439437858528656e-01
-3.376888137407558776e-01
-1.003589317903089487e-02
-1.861675786646392605e-01
-1.479032468294594893e-01
-3.918389122257140422e-01
1.890420627927440478e-01
-8.269731542794497847e-02
3.003260748506531574e-01
9.720456677045885563e-02
-1.184209366536039809e-01
-2.212273836125522308e-01
-1.731675436185232120e-01
-2.199545539102153724e-01
1.240100698729075523e-03
1.342024858972360735e-01
-3.992151048407353159e-02
-4.478870136325728835e-01
-3.541846284709612713e-01
-2.328258520913216445e-01
-7.167022102899257840e-02
-3.880993915053459337e-02
1.220144977850295964e-02
-2.869697537160150747e-01
-2.139879517494771288e-01
-1.020529681225600116e-01
-2.717837874230821238e-01
1.129975868635950398e-01
-1.148915418159358465e-01
-4.119152422011015391e-01
-4.298652979173736011e-01
-2.525117878656529813e-02
-1.595490761819012837e-01
1.165042585828195837e-01
-3.214958996507802924e-01
1.838936230920308335e-01
-3.570812819820083917e-01
-3.914069159444780177e-01
-1.562458629081842076e-01
2.189297390578641977e-01
-8.027333856760256181e-02
-2.812066074656924611e-02
-3.081933667009511546e-01
2.386470216294248603e-01
-3.726139805907627833e-01
2.159478275927112501e-02
-3.734184685614339583e-01
1.088340056691159130e-01
-1.190280268403758612e-01
-3.553863950835615682e-01
-7.695952868466186814e-03
-2.170593839305857142e-01
-3.747427644181863249e-01
-1.160925616665637594e-01
1.775599377359607656e-01
2.329450100383888556e-01
-4.598452776869714764e-01
-4.384364984573588808e-01
-3.522540914056155326e-01
1.969928849608904020e-01
3.041031572120194704e-01
-1.483278127588037731e-01
-3.886180174280174371e-01
-5.101659706964754015e-01
-1.009908842215680308e-01
2.564230672541735756e-01
-3.401594169942983442e-02
-1.002170982644723651e-01
-2.296994672593494491e-01
-1.909999163457974658e-01
1.288294770850563764e-01
-6.041313831531525125e-02
1.326717589454350643e-01
-3.496421394354544132e-01
-1.679525921182422055e-01
-4.342663018042398904e-02
2.475839845926244287e-01
6.175087618232913411e-02
-2.045195098438627457e-01
2.347651368299657759e-01
-2.129610360550936443e-01
6.618535765108252145e-02
-4.170214233550423866e-01
1.733120074797212806e-01
-1.495588921021859807e-01
2.149959782549646925e-01
-3.261523118019332701e-01
-2.468620059532828648e-01
-6.120733456956900520e-02
4.110835916540812041e-01
-4.100227705588347371e-01
-1.021096365534358841e-03
-1.454089542844342331e-01
-3.232815560671746802e-01
-1.709772431126593273e-01
-3.843628795698179057e-01
1.411161722825110543e-01
-1.685479248990433554e-01
-4.017074950350373874e-01
-3.537693492410257656e-01
-3.376335556420107520e-01
2.049428245793873393e-01
1.369632997209356551e-01
-4.513358464069864850e-01
-3.836338762031891725e-01
-2.540142473329207173e-02
2.694041194949352569e-01
-3.113196579536519071e-01
-3.061521066585803363e-01
1.654925394460268484e-01
-1.700034176920609263e-01
-5.274248649458421201e-02
-8.282483058085154948e-02
-4.061528371693887696e-01
-1.626543131517753649e-01
4.173032595031443692e-02
1.547871865464341690e-01
-3.311221191322966106e-01
-3.882418027488387241e-02
-3.673160539436219896e-01
-3.670991597812433005e-01
2.302309504935962647e-01
-1.297208144421652110e-01
1.451630855304561138e-02
-1.563825556616218748e-01
7.087150575481099279e-02
3.128909219281972298e-01
2.366869842108709765e-01
3.282625884674387207e-01
-9.682608655348576288e-02
-4.863587424777768287e-02
-4.184695174551740782e-01
-3.991961885348342398e-01
-2.169780025127012457e-01
-2.613442829616741681e-01
2.714163688690380410e-02
-2.375625018172067004e-01
-4.034277124318745300e-01
-5.944151429707963258e-02
-3.703969988863994312e-01
1.354391886214510038e-02
-3.253371749783682265e-01
-1.367790681492770388e-01
1.443840881104430096e-01
1.872243980138226238e-01
1.921886905509759824e-01
3.871288664141622760e-02
-3.636318702941081227e-02
1.646181529324182158e-01
-8.428177220205117226e-02
-3.906782312890788034e-01
-3.565214866778738112e-01
2.204829903780972655e-01
-2.301063502129907234e-01
-1.095185137548420062e-01
-1.223574033472550893e-01
-3.753356712804073458e-01
-4.195146017825718276e-01
-8.746640918513544360e-02
2.897677958173863755e-01
-3.346819120054536079e-01
-3.692460714326630811e-01
-3.748662456431146039e-01
-4.090782745021627198e-01
6.406146837926773863e-02
-3.613194625416500660e-02
-1.480024201982442153e-02
1.699978114497613935e-01
-3.790119816475774339e-01
-1.413740661099820717e-01
-3.887657904646420470e-01
-6.051658195858237999e-02
-4.132098206576600430e-01
-2.960665619108011071e-01
-4.334554249076610910e-01
-3.962703446408119556e-02
-3.487420676658785079e-01
-1.383861170342477465e-01
1.796019001753901279e-01
-2.810207277039000751e-01
1.348306035834783700e-01
5.615893255603869594e-02
-3.719153305567090562e-01
-3.009997110786962193e-01
1.582319067696500436e-01
-3.832560287702690277e-02
-3.692932232467442955e-01
-1.979603677646464832e-01
-3.143111633117161574e-01
4.983182142115445690e-02
-4.193167080624971566e-01
7.277613660200334122e-03
-1.704380372635282137e-01
-1.327632112696481015e-01
-4.104718111278952142e-01
-4.311035736951186470e-01
-1.041845792795207254e-01
-3.588150057231579981e-01
3.199762208302528443e-01
-3.767573307392575455e-01
-2.983855487556477115e-01
-2.464232102522663226e-01
2.125764091428526334e-02
-4.494981255594738823e-01
2.114494595736337024e-01
-8.446614336893716601e-02
6.696768690660917511e-02
2.492953444878588387e-01
-4.282609325633550679e-01
3.323666839245112969e-01
2.035296923627202548e-01
-2.475454769548556255e-01
-2.295729728650458268e-01
-3.950675617142871965e-01
-2.141061614040826178e-02
-1.807578593051382687e-01
-3.655701393824355439e-01
1.412132220456960019e-01
-3.515529881460685568e-01
-5.711462205366463901e-02
2.967455453324626125e-01
3.195221469539066272e-01
-3.810592829079112454e-01
