1.172126520653587189e-01
-3.489628059213215616e-01
2.541890124796073458e-01
7.692774787000182524e-02
2.247120605523258152e-01
1.461466659826244352e-01
8.904634156449882376e-02
-4.230231368348565946e-01
-2.227790807117008831e-01
-3.937472424258314785e-01
-4.108271236366303203e-01
-3.032398900410333553e-01
1.182898243083402023e-01
-4.253631146298494370e-01
-6.809807263963238433e-02
-3.841671517951931736e-01
1.998240893500494719e-01
8.577913760655603292e-02
-4.013545956217292043e-01
2.186158086245102716e-01
-3.744856479932093807e-01
1.232863907980567691e-01
4.682818407973055042e-02
-8.219634819346907650e-02
1.753405201759810073e-01
-4.168672811934461264e-01
1.066892460962010070e-01
-1.662735014842726400e-01
-2.129103648347447086e-01
1.906913840259445436e-01
-4.081490958059335594e-01
-4.248599825400865004e-01
1.524644850866986034e-01
-4.669675594054358836e-01
5.502143389896668735e-02
-3.297164531993945213e-01
-4.223139861404457962e-01
4.063095491738455411e-02
-4.233141546234536756e-01
3.884920559968047665e-02
-3.916865237284813395e-01
-2.973277170309742146e-01
1.653980473575828170e-01
-4.004637365830472362e-01
-4.171799298291360980e-01
-3.881530320409301016e-01
-3.781166717284081824e-01
1.270048166040263771e-01
9.011303894227370992e-02
-4.161875337260707020e-01
-4.252290681129387573e-01
-1.946876768775554489e-02
3.754177847335102292e-02
-3.731932353215715037e-01
-4.436492609631877970e-01
-4.189386832220480250e-01
-4.356196257604109667e-01
-3.983478076303639259e-01
1.828196818363950760e-01
6.793181339625257997e-02
2.271028434020749831e-01
-4.074378070150138087e-01
1.968400622693855517e-01
-4.031043978846128306e-01
-4.341710683952829664e-01
-3.982809435421366118e-01
7.710577586288784591e-03
-4.415023290750825224e-01
3.663911441248983436e-02
-4.043422536837171233e-01
1.745164710343193870e-01
1.000386768739876531e-01
-3.350157172122599225e-01
-2.844731559392515985e-01
3.028009477013756529e-02
4.636641902872182253e-02
8.918174273974571742e-02
-4.265563936608611773e-01
-3.989848863621273667e-01
-3.538309631857383120e-01
-3.667444354432273235e-01
-3.922733920660101403e-01
4.666143473440174938e-02
1.441525738986077498e-01
-4.136565113158759965e-01
2.052792521193956832e-01
-4.045651452934735381e-01
-3.997711681844092757e-01
5.209692639575772000e-02
1.924734864693121439e-01
-3.971288224835081704e-01
-4.392484135059568917e-01
6.207919495686759631e-02
-3.990411120155598068e-01
6.999179243539446760e-02
-4.245476151734549064e-01
1.007022475404558137e-01
-4.912610706215793654e-01
1.572088208360445660e-01
-4.188454741406691384e-01
-4.169573962179939364e-01
-4.049803228131096944e-01
-2.001828608766097195e-03
3.444317155554314086e-02
-2.960189418788054527e-01
1.010233536316259007e-01
3.795482176259697138e-03
5.133086403225954608e-03
-4.183719496651557845e-01
-4.310440626354530291e-01
1.738307490355326529e-02
1.711891413734076550e-01
-3.653480623956249507e-01
1.229837459961775070e-01
-3.929358698709198849e-01
-4.230614360991341028e-01
-3.893367369837098524e-01
-3.826528900577105263e-01
1.671953815388940723e-02
-3.958779058336431844e-01
-4.048395666086844202e-01
-4.002726911602157989e-01
-4.048711848580845429e-01
-4.187912457249302611e-01
-3.777289642435047168e-01
1.225293022479176930e-01
1.516129175895101350e-02
8.004511592877903980e-02
-3.823194986661945793e-01
6.984299913559957607e-02
-4.193008785893075907e-01
-4.412434677807717809e-01
2.392455041760626344e-01
3.868806010208231810e-02
1.859828421876497939e-01
-3.484694779670791664e-01
1.417361137788976932e-01
-4.632161228318792401e-01
8.966680355114473033e-02
-3.997540111798988938e-01
2.970066909352109957e-02
-3.956505003217934413e-01
-1.160834671096784843e-01
-4.405945749018831403e-01
1.026674203716945871e-01
1.844356460472588721e-01
2.558833200265912544e-01
-4.287550721333995840e-01
1.136741667223603869e-01
-4.145326419299344423e-01
-4.542343079403673434e-01
-4.392445116062150823e-01
1.107007285995188217e-01
2.117642954447050974e-01
2.098921489764765946e-01
-4.155496833178586868e-01
1.590433561444509758e-01
-4.131179040801797320e-01
-4.198710716202661564e-01
-4.104959993445989053e-01
-9.265749112393362186e-03
1.927550775980951814e-01
3.054117160560214372e-02
2.153552064907360286e-02
8.726875781597739912e-03
-5.018412458476119165e-01
2.346772133856966924e-02
1.214285390451824986e-01
-4.120432139759246382e-01
2.160404712099086577e-01
8.128810786855070192e-02
-4.154618488077920779e-01
-3.577201544392694110e-01
3.402836759753793267e-02
9.005393966131947092e-02
8.560393327966031585e-02
-4.103922746771905272e-01
8.063472522433680345e-02
-4.507317462325723945e-01
1.036013482808495756e-01
-4.268808716213832177e-01
2.267518342169789203e-01
1.330446813036603448e-01
1.069820461618522373e-01
8.107738818084223031e-02
1.102347233135577281e-01
7.744431638410956276e-02
5.898696543674510073e-03
1.830921078212752184e-01
-1.132405667684012462e-02
-4.297379625648324319e-01
1.111747345748392291e-01
-4.296430630011520146e-01
4.812275143697388596e-02
9.895346534303448016e-04
-3.808437083572373538e-01
-4.094682849549854953e-01
-4.151121665739665456e-01
-4.008756747691941125e-01
-3.046674094696689983e-02
-4.323049775253169913e-01
1.742176681104262437e-01
1.677874450758323754e-01
1.975788805948979487e-01
-4.496298770135653822e-01
4.904778051610299977e-02
-4.263701241234406636e-01
1.322092476707308062e-01
-1.295661145444166329e-01
-4.455271118770272043e-01
-4.219220257765626814e-01
7.518083998716640348e-02
8.115012913989151644e-02
-1.857516618837267430e-01
-5.005061661344156060e-02
-4.116975030552512682e-01
7.816046368505380482e-02
-4.139815495766850928e-01
8.399769435904710924e-02
-4.009723088743087360e-01
2.057354623148473227e-01
-3.735763183984096569e-01
-4.106431887326011387e-01
2.437365124652981219e-01
9.457667437112279862e-02
-4.057614419349292456e-01
-4.429645571163226547e-01
1.462998605326580048e-01
-4.140654054052158584e-01
8.593210328892930683e-03
1.082363070642728964e-01
1.599706854949495549e-01
1.346120165614213826e-01
-3.860863468685967748e-01
1.004105088983440336e-01
-2.852879645957297206e-03
-4.162399978472432482e-01
9.474055477473830589e-02
6.012950251400756702e-02
-3.518817070162309490e-01
-4.176135285147060672e-01
-4.294506976481822780e-01
4.876338272212430575e-02
2.607908249447922211e-01
1.001670717802365523e-01
-2.940200151274503515e-01
1.661564376893169825e-01
9.805845267430172985e-02
-5.268318379077999714e-01
-4.044415717203193594e-01
1.475287965801065915e-01
5.926206298261552097e-02
-4.021010636354476198e-01
-4.261032000879382275e-01
1.321035923221019759e-01
-3.949649289736868463e-01
1.912901855478724988e-01
1.369476832282923162e-01
-4.032479419364686235e-01
-4.066581528035605464e-01
4.610163418893421794e-02
-3.865465064063109413e-01
-4.131475515460188985e-01
-4.137210775932055329e-01
-4.067085707693924301e-01
2.463639207930858332e-01
2.333094063149447339e-01
-4.159290986323673778e-01
1.556577585749551740e-01
-2.351415204922999991e-01
1.892579938307034360e-01
-4.155090742623354094e-01
2.392315947594544079e-01
-3.932649827583404312e-01
6.133452505391503301e-02
9.446328624572368493e-02
-4.074918418872344184e-01
4.924421657546486364e-02
2.186061742156536203e-01
-4.232074605379196885e-01
1.267645028960435183e-01
1.450489315555847369e-01
-4.068363872811724402e-01
2.100815135554830460e-01
1.008332923428596761e-01
4.911626498607993274e-02
-4.117179313131980045e-01
3.984940594092387794e-02
5.764358176960142355e-02
2.176643982836219335e-02
5.484915130039556136e-02
-4.168928460923861934e-01
1.501152163435236497e-01
8.324260745017290908e-03
-4.315619568176770615e-01
1.521433072313579382e-01
4.044420672687260715e-02
-3.652435021849270713e-01
1.690644525099954110e-01
-4.835080396878917997e-01
