-3.739614733668318314e-01
4.316223645745566329e-02
-3.825651578204562475e-01
-4.413517345088782129e-01
-4.321587681025499394e-01
1.027770238692468641e-01
-4.164905776535495763e-01
1.100286014791793249e-01
1.899308957511676443e-01
6.892149073909539791e-02
-1.629594666009978599e-01
1.210464884619039672e-01
-4.262597174639608522e-01
3.321603803757808282e-02
-4.445592316474428207e-01
1.318855548780499543e-02
6.346750655546853914e-02
1.811822666065469045e-01
8.198857347561319675e-02
-2.408494489379819359e-01
-4.599703671133444360e-01
-4.559568788443850718e-01
1.585853763606547007e-02
-3.600746176815737276e-01
-1.480762091726366969e-01
-4.049088881731521816e-02
-2.270749010733267848e-01
-4.270225474527786780e-01
-4.133879807094818504e-01
-1.986930097533808059e-02
-4.423206353093572241e-01
3.697239867111123957e-02
1.050485770310463640e-01
-4.204746633553237412e-01
1.653709116819781499e-01
3.131190328669669620e-02
-4.637220323258063881e-01
6.589323825086901287e-02
-4.289918138861216201e-01
6.226400381697785175e-02
-4.433501656014348646e-01
-7.078065295912146226e-02
1.175473419002129455e-01
-2.792624815712851927e-03
-5.126793091379809875e-01
-4.101869627063630674e-01
1.346393338617630220e-01
-4.530155602308312823e-01
-4.339425540664531011e-01
-4.529503735603583880e-01
-4.322573654215456362e-01
-4.691845606943388924e-01
8.990751789521927995e-02
2.135935530106523872e-01
-3.973926883245642028e-01
-3.120529797856856913e-01
-3.976480408929414789e-01
3.832505869093699030e-02
-1.511923446745203903e-01
1.950498460610324697e-02
-4.218305000011817185e-01
-4.401394451827721488e-01
1.089896226989116451e-01
-4.601093555446978400e-01
-4.529374340806367472e-01
2.214408544194806649e-01
-3.890714387415502018e-01
-4.224883087766336809e-01
1.019870472577375786e-01
1.281615006068143048e-01
-4.348311200706023172e-01
-4.452075097543359838e-01
-4.553977186110277908e-02
1.382805575046398283e-01
-4.298418401690604629e-01
9.916063260025094472e-02
8.316132576583566693e-02
-3.478825373229637030e-01
6.722810256967873266e-03
-4.813468553628147406e-01
-4.051674833128494635e-01
1.511417234314469671e-01
-4.156573680893875522e-02
-4.637247958683313187e-01
-4.115165330694866563e-01
1.361947673434053541e-01
-4.208192650675778301e-01
-4.449790021540345752e-01
6.447562406119627942e-02
2.549120337885646403e-02
-1.667600763440630074e-01
1.057524920361010839e-01
-3.982302755944567285e-01
-3.628582323897193707e-01
6.041251663587474119e-02
-4.668022189711801273e-01
1.658913917106362990e-01
1.887361020634550357e-01
4.265165470890701360e-02
-4.332849099868557596e-04
4.386409699975866994e-02
-4.213833418370854789e-01
7.890648199633901183e-02
-1.730359943389173094e-03
-4.264682747088727743e-01
-4.466979462820914182e-01
7.839989124017548994e-02
-4.231647364105264320e-01
-4.222380553303125006e-01
-4.518450048936284436e-01
-5.000174240736823816e-02
-4.453541010732765537e-01
-4.634552186869516643e-01
-4.662122993481149225e-01
9.067057187523361317e-02
-3.422190685748173200e-01
-2.228561271384157660e-01
-1.046034783275320568e-01
1.520377019043264721e-01
-4.310542146108199413e-01
1.797897996609612858e-01
-4.451031440317492760e-01
-4.155331570416911924e-01
-4.150977951815347233e-01
-1.648420364625011181e-02
-4.346343970785013777e-01
2.475864301053986444e-02
-4.485572951396245567e-01
-3.662521673611803807e-01
-1.869122943511602325e-02
-4.481823499550328105e-01
8.511354405946522372e-02
-3.489500747881381093e-01
-4.315619211267998079e-01
1.714123695960197147e-01
-4.170907186402847411e-01
-2.900825055233439143e-01
-2.456885764171720943e-01
-1.430237724035812730e-02
-5.234133508984543104e-01
-4.962717175633893918e-01
-4.571947763094827422e-01
-3.069824058042721071e-01
-1.762984155534033093e-01
3.928754621540037767e-02
-6.074997431697631151e-02
2.030332311510449628e-01
1.252935120769595873e-02
-4.463768456122670925e-01
3.634398443691549269e-02
8.966913244530619331e-02
-4.290683688937270701e-01
-3.403237491693177907e-01
-4.434112715250766446e-01
-3.738281392068149578e-01
1.070856871250810693e-01
1.488391911064309847e-01
-4.461008616510550029e-01
-4.319660957895272713e-01
-3.923189905555240498e-01
-4.245028869324203868e-01
1.156266514545478824e-01
7.652249359063688361e-03
-2.225592816541998864e-01
-4.451086720287052989e-01
3.352993970078074065e-02
-4.956588299330824121e-01
-4.427767004357211489e-01
1.377285863428026058e-01
-4.441751562945419618e-01
-4.778988818209991551e-01
1.318744247480574117e-01
-2.317252533315881102e-01
-4.645879884580456642e-01
4.268242092372671881e-02
1.028497820323562573e-01
-9.909068001014298410e-02
-2.053261218104394381e-01
-4.109692747387088119e-01
4.211135076674912131e-02
9.139902143442214799e-03
-4.176134391046631422e-01
1.760245718298283912e-02
-2.248371718897179683e-01
-4.144967532943661936e-01
6.594541986295635039e-02
-4.163825861636389902e-01
9.702631419529367252e-02
-4.342851004713021990e-01
4.008860756315597851e-02
-4.465283503834069356e-01
5.875583968578894367e-02
-4.466011816501139764e-01
-3.612910899781084373e-01
-1.565951674402225602e-01
-3.389241472906678876e-01
-4.358477498583269716e-01
-1.736853262168752132e-01
-2.526273119197995909e-01
1.301191533303648062e-01
-4.362657130142623130e-01
-7.067711086109808305e-02
1.122686026551856231e-01
-3.917555946919136223e-01
-4.306352065138508434e-01
-4.356557472415294452e-01
1.706542735071647221e-01
-4.091603357089258486e-01
1.301132619788066269e-01
6.481087670230131770e-02
6.338849827286127669e-02
-3.293398656106268918e-01
-4.341317652194270349e-01
-1.443032785258833994e-02
-4.884923625389036572e-01
7.659064022277534134e-03
-4.739266086708573411e-01
4.788804017137542057e-02
-4.372140781346126603e-01
1.173923006699170990e-01
-4.413279156483093102e-01
9.533567880674366501e-03
-4.333760986005018578e-01
-3.866157093757929819e-01
6.529847241876422792e-02
-4.268445978370588589e-01
-6.835626259690319451e-02
-4.405105335941530975e-01
-4.358376937935616868e-01
3.290373938591929087e-02
8.521509128626578167e-02
-3.327748510658009029e-01
-3.955975577791250308e-01
-4.832040361416511942e-01
-4.572693696924288731e-01
1.494720205973262273e-01
3.386524958271514008e-02
-4.179182347563945576e-01
1.926789911376087516e-01
-1.101992546050585831e-01
2.332103128715663776e-02
3.579788896360257960e-02
3.429023221719960934e-02
9.327638172079846801e-02
7.657929349421577214e-02
7.098763352169810970e-02
-3.960844630363304919e-01
4.880413772768901065e-02
4.395364745864427380e-02
-1.999083170235448070e-02
-4.372491819541159397e-01
-1.633619319406732218e-01
7.521881396798496544e-02
-3.360655740628121779e-01
-4.363349725258913736e-01
-2.187021104044883368e-01
6.346460705304615701e-02
-2.473466791944400542e-02
-4.591248180119886779e-01
-4.377684896606519049e-01
4.730526353227042236e-02
8.892751303493359738e-02
-4.300354910972211120e-01
6.963989227116286485e-02
2.453251273290937007e-01
-1.700582831943999729e-01
2.657269516492624106e-01
-4.403940054863045850e-01
3.598037882255882697e-02
-1.539848715237683574e-01
8.577511436337093009e-02
-3.314867321426762659e-01
1.777930808933364804e-01
-3.939582937628239301e-01
-4.218913968420088256e-01
8.074717876691450691e-02
-3.872776283663534325e-01
-3.138157430940035075e-01
4.666163458876544656e-02
9.192053592077731317e-02
-4.124972087693370426e-01
-3.298378311778821237e-01
-3.147882946052813491e-01
-4.384226996455537484e-01
-7.552955886290860232e-03
2.407340125433587996e-03
-4.490264336120591282e-01
1.922603558665751319e-02
-3.813658885994667402e-01
1.796343639863522135e-01
-4.056704034314991270e-01
-4.313171480660039636e-01
-3.763859495201034022e-01
-5.072061742489901714e-01
-4.447117529023286719e-01
-4.141320536131758434e-01
4.539110889309252994e-02
-4.449231980257483676e-01
-4.041777571886154968e-02
1.103002619545643548e-01
