-4.158484573192922085e-01
-9.079214106052860278e-02
-2.677579550514567197e-01
-4.044841107566928828e-01
-9.537043478174619948e-05
-3.631763187043041130e-01
-3.801701032220757837e-01
-2.536750017014751113e-01
1.380602729549147423e-01
-4.609575214873413707e-01
-3.238395099723082732e-02
-9.213593751718815450e-02
-3.077676303486072407e-02
2.132187944502517141e-02
-4.158937946538969754e-01
-4.589538210970833809e-01
-8.863125611988902086e-02
-4.177982254832547371e-01
-2.345412864553058085e-01
-3.821470888934335730e-01
8.416515139499942955e-02
-4.674483879285894483e-01
-1.840526888640165448e-01
8.107561334986602974e-02
1.088658390465131742e-01
1.402482837604322741e-01
-4.315390295245136176e-01
-4.023865361844469746e-01
-1.484590842462387428e-01
5.909817178555528544e-02
1.490103742054273428e-01
-4.595382074916709580e-01
-4.335291628031303635e-01
2.492578809667568285e-01
-3.075582218108348087e-01
-1.142735413607545020e-01
-5.135593785282956125e-02
3.452325087500545675e-01
1.730784784046731084e-01
-2.181764579396148485e-01
-3.119645968879584674e-01
-4.351147847824331505e-01
1.064062848013073853e-01
-2.023807318230621405e-02
-3.233931738756690155e-02
-2.281486391309978101e-01
-2.557201350108506688e-01
-4.347553049400574854e-01
2.512553991693148858e-01
-4.211390637013407989e-01
2.252375279033391048e-02
6.091208069122353019e-02
1.254878645212988697e-01
-3.839480404343575404e-01
-1.399662839766666056e-01
1.109277863284152260e-01
1.368061988314269450e-01
-4.105681701853120535e-01
1.207078808891446919e-01
-1.274504470230941600e-01
7.882553364637229221e-02
-4.124938220329014693e-01
-3.869912988313765623e-01
-4.273770713674166499e-01
-4.220966294963105492e-01
-4.600923567472043896e-01
1.607459644819992373e-01
1.716467396117275501e-01
-1.512317644982126563e-01
-2.638445331363849233e-03
2.411383919876959950e-02
-2.442847663657138346e-02
5.410685181901807306e-02
-3.750447596050933141e-01
-3.061945298379776248e-01
3.482535589679885968e-02
-2.522055256469624696e-01
-3.074685297890397129e-01
-1.664145601249273354e-01
4.130091615653078141e-02
1.748981796038534542e-02
-3.872046263732175642e-01
-1.157915820702525578e-01
-4.371590788048004272e-01
-5.173442233204968987e-01
-3.142994671498409165e-01
-3.191324323224628001e-01
-4.399384850756724030e-01
6.727325908473816285e-03
-2.690021460855024360e-01
1.338797889113313433e-01
-1.609495993324729646e-01
-1.623485233256363180e-01
1.584790627570379362e-01
-1.223179987300457155e-01
-6.005805520982598900e-02
1.158472584050756343e-02
1.690000233123050144e-01
8.516337248468353049e-02
4.961552341989693138e-02
-1.480200677186176844e-02
8.136529972422854029e-02
1.062355699758235350e-01
-4.176272638003083459e-01
-3.615131532252796598e-01
-2.910683142980652685e-02
-1.544742053206408228e-01
8.602419090200576213e-03
-4.466507883667971690e-01
-3.369087105252587255e-01
-4.378915035767879105e-01
-5.039937629424817711e-01
-4.209801650331537193e-01
2.143249475497703560e-01
-4.531439708529137744e-02
1.208458857275790388e-01
-4.409953364304851076e-01
-2.149138257991806689e-01
-1.812279446288097423e-02
-6.610765790271358466e-02
6.390941093431198872e-02
-1.121904720371543346e-01
-6.537045253754078522e-04
2.187427772012955907e-01
1.322493948997615076e-01
1.558552296696325001e-01
7.843236341459126904e-02
-4.264141226863784606e-01
-4.157117452691661552e-01
9.715925065246935888e-02
8.195002968278239375e-02
-1.444506199831873672e-01
1.088263164048733772e-01
1.493964819497754781e-03
-4.022863028573837596e-01
1.968923564512723712e-01
-4.192507484506781124e-01
-1.655051122549609094e-02
-4.646000223287069519e-01
-2.537579287043137954e-01
-4.010473020997943339e-01
-2.785842019346781440e-01
-4.859644797983932452e-01
1.019724767297647966e-02
-4.526632208743197605e-01
1.340101235780498667e-01
-4.342793616711843607e-01
-1.402515497407312919e-02
1.577557406409812180e-01
-5.828457085926040671e-02
-6.633162535375651536e-03
7.319741867760123921e-02
-4.117080121915905333e-01
8.147652154280601855e-02
-3.977355740518102034e-01
-1.988943531385722885e-01
7.923396800788440331e-02
-9.302589316475612380e-02
-4.686923146054980394e-02
5.968171013395505431e-02
-4.543549767751364210e-01
7.565633494515525137e-02
6.442947834445710009e-02
-4.448949332454296135e-01
-4.324413895151973386e-01
-3.080536379143182790e-01
-5.265508411287022489e-02
-3.213195198395352170e-02
3.176747892895631642e-02
-4.544155348602448852e-01
-3.973691933872569582e-01
1.105390691167451866e-01
-5.244347917760233679e-01
-4.041866062737418108e-01
1.395098158367767405e-01
2.955791312358019285e-01
-4.068390408530031532e-01
-1.171929532340243996e-01
-4.201362177450002622e-01
-5.095725597761577297e-02
6.983876872703749517e-02
-4.814496755817855855e-01
8.248540616398677972e-02
-3.134024358386997555e-01
1.115232962449905080e-01
1.407070551392241853e-01
-4.519939130603730648e-01
-3.894409848412661024e-01
-5.384329863380581394e-01
-4.456079501390182163e-01
-4.663732871958517490e-02
8.946237196407803849e-02
-4.386660293645716635e-01
-4.181321693691971708e-01
-4.221595643680854382e-01
-8.766421124301451706e-02
-1.486664766787051672e-01
2.466000303251220382e-01
-4.511264156416021631e-01
-3.987493330124350366e-01
-4.265551545953499835e-01
3.317746969810553281e-02
1.503120467852361031e-01
2.183319853619078155e-01
1.506580592364201721e-01
-3.313773902028350760e-01
-3.042080394709559266e-01
-3.322492448256801623e-02
1.837714338855730711e-01
-4.477518821094349510e-01
-1.935390797225070014e-02
-3.361969891787819353e-01
-3.717127870912460552e-01
-2.418731975587351257e-01
-4.263122962268572902e-01
-2.416245524971792347e-01
-4.326960536939495339e-01
1.074957717915819289e-01
9.789609282855109285e-02
-2.010293866206206981e-01
-3.209183942671414713e-01
-3.258366904241985496e-01
-4.520086992122402947e-01
-3.904493362475904839e-01
-3.014823831378989905e-01
-1.667982390719877361e-01
-4.332121067787759738e-01
-4.390756664566370926e-01
-4.650965651347656049e-01
1.024972434749337746e-01
3.586806402730079862e-02
1.436367491614598257e-01
9.014608697736337106e-02
3.491660524263644205e-02
-4.169027740151988182e-01
1.708098022807834626e-01
-4.293658786169788355e-01
1.041186853836788551e-01
1.117036903781485485e-03
-1.155834045436869573e-02
2.560618934046302586e-01
2.778654966565106618e-02
5.007515595734399888e-02
-4.063638840581695333e-01
-1.102826826281282091e-01
-4.189675714387723904e-01
-4.444119913089542018e-01
-2.891176490532879062e-01
-3.895411476071488077e-01
-6.798739313268034601e-03
-4.333438181836377634e-01
-4.392014866467550682e-01
5.570338574893894668e-02
-4.317380914063849162e-01
1.875850220018349113e-04
-1.269296809933818659e-01
-2.394526172446774792e-01
1.548047623699341790e-01
-4.122502692883324715e-01
-8.128060202241109422e-02
-4.236804064603770792e-01
-6.581122165751175646e-02
1.512083955285330461e-01
1.279492619834493028e-01
-4.289366308455030419e-01
-3.523146592000752086e-01
2.776897396418846753e-02
-4.130753925391701942e-01
-4.846417430811306853e-02
1.782459645266231130e-01
4.657063467701676174e-02
2.536157160169677516e-02
-3.972947051327921364e-01
-4.255302840785689655e-01
6.142655627714092154e-02
1.061972108864898123e-01
3.275491150066234258e-02
-4.157962774864150668e-01
1.347264681863563629e-01
-4.096230338558978779e-01
-3.999291589279337922e-01
-3.597153168127488754e-01
-3.778496170596562509e-01
-3.801079478175457549e-01
1.245072281988773566e-01
1.547282017955892153e-02
1.540780451703089859e-01
-2.951904791498085601e-01
2.992977143732859779e-02
-3.905365537974239687e-01
9.090250830054384668e-02
-4.077969733332958979e-01
-4.201214297764325201e-01
9.091122209123729536e-02
3.749155942295019639e-02
-3.461136008956304244e-01
-3.353850429681342060e-01
1.622902771027699143e-01
-4.328501951370718470e-01
