-2.401183733458568947e-01
-5.289139621705740701e-01
-2.674395330993085684e-01
-3.709513476496488771e-01
-1.120293767324712364e-01
-3.881322764961164795e-01
-2.041889667681934806e-01
-4.073180415973688406e-01
-1.452946020079267653e-01
-3.834064013972725560e-01
-4.155386790804391217e-01
-3.698932961073664871e-01
-1.704690142823478416e-01
-4.879980509966853064e-01
-5.059725106018744256e-01
-3.132688606277268806e-02
-5.345855222268850460e-01
-2.613902828078454310e-01
-3.649934728575712217e-01
-1.768834729366269287e-01
-2.965949706277779541e-01
-3.286117015394024454e-01
-3.455545797367030048e-01
-3.586034945624604897e-01
-3.810921347233724443e-01
-5.140821289397148330e-01
-3.338984039935053577e-02
-3.932156291046659535e-01
-4.943637228854674825e-01
-4.784963867278835270e-01
-2.320906999260578529e-01
1.477360324610605402e-01
-7.143740618668720233e-02
-4.759111176778270669e-01
-2.586601746264758361e-01
-1.804105535571091656e-01
-3.909324617942203095e-01
-1.420420625453553409e-01
-2.475297795662628475e-01
-4.982391899571175231e-01
-4.546558801292312491e-01
-3.794498750084431826e-01
-4.356982408100230075e-01
-5.285675882945164439e-01
-4.846037553030808631e-01
-2.796488162893210894e-01
-4.879510487072789005e-01
-3.809549295610981656e-01
-4.582161516565944614e-01
-3.439419528240915680e-01
-3.008785097039730072e-01
-1.631516091548396719e-01
-4.440364112468629942e-01
-4.167122338620513067e-01
-4.838660274401357375e-01
-1.328243725980629009e-01
-5.011571958996413612e-01
-5.205356313733274787e-01
-2.938331690130588369e-01
-5.211203121028412655e-01
-5.110732789278797927e-01
-4.919334216588374109e-01
-2.367016325631418061e-01
-4.671719198524855177e-01
-1.472558647862580727e-01
-3.264397822305729058e-01
-5.328848215944002042e-01
-3.980960333816063179e-01
-1.868480905987881802e-01
-4.932029248308944513e-01
-4.959620545182943374e-01
-4.506165522115141986e-01
-4.790426444440826215e-01
-5.099693333023563868e-01
-4.208019881306803711e-01
-2.486418334000224939e-01
-2.733528488952563507e-01
-4.594345639365306488e-01
-3.196344806996785359e-01
-1.425464731988872191e-01
-1.366311748522510694e-01
-3.802482822425617970e-02
-1.592774467049458686e-01
-2.672239465565368621e-01
-5.074597777867668746e-01
-4.694089521389057107e-01
-2.916664209724072476e-01
-4.946327224078592155e-01
-3.166337718068180096e-01
-4.851994433376870530e-01
-5.180602731069265943e-01
-1.626216930817641626e-01
-1.661751646638549851e-02
3.700778948474112151e-02
-4.487562245925433291e-01
-2.248996324105255740e-01
-2.572697207001370390e-01
-2.856298052194324311e-01
-5.258517165888098033e-01
-4.969722448197659292e-01
-4.466212722345999087e-01
-3.333898264235263809e-01
-4.092189720689705101e-01
-3.502947070806216034e-01
-5.060330213269738087e-01
-4.942323445648846292e-01
-2.402119025548443143e-01
-4.871543358148989755e-01
-4.754344593976117528e-01
-4.679901897332033323e-01
-5.055108232280429714e-01
-5.188869170524752494e-01
-2.880073997571649391e-01
-3.777148676355978063e-01
-5.007559725275521068e-01
-3.436703125469218190e-01
-3.930765391115110807e-01
-1.206428107673728073e-01
-2.893609648790419486e-01
-9.040258713680741909e-02
-4.538329412153506714e-01
-3.340508207444455868e-01
-4.376471711608715398e-01
-3.153098578661963636e-01
-3.390079208523472110e-01
-4.486636152407665890e-01
-2.712006599410856644e-01
-2.836416866123701586e-01
-1.581487343311293592e-01
-5.175470614546336945e-01
-7.400449267666989184e-02
-3.044248812977615182e-01
-4.933220779066436190e-01
-3.277821916212140252e-01
-2.946489878418199204e-01
-2.733402663469295391e-01
-2.672352710885257387e-01
-3.557307678515863048e-01
-2.782118497339236551e-02
-3.616533460935943967e-01
-4.276535426665403206e-01
-4.337936730740328262e-01
-2.048851534665052654e-01
-3.779326316714777256e-01
-5.208430013392097990e-01
-3.274468999032233985e-01
-4.259419380484342765e-01
-4.086146683273639835e-01
-5.059494715380764562e-01
-8.705894552551915466e-02
-5.267710375030836278e-01
-4.920705188486274584e-01
-2.487872317855500670e-01
-4.924071546958714296e-01
-5.003569818705017047e-01
-1.609428150503214305e-01
-3.624688146296444757e-01
-1.951947929411325111e-01
-4.889178086156137359e-01
-5.262982235042674706e-01
-4.804290826602637954e-01
-3.658832675738652451e-01
-4.794088499426422678e-01
-4.638667670651214769e-01
-2.447595096456606778e-01
-4.036242345469354120e-01
-3.900569825223701992e-01
-5.167725842309922601e-01
-1.195575354126043877e-01
-1.090048779117376715e-01
2.246303288834444745e-02
-5.201290831274918425e-01
-4.084765005730669474e-01
-4.539101556962032991e-01
-1.351387445977156321e-01
-1.970874807546716956e-01
-4.862537250321357085e-01
-3.340941183547162519e-01
2.615710423667763629e-02
-5.200949372212156918e-01
-3.312107906554919712e-01
-4.011989440692086961e-01
-1.794241018828995199e-02
-2.004741987222609378e-02
-2.525496449386184783e-01
-3.523030831628715109e-01
-4.802043098019300738e-01
-2.449316649846708938e-01
-3.999490776492132804e-01
-4.398841629430317868e-01
-1.031862527629477388e-01
-5.069015231736500038e-01
-4.683189458533901783e-01
-7.267587349137852315e-02
-4.774201212913452563e-01
-4.598248499344558260e-01
-4.883151406075713075e-01
-5.209472111535001781e-01
-4.149333181993643538e-01
-1.285484325807896844e-01
-4.080463586354739491e-01
-3.846476630643848038e-01
-4.031402754439772917e-01
-2.903773518474302429e-01
-4.305556223610577105e-01
-5.382647201792976066e-01
-1.083706973583163230e-01
-5.019499204805731862e-01
-2.512030414500018849e-01
-4.550445452682461700e-01
-4.493056644222119811e-01
-5.298817427837526628e-01
-4.413117983306719116e-01
-2.296678343450479776e-01
-2.727617743763379177e-01
-3.792151438639558836e-01
-4.903664850976807155e-01
-1.282194734102958811e-01
-2.599328120757048444e-01
-4.959109688217013812e-01
-5.432023455862717842e-01
-2.414578074768862770e-01
-4.893878226625741901e-01
-4.303258878585910496e-01
-3.049767283230708226e-01
-3.344283511897660488e-01
-4.296484855328039365e-02
-2.656431290294365977e-01
-2.707599181867407223e-01
-5.959383013404003643e-02
-2.267221343157009850e-01
-1.457750597929938774e-01
-7.962394993444794900e-02
-2.391891438962991945e-01
-3.608451079397752559e-01
3.457479947429641098e-02
-1.902387359551970525e-01
-3.230161844679014238e-01
-4.091133189886236310e-01
-4.419144100735387104e-01
-2.942152296603285921e-01
-2.254949957510162806e-01
-4.935812527008184292e-01
-4.723747427858098757e-01
-4.749750747268546847e-01
-4.426600177382983281e-01
-4.262477513864187384e-01
-4.036119306504905024e-01
-3.975671402548014988e-01
-2.927345217073847317e-01
-4.455018190779493348e-01
-1.411592891315272824e-01
-3.547625680287671557e-01
-4.139518497707978528e-01
-9.104533756151909907e-02
-4.548600916029189034e-01
-5.142053026103157176e-01
-1.368904432420863793e-01
-5.076469279554589598e-01
-5.149050039833334980e-01
-4.208404133106719569e-01
-2.103512161558549198e-01
-3.260564179312624988e-01
-3.871946153987321226e-01
-3.447761849399559320e-01
-4.938849282760900405e-01
-5.650784508092471237e-02
-5.407088572367181323e-01
-3.274042464989217888e-02
-3.657078111286126698e-01
-3.439233126109796368e-01
-4.858068344493670088e-01
-5.219093129088159255e-01
-3.098985865528711692e-01
-5.023327387124399968e-01
2.580722278196648234e-02
-4.091894605214533853e-01
-5.165299999244747919e-01
-4.606567648024767481e-01
-4.418378592218146217e-01
-4.997004151748617451e-01
-7.601449389696567083e-02
-2.707616219517399170e-01
-4.346764060434543109e-01
-4.150150883657760525e-01
-3.131405368912709153e-01
-3.072863095591755744e-01
-4.887506241781627847e-01
-2.907148923381699945e-01
-5.222121045818572949e-01
-5.099040969664651035e-01
-3.073399295661144448e-01
-3.086102429325108254e-01
-3.052673349116736823e-01
-4.763210681287336490e-01
-4.526924975770890702e-01
-2.807897626261205426e-01
-4.850041557371700951e-02
-4.963646639044593245e-01
-3.600994522428868638e-01
