-3.187482100082968950e-01
-3.795678036423281165e-01
4.100367161359439599e-02
-3.139286474498187984e-01
8.908811933327569488e-01
8.603654473122829272e-01
6.840803090156568622e-01
6.492870929763785437e-01
9.247026979419780135e-01
8.255011071146990398e-01
-3.064418607391542482e-01
7.051216830141213143e-02
-1.225138033523489461e-01
7.893283264636853369e-01
1.502091696422356848e-01
7.919304268582011419e-01
1.613981309120059993e-01
-2.230295671367785726e-01
-2.597674593328146431e-01
-4.307745099546639311e-01
8.243465729463071989e-01
9.256501143385611474e-01
-4.621877029824747463e-01
-3.913941143608334339e-01
9.146224952711554668e-01
-4.356166584832353861e-01
7.169855347277881430e-01
9.371071522227379935e-01
-1.784210381102064036e-01
-4.022472924856972387e-01
8.859928247703309223e-01
6.868725296557033344e-01
8.717800143838905225e-01
9.241804929793777656e-01
-3.471623562862341528e-01
1.194718337144115572e-01
8.464012732081216406e-01
-1.952529758634359916e-02
9.443920947371667873e-01
9.077141343451607947e-01
-3.656176095193234277e-01
9.048943458278789764e-01
7.910628250169822184e-01
-2.253728661993120164e-01
-3.373888312063781925e-01
9.390739503346241523e-01
9.229194189275810034e-01
1.334578966963002045e-01
9.110941739524003324e-01
-2.374762079465489450e-01
6.231428508918451792e-02
3.080893189492869833e-01
-3.207418235941215112e-01
2.483035379148232358e-01
9.102910316320793616e-01
1.919952132406562151e-01
-3.661429820300422522e-01
8.529815822850637941e-02
-1.879174488091635634e-02
7.742288838155042541e-01
3.341891217135027625e-02
9.216455826123629569e-01
8.068069692032096007e-01
-3.116288360871232732e-01
9.282610102985137113e-01
9.277958081860184780e-01
-3.215733719516525868e-01
9.380305091054960132e-01
8.140845136746177602e-01
-3.582871524265018870e-01
7.516822645516614276e-01
8.637037365316752036e-01
8.747250681625911017e-01
7.482235629267408594e-01
8.369892420467052174e-01
9.359595068291463038e-01
-4.052321424042679143e-01
7.701053060041345155e-01
9.336497587367915685e-01
9.188221495710738873e-01
-3.929331874198186414e-01
9.385351834444042307e-01
8.862756429102121025e-01
-3.983644304715497353e-01
-1.192592757429833394e-01
9.137143175528046335e-01
-2.584916244810421815e-01
8.244179122857466790e-01
-2.550930591490288557e-01
1.372773849225921994e-01
-3.331910749227190438e-01
9.441468687548923988e-01
9.060153060233088196e-01
-1.018262305010017577e-02
6.831908952570711069e-01
1.013415727480486972e-01
-1.463898096190394127e-01
7.356211622825586938e-01
-3.329662628526150470e-01
7.436975571310135980e-01
-4.315226674784956584e-01
-8.048397577450655538e-02
9.300183402770748620e-01
9.263180561045801786e-01
1.037594185517426715e-01
-3.307862969076584836e-01
-3.527853669944919224e-01
3.886492177079600152e-01
-2.307543251315792854e-01
-1.972175886143301693e-01
-3.487526047221845560e-01
5.062429806835975349e-02
7.869916633347741053e-01
-2.623687082751767763e-01
6.908659110482298082e-01
9.124962168075435587e-01
7.213194312667351449e-01
-3.382401662148825094e-01
7.125367016070073278e-01
7.368933833459417881e-01
1.795067727276668593e-02
-4.200494840721953893e-01
8.067273517690785045e-01
-3.411549070472287282e-01
9.283559301998070001e-01
-1.975375622746796955e-01
9.230449689782360689e-01
9.060305157204117110e-01
9.187479975109689168e-01
8.418027108515580004e-01
-4.189131347094248725e-01
8.931744766469453811e-01
8.793505550809784799e-01
-5.190808299678704996e-02
-1.949038131185984457e-01
9.535828169437126078e-01
9.496533182899039582e-01
8.796348607545061427e-01
8.137062420587617417e-01
9.005969417282423395e-01
3.290322395297332059e-01
7.065070223179980013e-01
8.661374770212109109e-01
9.113232876826254936e-01
-4.150969414313957495e-01
9.231948544697984316e-01
3.507839789681495984e-02
9.316405618076756268e-01
2.549545493633529336e-01
7.874753618745801154e-01
7.398015238803321569e-01
9.281680116020240012e-01
7.150250423822623880e-01
-3.817399152950017860e-01
-2.462715366914875470e-01
1.149492830164715595e-01
9.140460922281485878e-01
3.371371223415008944e-01
7.698170045038635889e-01
6.466018495636636221e-01
7.063129015352203055e-01
7.761505834721313390e-02
9.181088197770541637e-01
2.045151130478311263e-01
1.740758772576425362e-01
9.219484326770691629e-01
-3.921147088984867635e-01
1.844409378562321677e-01
9.238380032646346107e-01
1.112449582281611199e-01
8.710015748851732686e-01
-8.472606617569783394e-02
7.275337790326211751e-01
9.290201733454004351e-01
7.402193015795913711e-01
-3.040741483567850900e-01
1.788251816567696939e-01
9.279015250139742710e-01
9.205368873075057135e-01
1.199785167787245366e-01
8.270121425944035320e-02
8.055829304482929887e-01
1.729446632320045252e-01
-9.601763329043126738e-02
-4.148966928426277567e-01
-3.533438694294320781e-01
9.541828051541624278e-01
9.328211542245286036e-01
7.497300619134358302e-01
8.457599423041196607e-01
-3.233105279047887026e-01
1.337363783652608662e-01
9.192587835528018836e-01
2.067847903006773957e-01
8.991417637131395857e-01
-2.824032426256116723e-01
1.080975978986724317e-01
-2.983613428751458740e-01
9.225002053566623283e-01
1.047572066191449491e-01
-1.589259584585797080e-01
8.861364282328187958e-01
-3.565698213318705401e-01
-3.595012685286657073e-01
8.969095726978866256e-01
-2.961369254504452875e-01
-2.504104619636392526e-01
7.748886953314600978e-01
-3.444373562207359019e-01
9.066934270070753366e-01
6.561097594326703586e-02
7.401526054190287196e-01
8.396884838645971572e-01
7.911124280611253612e-01
8.485355009311377206e-01
-1.287332354506572629e-01
-3.804834174187352591e-01
3.736055434888320426e-02
-3.359125012683215061e-01
7.237881619976130887e-01
-8.203330073663717137e-02
9.302301858713147853e-01
-1.923792152065793015e-01
7.042898505650986296e-01
8.080221028803954431e-01
-2.953839499630740439e-01
-2.881537316747395105e-01
1.800494432795081146e-01
9.536356576387423623e-01
2.408519664589766074e-01
-5.369570184774095228e-02
-3.498494557444049580e-01
-4.287834851978624684e-01
-2.688338116255726273e-01
9.341761303057501964e-01
7.259043854755944380e-01
-3.237900288718178476e-01
8.461994971379634967e-01
-2.126513040131712828e-01
9.221016127500069048e-01
6.964316313737918263e-01
8.239495136462510194e-01
-3.770180015477915259e-01
9.108219970543806054e-01
-3.325087004984606520e-01
8.322197334074965536e-01
7.128253773966224394e-01
-2.919963374866657579e-01
7.399487836995359835e-01
-3.047249669748071377e-03
1.114414343734317428e-02
1.901008690329180073e-01
2.269054329738721676e-01
1.857195771189491251e-01
-2.303534699997540069e-01
-1.301238314237288529e-01
8.537036966065671972e-01
9.098225647349844625e-01
9.250356057593658310e-01
1.954560695998383002e-01
9.302035833014038468e-01
7.695558712785415256e-01
9.565099228739248893e-02
9.390347827164060579e-01
8.658157234651403522e-01
-2.481391217655603554e-01
7.317040968785228916e-01
-3.159360491138487048e-01
7.382214573868043361e-01
-1.378382616435380736e-01
8.081921652649313170e-01
1.796854690659400455e-01
-3.446207494109170821e-01
-6.668829619323202174e-02
-2.618803374602720613e-01
1.399821600070174088e-01
9.299179316123293848e-01
6.731890397908029122e-01
-3.711933641930632577e-01
9.000606800121377926e-01
-1.374694718894415024e-01
5.399788897861523829e-03
7.586822534459439771e-01
9.355054837948897362e-01
-1.066364330319105880e-01
-5.584693662639845374e-02
9.181179808333572723e-01
2.208088395841568408e-01
-3.062982472947589074e-01
-1.513544645781940423e-01
9.754190557209836687e-02
9.143720096540438602e-01
-2.427202815106020151e-01
9.311471649014068097e-01
8.810265990287543536e-01
9.034433999818020089e-01
-3.781111555315828654e-01
9.016003940585400889e-01
9.106934215329479665e-01
9.193621206262465595e-01
