-1.645719721195934224e-02
-3.058858307117240938e-01
-3.162381697094761579e-01
9.255033236356914328e-01
7.580323668295786410e-01
-3.861286780991877166e-01
9.274117492213972413e-01
8.801192633225218831e-01
1.743807916288111354e-03
8.498780002386103760e-01
-4.164729558539589371e-01
-4.091897776310003398e-01
6.635906632505524927e-01
8.961064191501688647e-01
8.466276987968063272e-01
7.487829220171543509e-01
9.366817782737733022e-01
7.806734675244930699e-01
9.025883769561048320e-01
8.704185807742264025e-01
9.199570597049703258e-01
-4.495907820279221867e-01
9.237733025138860077e-01
-2.078859688558768737e-01
-1.696193306331884032e-01
-2.057287637090467469e-01
8.627524020220834755e-01
7.280968355475562204e-01
7.228505880667842609e-01
6.749259881812196271e-01
-1.928688186484887046e-01
9.337477206585460543e-01
-2.946307029405074718e-01
-2.524851292218461829e-01
7.469630520614856106e-01
8.897096577298142517e-01
-3.500146176979710422e-01
-1.148462323889508918e-01
-5.399234123452985312e-02
9.357808976727780559e-01
-3.539888434723427180e-01
-3.766382348774641176e-01
-2.516047498207648059e-01
-7.742564557166201067e-02
-7.313581515539352429e-02
9.266771254208052699e-01
-3.259108995668002495e-01
-3.902336344187912753e-01
8.780111074666812065e-01
8.301348586749283109e-01
-3.079771415194352824e-01
9.359907903128350526e-03
7.761346545356005988e-01
9.060707324633416881e-01
8.961672702966135828e-01
7.085108398023933773e-01
-1.100662483779943357e-01
-7.653306263601128423e-02
-5.531317206290150418e-02
1.837285314072069353e-01
-2.246836119860679548e-01
7.124119181520290889e-01
2.038709876820197012e-02
2.194486512561104607e-01
-2.447435257385421614e-01
8.766445795396109464e-01
9.288332725126478007e-01
8.388136242300826551e-01
8.727367924174969094e-01
4.630345497668605231e-02
-2.343210769466531895e-01
-3.216623721013259773e-01
1.418729306332683626e-01
-2.965413260464099809e-01
8.593342310729235045e-01
8.301088182992742981e-01
8.967520249379901109e-01
2.086757465955050850e-01
8.839550327159031440e-01
9.118119596622968892e-01
7.047494710162657272e-01
8.866731876241362720e-01
9.235269187376149436e-01
1.847261435133203955e-01
-3.013506450088109800e-01
-2.663998228228229292e-01
9.249742038413916179e-01
7.633077010928245310e-01
9.295016158284266083e-01
9.215464934295827248e-01
8.564267976091789469e-01
-3.409491555943302554e-01
7.591811222060500519e-01
-2.435828113355367197e-01
9.154906164493288312e-01
9.384561493657893605e-01
9.215380947212630236e-01
7.891360886917080375e-01
7.464752535438760050e-01
9.325469813711054767e-01
8.946745007209047085e-01
9.521997008588606315e-01
-4.928629066420711635e-02
-2.666074128315307767e-01
1.679630641703541150e-01
7.763695034569321196e-01
-2.443747853966581896e-01
9.362076725316430537e-01
8.825552551965877290e-01
-2.563299714587836120e-01
-4.000722838238883750e-01
7.271791245247750668e-01
-2.918079010784158656e-01
8.979549075077346565e-01
1.455028165863645473e-01
-4.001702381432487021e-01
7.994041600847964224e-01
2.618146041210570596e-01
8.968032870550276536e-01
8.904427717189952185e-01
1.011555256564531102e-01
-3.853323940066107067e-02
1.378448536855980122e-01
-1.565979124441247219e-02
1.897676503189777986e-01
-3.845822896121410817e-01
8.417109510608620226e-01
8.501146261526494330e-01
8.661856853707723403e-01
1.700593206436630533e-01
9.396762755075951379e-01
-1.914840378474330362e-01
-2.893726227833401943e-01
9.012812222424047004e-01
-7.994404274575678260e-02
8.976055085793801513e-01
1.056707609938415393e-01
-2.268391561280981295e-01
7.452036120132975450e-01
2.752274682891620583e-01
1.762992310768386472e-01
9.339944668294883900e-01
-1.040002607647101118e-01
4.081628234210072509e-02
8.852288582234065784e-01
2.152504088497754486e-02
9.225596268983563553e-01
9.206412704721396167e-01
9.073617141947495357e-01
-3.894457797508342756e-01
9.037326893865581523e-01
9.196315085569688463e-01
9.365931914065088737e-01
9.056902199219960536e-01
9.034921608994772591e-01
-2.788340140142047674e-01
-2.092972602496418616e-02
6.725148855128164627e-01
1.701409825994707470e-01
7.309728337168898138e-01
7.514719016048783395e-02
7.596643364042769964e-01
6.512658812100765582e-01
-3.403370425594418602e-01
-2.353974061461032441e-01
8.794159440052266019e-01
-2.018951240200342057e-01
1.758962138851969115e-01
6.306331142436555348e-01
9.327265155524048224e-01
-2.593708318976988281e-01
1.414702157624959100e-01
9.149206831412372010e-01
-9.835511638962388115e-02
7.727206294095724237e-01
-2.142425798550730287e-01
-1.093269679439231867e-01
8.736675133106587277e-01
9.118582972496989125e-01
8.340892475366485925e-01
7.187568241076960351e-01
7.675552585811586948e-01
-3.068558952827358383e-02
8.923304626169694664e-01
8.930996219736783148e-01
6.730529243417797680e-01
1.521939830896438250e-01
4.619862252386307960e-02
-4.020895684502203693e-01
-2.229861733031163196e-01
1.585081553066072513e-01
8.985421629133277799e-01
7.228358881826050242e-01
7.155740708955397045e-01
-2.800820405256302936e-01
7.686123744986235184e-01
1.469143445722236041e-01
5.889447607759965009e-02
-3.481468158700274929e-01
-2.906135904201325726e-01
2.618284033212563422e-01
8.498059293788478019e-01
8.792151385698512289e-01
-2.210428009199578159e-01
-4.015766405853035681e-01
-4.074491501064957388e-01
8.752233331769523339e-01
-2.234169148934404825e-01
3.111573693549277708e-01
9.254041083935359291e-01
8.679373587394125789e-01
7.547951516495535751e-01
9.083012296487446013e-01
-3.355511321519782375e-01
-4.056670340147902620e-02
-3.944537448471762131e-01
-2.404532856522667295e-01
9.086516871396254080e-01
7.990350086669694152e-01
-3.432587787014335645e-01
8.690732672732358610e-01
-3.359704103317418533e-01
6.131018004762021217e-02
1.359279920841618972e-01
8.928259568268012147e-01
-2.252965078872775084e-01
-3.340719964541149500e-01
-2.268374512876012439e-01
-2.507973318641284477e-01
-2.009794210250913371e-01
7.546429627490922609e-01
2.366784402976288559e-01
7.549008292207800563e-01
-1.119690557842547562e-01
7.550310804757078831e-01
1.141674817929782676e-01
-3.245272843622508119e-01
-1.513900641773452405e-04
9.564031512411463876e-01
2.170615544993126089e-01
8.709068153049664973e-01
-4.426151202222049497e-01
-6.920093580753677864e-02
9.139572280346374145e-01
-3.793656480808199061e-01
9.172559126694189713e-01
8.997567388008531619e-01
-3.541689634875247461e-01
8.257494755893187710e-01
7.425873383520402715e-01
1.693069942043813059e-01
8.143843168417356226e-01
9.294785137847864087e-01
8.006048476157003879e-01
-3.326810020741051699e-01
2.945862113318595821e-01
8.787709526717663033e-01
-2.296443260760808458e-01
7.602821286669769751e-01
-3.154315901149922774e-01
-2.746534686376089218e-01
-4.060223609166724312e-01
-3.201445907055193718e-01
6.864624902013384267e-01
7.954317399585777437e-01
8.173179886627199853e-01
8.587178478387533787e-01
-3.454899747551435918e-01
7.028482289048977316e-01
7.018350554243959483e-01
-3.644181879717924843e-01
-3.918728021594748978e-01
1.996436596755702952e-01
7.892915094274360888e-01
-2.972892876274704776e-01
-1.480100881013811098e-01
-3.726790183316033844e-01
9.033198583485174682e-01
-3.752607877064398356e-02
7.707067069707456142e-01
-3.839367853564643052e-01
-1.344209371989586732e-02
-2.061535114461346130e-01
8.892300170575393459e-01
9.016781590108483568e-01
1.050221619777306770e-01
-1.818117029378532590e-01
9.278022466758207853e-01
7.869862110327471294e-01
-2.821967235430649090e-01
7.370334437088691404e-01
9.034990394497024457e-01
-2.729595570455748410e-01
9.251309654849375619e-01
-2.093882446887724291e-01
7.597066630855021652e-01
-7.001619645674739267e-02
1.028750310674238222e-03
-2.652358537571798958e-01
2.285379771907458668e-04
