-3.479990465684472123e-01
8.148734199596728844e-01
1.159358001482019285e-01
7.928691538366876568e-01
8.901327686642912518e-01
-3.182366915248170391e-01
-1.244705461692919291e-01
7.560915847927605071e-01
-4.136949817290798137e-01
9.281851491630148665e-01
8.052908304720145516e-01
2.909866218305803831e-01
7.255321410455799480e-01
-2.127157106483144322e-01
8.426576532602650382e-02
8.701187231249171150e-01
8.691454562746189216e-01
6.813646601745430020e-01
1.199410908195013697e-01
-3.631296108677675161e-01
1.394217671415437509e-02
1.449130495009526565e-01
-1.115681962704763788e-02
9.305476029409808225e-01
-2.191745000140512545e-01
-9.824383642672297745e-02
8.271708024674973014e-05
-2.895639060421738020e-01
1.313789659337258331e-01
7.084468935768959419e-01
9.150459775270544105e-01
1.671128647591908489e-01
-3.663553823818239685e-01
8.078754932368441555e-01
-3.031254807102518600e-01
9.349377370786127184e-01
7.676814577699341280e-01
9.124257675790043987e-01
7.291623272168752390e-01
9.117700793713139351e-01
2.324475412009456843e-01
-4.277170718494214818e-01
7.028350786612107548e-01
7.303399182875156548e-01
1.176456803753261615e-01
7.912035507372900955e-01
-4.037635344375321567e-01
8.287556519334433602e-01
9.112918399804801339e-01
5.301048607323687045e-03
-2.769166830680153124e-01
-2.871722799257407921e-01
9.157733040350017895e-01
1.319364599586990705e-01
8.559901000956667838e-01
9.111811944146498421e-01
1.922467315510001107e-01
-4.640101505365707979e-01
-9.339369977607907963e-03
-4.007853863001313299e-01
-3.345375256926854668e-01
7.494118207258738673e-01
9.238022371670348010e-01
-2.034366791515841988e-01
7.201969753697009535e-01
7.299159955460129412e-01
9.241784535580681581e-01
-4.543659457730257062e-02
-2.842600381012745370e-01
1.899522302414279745e-02
9.174111604091753636e-01
1.118152720884658391e-01
-3.904495518615105909e-01
7.486976708338753950e-01
9.008661592781184169e-01
3.280005079373142229e-01
7.097368678939076636e-01
-3.389427995950566319e-01
8.627021604641538222e-01
-2.570352518124557339e-01
9.140668493733956623e-01
7.432848236769398209e-01
3.604672836133453184e-02
8.689030753034111543e-01
7.307140150634452436e-01
7.877952602695912354e-01
-2.622397072705167642e-01
-2.278251158980735269e-01
-2.970299578796625067e-02
9.328005099347980167e-01
-1.680048209015014005e-01
8.071693956616837751e-01
-8.652227478258320281e-03
-1.264915009789423228e-01
7.893695119988249909e-01
8.230115588001594151e-01
-3.811119503723793267e-01
8.958072916028088084e-01
7.243162246771801538e-01
-3.186590793741193028e-01
9.453595496378427443e-01
-1.776972722154844808e-01
9.194382798021518699e-01
-3.268163708787871213e-01
9.035572088863668139e-01
9.234696026401378183e-03
9.082994620347384362e-01
-3.588115079902126636e-02
7.683061286106921406e-01
9.151084593103397946e-01
8.879293926428262207e-01
7.758697376124397138e-01
-1.585560960145522280e-01
8.869920752157023358e-01
9.086649553244512401e-01
-3.715788040774715695e-01
1.328504984675799583e-01
7.439029510090151565e-01
-2.856710657573106604e-01
6.966824271684678438e-01
-3.398105241913806362e-01
9.167009463506196054e-01
7.843989096064445388e-01
-8.810836098883244316e-03
9.077127757050390544e-01
-3.536089334985193511e-01
9.285594937869059429e-01
2.548646926311812222e-01
9.157842319527975672e-01
-1.102402175421897390e-02
9.164108647645583527e-01
8.935458188387463974e-01
3.714123963032638365e-01
8.908993081743759035e-01
6.928320930139046929e-01
-2.051065306076056138e-01
2.857665844593388349e-01
-2.200506735236961720e-01
-2.990543181612383417e-01
-4.773715949989040808e-01
9.061348654086690546e-01
9.128404992110055183e-01
7.433775806417953769e-01
1.202080906163083412e-01
1.962379860972281731e-01
-3.142943083072489152e-01
9.532836750017437133e-02
7.637594382765432177e-02
-2.204427998209496364e-01
-3.385443854982098100e-01
-1.026803838236663852e-02
-9.680278477325679476e-02
-3.403022365322036502e-01
1.210236101220370786e-01
9.131774471878497668e-01
-4.268495488543651573e-01
1.665043336583842126e-01
8.945649494279298564e-01
9.671151783976597582e-02
-3.280674951424819019e-01
-3.330021320182423583e-01
-4.345278562133767508e-01
7.800162296215462643e-01
8.567025316099505794e-01
7.006828064920408994e-02
-3.696246267587244283e-01
8.647431182958087437e-01
8.738753740439091366e-01
-4.344572820760825849e-01
-2.806782776177106919e-01
-1.668988734735173118e-01
9.173561045105995682e-01
1.494230382490440712e-01
7.790598014675272909e-01
7.190440791368377660e-01
8.663916166545702069e-01
9.407139730612981143e-01
2.211119606970500806e-01
-2.730710725778910386e-01
4.197610412958051318e-02
-1.244048497269083647e-01
8.644534096467179074e-01
9.217441651726868690e-01
-3.850127041320825505e-01
3.162514094932408759e-01
-2.937626055618061671e-01
-3.620019845592535868e-01
-3.118629603413419771e-01
7.053645743964583881e-01
8.992267772858051345e-01
9.313812124095355305e-02
-3.099211591552923362e-01
9.039501888817702557e-01
8.731413850431798407e-01
-1.139432987770658545e-01
7.503610223089798303e-01
-6.542414616690124529e-02
8.132824425428302195e-01
-1.946468576316762178e-01
-3.330159669538731437e-01
8.164717095353232201e-01
-2.348513882103515360e-01
7.653734322782542732e-01
3.969513867716033262e-02
-6.554078301016391661e-02
5.810355268305224946e-03
-2.912560245185102370e-01
-3.972349513356882578e-01
-1.032541894517262776e-01
-4.781085931890700080e-01
-4.041208320303468077e-02
-4.078783721947356056e-01
-3.395241108360329552e-01
-3.066314139475508904e-01
9.174382028130846356e-01
9.235381902656867315e-01
-3.347575721199250176e-01
-3.186327588833062219e-01
9.122331663322297279e-01
9.054490580491411089e-01
-3.306522857012988981e-01
9.150928351749005873e-01
8.763707057918859178e-01
-3.290083940394528117e-01
7.858084514440951684e-01
1.360737899049145050e-01
2.157181534378786458e-01
7.738871233359427837e-01
-6.965308798411319613e-03
9.258847672304172383e-01
9.319612425622135765e-01
6.905290786294411287e-01
9.310970239226459277e-01
-2.244954995804961800e-02
5.296156287296061721e-02
-2.390782380581240596e-01
7.320522169989984729e-01
-1.204047510127045639e-01
7.936161112133501838e-01
8.336059807879454553e-01
7.526373282121051611e-01
-3.537038576341798302e-01
8.057836846173881407e-01
9.133713639786279481e-01
8.726080808850175119e-01
4.928232520737613198e-02
7.693561307325829102e-01
-1.571078300992796717e-01
-1.794261234219753087e-02
9.266274280635883320e-02
-1.456550678083830541e-01
8.607479090068594907e-01
7.556012756056844637e-01
-8.991321828345774647e-02
8.950706981975674603e-01
9.268468943363983303e-01
7.650462571650831212e-01
9.109211668171870446e-01
9.165742833229647557e-01
-2.082963419572892438e-01
9.321967607156055324e-01
-2.930551415968953299e-01
9.010481329730364308e-01
7.561914189010829901e-01
-8.137615364762856851e-02
9.177954978126143804e-01
7.437927449485242093e-01
8.964269813494311068e-01
5.093919150180641064e-03
8.964136587590945116e-01
1.323970837212349039e-01
7.188075882126682137e-01
8.069149807733017044e-01
7.973206009408561057e-01
2.157087457053871726e-01
7.607091540425260368e-01
7.442327294224806988e-02
8.882673457406020656e-01
2.188121255441020235e-03
1.548548971904327165e-01
-3.402066102897369215e-01
5.493025614987269434e-02
9.287632051262155741e-01
-1.181534860694992417e-01
9.578995645944107240e-01
9.217408895034352456e-01
2.162329453918432343e-01
-3.543305520835472455e-01
-3.137935531094344643e-01
-3.408520987377154920e-01
-2.829801457571082812e-01
8.698486165804287795e-01
7.281850101979929768e-01
9.519687986955309711e-01
9.278831661836277611e-01
2.230716442713364667e-01
2.433504025626238298e-01
5.479218870104859279e-02
7.706790698155949748e-01
7.925541520370865678e-01
