1.435611241489420098e-01
-3.238750655158066927e-01
7.065119836443750634e-01
9.417771541439099448e-01
7.029615651089158312e-01
9.222914749592698858e-01
7.370033246585609987e-01
9.280374008333709401e-01
9.736219392771922054e-02
7.525576185425127962e-01
8.542510232874205300e-01
9.243962866915113041e-01
-3.623479642445529558e-01
-2.671647862276876895e-01
-3.804125494140149222e-01
8.985893973645452393e-01
-3.463904873713182786e-01
8.582169454256536323e-01
-3.596817460022247448e-01
9.243900551572482582e-01
7.694520630783069359e-01
-3.268211452085888480e-01
-2.915766026274140277e-01
-2.481994607536252007e-01
-4.180855890275172460e-01
7.327128448212405498e-01
7.806732613941630428e-01
7.094036644765323585e-01
2.398864215779852316e-01
-1.170384015028068381e-01
1.277156796192365773e-01
-2.657757383600592993e-01
-3.867425446657627996e-01
7.356966328958897128e-01
8.978666485935004049e-01
-5.353280365524194784e-02
7.118896491768234025e-01
-7.627466218631406836e-02
1.072377092766018808e-01
8.947830329523923654e-01
7.627604489785473341e-01
7.670194605099120988e-01
7.416966995791647310e-01
1.797924589707843579e-01
8.876391616580715516e-01
9.188815955525800883e-01
-3.475006837602553217e-02
7.865597550889131817e-01
-3.586105470891616243e-01
-4.200848484278198181e-02
8.371976594099190816e-01
4.678266030224306066e-02
8.389790883249688136e-01
-2.796467346105457330e-01
9.257812365003265098e-01
-5.780964710770888221e-02
-3.873826511819387086e-01
7.459180760751021877e-01
-3.723312325932055522e-01
7.381854283700440833e-01
9.068370655878803532e-01
-1.500659791778166663e-01
9.222735157890576962e-01
7.550525166870026839e-01
-3.796963958909598813e-01
-2.931348919192225400e-01
8.747905479475106549e-01
9.064468560516627527e-01
7.732532488640243562e-01
5.283964804709746776e-02
-2.694438286088005063e-01
9.169206146680772829e-01
8.602586653266103278e-01
1.982592563559708587e-01
8.123823662650623278e-01
8.307792312973988347e-01
7.936612803302636188e-01
9.196220998745453512e-01
-3.420130840299096531e-01
7.236948412612199677e-01
9.039672410683615711e-01
-3.556279438052500907e-01
8.887049234185021573e-01
7.472750413401992864e-01
7.350113791343972913e-01
-3.659124727902249852e-01
9.258424956780425541e-01
2.399178149490512335e-01
-2.031754361250236868e-02
7.845910566766896022e-01
-3.450638850321705586e-01
9.137759277547903292e-01
-2.828805323194701349e-01
1.163172669209851240e-01
-3.630778496685889700e-01
9.217366514395533006e-01
-1.499833018128062523e-01
8.715106094642329770e-01
-3.022738827198335754e-01
9.222428378222692347e-01
-1.017125448323935588e-01
6.574131161834878556e-01
8.461562047062471947e-01
6.984363394610318410e-02
8.296245455886199771e-01
6.723607606961715666e-01
1.089092945846445448e-01
7.424479226296327727e-01
1.716227820225824097e-01
3.591536885671608309e-02
3.405147124518489443e-01
8.480711583291583588e-03
-4.064298466834639911e-01
8.799027883704328978e-01
9.338098941522992025e-01
7.645856744476607625e-02
-3.444324388194532766e-02
3.278058437470236508e-01
7.145770883458438805e-01
-2.993642973243965666e-01
1.428902481763833221e-01
7.224936968243020896e-01
8.851439913744667543e-01
7.292948191703623184e-01
-5.656438977238277543e-02
-2.654222736827927531e-01
-3.671295513733653648e-02
8.789033150181524423e-01
8.513848625194296860e-01
9.179460448256049343e-01
-2.062696041014065451e-01
-2.783126698922642750e-01
-1.064692004691902005e-01
7.632103334008923934e-01
7.344599422034844283e-01
-1.871197805428221062e-01
8.898241532154909095e-01
8.761582596813626278e-01
7.328145743385069966e-03
8.947446286144267180e-01
-3.184656395657289862e-01
7.049508404818642937e-01
-3.839414506960270868e-01
8.786353992363592491e-01
9.357389450301439870e-01
-3.855380076650446464e-01
9.958928185373738806e-02
-9.930602602838779769e-02
-1.966618482516494515e-01
9.167756867871578175e-01
-3.671754265548665130e-01
9.250471837543089437e-01
2.439978610111736834e-01
8.439464677807965165e-01
9.205338425828313298e-01
7.883876742495601331e-01
8.458796768143961309e-01
1.351311687104334580e-01
-3.536481164296660373e-01
-1.184397540418819783e-01
8.510396126107264703e-01
7.855823613851615761e-01
7.129804668374546406e-01
9.072917706540603033e-01
7.645483741542699607e-02
8.599363775576908120e-01
-3.327255505874557318e-01
2.803573324886634577e-01
6.970021948997076056e-01
9.197511862905475288e-01
-9.867572975709730521e-02
9.170859548851992282e-02
8.451163630473490507e-01
-2.152668384899462661e-01
9.212918492899253575e-01
7.569779001122530770e-01
6.988859232201343197e-01
-7.025340039233815559e-03
-3.188474707064780089e-01
9.017199513998190863e-01
8.141541002339736099e-01
7.282770435363976613e-01
7.546648915817616432e-01
1.188335077052516814e-01
9.132640798071486321e-01
7.440493610447358463e-01
-1.669379469329584087e-01
8.917901336547140456e-01
1.613628707254517736e-03
7.699935320529334160e-01
7.236174514612555564e-01
-3.619821341279396698e-01
-3.236470270650856906e-01
9.189161906553673376e-01
-2.069630748677746546e-01
8.934506912720026062e-01
8.986700700703614819e-01
7.946575090355749715e-01
-4.114425718444528202e-01
7.611490536903091630e-01
6.929812385087033011e-01
-3.839156615070062895e-01
9.132906332663445204e-01
8.616443602936002533e-01
-3.140544324213079275e-01
1.605005682940592593e-01
7.842579706958598962e-01
8.920311532626817863e-01
8.461541783288770713e-01
9.428346455783519486e-01
8.726870334500932413e-01
-2.942734541987232499e-01
8.854549698744478281e-01
-3.981625122254314753e-01
8.844847485499939266e-01
-3.475104756162730180e-01
9.176809269382053547e-01
9.027171186780131862e-01
-2.873419774327735099e-01
-3.784665747441989803e-01
1.383858383991111440e-03
8.742786116501053417e-01
2.065284104263859222e-02
1.178840024799001907e-01
2.766133281678063716e-01
-3.652049637504429236e-01
-3.751571956616418513e-01
6.508349783388298615e-01
7.564319956121667854e-02
-3.126565702020850379e-01
8.624514516987737967e-01
7.637900336081572261e-01
-4.775774731951808877e-02
9.084891012035897218e-01
-3.543577655923197400e-01
8.478225235089846823e-01
9.038098053822700706e-01
8.545716159182741301e-01
-3.420377610293943715e-01
-3.808564777644565247e-01
7.587644405588602758e-01
-5.300127291623654702e-02
-4.125001906842514221e-01
7.837036838506969971e-01
1.008717130026397513e-01
-3.727158006950487268e-01
8.401956118079763058e-01
-3.185743139054331707e-01
-3.611545525878775975e-01
-4.016681977177737339e-01
7.985914545824183142e-01
-3.065149833414593239e-01
8.722739505152773409e-01
8.265142440779575939e-01
9.278543108739929490e-01
9.467148109209290174e-01
-2.456101548466473050e-02
-1.029949189889421690e-01
9.121493868999659416e-01
-5.115487043648557497e-02
-1.573416683943956729e-01
-4.259079282717625342e-02
8.660823384375994083e-01
-2.888369368088098549e-02
7.772175246728049158e-01
-2.601092133652748162e-01
9.257438659383167012e-01
2.757342960236948415e-02
-8.807410311388340352e-02
-3.307276198781408660e-01
6.790248529155460400e-01
-2.854510591521589036e-01
8.984852282383051225e-01
1.593595880260953446e-01
-3.095575292902202347e-01
7.377968316639658131e-01
-3.152727110394207832e-01
8.858005495318531375e-02
2.925109065500656191e-01
-3.784042585331093278e-01
9.135216186502227442e-01
-8.016046651417860214e-02
8.923495331260851149e-01
-1.477999379883048470e-01
9.295659842601989853e-01
9.173574566840855260e-01
-3.993629596324404507e-01
-9.830482005559194880e-02
-1.339305072456572487e-01
8.968470759943797388e-01
-3.120702592026428079e-01
-6.602463717825421408e-02
1.099498279474629137e-01
-3.699549064945850674e-01
-3.808294337551880737e-01
-2.669150018205758701e-01
8.810681412107774779e-01
-1.392953372967367098e-01
1.174329121142903276e-01
9.035177830565920276e-01
