3.840599450035472179e-02
-4.234035018095062552e-01
7.432356268680245792e-01
8.159783041254689562e-02
7.307408945214923790e-01
8.416665626252795018e-01
8.213035505168522210e-01
7.345188681330340197e-01
9.098685840933505853e-01
7.329179541106328744e-01
8.826648415747183618e-01
6.922774897812886685e-01
9.057206403676992812e-01
7.205372677600658804e-01
-2.903388950820735559e-01
-3.763075186393599059e-01
-3.608324070601998668e-01
6.837311459635023736e-01
9.310652750040258052e-01
-3.205809786902016345e-01
9.427717998874891592e-01
9.376586102859155725e-01
9.859935357259930200e-02
-3.373785513386988733e-01
-3.062345541020883299e-01
-4.004903008301209655e-02
-1.870745540680130437e-01
8.814174451943792565e-01
7.280695637699450273e-01
7.910827032989014018e-01
7.300774809036582047e-01
-1.160617377527048966e-01
7.265763314344797497e-02
7.974281870762555124e-01
7.930953567031505669e-01
9.341892118317397520e-01
7.392485251141210911e-01
9.137028630746527602e-01
-3.473089292502629655e-01
8.198114683231627620e-01
8.059109985934923004e-02
-3.116164598070441105e-01
9.318622301757496507e-01
-2.050459943588483214e-01
9.230692515033169787e-01
-3.733154708087415008e-01
9.317164450725989866e-01
7.786639414407016124e-01
2.957927958241863831e-01
-3.007727939671928086e-01
2.107407148884431897e-02
7.941973489888065618e-01
8.928951512093318277e-01
1.627778533429672936e-01
8.545286396909571591e-01
-2.961340154430468496e-01
8.239185516363224382e-01
-4.236777854890742545e-01
-3.098763674499913634e-01
1.007183680373474610e-01
-3.195450988373175760e-01
-3.180116144958822222e-01
-3.794244209521289712e-01
1.382298351214171495e-02
-3.868416087524187974e-01
-3.778627376212279065e-01
9.104794291883636648e-01
8.824702820682985838e-01
9.162089714826555653e-01
7.088720327824028500e-01
9.330032858700815224e-01
-3.153800293221333817e-01
3.285696369822113660e-02
7.271239959427810984e-02
8.940671310714439768e-01
-1.214132878567319579e-01
7.574748322896143193e-01
9.374559409327682946e-01
-2.019765671227843340e-01
-3.557485498822128278e-01
3.918122592796553783e-02
8.431469103361765027e-01
-2.281295889872206606e-01
8.908568447881701768e-01
9.369072098862383235e-01
9.269709216954570286e-01
-3.657576663591254051e-03
7.907875100518815259e-01
-3.261164331093032165e-01
9.034646570966554657e-01
7.709010801419263759e-01
-4.078057579985993053e-01
1.416456357627104701e-01
5.759109593070912969e-02
8.294885001318959006e-01
9.120789538657462225e-01
8.873616089825124842e-01
7.192381727434902228e-01
9.216004766146322913e-01
-1.018862397425754351e-03
9.334815932025901652e-01
7.528290755638460396e-01
-2.189246458010890295e-01
9.296964994040960439e-01
7.224386818761543427e-01
8.218090754777146456e-01
7.560661909976365003e-01
-1.477368422741330289e-01
-4.322335423189131998e-01
9.221908402806094918e-01
-4.189721851908246308e-01
7.235391059772329214e-01
-3.517876481770669250e-01
8.880405653438053770e-01
8.840783527937500219e-01
6.283231469427762172e-02
8.806081314434930363e-01
-3.678117591143028609e-01
-2.283846805016438442e-01
6.846753005983062801e-01
-2.687007657164195429e-01
-1.723937571835428284e-01
9.331758900698450265e-01
-3.138574457142016549e-01
9.159858071621624909e-01
-4.094476483699679981e-01
8.868856852712989625e-01
8.325104897186311748e-01
9.222623862965706465e-01
1.074867309963630641e-02
7.532716077261798482e-01
7.359509860043125240e-01
8.955428969147802842e-01
8.901067318212820823e-01
9.252103776813618286e-01
3.893254638616359953e-03
9.249106670632710747e-01
-2.100987156161127078e-01
-2.367888445220518445e-01
8.966793061510914820e-01
-1.308926806438047707e-01
9.007542387346590962e-01
-3.693860165367015003e-01
-1.956209986205193763e-01
9.309858868744695926e-01
9.363785808572928637e-01
-4.130140289372052353e-01
-3.669544329243977221e-01
9.410114922735360876e-01
8.249968334006859694e-01
9.233911926287436955e-01
8.464928267821106855e-01
-4.297785619515946953e-01
-2.270441754381943289e-01
-3.576052939341766157e-01
9.259963420326761119e-01
6.595199872062992297e-01
-9.439944056278522233e-02
9.199943464745096167e-01
8.740313694813540701e-01
7.390936475131872907e-01
-1.198761640225004810e-01
-3.769042259410400053e-01
1.113075552637937671e-01
-3.369011219968109927e-01
-2.593794731737518733e-01
-3.431507893484556093e-01
9.026781846857538927e-01
8.538289214052724452e-01
7.323471221968008704e-01
6.784126326728793233e-01
-2.753026130728626342e-01
1.574870674646554058e-01
7.330768002139920192e-01
7.987167901051029917e-01
1.058238454665459127e-01
8.240522266604957125e-01
-3.281352226174671372e-01
-3.837954893891923902e-01
9.115945900502307742e-02
1.152089392183189981e-01
-1.498818613137282985e-01
9.260422555154338431e-01
8.046363762487792615e-01
7.325126730417648169e-01
9.217752589778608341e-01
-3.836578529294113471e-01
-6.084607843507390534e-02
-3.690308114103864612e-01
1.705287153444601245e-01
2.543010060729574695e-01
-3.132658534670200723e-01
9.699245948987494925e-02
-3.456720841136722289e-01
9.287810299375323098e-01
9.289001709021902364e-01
-4.646233682064925818e-01
9.067633620924189231e-01
-1.739321150884148293e-01
8.627982538726906014e-01
-2.893987285151642941e-01
1.435608564978127222e-01
7.667997497233534909e-02
8.851454205985647139e-01
7.258794096463017098e-01
1.065115762745934141e-01
9.001010974235610362e-01
7.520860295810327667e-01
-3.805460811956286049e-01
7.508113495517366731e-01
9.067046636301343554e-01
9.177682143231360445e-01
7.570724858491116871e-01
1.917979551561728446e-01
-3.587154450685556273e-01
7.411038677556377463e-01
8.633211032689735998e-01
8.652953499532030079e-01
8.587302090069421912e-01
7.303602316154451657e-01
8.348185206023015503e-01
-1.274797639256881610e-01
-1.443148397805506244e-01
6.987772549550403944e-01
9.143020974200455342e-01
9.118885497605002666e-01
-1.200782255710321211e-01
1.080847432882238168e-01
1.268366328569156820e-01
8.057717953229515118e-02
9.095170845454121356e-01
7.257425101241112841e-01
9.410352464501759995e-01
-2.506395000790293537e-01
-2.853014641313656452e-01
-2.676946752407998176e-01
-1.382606880095645363e-01
9.086149985564653253e-01
9.108354966705267675e-01
-3.118593445897616667e-01
7.371654463885831676e-01
8.182369396571600451e-01
-2.863476269163345855e-01
-2.616025600962603170e-01
1.040271540281867968e-01
2.239655628414881638e-01
8.175463415708282833e-01
1.374119281910216872e-01
6.689936064495166645e-03
9.337268473230835308e-01
-2.885091261766333237e-01
1.203234871618324153e-01
7.020924588782136988e-01
7.306789190899312114e-01
1.316624360488151402e-01
-3.581572423171998643e-01
9.453318508386743257e-01
7.237000014677953397e-01
3.422474843330908234e-01
7.627967136977488183e-01
2.013228284904472476e-01
8.750359231834424767e-01
5.956078336994865413e-02
-2.011552665648700944e-01
-4.034024046121137408e-01
-3.286896291179077778e-01
-3.878831493015668097e-01
9.280010201872370690e-01
8.641912359283690503e-02
8.517591739155094821e-01
1.044952260523902832e-01
-3.924741291863600434e-01
9.184775735176040623e-01
8.761832497636816708e-01
9.269078310931093689e-01
9.271568616721813649e-01
5.364338602354155883e-03
8.140123550201372460e-01
2.589794616326623888e-02
8.653704767523729968e-01
-9.860679146435258335e-02
9.091098796661587489e-01
7.525768143568518920e-02
7.540730532605087744e-01
7.337881673362961488e-02
3.199816996940527125e-02
8.001541505859036674e-01
-1.686016675555319921e-01
8.938893502654245982e-01
8.600208725148000832e-01
7.792586445909166493e-01
-5.908498386569024929e-02
7.710230266939392951e-01
-7.077591889946582837e-02
9.282882907861789157e-01
8.116194133037895053e-01
2.586403729340057064e-02
9.206842054789728946e-01
-4.448384048532139645e-01
8.527212518946705733e-02
