7.536054140117333100e-01
-4.058201290225583180e-01
8.985820872274826732e-01
8.159671069080746131e-01
-6.563066301159435276e-03
7.223124943390096808e-01
7.761420927280276993e-01
7.944235080525324788e-01
1.371373462068017635e-01
7.425296102509064688e-01
7.255414693899521206e-01
-3.085650428084062979e-01
3.357118928449568385e-01
9.552876645021518565e-01
-1.817769840535976567e-01
7.433902447753329978e-01
-2.891543980965560201e-01
8.595004046281726762e-01
-4.011754044810861286e-01
2.423859598425566475e-01
1.503769055840692426e-01
8.625389281157518351e-01
9.132938984377471092e-01
9.149156943084570948e-01
2.928353271363818844e-01
1.975346276790368727e-01
-3.868685607381408542e-01
-3.100799797041197681e-01
-3.404710281149597173e-01
-3.506421871591145489e-01
1.024594797160787302e-01
1.388043213156455735e-01
-6.380895353513538204e-02
6.490018896693831030e-01
9.071609245488427842e-01
8.499282795097825582e-01
-2.949595517596716870e-02
7.878554826313536319e-01
-4.203123327782917196e-01
-3.658088201035050724e-01
-3.308788909441608417e-01
-2.937260969520788523e-01
8.832699091696241123e-01
2.542272916593786847e-01
7.452470405155466882e-01
9.458431186691614867e-01
9.391529927974466840e-01
8.581140046913927621e-01
-5.069560467977033413e-01
9.289925156994902622e-01
-5.920710881875256015e-03
2.228588916292050526e-01
-1.646046602774113299e-01
-2.323649013343544456e-01
9.252383604389478045e-01
-3.084805364736132871e-01
9.049290938195054812e-01
6.654150056179804901e-03
3.405681546467160814e-01
9.232776970292453367e-01
-9.311048579463818142e-02
8.955140385015635252e-01
2.435265759537262598e-01
7.233217870947340478e-01
9.221409652096541620e-01
9.241852488904350738e-01
1.105428838409222847e-01
9.089090558626633509e-01
9.092578422937718230e-01
7.533328597444963748e-01
-2.718002539337158741e-01
7.714734915952402572e-01
1.962657282683803461e-01
7.800537312127352463e-01
-4.139022235347871725e-01
8.198003661132883257e-01
-5.520290850606522637e-02
7.869664668864484458e-01
-5.852792651673111024e-02
-1.848967645248286162e-01
9.444766335211576269e-01
-4.640299098800034772e-01
9.164563010516955099e-01
7.806681021683326005e-01
-3.481609177985613979e-01
-3.432152663904200485e-01
9.064332039249768380e-01
-3.475709393982018280e-01
-2.821132181277592466e-01
-3.703376390795908302e-01
3.667082784978594190e-01
6.676591242896072476e-02
-2.932491753022708481e-01
-3.915666197335690435e-01
-6.316812168292040841e-02
7.802605725356761557e-01
7.199405662833924247e-01
9.066566542829591624e-01
-3.269929982071702601e-01
7.278069076053739206e-01
7.227165362412921734e-01
-3.768101910703264279e-01
-3.926335292310587644e-01
6.898275933573736474e-01
-5.152040388026744855e-02
-3.625496084113294382e-01
-5.278213710087762411e-01
-3.781621330098240419e-01
-4.368525169737200176e-01
9.065800036166404841e-01
-3.499661865920182247e-01
7.662931993245212237e-01
7.170147496518280983e-01
4.202019356152491419e-02
5.894921388519044347e-01
1.441792559549929520e-01
-1.067540863788046940e-01
8.976809602152306944e-01
8.698151135790161970e-01
9.166616711812782814e-01
9.250364745424149993e-01
2.090873673750275608e-01
-2.230155821723462106e-01
9.372432479636672031e-01
7.134518948197797472e-02
-9.650817256104773922e-02
1.958991312954007913e-01
9.129097634138101380e-01
2.660003387229763899e-02
9.714687976117492019e-02
1.440361156063664216e-01
3.044591634699805871e-03
9.197770373838363156e-01
8.897075444455839754e-01
8.290626186046904378e-01
2.062775873044270514e-01
-3.572347975182972868e-01
-3.628805395795529076e-01
9.542983032790790521e-01
3.801855724431517647e-01
7.135474407933637409e-01
9.034187830527964369e-01
1.860701572265792969e-01
9.397414893218035692e-01
7.708273754128323052e-01
7.451703744061703993e-01
-3.056364692888813295e-01
9.187968924044715990e-01
-3.023710854132362624e-01
8.782875098525633195e-01
-4.570036132727836597e-01
-3.286903908805503816e-03
7.543581018375742353e-01
7.187768523879902727e-01
8.364311823766195086e-01
7.791412854674975019e-01
1.607091648856738830e-01
7.691202365837125354e-01
-2.782599889558403511e-02
-3.994234729705946063e-01
8.911024164700680483e-01
7.987810201799211418e-01
3.349842014203435747e-01
-3.899103630412470434e-01
7.801512654929958490e-01
-1.759638977036658836e-01
-2.696052630243570558e-01
9.452894647319797228e-01
8.378691124572370530e-01
-4.055696412139712659e-01
1.106954409550722496e-01
7.553444275720702095e-01
8.038097735496921858e-01
7.663735002585185807e-01
9.010901551639135532e-01
-2.110290935137409674e-01
8.962623539596763222e-02
9.073657404917839786e-01
8.856152828385406295e-01
1.003909539113849725e-01
2.545989951488543124e-01
8.973900903996377965e-01
3.161289395341891906e-01
2.678896597674279567e-01
7.294598540698897793e-01
-4.779547109423783885e-02
1.016536647289806305e-01
7.348132848288236874e-01
-2.244517523437370432e-01
2.478198838780515945e-01
-3.212164578851053331e-01
-3.461627696091984507e-01
-1.113520222211523830e-01
7.373331417745494498e-01
2.053294690073161899e-01
7.977171690654049074e-01
-2.419104647930134799e-01
-3.945841870308671173e-01
-3.192275007535735898e-01
8.987863201138164282e-01
9.119458613565729621e-01
-3.729723046120021479e-01
7.868035212115617183e-01
-8.438666240979376953e-02
7.806399715210781132e-01
3.269516135568303894e-01
-3.399967556812671932e-01
2.097672503211467920e-01
5.945580834638070078e-02
-3.135830338808597850e-01
8.858690980959289529e-01
-4.039623852017706351e-01
-3.412230283807083930e-01
-3.635960124496788737e-01
1.324311109838038625e-01
-1.137036793959163850e-01
-2.695521005091267575e-01
-3.362065127638157458e-01
-3.080701521292260603e-01
-2.984041367077892026e-01
9.111185329497305530e-01
8.556278677418421852e-01
9.150660507285250933e-01
-7.692583524584992172e-02
-2.643731889666178225e-01
-3.471784340000261815e-01
1.897177355141190236e-01
-3.831606230962301129e-01
7.927574569472570776e-01
7.827510446226169094e-01
9.003065584379180697e-01
2.542501795283287347e-01
9.213801668265816369e-01
-2.862861326596981559e-01
-3.354120950832337189e-01
7.808399231944257446e-01
9.205067981333365790e-01
9.368020352751048607e-01
8.291597384332218823e-01
7.193931077718189737e-01
-2.811096335038566485e-01
8.568616028983955246e-01
8.873895312712861694e-01
9.231685368385148527e-01
-3.506288456995508840e-01
-3.291552804776412544e-01
8.965049712619068689e-01
9.111956316381938370e-01
7.804421147728317631e-01
8.951229724469775828e-01
8.378801463663723137e-01
7.805012590089928093e-01
-3.861604449231559877e-01
-2.658413591320679670e-01
8.177100580168691346e-01
7.496015286730333127e-01
7.417009278612629597e-01
-3.292151330689314648e-01
-3.486312014754099908e-01
-2.185819783522810478e-01
9.215928945030135155e-01
9.003229339148290933e-01
-5.538079655786712352e-02
9.803654671837538914e-02
8.981125198916241059e-01
-5.182752499923606315e-01
2.347229769774382135e-01
-2.201826239980445299e-01
8.940092192302551144e-01
7.201623663883320869e-01
-8.041561265221651433e-02
-3.306930380966601191e-01
-4.335384724239100263e-01
-3.939252191325633423e-01
-3.349987785448528266e-01
-2.844473334449673096e-01
7.362935517509635597e-01
-4.319753985532965856e-01
7.171600074183973605e-01
7.460912424639160045e-01
9.049165361170615762e-01
8.002141521437383664e-01
6.300251679593604770e-01
7.910521046140003287e-01
9.349202810816310827e-03
-2.692461709026923722e-01
9.099132151908222443e-01
9.333804086379005049e-01
7.804068733666376101e-01
7.300137787661298283e-01
6.977066726300963362e-01
3.005066059798285061e-02
9.368359753901228659e-02
8.874427303521835730e-01
7.353350075736392322e-01
7.436407604205664823e-01
-3.282550345791702684e-01
1.874310331975767852e-01
8.355195651344473617e-01
-2.714030303017196388e-01
