8.590560505142799119e-01
9.411962593191726123e-01
2.296466662640175294e-01
7.139443539610922373e-01
8.658602682157106045e-01
9.121289915814286831e-01
-3.967710128154696148e-01
-1.241926863734068298e-01
7.842408984779412062e-01
6.506883510923032743e-01
7.119785055048486466e-01
-3.414904521544260274e-01
8.107739018534912967e-01
-1.400774824954421349e-01
1.469489093948052327e-01
8.796794087649353194e-03
-2.928893136759302407e-01
-2.472715898422805370e-01
-2.837258946119443070e-01
-9.748378244026990880e-02
9.347022413852841272e-01
9.155299020929413834e-01
-5.167034174122562412e-02
-2.654215522363945201e-01
9.053396800800718180e-01
9.125860342792709856e-01
3.148880631421946963e-01
-5.343327285908839874e-01
9.478207060143647444e-01
-2.900961895331543583e-01
8.182011997497588007e-01
7.004940132067905001e-01
9.442735540501837610e-01
-1.122671575948725048e-01
9.117715630907882174e-01
7.331035622080626091e-01
8.185874214179635899e-01
-1.781947073422807670e-01
-1.163852598416158582e-02
7.248644865000412052e-01
7.587284546416446229e-01
7.520751132204581690e-01
2.841021957243563753e-02
9.077686546133680867e-01
7.742190225043941165e-01
9.241100732451984490e-01
8.098350082675066508e-01
8.787556660748754300e-01
3.400301834999477357e-01
7.343232390429949019e-01
9.096254847867183413e-01
7.370846900362332255e-01
-4.350560901688545479e-01
-3.556438458726850493e-01
9.073589087322191382e-01
-3.627847964903853084e-01
-3.961002607212470439e-01
3.125210484270226630e-01
2.824934612200394324e-02
9.219443242723763809e-01
8.952646564924127137e-01
7.789160510719509434e-01
8.710899398144991146e-01
-3.143593809494281688e-01
3.478890669660402724e-01
9.000429705235553079e-01
-2.841903988474920872e-01
6.017484091658899248e-02
4.271482411974799470e-02
-3.512800987021419408e-01
-3.523691351963615381e-01
2.588511963119854986e-01
-2.863536550761219129e-02
8.798251172591584623e-01
9.687405303191620742e-02
-2.770385527979302154e-01
9.021220230665177864e-01
-3.844631873726084836e-01
-2.198223897490506618e-01
-4.454531668764654118e-01
8.555433760000098475e-01
6.732926381001825833e-01
8.894989753958052470e-01
6.571916656919338795e-01
9.183092068802460872e-01
9.496454887251648547e-01
7.690182422584249666e-01
-9.210711660944841117e-02
9.373516030205353289e-01
-7.064885921753813469e-02
2.716678989082398910e-01
9.013103991198180287e-01
7.188662566191816872e-01
-5.248160904951308936e-01
7.328923071403593559e-01
-2.348189320386619150e-01
-3.237792813853768159e-01
9.503755886459981372e-01
-3.434009666504581060e-01
6.772623210461095056e-01
8.809543526809547886e-01
-4.625397467621482073e-01
2.064828249910608815e-01
-1.310562096331442106e-01
1.001899640722496848e-01
7.239049245378685882e-01
7.370457166339522415e-01
9.050225757897720769e-01
6.804382256213822311e-01
-1.810133992231482691e-01
3.515340180387208080e-01
8.327523624387438428e-01
-4.354350323888418473e-01
-3.938532410224721003e-01
-2.669032715075523310e-01
-3.541203754544978710e-01
-5.383334167421151284e-02
1.773732079665922001e-01
8.753419873646766103e-01
9.109141576634078863e-01
1.508196966787623272e-01
7.664010553796880565e-01
7.791189763441943583e-01
-2.572327102912519425e-01
9.362948886757475053e-01
-9.077061758796842184e-02
-4.997550336486163841e-02
-9.475278962166343300e-02
-2.542970282351319361e-02
1.520036874933989313e-01
-4.162871867236739298e-01
7.615101249484288459e-01
8.960977791589033181e-01
4.031250884785438915e-01
7.339337823589143772e-01
9.853662809389709953e-02
-2.863508471111965159e-01
-4.170909174039362233e-01
8.760427169664454228e-01
8.521399335055703794e-01
-3.023842238082090073e-01
-3.067760367058190024e-02
7.796713548725971998e-01
9.348610129473550190e-01
-3.496127169104208954e-01
9.170434619223325479e-01
2.951280162463298246e-02
9.557265574028406263e-01
9.076985531018981757e-01
-3.035395927615281431e-01
-3.347205286197421636e-01
5.526690139522663636e-02
-1.633332619588954149e-01
-3.992442347450523288e-01
-3.187668591658285311e-01
-3.030587289838870269e-01
8.180567044178315150e-01
-2.217671013445409456e-01
7.325051875167287729e-01
1.401395735238975537e-01
7.666307002490724276e-01
8.095006601990204498e-01
8.354154224814349661e-01
-3.621686460156907095e-01
-4.433751901893753233e-01
9.572091760718552944e-01
8.400795249868586723e-01
2.034726395600111593e-02
1.679400198150880208e-01
-3.250040520801973365e-01
8.002075302641604715e-01
6.506636057015734442e-01
-3.767996076285557994e-01
-2.305079278700784551e-01
7.091478845039549395e-01
7.998392592367736809e-01
8.033399107911889381e-01
9.283184017760472972e-01
7.215006537218926486e-01
-4.311369429606380921e-01
8.894647417095368214e-01
1.609518292289274788e-01
8.044620635174708490e-01
3.360768441669761408e-01
1.544638176236432792e-01
8.682889019452270096e-01
-3.837984346726726614e-01
-3.408937319791685017e-01
7.629166711957685587e-02
-4.391617707866319886e-01
8.164901188818155520e-01
8.112352800510340689e-01
1.665733267014414820e-01
9.386196131860304881e-01
-4.550446098898006109e-01
-2.261433721953620135e-01
8.434960231700733280e-01
-2.879531704237314749e-01
7.683118974184830474e-01
-2.011787769859622876e-01
7.888296766502469470e-01
1.328545847721120110e-01
2.743202635457070784e-02
7.396939081429391161e-01
9.188652158299684403e-02
9.220732523672021674e-01
1.486325898036122140e-01
6.652592889184553160e-01
9.168586211339603276e-01
8.440387992495478331e-01
-1.578147018993554807e-01
8.460823346748475027e-01
9.240337050267659613e-01
3.585343964623594615e-01
8.065689790290617722e-01
9.155906840308943861e-01
1.973996125348110309e-01
-3.360735635459499160e-01
9.140319131992448165e-01
-3.591843985985503362e-01
1.966609164004852750e-01
-6.520486916376518061e-02
9.275199495294709218e-01
9.174230138586835226e-01
-3.462861216548180909e-01
9.192283691530345191e-01
6.279479657596869213e-01
-2.144806621897191734e-01
7.403646755027100124e-01
-4.027301083213727373e-01
9.484037260464386332e-01
-1.594614056027202353e-01
4.346642007826345133e-01
9.349972781748749906e-01
7.963138271502058219e-01
-2.806435343993343157e-01
9.121386861893092668e-01
-3.493929279455058046e-01
-1.950050642922810384e-01
9.401730850472747036e-01
8.812601634037163789e-01
9.164057353229788649e-01
1.589860382589292631e-01
8.899855566907249882e-01
8.394550653033675536e-01
-3.371418216748672814e-01
8.006089410439327647e-01
8.379366219579864605e-01
7.427709121038397200e-01
-3.492282530553388331e-01
-3.524108573912947961e-01
-1.983026426239170303e-01
7.420730363913914385e-01
-5.438056806672614263e-01
-2.766807097248838998e-01
9.139261623663773315e-02
8.950512977215270283e-01
-2.023032599453304103e-01
-3.840889152296570463e-01
8.102674366159270392e-01
-3.645961041411288628e-01
9.295670486049476544e-01
8.611594141510483524e-01
9.292947945783719410e-01
-3.683707036356208553e-01
9.114646995570789834e-01
4.503055654054004264e-03
-2.798257441174720889e-02
-3.344581797243931232e-01
-8.359300499627192460e-02
3.727913151368097422e-01
7.619500567935973967e-01
-1.552794243657358020e-01
-4.419528403232317881e-01
8.339566241034538363e-01
-1.582029437699088853e-02
9.055484009279597402e-01
-3.119451551989688154e-01
-2.526053122019712438e-01
8.010289954946662183e-01
-3.573107381372485625e-01
7.737609598098275088e-01
-7.599891793298517439e-02
9.341447180220484592e-01
6.603208218572648169e-01
-2.233150259268387172e-01
8.342893924918448612e-01
8.280725630196361653e-01
4.983925104551366336e-02
7.226999390953359192e-01
9.223425040245116779e-01
-3.212203604072695340e-01
9.085587458625382640e-01
1.237006530819742267e-01
-3.780960020492954987e-01
1.280736034120505962e-01
7.483447587057401318e-01
7.212137669508131843e-01
-3.104753701588318648e-01
9.144553019074617151e-01
