-8.230813642431100696e-02
1.199211792831775397e-01
8.791433245002078234e-01
-2.688583655133100492e-01
9.216076792073687463e-01
-1.669735580768308691e-01
2.338543263993425603e-01
9.224763213083586599e-01
-2.933547267982850038e-01
8.870764089297759059e-01
-1.077957200651200043e-01
9.158956408016127870e-01
6.975323653126093426e-02
6.210789245317183127e-02
-1.109008396352085812e-01
-1.322220588421091914e-01
7.556713340505695209e-01
-2.617566951073252435e-01
9.452990844981010721e-01
-1.837046591228969072e-01
-3.034273015344791102e-01
1.519834311807742033e-01
-1.910192867743055467e-01
-3.269515704383076926e-01
9.256204331960790066e-01
-1.615174480925387623e-01
9.197460661239352797e-01
1.405445221923180277e-01
9.440573948462689657e-02
7.568184284047874133e-01
-2.896588932348568846e-01
-2.545222404827652274e-01
9.344397880015969937e-01
9.506572514515588823e-01
-4.059829701209206054e-01
9.029346355794309886e-01
-1.853506058876513429e-01
3.144972876441733955e-01
9.192659370515200434e-01
5.293929898862211048e-02
1.693356475876697798e-01
1.819715518367937546e-01
9.546252600377904685e-01
1.889802559922245107e-01
8.226487709497936063e-01
-1.454644116187207570e-01
8.323763286330995159e-01
9.148731124245168544e-01
-2.147219154363392279e-01
7.030519440005037479e-01
9.583475733456858769e-01
1.526628256357145386e-01
9.315121563998886023e-01
-4.688211547701674753e-02
7.724528279355546978e-01
8.725643499567455885e-01
8.880441599611892389e-01
8.135822182033907168e-01
9.094119475010135067e-01
8.934166304890962529e-01
8.913285803762269754e-01
6.438334175310830298e-01
8.990158374295925681e-01
-3.891063220176607662e-01
7.725505089850497331e-01
-3.699990761271627626e-01
7.131654939741230992e-01
2.182023310484060008e-01
7.751570213328753400e-01
7.125344714922593470e-01
9.372065094308731359e-01
3.384158338486221995e-02
-3.491582007398192355e-01
-3.556206013790977338e-01
-4.369651045706420267e-01
1.314562039522850223e-01
8.766692799837519923e-01
7.260751739317654607e-01
6.976633074879149410e-01
1.401032768875447587e-01
7.231290527449046879e-01
-2.220650666856006095e-01
8.403958704719791672e-01
3.817503082664353009e-01
9.371424014695336480e-01
8.955160121869834011e-01
4.500245950053866073e-02
-3.250259371262278485e-01
7.910205905708855845e-01
-1.017924453538103097e-01
9.358926092175338107e-01
7.875178885813881591e-01
-3.701225932301462906e-01
-3.359538867878699708e-01
-4.792935844216944519e-03
7.340074852967319874e-01
-3.477074460357302277e-01
8.592805208494148639e-01
-4.043145774345767718e-01
-3.585307879406152698e-01
7.209983875229301065e-01
7.908161214528864891e-01
8.861563128548448631e-01
-1.768252684268908359e-01
-3.454471994428510162e-01
-4.033621254683108504e-01
-2.428177472089431688e-01
-3.445629437316661825e-01
9.093046524624177618e-01
-3.874742708633279187e-01
9.237744505001289630e-01
-2.572110823096571686e-01
8.509224623928368647e-01
7.874012223395945309e-01
1.995204340808338916e-01
-1.857521547991646260e-01
8.831578919186899856e-01
-3.107706837722428728e-01
8.631490075344526725e-01
9.373747090715157659e-01
9.228946931461968761e-01
-3.719467440939439040e-01
-3.230773285897845515e-01
9.268589711110800655e-01
8.659356798732690264e-01
-3.180020436743192236e-01
7.872948803403132523e-01
-2.398654365210176331e-01
2.573409971880318281e-01
-2.057990806380380899e-01
9.057295759667886026e-01
-3.892597537214861347e-01
2.540052253003701188e-01
2.638950520782027964e-01
-3.336599888000188474e-01
1.093870790144118588e-01
9.139553617770159732e-01
-2.628312956414670665e-01
-1.423902661523110402e-02
9.093805328334741978e-01
9.341306514996556842e-01
6.733775365937842983e-01
-2.499143962419464460e-01
-3.600056141495921458e-01
-3.440252465670885496e-01
-3.806673449764712558e-01
9.435389063548270672e-01
8.619900906194497003e-02
-3.822644239779984798e-01
-3.553276581168256509e-01
-3.373051092205906487e-01
1.586584769731059774e-01
2.520924228447652404e-01
-4.017537701052033561e-01
8.352050198475813314e-01
9.046365436345747968e-01
-2.333776521553675987e-01
8.485590238504577831e-01
-2.627010622473547885e-01
-3.604025228287781046e-01
8.285813199025849896e-01
8.985717868070191017e-01
5.554776283762998673e-02
1.612617155805755598e-01
9.136399928284111294e-01
8.973761125169807951e-01
-3.364772030433907934e-01
1.030082392783804590e-01
1.066620067779542880e-01
9.371421305485443387e-01
-1.373029357547102813e-01
9.224135516551565939e-01
-2.837632511857638429e-01
9.181753242565960926e-01
8.471256289018066488e-01
2.130565024971662891e-01
1.630857926529762081e-01
3.667937036376901494e-01
8.891610100739171241e-01
-2.866631653157178938e-01
9.172185657046898477e-01
9.334703000206238110e-01
-1.348587363545437068e-01
8.304282954688024798e-01
8.267661500416584319e-01
2.449412462369728594e-01
-1.065991994522336173e-02
7.982030933399311134e-01
9.491372358812406596e-01
-2.233298935689984055e-01
2.529571771758713089e-02
1.056715749953189426e-01
8.876577862239209971e-01
-3.702651618864510885e-01
8.686620962775269961e-01
7.375272734455814438e-01
9.209435371716871988e-01
8.227700513638261381e-02
9.042973129604147120e-01
-3.194174496140497199e-01
2.934009416083451782e-01
8.480402173331098581e-01
-9.288933300995194653e-02
9.163716369694383523e-01
9.134941892503696259e-01
7.682885207533611815e-01
-4.599594620515159438e-01
7.366574799699272535e-01
7.550537300506412475e-01
7.233658827292749338e-02
-5.172964268278032463e-02
6.942814562181921501e-01
9.284025051724458244e-01
-2.721083079485027145e-01
9.002611254827335152e-01
9.499708959277564091e-01
-3.160476860018346379e-01
9.295041781187830532e-01
8.709472708161941634e-01
7.607651150382322980e-01
7.005264416011630635e-01
6.533247602866285586e-01
-3.565517210944382787e-01
-2.181402270068647786e-01
-3.759517360046372159e-01
6.986298187140748128e-01
6.937475555105826475e-02
7.889941040097907532e-01
-3.200967721853260617e-01
7.530189912991295254e-01
7.862047156632835376e-01
9.375246927899363314e-01
-2.690053584693275490e-01
9.287858566305605690e-01
-1.211048001670187446e-01
-3.334155673792085772e-01
6.871320847253888919e-01
9.024167866591707998e-01
7.565550057608346757e-01
-2.335547697451134663e-01
-2.154845227207492220e-01
-2.563301792583741467e-01
-3.682939134299804129e-01
9.392931618988192843e-01
9.131306514288847209e-01
-2.122964432685308656e-01
1.579406392123727798e-03
-3.647301193021538213e-01
8.692334563510600853e-01
8.903443503437070694e-01
-3.504390936830730774e-01
9.047079975120287942e-01
-3.301653100818208730e-01
7.391787934347194833e-01
9.363609807208067570e-01
-3.357213380089528743e-01
9.034356082949921429e-01
7.600072059487665843e-01
9.259314111574377115e-01
2.949350905476295914e-02
9.015104493960971466e-01
8.555192715639157175e-01
9.208633842482005782e-01
7.239076898540112159e-01
-4.102495788949198086e-01
-1.399488803059315001e-01
9.111116504987678555e-01
9.089991159004320309e-01
9.624819763405607631e-01
2.881158190408223962e-01
-3.704386113176191819e-01
1.847342064202490974e-01
1.240841842457481997e-01
8.767103059951670829e-01
7.227631078423660815e-01
7.971768806406616115e-01
-4.114655014863624061e-01
9.084835091651186634e-01
5.917082524150669709e-01
9.076947383595572738e-01
3.434416490879618755e-01
-2.769294434065924237e-01
9.197756483824789386e-01
-3.473496134411712677e-01
1.051608318972472589e-01
-8.735043134768114004e-02
-9.426814184765280880e-02
7.325220666225378263e-01
-1.244824620058945230e-01
-1.737308228786916542e-01
7.633911459484408191e-01
6.640882877360104741e-01
-3.646812554655489147e-01
8.403847492789415785e-01
7.817520930061022666e-01
1.277532025014083694e-01
9.422217667038924604e-01
7.840488693252439800e-01
9.443130467786217119e-01
-1.310259937283973219e-01
