-2.689720289049991053e-01
-3.355255228634752007e-01
7.326884619928849540e-01
9.320753320392554109e-01
5.091957459059017616e-02
4.207633587136367925e-01
8.106548005003901824e-01
-6.415168345223307145e-03
6.479732288326603973e-01
-2.902862841713348407e-01
-3.875306201134935957e-01
7.218068509047628201e-01
9.175819422980183715e-01
2.074360628432065090e-01
-4.486082124123510484e-01
-4.280408583607065998e-01
9.287131696324545382e-01
-2.248394761806012110e-02
5.582912499149889074e-02
7.121826366058425783e-01
-7.872926870227492380e-02
-3.009537364690667571e-01
8.013518615871073614e-01
9.240019173684608234e-01
-3.848151415920707252e-02
-2.841414363747182259e-01
8.808215034703685831e-01
-3.249725740996121104e-01
1.262130520675107566e-02
9.123782325267718596e-01
-2.491906867638920275e-01
2.302799665585175126e-01
7.005873293828049353e-02
5.693264978077163807e-01
8.539974706613245869e-01
-3.102230790396497406e-01
8.742893917585711216e-01
1.169914967790289251e-02
8.978293584843549668e-01
8.211332299374985988e-01
3.605574454098472992e-02
1.790137124344269026e-01
1.021447161037626616e-01
7.854144532050206795e-01
9.060034610644012165e-01
-9.526810544303550288e-02
1.217048776229564810e-01
8.303354713695186851e-01
1.975146609229834205e-01
8.917521302658505400e-01
9.552710046053052295e-01
7.536699924645074988e-01
1.871970214318772197e-01
9.348093124225036465e-01
3.446532178242447952e-01
9.546851962536599956e-01
9.144043814042911444e-01
1.828732560798281004e-01
7.224629122562141736e-01
1.711995584439280349e-01
9.210856557383385601e-01
7.601778904388813984e-01
7.972690647667285413e-02
-1.879133114584822239e-01
-4.610473040850819326e-01
8.610465624091090397e-01
1.857650770696562537e-01
-3.112755307746997713e-01
-3.104569968828035376e-01
8.187331941407781644e-01
9.201859072697408104e-01
-3.485469055074781330e-01
7.588651022921911737e-01
9.167876260410481315e-01
8.922347344733897456e-01
1.922345752476198322e-01
2.989237921792851083e-01
8.377665011489769942e-01
-3.081527917288428009e-01
8.068890664793857415e-01
-2.943993832216955098e-01
8.090471426924619180e-01
-1.988944211616486824e-01
7.898521395863254968e-01
1.173003202225566532e-01
8.059469147118585031e-02
7.327521175313447266e-01
8.856539798730400648e-01
-2.910494015145075331e-01
9.132630532258773082e-01
8.977673386455501392e-01
7.314576038244029466e-01
-4.615759866682382362e-01
-3.877313118366281786e-01
-3.882142856050638247e-01
8.902265105432144443e-01
-3.199854580896169809e-01
2.821197609658876448e-03
8.184217226496274256e-01
9.212853313032699498e-01
7.086385731144777544e-01
9.157541433036449074e-01
7.044831943511637995e-01
8.222073940562824035e-01
-4.530928559892395402e-01
-1.698836254089224895e-01
-4.009446061736616773e-01
9.286734416849187213e-01
-2.987042746501294976e-01
6.584789451773433999e-01
9.302439117194820639e-01
9.223487971459964907e-01
9.578455749443673950e-01
-2.722868950574315883e-01
8.812603711436574061e-01
-4.139359649924468920e-01
-3.283037217087078630e-01
7.846810867223048547e-01
9.883888132778735625e-02
-3.048824730157530527e-01
8.279371848150437474e-01
-7.168277143720747091e-02
-2.180657743351833155e-01
7.142195477774437862e-01
9.135592668572662944e-01
7.610109496489244618e-01
9.092073442805235217e-01
7.341291643626652874e-01
4.701740001474806752e-01
1.477096023987807816e-01
-3.736165589903809869e-01
7.396207636812095476e-01
-3.458159416957111709e-01
9.347556953056183060e-01
1.865493385388726777e-01
-6.091661920368703770e-02
8.481045590943014911e-01
-9.320566776489458416e-02
-3.398090644978806196e-01
6.802087012836707247e-01
-2.907926278215203220e-01
-1.396661482704124047e-01
-4.404825974864358673e-01
6.156073353337226939e-01
9.503101735272949657e-01
-3.493688141977128181e-01
-1.861913214823152918e-01
9.035435476809747790e-01
9.025959258639519867e-01
-4.563295064328057316e-01
7.249766720939653242e-01
9.029650173257781631e-01
-2.186476153964325431e-01
-3.322201395084364295e-01
9.164608453018376899e-01
-4.484537839909098489e-01
-3.992459708412121611e-01
7.549450376745789892e-01
-2.953371848122181564e-01
-2.187963684722855073e-01
9.272066308340192187e-01
-2.915892588273706343e-01
-3.902039885313174361e-01
1.266647164716944163e-01
8.503323176541649486e-01
-4.285175291556037047e-01
-3.139259088914346241e-01
8.935338719497611937e-01
9.056077408759003466e-01
-8.534880557115143151e-02
-6.144981840697857911e-02
-4.040876887871862611e-01
9.300276623404717391e-01
7.283146020300829138e-01
-3.452002845168249956e-01
3.366146037210724917e-01
-4.467618243546631618e-01
-5.212693650138405799e-02
-3.922327947826836914e-01
2.841516713351227019e-01
9.056471365464633383e-01
-7.770778398838820711e-02
1.361103666701483361e-01
9.138190308975743248e-01
2.970723315001675968e-01
-4.253521165444358876e-01
7.340731996559243244e-01
8.693985768592452645e-01
5.281034917858329347e-02
-3.636631571033210331e-01
-3.018391779599549074e-01
-4.357196493054522196e-02
-2.405944711229841271e-01
7.669806434240555859e-01
-2.338125359938370285e-01
9.042789688484025312e-01
1.550696960713588701e-01
9.389180170569612072e-01
8.598917114079356327e-01
9.150687292348382851e-01
-9.524373956683665488e-02
9.403477887538620461e-01
4.574288691389111206e-02
-9.211666796123328671e-02
7.168249113997393618e-01
7.399311174011236059e-01
6.804137648153348872e-01
2.453849084623898127e-02
9.206306292275578951e-01
-3.844439320800422388e-01
6.685455442549405047e-01
9.048865987619252316e-01
-3.408308418104960547e-01
9.455967886955098933e-01
8.371827851762111417e-01
7.499449698094557970e-01
8.243174196148974620e-01
9.188592774316073353e-01
-2.864258196218122943e-01
3.459008441954576629e-02
-3.908997513386601730e-01
-3.944065232678812261e-01
-3.259706930701702365e-01
-2.723537447483422858e-01
2.997552713385923662e-01
-3.247553855633077968e-01
8.024591608852287283e-01
-1.612330085784997591e-01
7.251714633228673046e-01
-2.958515487887454221e-01
-2.817213515671440627e-01
-1.880827867561852829e-01
1.155507985716597852e-01
2.414221059958331084e-01
9.082938751419621370e-01
-3.544008134142641042e-01
9.028981719525355221e-01
8.472148446346121631e-01
9.415162667173828659e-01
-3.307177703755834752e-01
-2.942927776880702728e-01
8.156127764811406111e-01
-2.381626719271499604e-01
8.907354971924552611e-01
7.147469133461542556e-01
7.522973315238141723e-01
8.889746669021038050e-01
-1.589691774248674916e-01
7.121519567727587763e-01
7.104952731540360444e-01
7.641642590963151349e-01
2.796928772374578931e-01
1.316829130036776541e-01
-1.306130885275628428e-01
9.298602404641549413e-01
7.534253584793362268e-01
9.229597851407171927e-01
1.389755365157569478e-01
-4.290042338800698074e-01
8.191683148147074212e-01
8.680579678774205110e-01
7.326645376861690151e-01
-3.487666018287668424e-01
8.537939276133307276e-01
-5.776492415136036396e-02
7.882661032990482264e-01
9.470485499893883663e-01
-8.241635068608817172e-02
7.798358548523718348e-01
-1.806323393019160506e-01
9.038047251300026508e-01
8.650472674680951268e-01
9.284820751095782532e-01
7.838496413317964651e-01
8.989357484455829939e-01
8.539711811515742212e-01
-3.478533599866794335e-01
1.269404136930017690e-02
6.250405083839289944e-01
-4.286753731919810129e-01
-3.036763381820356544e-01
8.981615513421536967e-01
-1.563240853075162917e-01
3.967913922650181946e-02
7.566832368980082046e-01
-2.898257528618704004e-01
-3.734727794297227899e-01
-3.495032592588375731e-01
-3.268655307091882789e-01
-2.967560851824855295e-01
3.679745156992272892e-02
2.645238266118239423e-01
2.276653722246207989e-01
2.975139670377854317e-01
7.851399424014727790e-01
9.473731675167641475e-01
7.367344743121364559e-01
-1.987540100641813356e-01
5.130820390503645217e-02
8.937314651051422310e-01
