1.644498331027979543e-01
-2.618018352402823878e-01
7.585386562612631556e-01
9.272544096992814122e-01
9.244370786218399916e-01
9.388173026389368125e-01
9.490814985641066182e-01
9.074783922567267735e-01
9.132482632102468800e-01
1.612659623003542264e-01
-3.005082524664028920e-01
9.228223787015401580e-01
7.290149356952022597e-01
8.657517719815742696e-01
-2.502501979117970343e-01
-3.268071668184716061e-01
9.271646414456629071e-01
-3.290050513845735325e-01
8.781646774515152742e-01
9.005361932024565919e-01
8.055597043680630120e-01
9.061396561493239021e-01
7.948129359164981533e-01
9.024646692786124358e-03
1.541868669365033528e-01
-1.670497070013441943e-01
3.254702132618285115e-01
8.124466966963173054e-01
9.139916569778231414e-01
-3.707100191109043985e-01
8.013427084345015050e-01
8.696904222226384817e-01
-6.653484037013279728e-02
1.212459751003081287e-01
-2.738625247393179363e-01
-2.354408894612043945e-01
2.560626002732125928e-01
7.647121766423146116e-01
7.429668731931114989e-01
7.479635566387561330e-01
8.777253396999938895e-01
9.018094002135935705e-01
5.897914509634033520e-01
7.660056515181520309e-01
-2.282647663732569332e-01
9.234801014369211636e-01
9.054145357635826619e-01
-9.963676278174173062e-02
8.782084464847453864e-01
1.591222602883215487e-01
6.204123363046437634e-01
-3.272978948507201946e-01
-3.946079822954526306e-02
6.242862083889739733e-01
-3.018032332621365388e-01
-3.236292606202127442e-01
1.266491713719301582e-01
9.046933029168048312e-01
8.035197332081317478e-01
-5.636084125286783264e-02
9.138429299502269787e-01
8.649271963994424883e-01
-3.519117482580073619e-01
-2.517316820518253340e-01
9.032661122344051718e-02
8.982773014427797298e-01
7.270831827839887573e-01
7.515013594726256407e-01
7.891757531836011141e-01
1.436825563724808963e-01
7.663356326279476827e-01
8.384873452133508875e-01
-3.137174969813721348e-01
9.115233196358987211e-01
-3.278878467807846975e-01
-3.727155348930665246e-01
9.311438741514764805e-01
9.354717012513662500e-01
6.974999278450945139e-01
1.633283270302170465e-01
8.987062727147332453e-01
1.213802393484036957e-01
7.564352429546149503e-01
-2.311452047491568129e-01
3.043519633542317998e-02
-4.236534192796958531e-01
-3.441715621743470788e-01
9.255080323995631408e-01
7.645407392747562980e-01
-2.901928994808128381e-01
6.941611603350856807e-01
7.768740197665031655e-01
1.287110076712809359e-01
2.204827639297533837e-02
-2.384131158757200053e-01
-3.211659283103661666e-01
8.925582006956204184e-01
7.588573790271835318e-01
-2.693833175773402422e-01
9.304290946461617473e-01
8.963026320130837998e-01
9.306030304869228331e-01
-3.004150707694915878e-01
8.148197623873246753e-01
8.906771208027600695e-01
4.327959046749565997e-02
-3.202751962383450501e-01
-3.243403234489178333e-01
7.804813241436010518e-01
6.438877179496629299e-01
3.666094861142915606e-02
9.165667675848104823e-01
-1.136167662273090961e-03
1.548399556333365512e-01
8.263438224347978700e-01
8.647125220972132764e-01
1.109521918225310766e-01
9.231585944936184784e-01
6.919386435411486458e-01
8.873447210771674420e-01
8.907406571013393171e-01
6.635845046153316940e-01
-3.261127591547434146e-01
-3.017979238436092615e-01
6.926945518135961821e-01
8.969174346006503207e-01
-2.018411121764288330e-01
9.084272204943684148e-01
-4.278579011929010689e-01
7.737566256109675855e-01
-3.795354131100936446e-02
1.855167641920246399e-02
5.400186887262466845e-02
-3.470848253821624541e-01
6.466459042778234245e-01
-3.231210589858332649e-01
-3.386515284623439759e-01
8.399438384603994390e-01
8.386618459160557482e-01
7.119694194920423991e-01
2.279899690381559374e-03
9.418492479567003306e-01
8.868283144741758717e-01
-1.486094755770780290e-02
-4.343824721614458206e-01
1.818964846319856832e-01
7.573992475411824854e-01
-2.504699296635831685e-01
-2.220805503849418994e-01
8.823619329256304766e-01
9.366457396113100353e-01
7.605344048312649985e-01
-3.247849284100940426e-01
-2.820665764832733236e-01
-3.384099576361753181e-01
9.578613696286697454e-01
7.137721964305813183e-01
7.425017773409645638e-01
1.874576556449082110e-01
7.192996098753340339e-01
6.972317948171617985e-01
-3.532367651512323681e-01
1.121995490917928606e-01
9.159169248262468699e-01
7.532700527197542240e-01
-3.092067134156216146e-01
-2.877722357604950432e-01
7.364879097185013102e-01
-2.718797697078180198e-01
6.495274493231308899e-01
8.651757535376252140e-01
8.468020958940747356e-01
7.107485046891846014e-01
1.145731624554404554e-01
7.706635853069683240e-01
-3.794735488053843087e-01
8.535008291747170350e-01
-3.247474555292715892e-01
-3.409602965024153831e-01
8.100647030279426453e-01
-3.910140990497111835e-01
-3.119654638660598334e-01
9.265014744613805364e-01
-3.059361458454792904e-01
7.141117998774952902e-01
6.002226738743744461e-01
7.723232883178937636e-01
-4.148619686669496875e-01
8.688284665999975731e-01
8.667291308830903096e-02
7.261696947985630812e-01
9.031633246732292397e-01
-2.266815103394334563e-01
8.960047098338771443e-01
9.432921471022559512e-01
-7.880493896815576882e-02
-4.224961881917619899e-01
3.143630944141562883e-02
9.068375535990046421e-01
-3.081055182058642927e-01
6.176158295698660483e-01
8.997692840028734818e-01
9.352746366579894888e-01
6.616262611466802168e-01
9.470731188839607295e-01
9.099337276515853112e-01
-3.350594051762511572e-01
9.317285777623068865e-01
9.126085351602462037e-01
9.481005737348910944e-01
7.843692336496430606e-01
8.767960916112251812e-01
-3.469773329050575561e-01
8.795939461351927058e-01
9.243763105082206666e-01
8.742579457715434765e-01
-3.116665663468614067e-01
9.044334555271289489e-01
-3.715547531206043752e-01
-2.703118206347667751e-01
7.498950644598010307e-01
7.236919981187106554e-01
-1.164728954744325695e-01
6.554853092795512870e-01
1.390119493059693151e-02
9.357821773980021796e-01
-1.607212816752607853e-01
7.650848286827042211e-01
-3.353173893602323652e-01
7.726593579054948924e-01
7.760290947303079001e-01
-3.340580117462940146e-01
6.403222478930623573e-01
-7.471443478377572112e-02
9.271695935970875047e-01
-2.736706392659813414e-01
-2.937814633818813803e-01
8.778041858285751120e-01
8.988896422934385955e-01
2.389538956932820563e-02
-4.341142164485390365e-01
7.068106671108727035e-01
-3.867703654535150082e-01
1.400964061344738276e-01
-1.033216969109891081e-01
8.415880492295149673e-03
9.338325912690930153e-01
2.040676418465095787e-01
9.467201138114968995e-01
7.544214559658548591e-01
-8.472434256619670867e-03
7.044584378293058391e-01
9.229767480476512853e-01
-3.320564192573693951e-01
8.534211189269406139e-01
6.994069997263091532e-01
6.973830525880962972e-01
7.587323664765888154e-01
2.276641652919051545e-02
7.032129554464142673e-01
-2.501645856856471450e-01
1.837064202023061532e-02
6.189909553573156309e-01
8.505311534509587545e-01
9.479618587233091809e-01
9.399186655347329111e-01
7.245165067323899866e-01
8.238052690121203669e-01
1.872834017042647459e-01
2.128730627069945480e-01
-3.388127795684548471e-01
-3.086693007785979437e-01
9.043148727521633790e-01
9.260176710455423343e-01
-3.994156267016560347e-01
1.567311470160932807e-03
8.909887712905494306e-01
-2.714078401277805058e-02
-2.914117644743449698e-01
8.118292250608506455e-01
9.481529047231047613e-01
1.718565688154115034e-01
-3.115486892753061565e-01
8.445127951599263882e-01
-1.904065879815467766e-01
-9.724886760577605704e-02
-3.073790352892137312e-01
-3.163429786163208801e-01
2.676425247599993965e-03
-3.668435580055098288e-01
7.040819788284329306e-01
6.864515604088033962e-01
1.279010517189086565e-02
7.261773698980878988e-01
-3.513242007705071890e-01
9.417972033449543146e-01
9.381515788676915157e-01
-4.074640891868944181e-01
-7.684798098431594449e-02
-2.099481251864087628e-01
