7.467264843763298243e-01
-3.883122516077351927e-01
8.383978116901036337e-01
7.991220319149039408e-01
9.142393385538745143e-01
1.657662733240073683e-01
9.051670221291070462e-01
7.997286357503891052e-01
-3.158965103924094020e-01
7.843665044771398476e-01
-7.574252735742209586e-02
8.060763453254479183e-01
-4.537975305770095558e-01
9.265509817835023698e-01
-4.225216983502726453e-01
9.186540264851508208e-01
9.021907561889599414e-01
1.049787980979061675e-01
-1.704885652215904768e-01
1.038210456560974271e-01
1.740830138896137802e-01
8.630857839935898168e-01
-3.225995904114550838e-01
2.495976653491226993e-01
-4.493574192669146927e-01
8.560830421388208045e-01
9.076479989915600122e-01
-1.049349189803928106e-01
-3.973245850891330422e-01
-1.926492337923675913e-01
9.176613944394012012e-01
8.436680919862251660e-01
1.126745718933278850e-01
2.650759738182356107e-01
9.222757815163858952e-01
9.410364960886289376e-01
-7.782908800219226486e-02
-3.048474120307370638e-01
7.901396585702090691e-01
9.126213759148699145e-02
-1.374437442962960811e-02
9.118090485271809209e-01
-3.036188331098097631e-02
1.354562110633560634e-01
-3.503710955925595782e-01
8.324127953842239691e-01
-4.575756950385237443e-01
-3.501798178156274588e-01
-9.799018874352688480e-02
9.154404450415205563e-01
7.925829139058342410e-01
7.686632440434443270e-01
7.229484729069843851e-01
-6.724804228608534384e-02
-8.143298898903499061e-02
-2.830927579747772316e-01
-3.680021952262109708e-01
-2.597021092221286631e-01
1.092144371955436066e-01
-1.198454960547669229e-01
1.227376981505188813e-01
-3.125343361784723162e-01
9.074852207113057734e-01
8.944328184119409997e-01
-1.369033057831156586e-01
1.594644158686783775e-01
-3.123123829373877225e-01
-3.178165766327734065e-01
-3.696982146396335378e-01
9.352122286395676554e-01
8.794133295962800467e-01
-3.844140756888472787e-01
-1.977238831425591203e-01
9.074400255447974128e-01
8.990233132277024586e-01
-1.904608869649473402e-01
-3.473009622439757194e-01
-4.554593381638070704e-01
9.045097234072349002e-01
7.128598025811218042e-01
-1.572141462803532952e-01
9.096464264050629911e-01
2.173076271177509788e-01
-1.313058487471110147e-01
7.126743609676214897e-01
9.212100418477142671e-01
9.033965000387079725e-01
-4.213266645682092193e-01
7.236981308941597968e-01
-3.868671251409900314e-01
8.623936451392928415e-01
-1.859455408491662021e-01
9.065170371231168200e-01
7.798374817350600674e-01
-2.495511534429104006e-03
7.599613994421999807e-01
-3.874915208778115239e-01
-3.808682813187876937e-01
7.777359104129702994e-01
-4.056989161873197358e-01
-2.633525258308174744e-01
-4.267597156084462773e-01
-2.274417317072975897e-01
-4.680103088012916301e-01
4.328374324639156639e-02
-9.380328052976602549e-02
-1.030077880728150624e-01
-3.439201893018093426e-01
-1.688776292712774185e-01
9.013344313073961001e-01
7.063466585191358060e-01
7.900394452005189416e-01
9.050329271830219735e-01
-2.035372477168794769e-01
-2.250643271862537154e-01
8.876231513237516912e-01
-4.797420216033176921e-02
-3.734942794743731920e-01
8.726630030622560819e-01
2.268729826726532672e-01
9.110264594866656074e-01
-2.472885753802396558e-03
8.799639958282547969e-01
7.716166100538498496e-01
-2.469881486223270695e-01
9.078467066160680332e-01
8.994343355698373177e-01
-3.335074358125347249e-01
-4.890557457132967967e-01
8.125799520713842261e-01
-3.134760469914904535e-01
1.732378191622659935e-01
-4.957989401064387125e-01
-3.746227822072760172e-01
-3.950603069267477618e-01
-4.387267968017987685e-01
7.726708409395468546e-01
1.984866273499731881e-01
2.445102926536870669e-01
8.990535128893578642e-01
-1.215845029919016967e-01
-3.115741726209158569e-01
7.957387660576720201e-01
7.475302918552310105e-01
-3.772473499366335581e-01
9.078308109631326728e-01
7.279969836007285089e-01
-1.501604893667403129e-01
1.668560120384437739e-01
2.820063437062595435e-01
-3.559592830662223761e-01
7.854182740600653689e-01
2.216818919511771846e-01
9.072111441905659213e-01
9.187182548899839318e-01
-5.440016767327526814e-03
-2.946849870283824169e-01
1.912113945363558831e-01
6.268225468932840660e-02
2.785425059189468588e-01
9.176611594473378375e-01
2.417605422155030548e-01
2.578851389182956200e-01
9.159117050138619875e-01
-4.773146908156949975e-01
-4.049942032131350622e-01
9.151230738226523442e-01
7.856114732510108833e-01
-3.657121698603092996e-01
7.754184711247575912e-01
9.128023098156360371e-01
7.951795199815882009e-01
1.453093009441607797e-01
7.963981716806373123e-01
-2.792688486576930251e-01
1.176354462185784377e-01
9.030095059287116532e-01
7.450291024859644340e-01
-4.359048173445875807e-01
-2.452016639656848518e-01
8.662549327212245576e-01
9.108364214571922357e-01
7.723387029200731169e-01
8.772876114119083635e-01
8.609676819995859542e-01
-1.320957850184906468e-01
4.338139364701334988e-02
7.018393517345246080e-01
7.627057000632490036e-01
-1.650849899931713938e-01
-4.730168439539788605e-01
9.120785387728609361e-01
-3.732362431944461489e-01
-3.681472584136464832e-01
8.680583651139316403e-01
-1.902072099866859989e-01
9.124840698015664886e-01
-1.537645180278950086e-01
-3.115214583270329296e-01
-3.967278335391583588e-01
-1.556453277220806730e-01
2.699199880540006924e-02
7.381535129864974509e-01
-4.063185617620028722e-01
-1.646121757266670871e-01
-2.993738498696622008e-01
7.868300734613589142e-01
2.495426197380497257e-01
8.420483659189702541e-01
7.086274372107226327e-01
-1.372409358770362575e-01
-3.950382902004660468e-01
2.351533596837301343e-01
1.869955130897318074e-01
7.332477637913680235e-01
-3.030858830902167789e-01
7.930159730118969685e-01
-1.110163300516202878e-01
7.778725968791724843e-02
9.064315097682585920e-01
-2.408116434259458261e-01
-1.813101311568385832e-01
7.703796733156766940e-01
-3.361530493649143581e-01
-1.842757863399124285e-01
2.097035250769014869e-01
-2.319721165225234472e-01
-4.426487719273439758e-01
-2.648666193513944389e-01
9.038162923284605021e-01
9.214257249520921844e-01
-1.612272461011653168e-01
8.156124549510078703e-01
2.342569688483880364e-01
9.072166484239897466e-01
8.854663100452273006e-02
-4.424396540844843240e-01
-2.396353952281485566e-01
-3.836240915202412949e-01
1.016274799223901293e-02
9.203751945964981918e-01
-3.829826129614519875e-02
-1.535484166488111368e-01
-1.299639775195182145e-01
-8.814605004787673392e-02
9.462513868523372840e-02
7.349648547095246620e-01
-2.620767353555653600e-01
9.337477169520456144e-01
-4.255774785111558489e-01
9.076370176156626224e-01
2.789349643730915096e-01
-4.121735668950824438e-01
-5.037460947509115883e-01
8.663165441086543295e-01
-1.384159642942991986e-01
-9.363748223074307153e-03
9.231476073063843435e-01
7.763644048585899293e-01
8.672056017319453858e-01
-2.039367570897218096e-01
7.939602241282157635e-01
9.294058392296085103e-01
1.012469110362745617e-01
2.215199548088241932e-01
2.118819505045514973e-01
6.031398129256720919e-02
9.156304547277813732e-01
-3.280913294846283246e-01
8.824681172657643513e-01
-3.688412373506168018e-01
7.481568478239932762e-01
-2.921347093080164936e-01
-3.933501731963443548e-01
-1.189818096279097459e-01
-4.005178923681403380e-01
9.134888886152360277e-01
-4.360532933617302653e-01
7.711555313985505311e-01
7.527286166537167089e-01
9.224797184844610864e-01
7.313080110427782055e-01
-3.361411700974065164e-04
9.170076005471088365e-01
-6.691132586408304883e-02
-2.600497122304665787e-01
-1.200025524389146392e-02
-4.505847642876058268e-03
-2.193939949187380667e-01
7.778857727980044157e-01
8.865982199012522047e-01
7.639719405608084157e-01
-4.656539331055366271e-02
-6.679547330750428002e-02
1.608005538148841729e-01
7.983045311949087397e-01
9.038386521960343201e-01
1.049152193788008419e-01
-2.655394472458892374e-01
1.887431166923339843e-01
