7.395968886238825091e-01
7.602790788878922568e-01
1.134945164846039162e-01
8.852289771027698206e-01
7.142932673795052700e-01
7.661175737020511356e-01
-3.631115813185468721e-01
9.294124067108713305e-01
-2.373489710071911007e-01
-3.133786168737363598e-01
-4.005424197263519615e-01
-2.091958049355363558e-01
7.753379697512290392e-01
1.621979975724849588e-01
-3.151875285097087698e-01
-4.476716236712406927e-01
7.011701417916937906e-02
-5.699222367422085433e-02
5.474295537504520609e-03
-1.907496972778476574e-01
-3.002787381722828441e-01
-1.480354194564126868e-01
-3.287242474296821482e-01
8.842728569342058753e-01
-2.921858199358777219e-01
-4.059144355582149089e-02
-2.639319684486987061e-01
9.306649931647178464e-01
8.045036219606880312e-01
-1.900930276421279597e-01
9.052596274691253608e-01
-3.731586658540410051e-01
-2.153947073493818198e-01
-1.392795934809392677e-01
9.303292652877724889e-01
7.779645926154188373e-01
7.077005790463241075e-01
7.303265386203501297e-01
2.152070619600873480e-01
8.700616230538484874e-01
7.088033135503926108e-01
2.152959249008555287e-01
6.931537516632964024e-01
7.341517818326295242e-01
-2.447647892614521481e-01
7.977168786144475110e-01
2.547800246912588218e-01
-4.064844621827329862e-01
1.300176313503056402e-01
-2.116169359863617760e-01
9.008113266905738437e-01
-2.918842540472750824e-01
2.540973078189414647e-01
-2.355070331111357440e-01
7.715617929118319118e-01
-2.050399192081289734e-01
1.570022476141552659e-01
2.112641447263782501e-01
8.926143629847794747e-01
-2.760968363340766119e-01
-1.621010358617730462e-01
9.058750700903516195e-01
9.378193453565746296e-01
-3.889442145533895112e-01
-3.114295040752835808e-01
-1.125618491750917383e-01
9.114766850466848869e-01
-8.891101371532483810e-03
-3.904927626231788906e-01
8.408976378781666261e-01
9.368844557435650477e-01
-3.538123219637679950e-01
2.280492835437094579e-01
7.752561428606397076e-01
3.271984405874102109e-01
-7.674067364675360436e-02
2.012111236047796903e-01
9.104404404694702579e-01
-8.959594487817805486e-02
-1.723805559278560329e-01
-3.000221044972051221e-01
-2.368954100492769443e-01
-1.565829415525488433e-01
-4.041978212607102994e-01
9.150903036506037314e-01
8.977985409314894749e-01
-2.462205270403234336e-01
-3.114049897245407261e-01
-3.574740149460066130e-01
9.014118361793700407e-01
-2.851931178506537101e-01
1.031519615037362891e-01
2.453024044367932144e-01
-3.355403111986809961e-01
-3.374450714035442389e-01
-1.678756389893751033e-01
7.157298458561894838e-01
-3.794211161163244528e-01
7.406389222588622978e-01
3.182229734427562962e-01
9.335241108924192677e-01
-4.021779390115375330e-01
1.805353965572022157e-01
8.957337654611855493e-01
-1.563203432765228329e-01
-1.065853291789673196e-01
8.210138999255618408e-01
7.877012747714503549e-01
9.086102179100740139e-01
-3.376290629283931199e-01
7.610844299217411901e-01
7.633608077294592453e-01
-3.541336992157708696e-01
-1.780839065321365156e-01
1.729547227156506273e-01
7.857566155287966092e-01
-1.395442543230637766e-01
-7.153362668010193604e-02
6.743445229180218270e-01
8.406996976591426529e-01
-2.493640562560361651e-01
9.353336507020693080e-01
1.180607941813870687e-01
8.761873221323077804e-03
8.651870949884689077e-01
6.999488275426537509e-01
-1.682786412449483182e-01
-3.134735714666587736e-01
8.672967529931419062e-01
-2.464939409740688758e-01
-4.719122430149569891e-01
-3.087538506117711856e-01
9.095046646532780610e-01
1.377866950963872184e-01
2.719041301371482450e-02
-3.193910634578165930e-01
-1.077520338185685156e-01
-3.855150968092430630e-01
8.785320365948272592e-01
2.353348136336121388e-01
1.804096537475435857e-01
2.355541149280498958e-01
-3.443897573492929465e-01
9.864567388785577817e-02
-4.252799177557815558e-01
7.838747466753859250e-01
9.027688732927539039e-01
-2.901406176697662875e-01
-4.129779674526918853e-01
8.716757356495866693e-01
8.457001558255526907e-01
-3.216373599954562845e-01
-2.774203651891667954e-01
-3.082072053677051282e-01
-8.776847819875407963e-03
8.203270610989027434e-01
-2.234978328475208942e-01
-7.622363863043668530e-02
9.097763862430902071e-01
9.235139755880820145e-01
9.244726852151610164e-01
2.853673934800263212e-01
-3.817239835247288604e-01
9.011775116968040455e-01
-3.314139794838908970e-01
8.616034400433840723e-01
7.163990998843815516e-01
9.130495066208731414e-01
9.041642959328902718e-01
9.072131165980883427e-01
9.186241253225017056e-01
1.674902944251499826e-01
9.019485217231216767e-01
2.920517882300782686e-01
6.920192049873665763e-01
7.656495511671772558e-01
7.033280779185735465e-01
9.158994767825525685e-01
-2.074632763882822695e-01
9.168034936834467130e-01
9.150740219131063835e-01
-4.634439182233945909e-01
-2.821672231501274469e-02
-3.882849647177818442e-01
-2.422849191494699794e-01
-3.582533128447466519e-01
-2.679215967575223623e-01
8.230248219605428295e-01
-1.562081350367354182e-01
8.034948413088194297e-01
8.991288616871435657e-01
-1.981227392156414413e-01
9.089379711226051040e-01
8.155406488289669298e-01
-3.317622555063876044e-01
-6.877391770317262121e-02
-1.897211833376258039e-01
9.265855529000416313e-01
2.767264242253043016e-01
6.877710306871203105e-01
-1.974137325566342471e-01
7.595669963170007533e-01
9.375599713872084795e-01
-8.985443404582815763e-02
7.492470161614384061e-01
7.291375868136987792e-01
7.778429734330195577e-01
-1.848565380263487989e-01
-9.419231492393212446e-02
9.247711271927455678e-01
8.220161940230815700e-01
8.671264302206701524e-01
-4.308334813004620623e-01
-3.154356912525703160e-01
-1.391273973059928282e-02
-1.412029891259796721e-01
-2.203790522929914564e-01
1.469600837337127763e-01
9.187377455493402900e-01
-3.730492726578346074e-01
9.257728933194018239e-01
-3.078029137651805414e-01
-3.507936428904419035e-01
-3.804173451549343055e-01
-3.428796178842157816e-01
8.569001717695916565e-01
7.847464755684756543e-01
9.245152884476077748e-01
7.945618238794206478e-01
-3.212356046075523497e-02
-2.708483951318333971e-01
8.839317214055986138e-01
9.336477670205399759e-01
7.647013622694297519e-01
9.268140037779503126e-01
8.405707429556600330e-01
-2.604708291024129263e-01
9.340559765059956998e-01
9.346149024769564440e-01
-3.639231204064360403e-01
3.301636814643471585e-01
-7.961916456317907897e-02
8.972893093619512817e-01
-4.353885031003891237e-01
3.363907819003437716e-01
2.552655131223683926e-01
9.096829272893955931e-01
7.530379764400380038e-01
2.020682148978142356e-01
1.960278647909664829e-02
8.002977301806942778e-01
-2.237571549818931360e-01
-4.194137241563611340e-01
1.808210464588041466e-01
8.513307184504318448e-01
9.175899839315539985e-01
8.336837926933210463e-01
9.087223801865094153e-01
-8.814676622812728235e-02
-1.889973572669910451e-01
8.947889488056639529e-01
-4.168243716839861723e-02
7.135638543164770642e-01
-4.366700429949313400e-01
8.704107392479250027e-01
-4.559737662790449009e-01
2.730764950593142504e-01
-3.212469089970036995e-01
-7.317459251275210130e-02
8.852706825199120333e-01
8.187245993176102132e-01
2.212392829516812709e-01
8.819035248185677078e-01
7.481072769974964620e-01
7.565014309236340884e-01
9.310358964731867415e-01
7.369724660938956617e-01
9.120403928319571474e-01
7.845711686320888667e-01
-2.052810513231516920e-01
7.129981163767934449e-01
8.770020858525489071e-01
-1.880361879677548004e-02
3.256510888336336396e-01
-3.684774255344824279e-01
-2.071103225247235557e-01
3.159301137260511760e-03
9.155652653554756659e-01
7.507975509126429969e-01
-1.531652907389096097e-01
-4.575803876790579539e-01
8.511481249457470977e-01
9.250248306612488536e-01
8.649644096119065706e-01
-4.474967354365798067e-01
7.741286618347428261e-01
8.853672738548942212e-01
7.171020399457832539e-01
7.563778482256977576e-01
7.690782606421205925e-01
