7.759403063902728936e-01
-3.093730813129418333e-01
-1.595635240945343925e-01
-3.014672998708126661e-01
-3.642682195692220071e-01
6.749975595564616793e-01
7.706354829539530105e-01
-2.029319615889353945e-01
-4.841394513937399280e-01
7.469359296502516843e-01
8.973300960170510487e-01
1.964793709499357971e-02
2.118388575101831928e-01
2.709746763245279300e-01
-3.963059636913373041e-01
7.764471332952078697e-01
7.282330503107353747e-01
-3.049229491303217521e-01
2.696535698013063226e-02
7.216954608736234622e-01
8.690159114625124470e-01
2.578655248708225933e-01
1.829279976645857009e-01
9.149617984007636373e-01
-1.505374734738864073e-01
1.555128126152184875e-01
7.199825626343561158e-01
-1.837433382444347563e-01
-2.912081588943705168e-01
9.227115667952870970e-01
-2.361675084548035541e-01
-1.485117083172289854e-01
7.329898967177561619e-01
9.539257147328039643e-02
7.832291566807401129e-01
-1.612683890423107502e-01
8.739735417012444163e-01
-1.150520842228576757e-01
8.083931899785206099e-01
7.717813569956327724e-01
-3.661678851857834704e-01
7.092945364251419527e-01
-2.362121426200502472e-01
7.906981317102753648e-01
7.526026341379523643e-01
-4.680283951792518216e-01
-1.170170767896858005e-01
-3.092748155314312686e-01
1.482912168248941287e-01
8.764944603774628140e-01
9.128398955590704134e-01
9.078159551552570372e-01
-4.413041723653015613e-01
9.220093208619069003e-01
-1.442300038024168229e-01
9.184565309549922452e-01
4.598965886926976998e-02
9.063207605639918008e-01
7.647094786376298914e-02
8.559077639333619869e-01
-4.498182271056138659e-01
8.869234783443146197e-01
7.744291198471031645e-01
7.424927496424152951e-01
9.070149525092653375e-01
-2.587094118532506370e-01
-2.298186434842507953e-01
8.991208034228201917e-01
9.151700728271255914e-01
-3.406881197109006831e-01
2.173421314607365817e-01
-1.765138679881583517e-01
8.131595376475831971e-01
-4.029153350695547364e-01
7.746982467634506708e-01
9.224265768804632559e-01
-4.449201072771826748e-01
8.836370558277097109e-02
-5.514684110811786388e-02
8.883790470135790596e-01
1.209725161123742371e-01
7.545935160903195493e-01
7.361744332615799413e-01
-3.144716383658267556e-01
9.120437834941697020e-01
-3.488977614974650976e-01
8.254200625787352363e-01
-1.566057267738695802e-01
8.337549825590209185e-01
7.004244629621539930e-01
8.515943074682620351e-01
-2.626377685313276977e-01
7.998313224425845913e-01
7.299404129932594021e-01
7.496535360663975078e-01
9.033582333361916961e-01
-2.841396330034482443e-01
2.139591398712285542e-01
-3.750851473274322001e-01
6.673097315314657774e-01
-3.525425618684946971e-01
2.657712480407208866e-01
-1.385098969281976233e-01
-4.098220356539640230e-01
9.019210351201840670e-01
2.045920652772955373e-01
-4.469701007099303181e-01
-4.040787275457969341e-01
-1.981711997843520479e-01
-2.833425504537002704e-01
-1.195774133420741542e-01
-3.625733090556958471e-01
-3.322599749856933182e-01
9.611915032661436098e-02
9.063609208213984081e-01
8.829478954335551188e-01
1.142913074420241343e-01
9.200064974458826983e-01
-2.154005785516328042e-01
-3.876539984826390395e-01
9.221621403782532811e-01
8.924074129015777679e-01
1.039217677309252630e-01
1.781342719743348457e-01
7.583194260663993214e-02
-4.409077658984946191e-01
8.930463142653970454e-01
-3.333302057908489324e-01
-1.152097147134705096e-01
-2.365600107998665769e-01
7.223279661711942135e-01
-3.274826836796421725e-01
-1.362684717782676191e-01
7.768145923901437211e-01
-3.622075325735800710e-01
7.750998140594510533e-01
-2.203146771951765559e-01
-3.315287319094705198e-01
-4.015140742317701572e-01
-3.295028066858640692e-01
8.507632973030744283e-01
6.796968759355483947e-01
-3.063427686700364583e-01
-1.214543727828443498e-01
-4.246805127388266210e-01
9.067778917561156726e-01
8.574490047185722164e-01
2.447660380628108312e-01
7.207454262796447741e-01
-4.034503533062152036e-01
-1.552161086906767573e-01
4.069755859544655352e-01
9.146553008524703765e-01
9.161514164471268318e-01
-4.545448422754694989e-02
9.207706853031588645e-01
9.161996003636769803e-01
-4.335459821927687973e-01
9.151278221114593769e-01
8.839229375399535460e-01
9.154053796009813393e-01
8.376398013382634344e-01
5.639702097225664235e-02
-3.626199660556252424e-01
2.930066649152789915e-01
9.305721485272151483e-01
-3.548168775704150235e-01
-2.251319463636482499e-01
-2.745688314600399638e-01
-3.747187293006152276e-01
9.210344279556388347e-01
7.620818139450726836e-01
-3.379205981437999329e-01
-3.897918187097990650e-01
-3.844198461988301840e-01
-1.142853565508561015e-01
7.460702292088453591e-01
9.207134013561794061e-01
-3.953678065560459198e-01
-1.003327265586129585e-01
2.138271078305044870e-01
8.380649460798056394e-01
7.415178236278342494e-01
-4.392198730718330779e-01
7.949364958028933836e-01
-3.486180970796925321e-02
-3.478785301843845268e-01
9.277875973842164559e-01
8.469492137766796436e-01
1.951396698267404417e-01
-3.690003494759179214e-01
9.316525639078588883e-01
7.121308699850894541e-01
-4.451399124739793822e-01
9.035418206290329879e-01
8.133679959350414990e-01
9.029361285249473124e-01
-2.830152909929976590e-01
-2.024554982220329591e-01
-2.693865588905103858e-01
9.139068400892227939e-02
9.090273454301597278e-01
9.128939127152537747e-01
7.131560776521705947e-01
-3.288659648234344424e-01
-2.862049541320116353e-01
7.325525285720783097e-01
-1.009910411474664593e-01
-2.494691376973006136e-01
-2.787317028473124125e-01
-1.565640189239134727e-01
2.575002234966407011e-01
9.226939662282612753e-01
9.306638207655534289e-01
-2.411318959162483955e-01
-3.984597281925974510e-01
-4.623921249462338567e-02
1.884629026844941713e-01
8.760331007761450461e-01
-4.128212257976760502e-01
-3.553678550332191044e-01
7.170639336631812188e-01
8.213362045282391888e-01
-3.975143524251424365e-01
9.227756920214473801e-01
9.140165799451394069e-01
8.243282686050483754e-01
-2.999899973997417479e-01
8.986746659778970248e-01
7.746255355014358690e-01
9.057121211756464785e-01
7.500385896115722151e-01
-1.869817549761013109e-01
2.725342194413282737e-01
8.151999693900645605e-01
-3.975396697624319908e-01
-2.964957156386880954e-01
-1.664764047540475966e-01
-1.851274003258401857e-01
9.511793951793452440e-01
-7.803329901283084791e-02
2.110340217579678990e-01
8.044090515671196151e-01
1.735562488057247610e-01
-1.355262833466697736e-01
-3.378520838409657112e-01
5.667790078823976840e-02
-4.159886830640420752e-01
9.208412597359435514e-01
-3.502110712008058013e-01
8.524290393509785790e-01
-3.596907709576758205e-01
7.788421857017815420e-01
6.964827371746366014e-01
-3.774896356696034738e-01
9.105793094030810719e-01
7.208697389262712640e-01
7.626699221242984050e-01
8.833033445734584932e-01
-3.631318475444091920e-01
-3.950681496626458067e-01
9.134268070093072289e-01
-4.131136044052601819e-01
-1.730659092316632619e-01
-3.968354083632052998e-01
-1.329538265073648140e-01
9.357870066845364043e-01
-4.170972589200184211e-01
7.382683096489592867e-01
1.200871204563402905e-01
7.763264017852327115e-01
1.174105610378194664e-01
-1.521204387816507686e-01
-3.204282047298698949e-03
1.040503437165191669e-01
1.998595096353144029e-01
9.193333952932067898e-01
-2.211124014242084046e-01
-2.829853171157105038e-02
8.320913487609717940e-01
8.832869625846249129e-01
7.636798963108279992e-01
-1.721095122447108272e-01
9.139514668759164406e-01
-3.789479727027610934e-01
5.617156614165959988e-02
-1.587299561837715589e-02
3.488602001109197270e-01
9.114476047175877893e-01
8.688588149303172470e-01
-9.778545132205596069e-02
-3.713664344185961530e-02
-5.257444326631567633e-02
-2.979987936195359621e-01
1.186563273521513973e-01
-4.930587467778895228e-01
-1.559293472149776982e-01
-3.284430081736398610e-01
-2.522100249123557236e-02
1.230733698700101353e-01
