7.908725245600197740e-01
-2.983437391394186955e-01
-1.176530138461551467e-01
8.067444111652460892e-01
1.821949042974075339e-01
2.991463079474192543e-01
2.637126303985644071e-01
-3.185735312371570371e-01
9.069063898576830152e-01
6.626177098110229702e-01
-3.961790816629016110e-01
8.998574697416786838e-01
8.071070793954915334e-02
-3.233538544698000977e-02
-3.844422985722401043e-01
-2.791696082584980698e-01
7.560810038170804326e-01
8.545249272665670359e-01
9.101560416289216082e-01
2.308442916490225927e-01
8.899889999708456012e-02
-3.208847544229032622e-01
-2.622919896470722323e-01
7.700061014171887264e-01
8.661933697666963639e-01
-3.418039552963244021e-01
9.345076505859917226e-01
8.089153550345428156e-01
-2.504123755613917313e-01
-2.199677381756016958e-02
9.245852887106416063e-01
-3.148851682351565540e-01
8.884118551751483128e-01
2.561205830171160991e-01
2.478238504993929281e-02
-2.868029665558538555e-01
-1.999115191663904945e-01
2.899804173752669745e-01
-2.453689101624371705e-01
-3.153793879845854797e-01
9.354871812118115137e-01
-2.456559147426344014e-01
-2.768726162106706634e-01
8.552415169308343890e-01
1.212709073694537842e-01
9.131621571084628242e-01
8.172232471012790267e-01
-5.304942750179737765e-02
-3.878957429644663280e-01
-3.461564284298999650e-01
-1.334075002887165906e-01
9.175113063698151494e-01
-2.043019486259017858e-01
-3.169031396132087619e-01
2.356659229822572477e-01
-4.212300282504915505e-01
9.073112887110035274e-01
2.792688171905682859e-01
9.271710341345282824e-01
9.078037315622622394e-01
8.605868119863772092e-01
9.307775344243153226e-01
9.252659362032783497e-01
7.894806038869578435e-01
7.378771467625840907e-01
-2.005168856938222555e-01
7.820267091679435900e-01
-1.887788521805138509e-01
2.931207986223438589e-01
-3.754532382506111654e-01
-2.217386920190960176e-01
-4.168107722807982696e-01
8.952704544951057830e-01
3.121088365964386768e-01
7.953804912958813977e-01
7.614234404015780555e-01
-4.270860043186323063e-01
7.593535177770924793e-01
-1.911762933312563528e-01
9.233422287905197479e-01
-6.467148888206356028e-02
-2.339246746376837938e-01
6.929237253348722314e-01
2.009986769095050974e-01
-2.536277219808046879e-01
-1.840798675823953068e-01
9.291066508049412587e-01
-3.577981652112915967e-01
1.395530998948696366e-01
-3.934255079048740722e-01
8.839760363156439205e-01
9.147385340533970011e-01
-3.364987372028953594e-01
1.833861975760806839e-01
-2.637224177595900443e-01
-8.527598632011929025e-02
9.082519597839291414e-01
9.241846493494723092e-01
-1.427768284706479596e-01
-3.098673169497450641e-01
9.081290518567225467e-01
7.512482160257273334e-01
-3.419468361562782444e-01
7.196155843285559905e-01
7.562071735520038418e-01
-1.317892603915883087e-01
8.742905486944195781e-01
-2.156745146713716019e-02
8.810232071636522333e-01
1.960728359994172720e-01
-1.940027867977619780e-01
8.737376635994767993e-01
9.272356018810349321e-01
7.933452072746566275e-01
3.867369997639674151e-01
9.230102053047544164e-01
-1.670148293908005621e-01
-3.071432040904204519e-01
3.347250281982007136e-01
2.398490257395301251e-01
4.081650740543548567e-02
9.268858041735817954e-01
-4.646536258966973421e-01
3.722470174668109366e-01
8.905325526833647309e-01
7.172521251559926814e-01
9.150913558833380090e-01
1.450665737318464488e-01
8.438886507549792082e-02
8.232696635630550042e-02
7.323958290943775040e-01
9.277252086794637309e-01
2.329971387682582828e-01
3.089315739817805051e-01
-3.828669013650919939e-01
-3.495260950271537603e-01
-3.371543977119300095e-01
9.136688749514606522e-01
7.276307176817101707e-01
-3.074255432233933827e-01
-3.972799084549758497e-01
-3.310868442203657169e-01
-2.018075667425874020e-02
1.432402446707450178e-02
7.260714759231263749e-01
7.021686299933512787e-01
7.633341655141248072e-01
-6.198218236189469155e-02
-2.857587056450516805e-01
9.376980727704080365e-02
-3.507779324320559611e-01
-1.576903931250361046e-01
3.481244995550240862e-03
9.110553448290223955e-01
8.643425539410873881e-01
-4.585093045076469864e-01
9.244972357557794673e-01
8.284201270756748059e-01
6.975799396310972122e-01
-3.372163929660221826e-01
2.163420017340842716e-01
7.780815205229840714e-01
9.181749058993182722e-01
8.318840600135721797e-01
-4.400178416749117583e-01
7.470207363758284425e-01
7.380967807662511815e-01
9.066307436283024268e-01
9.245968340680306152e-01
2.244371539715987462e-01
8.202358555140762952e-01
-3.388027059359533522e-01
2.528395623032022033e-01
7.822934802996299730e-01
3.042072378027291801e-01
8.830350580911675573e-01
3.537751440159407346e-01
7.948853571101723858e-01
3.275945809851913415e-01
9.165279860658966937e-01
-3.739224649615903728e-01
-3.212158991841556482e-02
9.079814705589298596e-01
7.231492621268922338e-01
9.232139619851178480e-01
9.298668714571344251e-01
2.213311589136108259e-01
9.101631377162127112e-01
-8.018798677716405809e-02
-3.911699852466665739e-01
-1.527633156061205533e-01
8.637287360845644635e-01
7.394584360792832989e-01
-2.404666946637935565e-01
8.979535172278128030e-01
-7.907974935714662257e-02
-1.982076341766207395e-01
7.107746019001762727e-01
-1.864271651564392285e-01
-6.121893996636955382e-02
7.334845152186162398e-01
2.554694481063765066e-01
-6.670799942500532653e-02
-2.530717909045696046e-01
1.081049816899463945e-01
-6.996929385025191239e-02
-2.910690318897494189e-01
-3.971292969022505170e-01
7.753932749076086761e-01
-2.431186213218131942e-01
-3.478831311847613850e-01
7.532217881441977125e-01
3.597178507520070734e-01
-1.740346473190821086e-01
8.034552328469417581e-01
-4.475048485436413648e-01
8.658041312662996258e-01
9.313730681955769697e-01
8.949678872720917555e-01
-4.061722035568512412e-01
2.728248093144656772e-01
3.237436034503633486e-01
5.390563960182943870e-02
8.097935135075118307e-01
7.710795556830136732e-01
-5.879562394417885834e-02
3.048469736776646816e-02
9.087246448960897283e-01
9.066062583072305170e-01
-2.713414750996656077e-01
-4.137449446509535167e-01
9.346628181516446476e-01
-2.902022804635783215e-01
-3.188780856969279376e-01
7.800188600961767138e-01
8.848173138993959963e-01
7.703194490663582972e-01
-3.759161850432911067e-01
7.586102078676593141e-01
1.610345690809680264e-01
7.703437441559290999e-01
3.378329191155439171e-01
7.778565588300480060e-01
-1.622602053023964042e-01
-4.561606866906013358e-01
-5.636591613083911934e-02
2.123668281683717685e-01
3.859061409169103896e-01
3.183580513525333666e-01
9.178281666333387712e-01
-2.828148332378762481e-02
4.866722732922523081e-02
8.055271235417607589e-02
-1.512288188917487175e-01
9.227517660887271100e-01
-3.064594185391602416e-02
9.349644307526288056e-01
-7.488015730927492786e-02
1.410438640352561501e-01
2.256641116971536687e-01
-2.885047311723110686e-01
2.478203301757281318e-01
2.743099334959127056e-01
9.225051674933869572e-01
8.976846138837013545e-01
9.356522299641093499e-01
-1.090933085857494211e-01
8.839925905873509127e-01
6.922561843572653251e-01
1.787863429304201168e-01
7.749612081098583571e-01
9.122140450872376904e-01
2.466788102479498535e-01
7.731715942535134500e-01
-3.252751743695588837e-01
7.504469449328684538e-01
-2.201170682991101801e-01
9.246614871371146016e-01
2.422226979459603524e-01
5.702656842678831273e-02
1.092556843609975431e-01
8.644815211390470822e-01
-4.048431594616682117e-01
-2.970569496575168333e-01
3.208940654991807584e-01
-3.975211079311072870e-01
1.469787673097164571e-01
8.610291688447722080e-01
-4.042880059850585406e-01
7.120959950286264162e-01
-4.967818386015575016e-01
1.765716389143288934e-01
8.500213159058404022e-01
-1.241632791989465828e-01
9.120150114767995309e-01
-2.902508096828240181e-01
3.535162039818781077e-01
9.232338079685765697e-01
-4.692185715514740063e-01
7.869676182900174899e-01
