9.260511772369182104e-01
-4.475167846665487059e-01
3.056451602796711464e-01
-3.104251227854093464e-01
-4.366519687350717271e-01
7.719049189809880085e-01
9.275407608519358194e-01
7.216488081833611901e-01
1.770248783163767270e-01
7.047875830039344036e-01
-2.279485165707277328e-01
9.118940818759389000e-01
-4.301411879823227036e-01
-9.304150831194592242e-02
7.785623869476352432e-01
9.241364273071461799e-01
-3.819358194571602083e-01
-4.552492549670392186e-01
-1.702650109409909185e-01
8.225412230300138683e-02
2.832042775060225059e-01
7.564137077026341638e-01
-3.731923275474143264e-01
-3.414966972090102137e-01
-1.793670384786898442e-01
7.606896534921477881e-01
-2.440956985460878553e-02
-3.883969437133267810e-01
8.693222924702304066e-01
8.915433335658302649e-01
-2.545167641632026245e-01
9.942982078261418388e-02
9.004302957841010535e-01
8.294645949379234606e-01
7.761995133005163972e-01
-1.194808127697199462e-01
7.259025885524447164e-01
-4.676248545400045475e-03
-5.240298559223871555e-02
-2.743744125319564908e-01
2.102558155157375486e-01
9.330374360385798038e-01
-3.172827873148541533e-01
8.854360601752084836e-01
-3.595082586899298605e-01
9.128405448107725917e-01
-3.677427821643636241e-01
9.294248958779128822e-01
-3.462064271018182593e-01
8.233324688593692819e-01
8.963080203714671734e-01
-2.311416414884153725e-01
2.857743558323934119e-01
8.978132868551180756e-01
3.350028569033286496e-01
9.166555981293594835e-01
-4.229520346197515046e-01
-1.878892498781446485e-01
1.717285925237455046e-01
7.464168870386608257e-01
8.758065202033337160e-01
9.083066018774835770e-01
8.917159724985520564e-01
7.596602799810511231e-01
-7.597011726359839678e-02
8.547480066430440671e-01
-7.922910720642691029e-02
-2.055687870967574382e-01
1.488501669932264238e-01
-2.898161118002124947e-01
1.702984655638745126e-01
-3.107419356666624721e-01
-3.056445374646164503e-01
7.542834413384517100e-01
1.506157284104143734e-01
7.195590366045938602e-01
8.002183235329192179e-01
8.090527881821819589e-01
-1.656275816577235105e-04
9.042150405075943809e-03
-3.584906732687547781e-01
8.034409383587887143e-01
-2.312448160030441124e-01
-3.745485795351747305e-01
-3.500764609194427779e-01
9.185696884172250831e-01
9.152828707910757311e-01
-1.853415896028045573e-01
2.974388775843050947e-01
-3.036818130611877997e-01
9.130092139609067292e-01
7.005628974107888096e-01
1.293815419574187442e-01
7.494662953149661133e-01
9.522815500169713732e-02
-9.156167584467950205e-02
3.564190501192840421e-02
-4.531443275926125835e-01
7.926265618258282464e-01
-1.295533906394646384e-01
-3.369454405591855717e-01
8.475911658368964208e-01
9.255559728320627011e-01
6.941219024720186592e-01
-3.174731856491060933e-01
-8.485487721922142790e-02
9.080267682601044221e-01
-6.959933966153986074e-02
7.394341046547436846e-01
-2.040151655244073770e-01
1.602489420793429542e-01
-3.877750301208235384e-01
8.656509425629876908e-01
-8.453906369539682109e-02
8.095830911332529967e-01
-3.526906479384207538e-01
-3.659160754588876574e-01
-3.396940645372789613e-01
9.035436320288039447e-01
-1.216283960301747791e-02
7.321081973478650307e-01
9.246706018027393004e-01
-1.920757217616121670e-01
1.565355815351148969e-02
1.724145551263701545e-02
7.642409335141391313e-01
-2.573630972518749505e-01
7.510189644063693937e-01
2.755359857083395370e-01
2.931117761550728340e-01
-3.389049983993567827e-01
-4.303373099579414496e-01
2.132373003125400956e-01
9.093016420528059474e-01
-8.723495041045571663e-02
9.172424305250016507e-01
-3.096945442286787586e-01
9.044569457775386567e-01
9.072914430443018707e-01
-4.055421214598866619e-01
3.264069194231558058e-01
2.296747611175153359e-01
7.799151028058574076e-01
9.205541256664431238e-01
8.336954233515477819e-01
8.407951698631103143e-01
7.402713882410359991e-01
-2.268941151700104297e-01
3.060540740469789855e-01
-3.031599455321793424e-01
-1.917983368998441018e-01
7.555298270675009364e-01
9.077488133193866160e-01
9.228682760438057242e-01
-2.284516962435323983e-01
-3.688974654584171731e-01
8.276910858410490013e-01
9.081448533916153254e-01
9.377635377677512318e-01
-4.074150911716530876e-01
2.853878698605868403e-01
9.211048336064268094e-01
-2.890636451661784401e-01
9.171039451558009592e-01
2.201341476182017143e-01
7.499712271020484433e-01
-4.272703969857971629e-01
8.525139109556305606e-01
8.702910442721362161e-01
6.147868392608994981e-01
8.609318841108893894e-01
-2.403777958162419126e-01
-5.252227935347221488e-02
7.306258441993886965e-01
8.599047431968204203e-01
-3.468521022264626774e-01
7.130649297576264756e-01
-2.219580475660771768e-01
-3.675711611855453365e-01
7.697317031700922074e-01
1.261884320801349713e-01
8.324424493698390215e-01
6.955893695590531500e-01
-2.715133944770369845e-01
9.189717319270350737e-01
-3.979915558459015124e-01
9.198753961595634854e-01
8.314211375355426981e-01
-4.800254623950819810e-01
9.231105169367361807e-01
-7.177667206501861519e-02
-2.238482272007160379e-01
7.696999793655695532e-01
-2.726820730394518000e-01
8.912234763277268046e-01
7.621923888593312713e-01
8.132864837642536093e-01
2.099037253156234017e-01
6.987816950946954542e-01
-2.633113574402410340e-01
8.236633011765360779e-01
-1.663595412751823488e-01
9.069166178171881310e-01
8.930290546142723995e-01
1.336564888445074262e-01
-1.071363212738334902e-01
-2.993917743518019758e-01
2.666166678987696992e-01
-4.196349323958291633e-01
-3.753827909470953683e-01
9.313826055983254193e-01
7.753872432409889548e-01
-3.473279394555264799e-01
7.632984343491191481e-01
8.181207151475878847e-01
6.525955401359034846e-01
1.379940648640260725e-01
8.989803664159249363e-01
7.129488699853738787e-01
9.059435063398832977e-01
-1.983915309489178436e-01
8.357284006170606627e-01
8.850445152191170894e-01
8.673473249057799261e-01
-3.626635932032551968e-01
-1.662682021447539349e-01
3.256371388100772202e-01
7.510505848644911664e-01
1.573474312002261510e-01
7.185018995216374549e-01
-4.636826815612671293e-01
8.995019513175116499e-01
5.987534675516352489e-02
-2.069578091468342873e-01
-1.904343077606318047e-01
2.413916374609555160e-01
8.477912562322050816e-01
7.213519932530934042e-01
2.265529112993805438e-01
2.503326305777806016e-01
-2.601279870428635510e-01
-1.598220250235205531e-01
7.204523609479801527e-01
-3.293771863026964675e-01
1.623895026409695741e-01
-3.828570837109727121e-01
1.255106251123521421e-01
-1.216480730840429902e-01
-1.380603500514520077e-01
7.148360179194469533e-01
8.693162508716933967e-01
8.938267810992643891e-01
9.296330613725194425e-01
2.797255239240801217e-01
8.334224862749615159e-01
8.395666821753647868e-01
-3.746281364336283004e-01
-1.435746525972401433e-01
8.978921514147163441e-01
-7.653223642785939029e-02
8.008383538867062112e-01
-2.484309867789164239e-01
-4.043704707491594386e-01
7.300738783303621915e-01
-4.392958523112959757e-01
-4.277108756545518198e-02
7.417213467033411112e-01
-3.740678526756348043e-01
9.199019924313251995e-01
7.541028566401833944e-01
1.492304932807566875e-01
-2.381978069308530177e-01
7.718732237103099747e-01
-3.859355346355920480e-01
8.463130172699129261e-01
7.437042767013155586e-01
2.664061112438394219e-03
7.884635996063312779e-01
7.581128883159135023e-01
7.500468403087100500e-01
-1.302028995458220373e-01
9.182951474868621400e-01
8.989475451653341498e-01
-2.933128830479565519e-01
4.733155163852316438e-02
-3.486931905242007801e-01
-2.853728363980282401e-01
-1.380905612168533136e-01
4.152986504647824401e-02
9.071027029117745277e-01
-3.469661058689371136e-01
-2.145511904172247575e-01
9.125012154288857369e-01
-4.202692498766802398e-01
8.036803924863402671e-01
9.194984637411883766e-01
-7.664943237414574562e-02
-4.210853594677446687e-01
7.781617640331490726e-01
8.821632555781128149e-01
