1.175325052094535472e-01
1.197771304636525147e-01
-1.645646047873201567e-01
3.368374286117699068e-01
-2.642064422743714003e-01
9.867383393993209850e-01
1.527044158375929495e-01
3.634570171321180876e-01
9.155654100799917039e-01
9.504842114752398707e-01
9.088705020199880913e-01
-1.998749017389162552e-01
-2.466899619404200328e-02
8.581832689388274593e-01
7.119822176052265084e-02
8.943983977105360861e-01
8.884139001268303026e-01
3.862820730391338664e-01
9.314015994127397002e-01
4.433968357086600087e-01
-2.098672558628915108e-01
-4.191882794968197490e-01
3.949047284313766393e-01
8.928868779197723926e-01
9.832042251726365034e-01
9.240689714643281205e-02
8.337776259451637473e-02
1.240376058192659003e-01
8.654076985576855674e-02
4.093324257591081095e-01
9.620986046535006109e-01
-3.473907400162674630e-01
3.582994651648762074e-01
-4.579210630900117929e-01
4.276404772033550739e-01
3.803216591826842352e-01
8.281383111820705967e-01
7.948888377353036105e-02
9.590901776955051972e-01
-1.156487253113896857e-01
1.340212300478033081e-01
3.635052072659336053e-01
9.729283718271781733e-01
1.066514631149397541e-01
-4.558459738409407769e-01
1.116806292316827320e-01
8.870575669776361583e-01
1.129946521155481692e-01
1.924559310120233513e-01
9.406061781324899229e-01
9.292693766090864838e-02
9.716734460681824004e-01
3.650061852166952558e-01
3.898315545363504886e-01
9.616068367704097009e-01
9.432346409554089872e-01
3.379799049041702919e-01
8.912186636852990063e-01
8.697626939303889637e-01
9.305434404470642740e-01
8.996168004565157084e-01
-4.784641575669261182e-01
9.705381103944157317e-01
7.557815194177165408e-01
7.584666176737965559e-02
3.319859053201086874e-01
9.862587285518207292e-01
3.834241242210108536e-01
3.278589505404975180e-01
9.185886148020028230e-01
8.463971718252155663e-01
-1.217694668081301945e-01
8.407975866878132365e-01
9.023560827892233016e-01
3.707346746127370696e-01
1.469410186973474641e-01
3.466779494904078107e-01
5.651503418543910029e-02
8.303538616975576492e-01
8.721071819958690907e-02
1.036280204841308200e-01
3.538832836767493162e-01
1.043914296741700332e-01
-3.226678450708737600e-01
4.404475226435995427e-01
8.603739756814448025e-01
9.847835566397564744e-01
-3.154141913627010463e-01
9.256560049098789822e-01
3.718385558714218386e-01
1.095689001470360746e-01
9.470575939531109544e-01
3.700518060963728928e-01
3.324583525254984906e-01
9.714641286298670853e-01
5.828559804891313423e-01
3.650468046110993403e-01
3.371116064302961957e-01
1.267050594440309041e-01
-3.666661636749269926e-01
4.023174420219335912e-01
1.671827864394115626e-01
3.871520766619329090e-01
8.186122884357767138e-01
1.297408680109602974e-01
8.863413282600419718e-01
3.789522819829466149e-01
7.939784909084612874e-02
2.238658161943569147e-01
4.273087719716140986e-01
4.353528296201935599e-01
1.129678225490843013e-01
3.694001160446758192e-01
8.562083795604287229e-01
1.387467098793094267e-01
8.713774440425243739e-01
-3.938720847580041151e-01
1.731191144086524358e-01
3.977423242162984596e-01
3.486626254359336263e-01
9.110975301662631587e-01
-2.530802820584638346e-01
3.675094156721416261e-01
8.757029311207790157e-01
2.054595264281865175e-01
3.496804129285046026e-01
4.772896802118352655e-01
1.248979636381662151e-01
8.278586531743220567e-01
1.101343928311424858e-01
3.495206049240520696e-01
8.931494482717519112e-01
2.139094150866445443e-03
9.282464432254085018e-01
8.463507129705325482e-01
9.722336715717958544e-01
9.431444692200758873e-01
7.163326702274581681e-01
9.791415672871446318e-01
7.315543405081057493e-01
3.508552095877429666e-01
8.549207841958075260e-01
-1.836006745317187994e-01
6.757065317472050747e-01
9.452984551272225477e-01
1.235925977077999144e-01
1.409432469736311699e-01
1.381764141784408428e-01
-1.394491652917391189e-01
9.789812141826722547e-01
4.288415895108603770e-01
1.336134560861480525e-01
9.414153283093764646e-01
3.383885582254567148e-01
4.080299088592874712e-01
1.500622964129074421e-01
4.266945767803717593e-01
3.886787396103044134e-01
8.390165246879246475e-01
1.270095061553606630e-01
1.056138279445824613e-01
3.908047252375855818e-01
9.461745001549690670e-01
2.972410111382797204e-01
4.142208017624479099e-01
3.884578160779006972e-01
1.036094839731930145e-01
8.838899748237037945e-01
-2.808535853664360649e-01
6.994133992094635488e-01
9.333601724200999428e-01
6.921134878812840174e-01
1.137748634972809703e-01
3.278589505404972959e-01
8.977134407532837423e-01
8.939297728370803053e-01
9.607815390431767577e-01
8.591580915934813323e-01
-2.670941317088975087e-01
1.078059642518580663e-01
9.597405523381912218e-01
8.810664204823097645e-01
-2.375523615529029076e-01
9.448740313886606623e-01
7.972353161661765997e-01
1.157618035039394977e-01
2.334141383529647062e-01
8.763566213386698722e-01
8.099313828712650931e-02
9.531121138938298820e-01
1.107652262839661228e-01
9.139869070449924138e-01
-2.721554704335625852e-01
9.740068066406493141e-01
1.188047580905953748e-01
9.347292154093714833e-01
-8.412187997480939650e-03
6.582277689466603521e-02
-2.666987478126797151e-01
-2.238189122463268843e-01
2.378539260769033659e-01
9.732141468806354556e-01
-1.125978283402823410e-01
3.687138802897552692e-01
3.860982436061659584e-01
-1.926122753001535681e-01
8.870896789268383209e-01
8.668069390983315081e-01
9.382503826670356428e-01
-1.265331976360362098e-01
9.543345689363060824e-01
-2.108081427819264442e-01
3.964714767784367488e-01
4.542975273410850279e-01
3.557630870204493423e-01
9.613269214690149667e-02
8.408086340178441698e-02
2.481944792000749245e-01
8.322951199024217761e-01
8.854647550229926001e-01
9.481656115639652826e-02
7.976514122476267010e-01
9.553024575010372887e-02
7.606191256855295013e-02
3.847767919075083531e-01
9.665140607223418612e-02
1.348186034233696540e-01
3.331645278484947625e-01
7.458887026742027082e-01
3.703392452240878430e-01
-2.318688805601623326e-01
1.142730615124934596e-01
8.087090872581748080e-02
3.498965934373644560e-01
8.239157696990899726e-01
1.409249829875520721e-01
3.650025589271176929e-01
8.930433918284526040e-01
8.848473044318847514e-01
-4.423310168614343757e-02
9.266000742602484852e-01
3.724928630193534151e-01
3.779559399256375296e-01
1.283723232260222114e-01
3.340312219167635988e-01
4.127074041246331371e-01
1.869692349181903968e-01
3.619631432318339836e-01
8.761627391126216580e-01
9.456313248567955743e-01
8.075232930477347359e-01
3.077411160182533800e-01
9.717756015568593253e-02
3.890683017427737367e-01
4.275594366078435682e-01
1.290144029233719625e-01
1.117117399396998778e-01
9.866050491679344558e-01
4.570630923820061531e-01
9.387032086362304684e-01
3.396422839857602405e-01
8.945280204447763062e-01
9.815168477490303633e-01
8.527547614743993254e-01
6.651431507013980671e-01
8.737907822989988693e-01
8.940048536675946345e-01
8.469631005600926077e-01
9.377051422838418304e-01
3.658065656077620353e-01
9.850819040699232421e-01
9.481119718224486626e-01
9.545219039081314083e-01
-3.062445882392622609e-01
9.674686529771737709e-01
9.464058420908283420e-01
-2.183871192137984418e-01
8.015566527108446415e-01
-2.231924890416413509e-01
9.727821741935054334e-01
7.505040392640636160e-01
1.063252400010056414e-01
1.289012415780951826e-01
4.734905962622583120e-01
4.083597685468618455e-01
6.456617940994592575e-02
-2.688350120500937468e-01
8.558594281291207473e-01
8.765222372111978189e-01
3.417025794694223406e-01
3.467300040349221013e-01
8.848931799488052308e-01
8.786687183519865663e-01
3.646509247352561767e-01
1.796621943398908905e-01
-3.047718488963577915e-02
1.420956865308503070e-01
9.037222591928593118e-01
4.489166668758289847e-01
9.163683687596011485e-01
