8.269558233872580377e-01
8.924920693307493158e-01
2.639235673023224704e-01
9.099016067860643542e-01
8.898638639795410921e-01
9.496122672902669315e-01
7.129074380830759949e-01
9.378710962183146593e-01
5.164629129184008516e-01
5.433458660557892728e-01
5.883143480920590696e-01
9.194131605504494154e-01
8.978384729637466366e-01
6.250304430027181501e-01
6.337493317351008404e-01
6.450906888962653074e-01
5.514578726758386784e-01
9.429393477823941883e-01
7.793668281756660488e-01
9.051744185941961174e-01
8.907607653716160812e-01
6.643332474162860768e-01
9.153490886774608981e-01
4.105151610054021960e-01
6.047145062332818233e-01
8.508320903832277127e-01
9.289028914879153831e-01
6.664735953982852124e-01
8.782264787680128526e-01
8.976432157872750173e-01
5.853710066201275319e-01
4.445529389034409418e-01
8.657349821549094049e-01
5.013226769733382104e-01
9.507605361692392787e-01
9.262583175578631423e-01
9.712188366008824847e-01
7.945563643421208466e-01
9.720175917411340016e-01
5.297778219334541294e-01
7.631035723047117081e-01
9.448976986692958491e-01
6.569423959622284759e-01
7.871434602837110717e-01
5.206203854798970854e-01
7.888594957846251088e-01
4.764956082119482517e-01
7.038346688442875809e-01
7.852354929443288167e-01
5.068459183090783249e-01
7.054542312809243265e-01
5.543488196439887439e-01
8.688633875165239218e-01
9.298940421923150845e-01
6.367634018395820217e-01
5.825791337555643601e-01
9.632335111385079696e-01
5.535887203185798633e-01
9.730547008604486514e-01
8.536990146139151747e-01
5.127347732786894374e-01
4.469495266919074061e-01
5.448972790334526417e-01
9.625696084474475445e-01
5.959125499611903631e-01
8.805359668343356594e-01
5.471234854829526428e-01
9.501487171641769258e-01
8.582896327283160431e-01
9.658426224630551893e-01
4.750767918187100425e-01
8.993345106065867567e-01
3.054035830632402249e-01
4.260179978820985980e-01
8.897775977315983686e-01
7.978833546054057146e-01
8.854441299287014733e-01
6.676308403866324515e-01
9.251190570996080664e-01
6.555654069494631919e-01
7.969190013293684371e-01
9.462032212879618598e-01
7.478421393598293498e-01
3.732599238451541623e-01
9.367673864735330813e-01
4.313118900967281566e-01
9.632215627645299705e-01
8.969123399955098996e-01
5.458636712495532617e-01
8.892961768237447329e-01
6.369903310247438943e-01
5.518787506309312807e-01
7.499574682318801422e-01
8.860759238179576336e-01
8.503314608212504400e-01
9.395838166694172600e-01
7.652761697710985800e-01
9.031873179183533829e-01
7.213660796021864607e-01
5.565838892335239763e-01
8.735305140490433606e-01
8.021464244633509377e-01
9.434269536421446833e-01
5.955595612874592382e-01
9.078515683816266169e-01
5.022856084177034219e-01
9.453730667175146429e-01
8.038685619948442440e-01
7.367106550029096645e-01
9.667336380733010381e-01
9.469959174942631508e-01
3.886135739708215242e-01
8.910397712109863200e-01
4.587810022501138119e-01
8.386176687505964011e-01
5.655005876633372175e-01
4.817457091169929928e-01
7.108931763654822156e-01
9.285294645369910338e-01
8.905380206190298686e-01
5.406706648459005393e-01
4.937069254540399910e-01
9.169670568854393355e-01
3.890692612016181107e-01
7.441577994750129266e-01
9.553863071248915873e-01
9.300489284151665093e-01
9.005658807892296114e-01
5.012230315947672210e-01
7.741189096856444518e-01
9.066739015023066450e-01
9.720709184661751046e-01
4.882515083761675978e-01
9.471628270543471784e-01
7.028583727970236783e-01
5.905524312741808890e-01
5.781375528863019753e-01
7.407657134225256179e-01
5.855850820541559365e-01
7.223619354957782068e-01
9.477906130283106911e-01
3.115268964703081234e-01
5.009534044144883236e-01
6.304605741761724058e-01
9.652968851043083331e-01
7.522440779219223828e-01
6.401654548858903837e-01
8.894287709029595757e-01
8.791767529447299667e-01
9.721140061506226004e-01
8.617777773234348571e-01
8.724248343856340071e-01
6.386251079758709093e-01
8.948699028693190005e-01
7.471964632793576255e-01
8.417060826721614042e-01
8.887535242711552819e-01
8.792076580935961339e-01
6.752604277897411578e-01
7.682977750094056590e-01
7.859021070026462885e-01
9.188607146257055103e-01
5.228335768882748091e-01
6.359484416068734713e-01
8.740067929634736110e-01
9.149647599652310781e-01
6.746541586925363099e-01
6.869655630666688939e-01
8.805524318027789787e-01
9.595239082781856776e-01
6.650639056784612979e-01
6.501420667560631195e-01
6.551380285464492026e-01
9.419841432814566318e-01
7.528767842086799833e-01
5.260114343992753350e-01
6.597466981608612890e-01
5.244157457414173606e-01
6.373740455120496806e-01
8.147934184620524434e-01
6.839585253603643888e-01
9.676480493146036865e-01
3.996998438918420438e-01
6.229870785787920973e-01
8.193844811675980999e-01
8.826955972658607763e-01
7.683389666083253466e-01
5.795689606512444136e-01
7.625117974213404537e-01
9.700495908729350747e-01
9.148843991811173026e-01
9.657962232460948204e-01
5.597908854653599331e-01
5.351682626939209264e-01
8.772490903909038185e-01
5.529389257861125895e-01
4.670172862503273459e-01
6.201982001262853483e-01
4.904587804557086761e-01
5.102872381067871110e-01
8.263380533973456732e-01
5.786568551453714626e-01
5.065593443116005457e-01
8.801382194260982672e-01
9.328827799137067167e-01
5.017802924844783075e-01
5.184658791543179657e-01
4.595036228056409433e-01
5.270446305443603485e-01
5.947757170090778311e-01
5.296250004234821507e-01
5.566526889894121144e-01
8.573271184757540464e-01
8.745876553388594044e-01
9.483566638870881693e-01
6.345029261968673229e-01
5.816559348131515872e-01
8.346632770891202480e-01
5.356280613738173546e-01
4.621212773387859407e-01
8.422230043857779069e-01
9.551116367194059098e-01
6.919045796475435939e-01
6.428764574568071044e-01
9.425793589439290798e-01
7.691085927519110133e-01
9.055181450073497285e-01
8.639323088586698951e-01
9.590316692738735105e-01
9.539771982553107987e-01
4.703813448613337056e-01
6.336236860713249097e-01
8.746290768536855165e-01
9.106899879001773002e-01
5.945018985107093368e-01
8.449616186331485590e-01
8.907218833512193790e-01
4.561502398234612010e-01
4.928449010357203175e-01
4.897951960914365688e-01
4.666826607669687377e-01
9.097735139312597141e-01
7.448157181241783498e-01
6.639959662533787554e-01
8.786057891834946343e-01
8.929134623213998978e-01
7.872960720544659452e-01
9.537103344673112382e-01
4.924423109144423494e-01
9.572938418836103303e-01
7.293375751523845096e-01
4.315808167397505168e-01
7.450118223375981064e-01
9.330275231102315159e-01
9.551550713699092920e-01
8.217155213698417171e-01
7.076950184616859207e-01
5.760845104269519679e-01
9.166286651163335630e-01
5.123491965232898071e-01
9.388987345439050447e-01
4.683707070637701531e-01
4.554320419384763619e-01
4.325549278194643632e-01
9.628609827445184788e-01
4.656282325381230214e-01
6.886242890547004114e-01
9.554590213139688704e-01
5.427026724692959325e-01
4.779491496149987917e-01
9.770426538200768229e-01
5.168188438880018110e-01
5.697745543546981484e-01
4.575781599965747515e-01
3.713657743887521789e-01
6.799318036950470212e-01
4.897747847344220973e-01
7.027581642477641610e-01
5.198101053153408868e-01
5.391335749492494056e-01
9.765582920504450870e-01
5.129308732079042032e-01
6.761642035113537563e-01
9.268933706107937986e-01
8.611099334036174113e-01
6.179468604122485553e-01
4.535924834886808088e-01
4.677768142146390695e-01
2.217354605136682699e-01
9.543467243970273906e-01
9.645700205847562714e-01
5.906832835249109515e-01
3.774854799950915774e-01
6.496855275128086138e-01
9.074990655897515746e-01
5.204786170558487468e-01
8.052963011171065943e-01
5.279162792895919498e-01
8.774611443179889392e-01
9.613743464942265948e-01
