8.915387688192775162e-01
8.774129255754257173e-01
8.383467117748351072e-01
7.028519508136421567e-02
7.550144537426828339e-01
-1.810066145328305398e-01
8.087003070748959299e-01
5.988044211543491757e-02
9.448218358865652089e-01
9.526807195918312043e-01
-3.115069963441723100e-02
7.853013296493254192e-01
5.839704324119515677e-01
6.288209581184982522e-01
9.148746863076420155e-01
5.020320822538559824e-01
1.327944699982546717e-01
7.210986630528962160e-02
5.878744923209414663e-01
-3.070333814490436991e-02
8.169888624074184147e-01
8.117160512869515676e-01
5.966775110001290572e-02
8.602609913967080857e-01
8.122135607979423799e-01
8.808812846003104546e-01
9.247102063984538045e-01
9.319295734543147081e-01
9.033555738693124226e-01
6.430116563470129887e-02
3.018993854722122894e-01
7.118363012456394578e-01
-1.369768765414859993e-02
7.453782820607313120e-01
1.105956224374292779e-01
6.320332507776645070e-02
5.085281720259435950e-02
9.069679780551558324e-01
5.041835850951290054e-03
7.756364568369192858e-01
9.555078792930187248e-01
1.334805131484188001e-01
1.757408882383893478e-01
9.097668291771654481e-01
7.832241135410573651e-01
8.783454735231073229e-01
9.326283892904327910e-01
8.839251360373843180e-01
8.168954728529205234e-01
7.757579766325390924e-01
9.153298551679373007e-01
9.236712022306076131e-01
9.478042675805892908e-03
9.876787161654930480e-02
5.756620506030304951e-02
9.912466138978819341e-01
1.137326381035186351e-01
7.067197096191524253e-02
2.587385661131995640e-01
5.128534298720506535e-02
9.521848968173689531e-01
8.721470233174508646e-01
9.613274465562324789e-01
8.618334289202686516e-02
8.943720619133475047e-01
1.994733002392049676e-02
9.445756062573957834e-01
9.089746078057883705e-02
7.150493824458470371e-02
6.406956775750752286e-02
3.917844952472986919e-01
7.910802128668876776e-01
-9.898722897529835252e-02
8.350230336876205417e-01
2.292175624490486868e-02
8.676706612000566476e-01
-7.474395735632598237e-02
9.426141059050854309e-01
6.441071216796117049e-01
9.255746274204856849e-01
7.693425556377232466e-01
8.331245856592325860e-02
9.070259326458292026e-01
8.404700112239159582e-01
1.223181292989137248e-01
8.407802591919697477e-01
7.532711850130907605e-02
6.712093070076541323e-01
9.892891226993925091e-01
-5.868046757509270961e-02
9.455338348776234358e-01
3.135532569035404116e-02
6.920794645449831473e-01
2.528347955198864683e-03
-3.563094608530080476e-02
6.725089678499744650e-02
6.384738701523613447e-01
3.591868297370236912e-02
7.387806365389036900e-01
7.752895384079523389e-01
1.738122113084484416e-03
8.606444830699272464e-01
1.263558382263919866e-01
7.508135127778132745e-01
9.237002441540997921e-01
7.952848887147514478e-01
2.368514413745778646e-02
9.387909104961833506e-01
8.752352772221084765e-01
7.327747940682134697e-02
1.028183173496597380e-01
9.336539970010728773e-01
7.279718623544356726e-02
-2.374973001153187213e-01
9.306381370475325099e-01
1.310640968518274607e-01
7.532816710702538998e-01
9.368040911609780697e-01
1.067430174131423215e-01
1.301718112306979591e-01
9.577407778477338152e-01
6.978385511073876835e-01
6.269287785558726178e-02
8.478782898660950362e-01
7.838237066287988553e-01
7.398236880467404242e-02
6.386201662241697274e-02
9.408194299444390118e-01
4.543327270104126347e-02
9.256893711348206377e-01
5.646706289069860357e-02
1.237243022325985597e-01
7.867817322355420417e-01
1.701028535215705628e-01
1.386567366786689848e-01
9.871024482644559228e-01
5.003472836196481977e-02
6.476466011472028494e-01
8.028862913637022647e-01
5.767896021225695780e-01
1.039501072699611783e-01
8.184883609276043526e-01
6.873819781691420383e-01
6.519679760280255865e-01
-1.144727597550188047e-03
9.304272557767210294e-01
9.275745305946964114e-01
9.423798154016158612e-01
7.921450490548647139e-01
4.886904438791758731e-02
7.273403363054598003e-02
9.518808725856862107e-01
6.496557878035976730e-01
4.862014914052175535e-02
7.895119991770431778e-01
8.851514961088469136e-01
-7.438050058326318992e-02
5.571613516687600604e-02
1.940506726948815208e-03
8.948272953473892510e-01
9.315576975787747127e-01
8.009557680408666003e-02
9.820747831675308293e-01
7.827297179626486745e-01
9.660537201415422826e-03
8.232578301435225510e-02
9.300397681327433608e-01
-1.713123161892763924e-01
5.679384106303824176e-01
9.201162491190784110e-02
2.858246757520757630e-01
7.500696717396178048e-01
8.845259735642663212e-01
1.242060086511730110e-01
-7.315812057306067540e-02
9.831658196955068707e-01
4.350179757692348992e-03
-3.297797106100852638e-02
7.919305118672680388e-01
8.356388709364791501e-01
3.184441265118542752e-01
1.199522628863633061e-01
7.980982945395347361e-01
-2.343896064234250731e-02
6.246270757143195240e-01
8.669111597074703468e-01
7.973549091127190014e-01
8.335766180588761731e-01
9.228003962580192399e-01
6.398737094288566019e-02
9.462641121549465462e-01
2.032343358162069097e-02
7.757150151721720066e-01
9.861901466991267462e-01
9.408420024223143052e-01
-4.143489104935321743e-02
7.255742487892310466e-01
9.327327864893590892e-01
7.864574961307624346e-01
3.670241227747634283e-01
9.285796439007276692e-01
9.263169324603524046e-01
7.681153909179079253e-01
-1.535216157079760668e-01
7.858976701151451638e-02
5.739897712826464993e-01
8.125248759915797425e-01
8.545845829783513814e-01
9.737325380005786846e-01
7.970133621098209886e-01
9.735517466882201987e-01
8.046903569238348375e-01
-1.778820656870682901e-02
8.138795551217031798e-02
-5.815129860764681191e-02
9.447605110651738913e-01
9.372611887611865811e-01
8.980968808995384300e-01
7.124414120169804132e-01
9.655676591558286503e-01
9.402383474228368510e-01
6.376103994850770840e-02
9.420385543166711617e-01
8.093775556747013766e-01
8.799323423780430753e-02
8.470413074494940187e-01
9.385908089638965723e-01
4.162424685801928426e-02
1.238054915964598435e-01
6.194233641313956484e-02
6.952918551058683283e-01
9.461922533796300883e-01
9.232331021055560916e-01
8.408906031035620621e-02
-1.949110551403654967e-01
8.579771412668568686e-01
1.409313056191058983e-02
9.836353516526175067e-01
8.130548232749009729e-01
7.681694401333505340e-01
9.847863477834803980e-01
2.209998089887231856e-02
8.528670002302902731e-01
9.020045395640090558e-01
7.832564460280312668e-02
1.704418279918723522e-02
8.787755936080823282e-01
1.169050868772686103e-01
7.975576051777241160e-01
-3.525423641179081802e-03
5.831126590018373967e-01
5.905954664108774566e-01
8.764543492074654552e-01
1.178880117169847086e-01
1.038781996226326998e-01
8.088252485449458629e-01
9.398993391927774610e-01
9.516081760952994628e-01
5.225448321579062583e-02
9.815332897034425574e-01
9.798269476519083643e-02
2.259070230395024415e-02
8.144926297577725904e-01
8.342855819692629460e-01
1.270183614714276432e-01
8.609581864272712881e-01
3.848600209900189251e-01
8.632188084418609963e-02
9.730012393677046623e-01
6.985676449023863199e-01
4.930273079680486809e-02
9.751254376849747274e-01
9.384577988317360786e-01
7.837000776760130183e-01
1.107469163977019833e-01
3.945025264227121631e-01
8.506209459566602682e-01
5.108887294087303133e-01
7.985227509392893719e-01
9.848052061766563448e-01
1.378881881937754073e-01
8.367973789230782611e-01
8.896849415509462400e-01
9.318642652597186604e-02
5.990778462889947281e-02
8.498854322441169451e-01
8.153428661594847027e-01
7.003706104598531601e-01
8.399192270182986864e-01
1.048798628448666115e-01
5.649878573411903915e-02
1.292400723955119957e-01
-1.829195471109559823e-01
7.695122625309277486e-01
9.123108921745839428e-01
8.032800852243481282e-01
8.274977459520578282e-01
9.876090274799234070e-01
-2.144328018933102514e-02
-5.057533654101428050e-02
