-1.523396470465122887e-02
-1.523396470465126357e-02
-1.523396470465122540e-02
-1.523396470465101550e-02
-1.523396470465124969e-02
-1.523396470465123234e-02
-1.523396470465102071e-02
-1.523396470465105540e-02
-1.523396470465103979e-02
-1.523396470465104326e-02
-1.523396470465126357e-02
-1.523396470465134683e-02
-1.523396470465123928e-02
-1.523396470465101550e-02
-1.523396470465127397e-02
-1.523396470465124969e-02
-1.523396470465126704e-02
-1.523396470465103458e-02
-1.523396470465122540e-02
-1.523396470465122193e-02
-1.523396470465125663e-02
-1.523396470465134683e-02
-1.523396470465089234e-02
-1.523396470465103632e-02
-1.523396470465126183e-02
-1.523396470465123928e-02
-1.523396470465105540e-02
-1.523396470465099989e-02
-1.523396470465123234e-02
-1.523396470465126357e-02
-1.523396470465123755e-02
-1.523396470465125489e-02
-1.523396470465125316e-02
-1.523396470465103111e-02
-1.523396470465122193e-02
-1.523396470465126530e-02
-1.523396470465102244e-02
-1.523396470465121846e-02
-1.523396470465126010e-02
-1.523396470465087499e-02
-1.523396470465137112e-02
-1.523396470465121499e-02
-1.523396470465123234e-02
-1.523396470465122714e-02
-1.523396470465122887e-02
-1.523396470465086805e-02
-1.523396470465122540e-02
-1.523396470465125316e-02
-1.523396470465088366e-02
-1.523396470465104326e-02
-1.523396470465137632e-02
-1.523396470465157235e-02
-1.523396470465123581e-02
-1.523396470465124969e-02
-1.523396470465121846e-02
-1.523396470465089234e-02
-1.523396470465100336e-02
-1.523396470465123581e-02
-1.523396470465124795e-02
-1.523396470465124969e-02
-1.523396470465124622e-02
-1.523396470465124275e-02
-1.523396470465122540e-02
-1.523396470465088540e-02
-1.523396470465126010e-02
-1.523396470465101377e-02
-1.523396470465087499e-02
-1.523396470465124622e-02
-1.523396470465128438e-02
-1.523396470465126704e-02
-1.523396470465122367e-02
-1.523396470465126357e-02
-1.523396470465092183e-02
-1.523396470465124448e-02
-1.523396470465089927e-02
-1.523396470465135724e-02
-1.523396470465125663e-02
-1.523396470465139887e-02
-1.523396470465099989e-02
-1.523396470465088887e-02
-1.523396470465124622e-02
-1.523396470465078131e-02
-1.523396470465089927e-02
-1.523396470465122887e-02
-1.523396470465123928e-02
-1.523396470465089581e-02
-1.523396470465124795e-02
-1.523396470465138500e-02
-1.523396470465157408e-02
-1.523396470465122193e-02
-1.523396470465125663e-02
-1.523396470465090274e-02
-1.523396470465125316e-02
-1.523396470465125663e-02
-1.523396470465125316e-02
-1.523396470465056794e-02
-1.523396470465106234e-02
-1.523396470465091142e-02
-1.523396470465091489e-02
-1.523396470465125836e-02
-1.523396470465123408e-02
-1.523396470465124275e-02
-1.523396470465123408e-02
-1.523396470465126010e-02
-1.523396470465126183e-02
-1.523396470465161572e-02
-1.523396470465091662e-02
-1.523396470465122020e-02
-1.523396470465127051e-02
-1.523396470465124622e-02
-1.523396470465101377e-02
-1.523396470465090968e-02
-1.523396470465124622e-02
-1.523396470465127397e-02
-1.523396470465128091e-02
-1.523396470465099989e-02
-1.523396470465125316e-02
-1.523396470465099121e-02
-1.523396470465125663e-02
-1.523396470465118377e-02
-1.523396470465124795e-02
-1.523396470465122887e-02
-1.523396470465124275e-02
-1.523396470465125316e-02
-1.523396470465123928e-02
-1.523396470465100856e-02
-1.523396470465121152e-02
-1.523396470465126010e-02
-1.523396470465126357e-02
-1.523396470465122540e-02
-1.523396470465135377e-02
-1.523396470465124102e-02
-1.523396470465105193e-02
-1.523396470465101377e-02
-1.523396470465124622e-02
-1.523396470465101203e-02
-1.523396470465124448e-02
-1.523396470465125316e-02
-1.523396470465090621e-02
-1.523396470465127744e-02
-1.523396470465124275e-02
-1.523396470465122193e-02
-1.523396470465120459e-02
-1.523396470465123928e-02
-1.523396470465102071e-02
-1.523396470465122887e-02
-1.523396470465091315e-02
-1.523396470465122887e-02
-1.523396470465121846e-02
-1.523396470465139194e-02
-1.523396470465127051e-02
-1.523396470465124622e-02
-1.523396470465101377e-02
-1.523396470465088540e-02
-1.523396470465123755e-02
-1.523396470465127051e-02
-1.523396470465123755e-02
-1.523396470465099815e-02
-1.523396470465124275e-02
-1.523396470465136418e-02
-1.523396470465101377e-02
-1.523396470465100336e-02
-1.523396470465123234e-02
-1.523396470465122887e-02
-1.523396470465126010e-02
-1.523396470465090621e-02
-1.523396470465127051e-02
-1.523396470465126357e-02
-1.523396470465159663e-02
-1.523396470465122540e-02
-1.523396470465126704e-02
-1.523396470465089407e-02
-1.523396470465125663e-02
-1.523396470465126357e-02
-1.523396470465088887e-02
-1.523396470465122193e-02
-1.523396470465125316e-02
-1.523396470465125142e-02
-1.523396470465124275e-02
-1.523396470465122020e-02
-1.523396470465129132e-02
-1.523396470465137806e-02
-1.523396470465101724e-02
-1.523396470465124275e-02
-1.523396470465100336e-02
-1.523396470465088540e-02
-1.523396470465122887e-02
-1.523396470465158969e-02
-1.523396470465122193e-02
-1.523396470465125316e-02
-1.523396470465121499e-02
-1.523396470465090274e-02
-1.523396470465102244e-02
-1.523396470465124622e-02
-1.523396470465103632e-02
-1.523396470465099989e-02
-1.523396470465126357e-02
-1.523396470465124275e-02
-1.523396470465139194e-02
-1.523396470465121152e-02
-1.523396470465091662e-02
-1.523396470465124622e-02
-1.523396470465121152e-02
-1.523396470465127051e-02
-1.523396470465122540e-02
-1.523396470465122193e-02
-1.523396470465123581e-02
-1.523396470465089234e-02
-1.523396470465101724e-02
-1.523396470465105713e-02
-1.523396470465125836e-02
-1.523396470465136765e-02
-1.523396470465100336e-02
-1.523396470465093397e-02
-1.523396470465122540e-02
-1.523396470465122540e-02
-1.523396470465155847e-02
-1.523396470465102417e-02
-1.523396470465124622e-02
-1.523396470465099642e-02
-1.523396470465135030e-02
-1.523396470465124969e-02
-1.523396470465124275e-02
-1.523396470465123581e-02
-1.523396470465089234e-02
-1.523396470465123928e-02
-1.523396470465119418e-02
-1.523396470465090621e-02
-1.523396470465101724e-02
-1.523396470465123581e-02
-1.523396470465122540e-02
-1.523396470465103805e-02
-1.523396470465138153e-02
-1.523396470465100336e-02
-1.523396470465099815e-02
-1.523396470465102071e-02
-1.523396470465123581e-02
-1.523396470465104499e-02
-1.523396470465090795e-02
-1.523396470465102591e-02
-1.523396470465123234e-02
-1.523396470465122887e-02
-1.523396470465127918e-02
-1.523396470465090274e-02
-1.523396470465123061e-02
-1.523396470465123755e-02
-1.523396470465121846e-02
-1.523396470465100336e-02
-1.523396470465103111e-02
-1.523396470465103285e-02
-1.523396470465123928e-02
-1.523396470465125316e-02
-1.523396470465120459e-02
-1.523396470465121499e-02
-1.523396470465100509e-02
-1.523396470465124622e-02
-1.523396470465124275e-02
-1.523396470465125316e-02
-1.523396470465098948e-02
-1.523396470465122193e-02
-1.523396470465101377e-02
-1.523396470465092009e-02
-1.523396470465124969e-02
-1.523396470465123234e-02
-1.523396470465125836e-02
-1.523396470465140928e-02
-1.523396470465121499e-02
-1.523396470465099295e-02
-1.523396470465126010e-02
-1.523396470465121499e-02
-1.523396470465125663e-02
-1.523396470465090274e-02
-1.523396470465055927e-02
-1.523396470465125663e-02
-1.523396470465138500e-02
-1.523396470465105193e-02
-1.523396470465124102e-02
-1.523396470465103111e-02
-1.523396470465124102e-02
-1.523396470465101724e-02
-1.523396470465126010e-02
-1.523396470465120285e-02
-1.523396470465091662e-02
-1.523396470465125663e-02
-1.523396470465120806e-02
-1.523396470465126877e-02
-1.523396470465125316e-02
-1.523396470465105887e-02
-1.523396470465125316e-02
-1.523396470465099989e-02
-1.523396470465104846e-02
-1.523396470465124795e-02
-1.523396470465097907e-02
-1.523396470465120806e-02
-1.523396470465102591e-02
-1.523396470465121846e-02
-1.523396470465125663e-02
-1.523396470465124275e-02
-1.523396470465125663e-02
-1.523396470465123234e-02
