3.504900961829726658e-01
-2.482979965557895741e-01
-6.085130745894542365e-02
5.377826753183319042e-01
5.408951180405859871e-01
-2.731986102131712668e-01
3.415512292713211995e-01
3.541375006936476888e-01
-1.183436879094182242e-01
-1.842251745095270232e-01
8.259575634378382714e-02
6.679901346403074314e-01
-2.928907708449614011e-01
3.913704605654673152e-01
-1.711545017222934062e-01
1.670228958458874202e-01
-2.548559383460500261e-01
2.522503361493519947e-01
-3.713684030740306841e-01
3.757239289318271003e-01
4.887343322949722624e-01
-3.561136372415289464e-01
4.385037805321171378e-01
6.965267067024850933e-02
1.765910109460232802e-01
5.724458629187800796e-01
7.128664517226135366e-01
-3.476923148296069410e-01
-2.842243892372192104e-01
3.734949596010870843e-01
6.511409403000886775e-02
-6.151208537323916287e-02
4.126484379304556915e-01
-1.222811564741167339e-01
3.541538174919461324e-01
4.158678663498903139e-01
4.656185837675625994e-01
-1.620819126629721718e-01
2.202073898808983299e-01
5.822345073685673000e-01
-3.422881925171796236e-01
4.800154176177892085e-01
2.247308736322933265e-01
-2.912650117300032981e-01
-4.033325543053642437e-02
1.607095144901298234e-01
-2.804547956724858238e-01
-1.389829804739420305e-01
4.234416613268765506e-01
5.225559306002044990e-02
6.136454024217419256e-01
-2.358764545242282851e-01
3.454227699426387632e-01
4.257098089907269123e-01
4.661506242094582975e-01
-2.228938281020827750e-01
3.635683883167970532e-01
3.276241411890368216e-03
5.670542991277118805e-01
9.708162052494593297e-01
-1.221721412137847240e-01
4.957706318108785482e-01
-3.250016620211281237e-01
2.684062610515389191e-01
-1.776835709954264209e-01
4.816909098320413252e-01
-3.258919028600020806e-01
2.927238230339757608e-01
4.551305670082876897e-01
5.763426668776459039e-01
-3.304949640676472372e-02
5.285529750468414001e-01
-2.465258850386234379e-01
4.712956673228665405e-01
4.659092993018788542e-01
4.749857726134496527e-01
4.391760401270574099e-01
3.545303511178330980e-01
5.025977327333306377e-01
-3.064144844798365463e-01
1.055127876159412947e-01
2.663504436070088244e-01
-2.587712764584721437e-01
-2.236314448641297803e-01
2.463479451054426117e-01
4.660160566536705185e-01
2.488517161695372737e-01
4.335527922154979175e-01
4.889547797136762353e-01
4.605474718413478108e-01
-4.303737253277166719e-01
7.204592299380984527e-03
1.399597839964456802e-01
4.260501085639821772e-01
5.169566991046288251e-01
3.929914158696893867e-01
9.195017304340466491e-02
4.569011431853988725e-01
2.825660140271086807e-01
9.233652898735985604e-01
5.303213309284546817e-01
4.524807917097191656e-01
3.419563327191694202e-01
-1.819082923547232500e-01
5.724929130145248735e-01
-2.182514610024484936e-01
2.781989345697786775e-01
-1.696276006461311936e-01
-8.842013020803876633e-02
3.593590329050346810e-01
2.830190030891013842e-01
-2.644321929826612960e-01
3.941185928865926780e-01
5.120824553491314379e-01
4.027951927903131724e-01
-4.569151709231113884e-02
5.243374313471453885e-01
-3.193406291086161586e-01
4.212964790879806243e-01
4.960913572667233762e-01
-2.719571003373156826e-01
5.868054508552011939e-01
4.209940742357246579e-01
-2.944489719154851914e-01
-2.854358132240020773e-01
3.888323484166764654e-01
3.802413834765666634e-01
2.704228225717721923e-01
-2.241382076341908586e-03
-3.781401154456006664e-01
3.942166678437475369e-01
2.659636730706563812e-01
5.930559101540068268e-01
3.401240152186376653e-01
-1.430802654439706223e-01
-2.778645996260438733e-01
1.352618614572107525e-01
2.433188879001405291e-01
7.434549944541526956e-02
1.848881277518943378e-01
1.647083564302814773e-01
-1.445308116424741940e-01
9.081833133476710507e-02
-1.786768203977358027e-01
2.890149956932779873e-01
-1.430631350420855097e-01
-1.276629972398760915e-01
-1.090101148885722071e-01
4.053192588105808403e-01
1.924499157919381254e-01
4.787692490273051105e-01
-2.498981932072170675e-01
-3.913272629924164914e-01
2.045717211128807445e-01
-3.414161007966844408e-01
2.155616908020251410e-01
4.191463754808619768e-01
3.635123488418227078e-01
-4.433708047344633307e-01
5.489098223644348629e-01
-2.758966391637734383e-01
4.016908898689989238e-01
-2.681875772693118609e-01
-3.476945494701619288e-01
4.820473011582256384e-01
4.408182915328679452e-01
-3.634356738016980559e-01
-2.063690768408630305e-01
5.488157915641898033e-01
4.015695638376820531e-01
1.078436338909513903e-01
1.049580224016422036e-01
-3.599368155175837192e-01
3.792345787911581834e-01
-1.871922076742792984e-01
3.678403374009784899e-01
-3.673405042551318167e-01
-4.618425082240508461e-02
8.441041018461348244e-01
3.230839776826188170e-01
-2.715376750481309220e-01
2.916981733164272228e-01
-1.173382000430437389e-01
1.089229533260275135e-01
2.254449196922447829e-01
-2.528021589183024886e-01
-4.539071255916382608e-01
-3.305920670288605701e-01
8.262114223460577112e-01
1.721961485338976139e-01
-3.342674446148931611e-01
-1.777316784882538442e-02
-1.005050750870072063e-01
-2.723925620421836502e-01
9.204325871594830621e-01
-1.170102921674635726e-01
4.509280400292198232e-01
-2.028989207114191284e-01
-2.207049470969321414e-01
-1.835167523880165685e-01
8.827396066325285950e-01
-1.606498289499933008e-01
-6.737180556802685460e-02
8.884709881543429999e-01
4.401900252751384524e-01
-1.694936272188510840e-01
-2.539945811183099700e-01
-4.305813336095624111e-01
-2.349126581635820332e-01
5.896470849357990929e-01
-2.859018872503803488e-01
-1.672658400132906106e-02
3.767643870213981394e-01
-3.207360639737182328e-01
-3.560403866750124768e-01
-2.378462818574076931e-01
-3.238747477097468908e-01
2.297989471268445938e-01
5.844726261964660052e-01
-3.643728265220617102e-01
2.692199028402830763e-01
3.746969372775305618e-01
7.915682088921084658e-02
5.805194521481326086e-01
2.947408205675542403e-01
9.440556513598954425e-01
-1.216322265620156939e-01
5.353839128046840035e-01
2.531113878222304159e-01
4.412122172061132552e-01
8.435129933809748515e-01
-2.080745585582205182e-01
-3.421493921543979355e-01
3.928592957760827509e-01
2.187894142037614675e-01
-3.906541165035042895e-01
6.159966871486796114e-01
-2.355863549904896881e-01
-4.205519358040177291e-02
-4.224832291842971904e-02
-2.761972619541489538e-01
5.065218734908587539e-01
-2.708940029439397823e-01
-3.840308472553369823e-01
5.106837012500021755e-01
4.068620704835055335e-01
1.570030567336268001e-01
4.822728543434864346e-01
-3.398667509946905196e-02
4.669276087242940632e-01
1.898389443986688296e-01
3.731491380325782092e-01
-1.907492631657052851e-01
3.896671031301803256e-01
3.579599570615916715e-01
5.460334456893091160e-01
5.675620314175939818e-01
2.863282423373257890e-01
4.577281964111664103e-01
7.116953263897575210e-01
3.615006125148156890e-01
-1.125812982577024945e-01
-2.637491931775767795e-01
-1.251766303352238874e-01
2.773116999929777227e-01
5.124409098771518511e-01
-2.851767872940403903e-01
2.282737605271614179e-01
-2.843188838579001620e-01
5.480243068251614558e-01
-7.113882067908458562e-02
-1.481324458841518088e-01
-3.754204301719232806e-01
-2.185152790923193256e-01
-3.010202068236039197e-01
1.423980049409040438e-01
5.809486313928943213e-01
1.284798387139498010e-01
5.249556796504140088e-01
-2.687270187899685192e-01
3.155467453996384508e-01
8.194301767970129102e-01
-3.493703924032167674e-01
4.877894228426852274e-01
4.856703418486341128e-01
-4.337824685585548457e-01
-3.826214567417957763e-02
5.132638243546178147e-01
-1.665895437795503753e-01
3.551029912666582300e-01
5.479869995280576278e-01
4.770057939445794815e-01
-3.083942341062655967e-01
7.117582554650052629e-01
2.762539595294414840e-01
-8.734619732605062442e-03
5.341654534926123521e-01
-1.184700593140413649e-01
4.800251715487008353e-01
-4.262560710220144600e-01
