8.305660135759049822e-01
8.051930828567535059e-01
5.672119976906913053e-01
5.784619115032627601e-01
7.133141780037601798e-01
6.787582891620937975e-01
5.880183434112253860e-01
8.685251115781058573e-01
5.668311648080599507e-01
9.184890972634276451e-01
8.303831862675644659e-01
6.261826537766389533e-01
9.352636042224692359e-01
7.443291261101330214e-01
5.611838074067310167e-01
8.998657685937964112e-01
6.922514264136953033e-01
6.172243735639499906e-01
8.828053963728728082e-01
6.742711659988653849e-01
7.338107102082448430e-01
8.293061134178469906e-01
8.898303536535099312e-01
5.988096545674108651e-01
6.370276425651149044e-01
6.177134372716068800e-01
7.613481595301714311e-01
6.576696981329175351e-01
5.768283147848909387e-01
5.760516373932289547e-01
5.215663526920037985e-01
5.518513191996586853e-01
7.972492146201489716e-01
7.675658878322626499e-01
7.356188020155877139e-01
6.657604970986918946e-01
8.347945203053850349e-01
7.537420814574398165e-01
5.765288927054937895e-01
6.141397455282454620e-01
5.552056871072519328e-01
8.264655753260907733e-01
6.431144509673922816e-01
8.050544104772350273e-01
7.929323618398285145e-01
8.513156821073338820e-01
6.738525629295528674e-01
5.854087978485053023e-01
7.806237246028985277e-01
5.889421748840562021e-01
8.354012850083227804e-01
5.810369944188743530e-01
6.006594137436992442e-01
5.176385793216818909e-01
7.691689509336048225e-01
5.652120604509018875e-01
6.377479966517680676e-01
8.519344454525445975e-01
5.674319458853102072e-01
6.156663194992808563e-01
7.732635602326142221e-01
5.500474011473379665e-01
8.899522525433516407e-01
6.880368927685692748e-01
5.825133331101374212e-01
6.942029664387083798e-01
8.539921300880868316e-01
6.097257413161553119e-01
6.515883676775116040e-01
7.734595560526736913e-01
9.099470343223863278e-01
6.833445935137973937e-01
7.504892231060553698e-01
8.708267236739531958e-01
6.660325071170438704e-01
7.960758982696582997e-01
6.661793019186834641e-01
7.142009124729479241e-01
8.956860548155509694e-01
6.677923492353967649e-01
5.038913334167185454e-01
5.478140258591125411e-01
9.128881154701596889e-01
5.253361465890522553e-01
7.285034662897946767e-01
5.235591890916240221e-01
8.195040539217356423e-01
7.401781990918894216e-01
8.894486386537535649e-01
5.003576231273949571e-01
5.314465734519080442e-01
7.238079379903323840e-01
5.467163693119045931e-01
7.213954537578133319e-01
7.806300242981988324e-01
7.830991200492115611e-01
4.915199584042901915e-01
8.440072760271711827e-01
6.697434904810728451e-01
8.335517560820930871e-01
6.338376598546985319e-01
6.914419730922536367e-01
7.652729864551205408e-01
6.349014866983753169e-01
6.828786818563375993e-01
8.061429769337944418e-01
9.092474560029042419e-01
6.843465516591140663e-01
8.271519294522041710e-01
6.801536175210355362e-01
6.533701398559340623e-01
5.678506673158781881e-01
6.054943289622159996e-01
6.018626748305276886e-01
7.040217612053576435e-01
7.070409871898721832e-01
7.849698484455731595e-01
7.033092737805204386e-01
5.523320442267749542e-01
7.098137329158964448e-01
5.797976077136725026e-01
7.022979766254944245e-01
5.842650235471407161e-01
8.075584531244504038e-01
9.298206413726497477e-01
7.710134189877130284e-01
6.050257999133997755e-01
6.038458249576871273e-01
6.917089629248798222e-01
5.245206473270708214e-01
5.824965699370328043e-01
6.894449898709429370e-01
5.334075053854736570e-01
7.537746933521756176e-01
8.733028841933534459e-01
6.121222695642588585e-01
7.042136524985052048e-01
7.879716080519940657e-01
5.178541360331746501e-01
8.728872068708095622e-01
9.033175605334652358e-01
8.599528979199335676e-01
6.150342250785878484e-01
6.096037990565323916e-01
5.012660584485206794e-01
7.111277683030801100e-01
5.418991360131256707e-01
5.392623271022389808e-01
7.572289988410197958e-01
5.388507454300650590e-01
5.823515382051920319e-01
6.845738306107983506e-01
8.591475629930496183e-01
4.385716199757230260e-01
6.927250265131112972e-01
8.491175206204295556e-01
7.459359644803414957e-01
8.265835267950777387e-01
5.163100851926564205e-01
7.166991112231180239e-01
6.609435859698157278e-01
7.545389225244567566e-01
7.363120273724369502e-01
8.206373968422748799e-01
9.269074538539200381e-01
7.135812636745780813e-01
8.040560011059547652e-01
7.261690654350767549e-01
8.135306395220346376e-01
5.478262348689265648e-01
7.099063862027527039e-01
8.333764664241358755e-01
8.344957103430518108e-01
5.666243095982270717e-01
8.809045251901116425e-01
8.399223116746593609e-01
5.302522371897795406e-01
5.715265197160641630e-01
8.622575761990795007e-01
6.699539991228021796e-01
8.594248689013905818e-01
7.275448663393507820e-01
6.353830498396905169e-01
7.290262940840169792e-01
8.847848016545717398e-01
6.560052429958391773e-01
7.082687771047009306e-01
7.181857057612830442e-01
6.780407521084038658e-01
5.892578239801484763e-01
8.875739556805306574e-01
6.126697962423465205e-01
7.336760352759936765e-01
7.180971939529263715e-01
5.805043026647664917e-01
6.734384392364592964e-01
6.662616227015458747e-01
5.604311926272974587e-01
6.833838617111034353e-01
5.240217555893995627e-01
5.525257203243344462e-01
6.457985843634648226e-01
7.867338959092651240e-01
7.727524307961310956e-01
5.734639595706436666e-01
9.331298891224749648e-01
5.755960276201209647e-01
8.444103792674710895e-01
5.852346366068624794e-01
6.585849308606650521e-01
7.594876020391534421e-01
6.488459428645516613e-01
5.713254650788214262e-01
5.475817890425382917e-01
9.159587354281044647e-01
5.688332130950235488e-01
7.434647333914073952e-01
7.899873535014059200e-01
6.870256124531288755e-01
7.949645308486930073e-01
8.256666596074122566e-01
6.249392332210249590e-01
7.917057186141600589e-01
7.122556446315899681e-01
8.241408633816782459e-01
6.605306349825628143e-01
7.476235969821525273e-01
8.929953145424831540e-01
6.614315979918955479e-01
7.512670358728495978e-01
7.503540810145143958e-01
6.323283935677597167e-01
5.914967107074695640e-01
5.064934850261204602e-01
7.410270014167155139e-01
9.125501739940625745e-01
7.452446323599539735e-01
5.758434785717335691e-01
6.323890776981666573e-01
8.146686797272018055e-01
8.547102822045536952e-01
5.680331639949304234e-01
7.090804310440022018e-01
7.384498137986422739e-01
8.620355779904985694e-01
5.540070020381215876e-01
8.760457601147427775e-01
5.688736425603369007e-01
4.998702268364675905e-01
6.720836748924157167e-01
8.601367039889447064e-01
8.532814604153545757e-01
6.676396237879371753e-01
6.426460208520574646e-01
5.934585773555334232e-01
7.972288676890013637e-01
7.430880092189326991e-01
6.084104776671378501e-01
7.392017627369986688e-01
5.809990820771371300e-01
8.815754246883475975e-01
5.050126656575604223e-01
9.094821685280949364e-01
8.321126262931483053e-01
6.577105006977185253e-01
7.807601995120768690e-01
5.336942027011974954e-01
7.923150500849842626e-01
6.246769301630857862e-01
7.710717111150537928e-01
8.655068605255125114e-01
8.751136076138963382e-01
6.182899348610799706e-01
7.994285751473794166e-01
6.182518676881411102e-01
5.572469773027126649e-01
6.354748565918981740e-01
7.623889527831216872e-01
8.273046913790408352e-01
8.325568824705886772e-01
5.294039109598489556e-01
7.209807965354162462e-01
5.844023398052492491e-01
7.452150833699213717e-01
6.190913105152081597e-01
5.503709606810852639e-01
7.604580915934382457e-01
6.057495514957248472e-01
8.725256645457247773e-01
6.480418212220110386e-01
8.559843562201678857e-01
6.842820822507069689e-01
8.896143195714301122e-01
8.490089383328799366e-01
5.660592609291442701e-01
5.733125836780127438e-01
6.529128293868735611e-01
7.550001930204324196e-01
6.377891562555434435e-01
5.512750611977887960e-01
