-4.593758742269425377e-01
-2.453836551721073622e-01
-5.212367175353147530e-01
-4.631422698253663262e-01
-3.632046264198047769e-01
2.741845877206756932e-02
-2.865845962347135512e-01
-5.365949348037043487e-01
-5.442127930461865271e-01
-1.574212606357471844e-01
-2.804259771120928280e-01
-4.685127834442756045e-01
-3.600600162010177407e-01
-4.110976738695752974e-01
-2.960318256534332226e-01
-9.699729409978963268e-02
-3.417814204920551768e-01
-3.594084189950639274e-01
-1.221156347562608185e-01
-3.035215754175257241e-01
-4.513165356946502449e-01
-3.731810544883397696e-01
-5.451587090874117081e-01
-4.807344084322355826e-01
-4.887563919488259745e-01
-5.162178846209869443e-01
-1.966899876443255479e-01
-4.286547086176875632e-01
-2.593862104739160235e-01
-2.812627305128817534e-01
-1.767977432741622001e-01
-4.557721499572710000e-01
8.610910637667568146e-02
-4.605658694784200979e-01
-5.113918337405494174e-01
-5.010677493673252325e-01
-2.477210163307659030e-01
-5.061510912652629202e-01
-9.674480582144917573e-02
-1.495378110501122682e-01
-5.107163899848732314e-01
-4.931419606073227935e-01
-1.159088047984445091e-01
-4.515549435031019909e-01
-4.893851962711510128e-01
-4.894117767543326725e-01
-5.869235839584805436e-01
-9.664650518910070098e-02
-3.138437913489552922e-02
-5.607968085324933627e-01
-1.780582073761579620e-01
-3.557198141092696719e-01
-4.482371629859963624e-01
-3.197248087777875281e-01
-4.902097422735171017e-01
-4.320672200823957865e-01
-4.117255490322717648e-01
-4.353638981012445952e-01
-5.445838551270139050e-01
-4.809834227813472585e-01
-2.783644368551256854e-01
-5.112423117631536007e-01
3.647422016247847676e-03
-3.098592465152427700e-03
-1.931757426302684877e-01
-4.629919431820160858e-01
-4.057696086468119967e-01
-4.399081807096343888e-01
-4.412283649353430093e-01
-5.139545898103329291e-01
-5.063824682188368120e-01
-3.789615185120993046e-01
-4.401570314705268716e-01
-5.517285230564547005e-01
-7.562846092129524300e-02
6.051162972722044786e-02
-4.790886945929316298e-01
-3.340005207236740326e-01
-1.417564669027153446e-02
-4.636467564846484535e-02
-3.973496589208834751e-01
-4.576330153599033057e-01
-3.670694143458524406e-01
-1.646359595851477620e-01
-5.056744696291957109e-01
-1.651841669379305322e-01
-5.157801158405190822e-01
-4.589214223048568853e-01
-1.954688919148703241e-01
-4.675645839167493767e-01
-4.804680601474043966e-01
-4.423940019257414091e-01
-8.541809380672225893e-02
-4.889906751759836578e-01
-3.587606056302927726e-01
-2.599915703569221637e-01
-4.962839317319431287e-01
-3.032801455974600824e-01
-2.739407665208927478e-02
-4.430197119221546131e-01
-3.146143136552456143e-01
-3.517764116823773879e-01
-3.889164274963194945e-01
-2.743273303365080240e-01
-3.806603273748056515e-01
-4.688229430629775041e-01
-2.761610607247034777e-01
-5.883644439441250151e-01
-4.790681927732519663e-01
-4.226941566976918363e-01
-4.217624712008792853e-01
-1.616204850066310372e-01
-4.437671055606394188e-01
-1.339853311585422757e-01
1.007294168601715334e-01
-9.494870082208953233e-02
-4.589820312907009203e-01
-5.049987346833766377e-01
-4.916191702516055084e-01
-3.662238119920562252e-01
-3.025550446809932015e-01
-4.490067699513412003e-01
-5.099256228231592303e-01
-1.440435490438019273e-01
-4.355553791646910033e-01
-4.208530396811503427e-01
-5.433373411912576501e-01
-4.561169491989094937e-01
-5.245913522034038046e-01
-2.688480864633536194e-01
1.425832242001630890e-01
-2.579824954568069595e-01
-5.113081828570884557e-01
-3.684834138144909010e-01
-4.714143659805761777e-01
1.149698213422181564e-01
-4.668746311385236769e-01
-5.033668427780827459e-01
-2.042746760233988823e-01
-3.915536364563681482e-01
-4.288437306039187824e-01
-6.461152765361392880e-02
2.998425257238503117e-02
-1.755941152216872747e-01
-2.698543289941196521e-01
-4.777401613253945412e-01
-3.783817747608543280e-01
-1.683874320931078306e-01
-5.020282672657191414e-01
-4.772693495800358066e-01
2.091803077136952793e-02
-6.304940025160819805e-02
-2.712771596302821497e-01
-4.197433540604471602e-01
-2.207710674995891353e-01
-1.805146375156576610e-01
-4.570502015703001852e-01
-7.849366322276057906e-02
-3.882815600594786698e-01
-5.082472647664448839e-01
-3.409790031811801292e-01
-4.783506401571427924e-01
-5.094942118773942985e-01
-4.055649249285516178e-01
-4.569660298283246824e-01
-4.962580780274186143e-01
-1.749915648536817803e-01
-4.732326215786102352e-01
-1.559816946664652204e-02
-5.193200322551330128e-01
-4.573251774312873108e-01
-1.730449315635615992e-01
-4.207621182073380539e-01
-5.166329643821749862e-01
-4.678656362363715071e-01
-4.371701556350877649e-01
-8.788580078127383732e-02
-4.362613793180794008e-01
-5.305549584427688981e-01
-3.220393923153659355e-01
-6.223932531129716672e-02
-3.262630975612482720e-01
-1.147101743811741459e-01
-2.297160224779518090e-01
-3.925350046823473105e-01
-4.676612114619406735e-01
-3.857782080646958711e-01
-4.698041881176850953e-01
-1.812082246749135150e-01
-5.287531019871735127e-01
-4.965321295118194644e-01
1.468513015295366819e-03
-4.853906550646591711e-01
-4.812847004890333791e-01
9.450022731598842207e-02
-4.041572554868265166e-01
2.420906249522461473e-02
-3.670365876372313485e-01
-5.787374067451542814e-01
-5.304368087299549117e-01
-3.662294547714541326e-01
-5.619452700463754002e-01
-4.208665358705392379e-01
-1.954307020517526833e-02
-5.019761200078756147e-01
-2.659974095633906854e-01
-4.063703112038518639e-01
-5.046725833597711652e-01
-3.390528888562511778e-01
-5.074875208244461477e-01
-4.791825335166214339e-01
-4.684012004961611852e-01
-2.277088624690623564e-01
-3.530063926828447274e-01
-5.118958424287993747e-01
-3.017518160589889586e-02
-4.771608725067422729e-01
-4.311377929945995335e-01
-1.236085486722773019e-01
-3.832201253904788940e-01
-4.815625110049732149e-01
-5.156476333485153773e-01
-1.795956164490558060e-01
-4.989376187271725160e-01
-1.787250915487561820e-01
-9.509485116571700369e-02
-1.690185135524680804e-01
-5.520642062828892138e-01
-1.340719751235570356e-01
-1.658004870226703620e-01
-2.225799479543094372e-01
-9.522438481857285753e-02
-3.553019244233600604e-01
-5.298338667703407223e-01
-1.198763740226953811e-01
-4.195700972672298801e-01
-4.831714723972871939e-01
-3.259287324809810316e-01
-5.247115463259851564e-01
-1.826575715687974999e-01
-4.627885073802957550e-01
-5.200010994322511459e-01
-4.744689416651989844e-01
-2.551947971445048813e-01
-4.588442747801513288e-01
-1.436949152981159550e-01
-4.903257111267641521e-01
-1.037538016631152638e-01
-4.960421461000416032e-01
-4.329777229480815115e-01
-4.485031984373841207e-01
-3.147165713093599271e-01
-1.722040091628455893e-01
-4.013126413053369479e-01
-4.158645614158461568e-01
-3.632888635979569791e-01
-5.266751810376154586e-01
-3.563192538192638259e-01
-4.904532379084803329e-01
-5.025044961970105417e-01
-2.941649733331515026e-01
-4.537252604951156898e-01
-3.554011518446042461e-01
-7.950711306607036177e-02
-1.217267505863543070e-01
-3.342347074961126152e-01
-4.892333895772146279e-01
-4.588035889280065449e-01
-2.102443296787596672e-01
-3.113356966365204981e-01
-4.553251920661782748e-01
-1.480044323880001511e-01
-3.647120350034405156e-01
-6.465540443480406740e-02
-2.645462939062007135e-01
-4.485527656314878819e-01
7.872568152386641427e-03
-3.923576042446586531e-01
-4.975497629825353929e-01
-4.039734786104242081e-01
-2.372853926101298194e-01
-4.958600693838647322e-01
-6.855886685838505357e-02
-4.548559261042963708e-01
-4.940558804129699944e-01
-4.918698567931242271e-01
-1.713824626545753516e-01
-4.171213044061121700e-01
-2.684641281124627299e-01
-9.876815106215454387e-02
-1.476625453449338099e-01
1.871110779151995140e-02
-4.827037567847409782e-01
-5.058075896541978089e-01
-3.630311458827354398e-01
-1.714385558509671226e-01
-3.788620617889639774e-01
-4.710753256965796165e-01
-3.404620012041967847e-01
-5.547478138903854106e-01
