9.477139494257007524e-01
9.584940698668472647e-01
6.846754501952604377e-01
9.601049889432416995e-01
9.388084439867834252e-01
7.105407036052089342e-01
7.310465715804197462e-01
9.495283826654443704e-01
9.547941512556467059e-01
7.954351088190880770e-01
7.513956189002938268e-01
8.398241195162720052e-01
7.817640655978984610e-01
9.415531337728578753e-01
9.310457039797018775e-01
6.726807409550186190e-01
7.125233620792019718e-01
7.740076324213719383e-01
9.715878499874743834e-01
9.455015088389604472e-01
6.693652138741921220e-01
8.265460405945423972e-01
9.456389741010329253e-01
9.569741298418081854e-01
6.673691747804706420e-01
9.566045668883076392e-01
7.822050303829257700e-01
8.293664210345790266e-01
9.309452940235487528e-01
9.695530863789465492e-01
9.593553381905133293e-01
7.892588588927076376e-01
9.466169471001735225e-01
7.295559126624566737e-01
9.161042377194880126e-01
8.989552572058044921e-01
8.386269669218646694e-01
5.772354329848928822e-01
9.102810932024902879e-01
8.106970659959290559e-01
7.482847953270892472e-01
8.320284540753335456e-01
9.579640782847562708e-01
9.580972644659805360e-01
6.647866134107464076e-01
9.233072374739857979e-01
6.739167717182480422e-01
9.295576769267752670e-01
5.781341791998486634e-01
7.270052200964273181e-01
7.181192257666746404e-01
6.894225612593160024e-01
8.133955326984985135e-01
7.982494723695241490e-01
9.556053659889687246e-01
9.549536752080090007e-01
6.354650285933214349e-01
7.886813995771989605e-01
9.092606318933369458e-01
7.703904707937219154e-01
7.481015708896504579e-01
9.426961714457792185e-01
9.317442432706044553e-01
9.542185779285613512e-01
6.805957415405951005e-01
7.839044957611692732e-01
6.355921038958174396e-01
8.925221500620096338e-01
9.408006008299976131e-01
5.730311705560582336e-01
9.503322219478210764e-01
9.447511762585705242e-01
9.358704853538295509e-01
9.432743334771774846e-01
7.685068921359176075e-01
9.583750424422980974e-01
7.511972577831483866e-01
6.988034397722667768e-01
9.584383522012861478e-01
7.337076060570062452e-01
9.508231571984413488e-01
7.197084171368659522e-01
7.621301582947768161e-01
7.210698075157606635e-01
6.209667727980591190e-01
6.739146669782806187e-01
9.560674856660092980e-01
6.174104170787571011e-01
7.601842926692440328e-01
8.388976275975987829e-01
7.217899853619906825e-01
6.903840602541708726e-01
7.606982283295331548e-01
9.378170003989079184e-01
7.450097322282374090e-01
9.433666084501903804e-01
9.459651116316152297e-01
9.528559175294535333e-01
6.998574903308081296e-01
7.794278412617209328e-01
9.332664230403103778e-01
6.962602167170516276e-01
6.646548139131120969e-01
9.216908708534394812e-01
8.961513696142646701e-01
7.415511473848324098e-01
6.229947770458745815e-01
9.298651341586827712e-01
9.518498984794087070e-01
9.597807790830443775e-01
7.330067303389109501e-01
6.318004254089476524e-01
9.143177609392632021e-01
7.420262662136943854e-01
8.857129801638787825e-01
6.979620002891653296e-01
7.052864388501658421e-01
7.192644871550004648e-01
9.226651086114732170e-01
7.011659906973866097e-01
8.329951978877438989e-01
9.379812112987175876e-01
9.423428038003951457e-01
6.016973133582224076e-01
9.453119710506660001e-01
7.659448860019546501e-01
9.533670150671410548e-01
9.459035522717029743e-01
8.137439096735485933e-01
9.514465018111650796e-01
9.625983205469366144e-01
6.895084835452247596e-01
5.935537234629129077e-01
6.960456185671390905e-01
7.250035168812301034e-01
8.952143616178180885e-01
8.378850594119880979e-01
9.617101859906858063e-01
9.403266271046006874e-01
8.202955272532148623e-01
7.485264298857092768e-01
9.391915148001397373e-01
9.462909467587760082e-01
7.333170824099332075e-01
9.561912430012924347e-01
6.814616244229391162e-01
8.105518921943957178e-01
7.498665401397861530e-01
7.579309280157632278e-01
5.465081335782789873e-01
7.307555938835379461e-01
6.232882662727590173e-01
6.745390300893744362e-01
7.750297742287396430e-01
6.889704587658900259e-01
8.222948031061184659e-01
7.721947354057059343e-01
9.319798587308655291e-01
9.139989664020571336e-01
7.569755960967102792e-01
9.550240721270211175e-01
9.585879373541932313e-01
8.868642060440061758e-01
9.430592589886848121e-01
9.621340154159150337e-01
6.244207191483798214e-01
7.455994515812989221e-01
9.347761991025694828e-01
6.601121767599663626e-01
6.865890842896916757e-01
7.133885836361509858e-01
8.983277773377579267e-01
6.608957161950288484e-01
7.578430637726720764e-01
6.863064931779623290e-01
7.142594992053902248e-01
7.772314330495377899e-01
6.628314885059896078e-01
6.554937861135531341e-01
6.947209976207353588e-01
8.981536173939529411e-01
9.398841594129689891e-01
7.390158332322939172e-01
9.535171886598672319e-01
7.106760246134870007e-01
6.057910128386925219e-01
6.954670288715453230e-01
6.888936984663694973e-01
6.789642590615294626e-01
8.064834137676151204e-01
9.495441769177226377e-01
7.039709214768570256e-01
6.740680101707161587e-01
8.109132414964971280e-01
6.854592543958887285e-01
8.080397378579693424e-01
6.200407650390065140e-01
6.588839742770842278e-01
9.205192974702235409e-01
9.284063517700095192e-01
9.146724169999747023e-01
9.064916376334630765e-01
8.459405712365235530e-01
8.430876164199759826e-01
7.676495012289514808e-01
6.787483291184694956e-01
8.483062377409558152e-01
8.859933154363539565e-01
9.318767753467998016e-01
9.542536572008083473e-01
9.595682814639652225e-01
7.704801384424428967e-01
9.627265580640429476e-01
6.809264317769814223e-01
9.506165030345724576e-01
8.763657109365601272e-01
6.842363817323517949e-01
8.002527667178328530e-01
8.355754924781282345e-01
8.549195136734499822e-01
8.152434977469082966e-01
6.809332563054668608e-01
8.126012482483088162e-01
7.212311584874986359e-01
8.566195842799146920e-01
6.565842393684193645e-01
9.528914346905332788e-01
7.545485928024715516e-01
9.625874393601969725e-01
7.050744088904790097e-01
7.520187590589293425e-01
9.358954834314836546e-01
9.671981050395894730e-01
6.902027819864122726e-01
7.882883712520081243e-01
7.542525331572813574e-01
7.135137561370370474e-01
7.747848280364397766e-01
7.536860470653380384e-01
9.617900906258965987e-01
6.393456167693023495e-01
9.587234881731392377e-01
6.386201657254589881e-01
7.305159850379602249e-01
9.439347259950396918e-01
8.651909120146723531e-01
9.477510020661801260e-01
8.115839695173554524e-01
9.543130887197960321e-01
7.311613417037088336e-01
9.545113237783120486e-01
9.465390794608246061e-01
7.015124105657565279e-01
7.310926195831619623e-01
9.560062178588886184e-01
7.190524909881232940e-01
9.624114776200816124e-01
7.826095921916687015e-01
6.900634580817049946e-01
9.536104457969614145e-01
6.929728749018360112e-01
6.773596441146993996e-01
9.494338874274252937e-01
9.443420198688421419e-01
6.869842838727886480e-01
6.681572200761756175e-01
7.604138271890147349e-01
7.265842958339338020e-01
8.488181023578771356e-01
8.142358190476035595e-01
7.990958623777268954e-01
8.825851448743121663e-01
6.817169701954941541e-01
5.477074096531444614e-01
7.418514491350105544e-01
9.606846553575510983e-01
9.341947207109011497e-01
7.601167009811842235e-01
7.627629684267247523e-01
9.467399842297617996e-01
8.200221111129428753e-01
5.441037738404136404e-01
8.024575952196582040e-01
7.814438051329504198e-01
8.778396364338237889e-01
9.320238989065674495e-01
9.509843792067993462e-01
9.214079344594745535e-01
7.301803554223585957e-01
6.417193006508288278e-01
8.845573712246475040e-01
7.722036913091572252e-01
5.736269781835001691e-01
9.387500434248001735e-01
7.662154202731208397e-01
8.237100499184071278e-01
8.900107196807975907e-01
7.393612928278715524e-01
7.392643440828881030e-01
7.953210510252548548e-01
