7.336697079938937494e-01
9.566951874611432372e-01
7.495534041610927289e-01
9.585269214442910801e-01
9.486420005814826251e-01
7.260954617831198998e-01
9.679189306344566646e-01
8.331170793074279546e-01
7.762977950640311819e-01
8.639431618022344050e-01
7.908492751918640984e-01
7.880381698002494328e-01
6.929087160568985215e-01
9.578948840925072261e-01
7.956362990768145460e-01
6.097596302150841696e-01
9.011182983670575908e-01
9.580731776794819687e-01
6.465231243195701527e-01
9.274572417197742835e-01
8.725828036111951125e-01
9.171794156481158922e-01
8.760472887642434259e-01
9.235915462881141291e-01
6.965886042392072097e-01
9.471726198222454318e-01
9.391427096072281211e-01
9.550296105578719441e-01
8.320658774518356893e-01
8.715064274648075537e-01
9.521454645757398971e-01
9.622189006240444709e-01
8.258056087650775812e-01
7.025318303851035839e-01
6.473513627448994612e-01
9.480614962909987842e-01
6.371110879845423014e-01
7.242125552581881731e-01
7.739744475414421787e-01
9.210638343469403910e-01
9.533925511961121035e-01
9.505193174250732291e-01
6.719257607963176060e-01
9.581298789747501043e-01
7.138755245361547708e-01
8.956402787064762228e-01
8.036437873658283104e-01
9.519232007792146621e-01
8.045631862755717734e-01
7.956760096411938932e-01
8.837728777786195700e-01
6.823384770512943565e-01
9.413115356090684394e-01
8.653863189950197210e-01
8.868401057380495001e-01
9.343115265181536344e-01
7.926641858714976729e-01
6.969916856239666281e-01
9.556402031162205546e-01
9.380312498344920424e-01
6.304856014844806289e-01
7.793250206676944902e-01
7.359534585538087814e-01
7.205038793959607224e-01
9.364003991962095430e-01
7.623500569528876003e-01
7.390012014970570586e-01
9.568359781575555001e-01
9.621264618139905300e-01
9.576904418094930316e-01
8.835177612758192689e-01
7.037616592835707063e-01
9.406700790059566719e-01
8.291238790472575948e-01
9.469272799150284525e-01
8.992769658862387328e-01
8.386366649040848387e-01
9.617882464100684370e-01
6.593121012521769853e-01
7.021706501574955794e-01
9.494735248636845260e-01
7.443780156300099371e-01
9.369038895955466018e-01
7.238831607291513759e-01
9.484854465952075042e-01
7.837159565371470960e-01
7.372318488843205841e-01
9.526475382354765431e-01
6.681842005458203948e-01
9.542060727685304222e-01
7.196569829935877127e-01
9.540388548502659605e-01
9.334769736868833157e-01
8.379213612758054097e-01
6.533341081116498250e-01
5.372697051362878007e-01
9.495619406265040086e-01
9.613574529636126353e-01
9.568954811813898953e-01
9.193579294014215808e-01
9.641034545642185316e-01
9.443795990265176910e-01
9.479724187861612306e-01
7.454668402022772700e-01
9.263437622935974947e-01
9.613341398027582807e-01
7.670040161233390164e-01
8.411057159403741990e-01
8.519275252507020335e-01
8.679872398153152258e-01
6.531305281727126655e-01
9.151785332448723054e-01
7.234804633018222519e-01
9.576286506312297053e-01
7.230036739472942564e-01
6.744026174488984005e-01
9.634187262545219621e-01
9.161085036433822548e-01
9.531503368837410672e-01
7.323902700729760795e-01
9.585381261922297780e-01
7.156945058523790371e-01
9.583317316423793919e-01
9.583274974712765459e-01
7.531398129024352572e-01
7.564463837822958947e-01
9.791505039297170310e-01
7.345354738116636195e-01
9.370831415013944898e-01
6.548618408499791155e-01
9.548374257163689816e-01
8.988778529427094988e-01
7.244370588883547457e-01
7.030470998966615870e-01
9.380395455787353676e-01
7.025083935336680074e-01
9.452566574540545163e-01
8.294374881917605524e-01
9.076835400042106983e-01
9.392929706498649445e-01
9.561792958071322346e-01
8.801961953234523905e-01
9.344027699255434971e-01
9.327712192800521329e-01
6.886459747734117176e-01
9.639626013338380428e-01
7.001291014788895151e-01
9.395914079002406494e-01
8.796215389199406598e-01
7.539635714290743307e-01
9.432710116591628280e-01
9.784938519100357945e-01
9.402600879255840205e-01
9.035173951949695414e-01
9.339108000605064186e-01
9.266068378602014821e-01
9.600657457663797079e-01
9.762439626184613584e-01
8.280337981663530300e-01
9.617040761210564614e-01
8.075521314198856881e-01
8.844066982944150945e-01
9.488587817785909539e-01
7.082499746721288014e-01
9.536660658881251917e-01
7.549013673409161740e-01
9.453533401588507523e-01
7.385646235572534968e-01
6.873732744476838130e-01
9.473322088342230884e-01
9.730450929339978794e-01
7.083327175564564371e-01
9.384587364112498831e-01
9.617561034144629373e-01
9.570483617963376766e-01
7.179380552974965468e-01
9.668154294768029899e-01
6.777981546153035719e-01
8.253352091686769754e-01
8.007067922236701385e-01
9.573844417728194500e-01
8.472506310980665312e-01
6.734404385100931645e-01
6.631842700601831009e-01
9.720310916991636851e-01
9.547346062035938496e-01
7.316213493253891365e-01
9.280727654581910624e-01
9.473812792783711245e-01
9.032717635939004897e-01
9.627020643035508751e-01
7.184739201360457184e-01
9.428343018907283657e-01
6.984378710447209926e-01
9.621048114975585541e-01
9.494819365950892820e-01
9.426912887612848291e-01
9.137305414282443916e-01
7.636229633123787774e-01
8.975844617229438160e-01
9.044704658923530260e-01
9.525616050794174505e-01
9.705843259015247693e-01
9.420435210711386453e-01
6.677110067697924478e-01
9.199107210460906181e-01
6.977775619884662994e-01
8.169859515432440489e-01
7.098500143678998509e-01
6.740628915136909205e-01
7.256936430104983238e-01
9.484307724614742252e-01
7.668150791612273753e-01
6.810161751265527696e-01
9.474701477291231910e-01
7.589552773140848529e-01
8.415338245510733950e-01
9.435023734022063291e-01
9.747456580779143565e-01
6.402908519598995429e-01
9.177578635756740155e-01
8.689179259692567658e-01
7.077494334778970941e-01
6.706098707161111117e-01
9.499805067363997768e-01
9.371929603597530800e-01
6.550609108137144254e-01
9.714340239045961001e-01
7.488682017635424071e-01
9.570140211625584037e-01
9.639147100420140113e-01
9.495571694873089497e-01
6.358743358347165309e-01
9.405859105876500648e-01
7.822284059791240196e-01
9.013595961366451803e-01
9.263230620979294727e-01
8.776176178862267196e-01
6.992599058669652923e-01
6.908210676470301070e-01
9.713394519289235696e-01
9.046121134140063802e-01
8.990502029651922244e-01
7.590872738251777108e-01
9.013379837718804577e-01
9.442747380078031494e-01
8.083098615170833945e-01
9.333070269409763364e-01
7.543732818723445366e-01
9.573709563117744903e-01
6.868057755904204420e-01
9.507099625662058795e-01
9.354982511526394040e-01
9.724584830394751300e-01
7.315339040280796068e-01
6.560916116700268308e-01
7.702428006926353987e-01
9.039388030329595924e-01
8.933299875767877207e-01
9.269010654003939642e-01
9.601205564335806297e-01
8.957826325110107568e-01
9.503450650746434469e-01
9.209075072962538133e-01
7.550580026610718143e-01
9.462412328084381929e-01
8.987135103372640987e-01
7.530476585494061403e-01
9.556296536962780586e-01
9.604974658610939686e-01
9.401330016663431710e-01
7.829121789528075137e-01
9.679696892363875982e-01
9.515176212598105421e-01
6.321962608033583342e-01
8.831183866254809223e-01
7.125803250725166738e-01
9.567334371927593839e-01
7.808637116869063810e-01
9.549411444014684891e-01
9.292002573367776908e-01
7.491395391280653016e-01
9.536635034187255222e-01
9.539569835960880484e-01
9.428581091490407795e-01
9.360610089465428718e-01
9.117821988403511657e-01
9.226893413767882635e-01
9.531851789339320646e-01
6.625035589070772390e-01
9.584135320058280172e-01
8.126599402432348462e-01
9.522542894927242818e-01
9.081460555678468882e-01
9.514085173591994016e-01
7.252231542050179280e-01
9.478187022059778588e-01
9.536014887836872234e-01
9.517592453058191238e-01
7.149935278757789670e-01
