6.976852538968196793e-01
8.246928732398937090e-01
6.175133504216019364e-01
9.474852644161183557e-01
6.606592198644124503e-01
7.852954715222439930e-01
9.454808836055589305e-01
9.612613763571755676e-01
6.905403489479480239e-01
9.468921223118436092e-01
7.098226030027966482e-01
7.112256067072539878e-01
8.155152840971752193e-01
9.501453251736198258e-01
9.389237242489086865e-01
9.312377322753420117e-01
9.436124208367300259e-01
7.215506302377207026e-01
9.449488488242031581e-01
7.164559167697468478e-01
7.371868913845365245e-01
9.226219148739916998e-01
9.621573943582364397e-01
7.336303388896984190e-01
6.634557512023939729e-01
6.313385732595785393e-01
9.548465303583590913e-01
9.201272843514580746e-01
7.739786975883903297e-01
7.092990524739073432e-01
8.321865311513765295e-01
7.872956808136610807e-01
7.289746419975625669e-01
9.035295419204480982e-01
7.406295458846663404e-01
7.079863543155782146e-01
7.196173194321946465e-01
6.364058464925341774e-01
7.255814804314194566e-01
6.472125090688634064e-01
7.976085454563903721e-01
9.523341293054583545e-01
9.119394778201078688e-01
7.513529038439040741e-01
9.509393762548792317e-01
6.270912791231322281e-01
9.531758548001714182e-01
9.521973229332005850e-01
7.113875680385242095e-01
9.173817858405726167e-01
9.375038577632266446e-01
6.288970817221875009e-01
9.477270902237800998e-01
7.209061251656987412e-01
7.364283956896870986e-01
9.484424354326718154e-01
9.653871941574452276e-01
6.980678556989107220e-01
9.484962589090195628e-01
9.183329469744472284e-01
9.514682231932649614e-01
6.716786304109967354e-01
7.439668188021565376e-01
9.601265675076037232e-01
7.339880109032086430e-01
9.355718101412835441e-01
6.204688604170203181e-01
9.490242471266152613e-01
9.343807595218687201e-01
9.396682562255013194e-01
9.494345207094487815e-01
9.483800229470106258e-01
7.170469379158566081e-01
6.584291178826607860e-01
5.553535539944031152e-01
9.025735940375341215e-01
8.528380707732651222e-01
9.725557725161864120e-01
6.827393451893377652e-01
7.032201148519118261e-01
9.319215135991392174e-01
7.381875800401421772e-01
7.023382901101518083e-01
7.670553009041309878e-01
6.682252898717133682e-01
9.415529747308003516e-01
9.473752254120161309e-01
9.445526761910195690e-01
9.288754184839501660e-01
6.506943211150462147e-01
9.236897553320300158e-01
9.427951132740253204e-01
9.490341449351403780e-01
9.494029262190855079e-01
6.394975671781918392e-01
9.489173038199532062e-01
9.547073298852324363e-01
9.540762027343880902e-01
6.935793254910002092e-01
7.342501658036576506e-01
9.538639170709365400e-01
7.265786167105103832e-01
9.104285315032262238e-01
7.526579035134592921e-01
9.349615877299050082e-01
9.564941854330708537e-01
6.931334451897416260e-01
6.513019632490020250e-01
7.158372268966862739e-01
8.575255191951153266e-01
6.718817419350066045e-01
6.271725326008268375e-01
6.933249464173686372e-01
7.322163642900041403e-01
9.473071294573918166e-01
7.539297402211417864e-01
6.267417493976100706e-01
7.378794401915146350e-01
6.995261791756255398e-01
6.986617372438777007e-01
9.053830763025956241e-01
9.368799352610347464e-01
8.312259183249300909e-01
7.159585283143594658e-01
9.514548498311572455e-01
8.867812640150151138e-01
7.320900789012998455e-01
6.561323752701804235e-01
9.390998946825357407e-01
6.833985107513180779e-01
9.556593220455862348e-01
9.534903985196439002e-01
6.468105737438498704e-01
7.302639875339247411e-01
6.704348860616351491e-01
8.556965383260040081e-01
7.592364316585578088e-01
5.773907282238432970e-01
7.441982983062676027e-01
9.508832598454428631e-01
7.071419034228692002e-01
6.598338915974574226e-01
6.894812005683811362e-01
9.159881922866721649e-01
6.401910175313804130e-01
9.515842239930950575e-01
9.439114647718365170e-01
7.745660644596923383e-01
9.378273068069657992e-01
7.522430109214849336e-01
8.258403318958569272e-01
7.462768058254284353e-01
9.157691583927828338e-01
5.583978109603144890e-01
6.604914553245322395e-01
9.090387563612664090e-01
9.444747286729946456e-01
9.597777383471175483e-01
9.484151326238674518e-01
5.446168471221710661e-01
9.368626503272347028e-01
6.941237507925763772e-01
9.239658472900698083e-01
9.446295924606715744e-01
9.167861407396047380e-01
5.970636961395997533e-01
9.557063454407361824e-01
9.421433655666145990e-01
6.739983155101887391e-01
9.376240894101599554e-01
9.130986484030300110e-01
9.494040634407341361e-01
8.311822729134610288e-01
9.193611446363851858e-01
6.299648198127304477e-01
7.242983697917458885e-01
9.430109773723667210e-01
9.520110505567641601e-01
8.419431851529212141e-01
6.214974240093938951e-01
7.751365548408456485e-01
6.518808310780930260e-01
9.361713984130585198e-01
8.610037275827435721e-01
9.491993570426913163e-01
6.573557161127387971e-01
6.921043921627217932e-01
9.417740344245779660e-01
6.738667765277587263e-01
6.694555661457708418e-01
9.360470511395708737e-01
6.571344687038527255e-01
7.843480867253830313e-01
9.156018787236250844e-01
8.881501961399833611e-01
7.022584365740006662e-01
9.265339003355815839e-01
8.496187347151102909e-01
6.905414438422464718e-01
8.758220718428000318e-01
9.521703377817043457e-01
7.148152787918176099e-01
9.392291800333959495e-01
6.780325620668472553e-01
9.296135048805098666e-01
7.944487699737792230e-01
7.166397554119098290e-01
8.356543484438285763e-01
6.935381585048699948e-01
6.969428290359488409e-01
7.577252785222559073e-01
7.005454129823172060e-01
7.540448817609356480e-01
9.517075193947721612e-01
9.378604170972504317e-01
6.870574273550646982e-01
6.392309154005474392e-01
8.843376864407362925e-01
7.164744544383383484e-01
9.351889672343850490e-01
7.512101833180390154e-01
7.342493785334613943e-01
6.243837633822572064e-01
6.943634788914454514e-01
9.140937139788432031e-01
6.761721249610304074e-01
9.484164639930072749e-01
6.722018940830657430e-01
6.763394032604426176e-01
7.962883079969084177e-01
9.518269691602906368e-01
7.098092462918664802e-01
9.092868711354229472e-01
6.866451906026899143e-01
8.371662308818220710e-01
6.730137265247650991e-01
6.259001294809330984e-01
9.560507944336864572e-01
9.376355150884199130e-01
9.436071840961223200e-01
6.946036595963359650e-01
9.515645625111852635e-01
7.041865591586458084e-01
6.827884701718425209e-01
5.806032083814652855e-01
9.414717728803109198e-01
8.434516671163823087e-01
9.282552637081985525e-01
9.320554138757721763e-01
8.122133649377751841e-01
6.954674513654005574e-01
9.441651775292820847e-01
9.452223328682005654e-01
9.447794094922171704e-01
7.583567833107065503e-01
6.484485585288304321e-01
7.904471568435377238e-01
7.278607715477440898e-01
6.760455438456798305e-01
9.260925593395885613e-01
7.837354387214634510e-01
8.789067830941721393e-01
7.204467500546667402e-01
6.784441920350432476e-01
9.248319936845106337e-01
6.875863017973468105e-01
9.527197011118625491e-01
7.782445640579922497e-01
9.440737966656758129e-01
7.037965636504575073e-01
9.501177652470353951e-01
9.321702769216467788e-01
6.251097985122917589e-01
6.440969104517927368e-01
9.552665219658322826e-01
8.528144445548604402e-01
9.528733593779585842e-01
7.527166855842164495e-01
7.943942342031561354e-01
7.203568317886386296e-01
9.405827339255399266e-01
9.499203988864810544e-01
7.074622466484166150e-01
7.928503892846433532e-01
7.772202606325870899e-01
6.782236076612218056e-01
9.504245319651666302e-01
9.479179682703336995e-01
8.392250266529628355e-01
9.466858674711767785e-01
6.871265156658736828e-01
8.849015253984022777e-01
8.717844215518801843e-01
9.382988575090808192e-01
9.381670135742645744e-01
7.420870191527291215e-01
8.804792099397600325e-01
7.501984841009430305e-01
5.959734248243552246e-01
9.504913834824166852e-01
