-1.604495163663282042e-01
-3.683202236227068882e-01
9.076948688915431607e-02
-4.122896254229311275e-01
4.511017005243551092e-01
4.250949403230931678e-03
8.945234424398653683e-01
9.119411126254594047e-01
3.465670987664785652e-01
3.602110278067273130e-01
-8.938099210416527995e-02
4.340384892437847419e-01
-3.117327746758772333e-01
-1.875434187609969494e-01
2.219448557788763488e-01
-1.417724837210906363e-01
-1.049158271250661273e-01
-3.911701394918001284e-01
-2.441472869667824647e-02
9.324084145324830486e-02
9.489852515616113982e-01
1.904811343546191915e-01
3.112085034851002074e-01
6.654379268043883466e-02
8.041901382041891089e-02
2.369804080317554074e-01
8.560900241947000389e-01
-3.370945476036574795e-01
6.808485813763223149e-01
2.710760509805607010e-01
-1.762954573565150840e-01
-6.784799046052319982e-02
3.404497662675166625e-01
7.027198433334065353e-01
2.010288541564675124e-01
-1.577520490558561098e-02
7.513918257465888040e-01
4.534646802928448128e-01
2.393417020807133699e-01
-2.789263359853174640e-01
-3.443645883791088269e-01
8.182453345538082123e-02
2.234683912152963803e-01
6.847797588194886043e-01
6.397146135309841886e-02
-1.993605673275589130e-01
-1.486391306224756348e-01
8.156018442486825393e-01
-1.993605673275586909e-01
2.356357522402770244e-01
-1.967192807996795134e-01
8.521379840612750556e-01
-1.832764045128593422e-01
-1.323897185916367847e-01
1.478724119039576679e-01
-3.231785956656106906e-01
4.892385398069692970e-01
1.674877701541170882e-01
-1.502787598966211502e-01
-3.197867666750390248e-01
-3.991973363911017203e-01
1.613697330978479116e-01
9.867863035014785844e-02
2.378496866508348906e-01
9.211123489177170942e-01
2.570098815709943585e-01
-1.103615938812672059e-01
-3.416922429279262152e-01
7.222624814736831045e-01
-1.906804555387923983e-01
-1.861322326396201432e-01
3.582276920094158434e-01
2.360820322508278835e-01
-2.108167319267999495e-01
2.415706778008251399e-01
-1.713912005765544366e-01
2.163445268713909964e-01
8.364244304742316505e-01
2.447826309475605311e-01
4.347556083748141953e-01
8.939332336856040673e-01
-2.549838592463763431e-01
3.074704814853662094e-01
-1.758743674480063302e-01
-7.196199409083225973e-02
-1.716177023569654403e-01
2.907150840286911175e-01
-1.861846703753864962e-01
7.186299222179564072e-01
3.254736635777067955e-01
-3.815855282113287394e-01
2.745202357357816036e-01
-1.805527206945745922e-01
1.157996199066078369e-01
3.878162254538520815e-01
-1.635718526207938783e-01
-1.458332454812784618e-01
-2.018746495569302413e-01
9.607551424162665832e-01
2.298989266189233049e-01
1.396006248691912810e-01
-6.999062365288119536e-02
7.138657693422216788e-01
-1.577151020157289141e-01
3.756204087278627313e-01
2.936378894343600332e-01
3.815055941725943311e-01
2.208708137765139079e-02
-6.810600996581792771e-03
7.213135691798280291e-01
-1.984982012519597439e-01
1.111800191099699409e-01
-1.577017417584930525e-01
8.853014661096871851e-01
-3.490631280715399409e-01
3.412805336950043289e-01
2.903267921530350293e-01
9.667499883220222190e-03
2.778764470474018866e-01
6.939017968776380885e-01
3.528634484533264004e-01
-1.855954580202503756e-01
4.414098596957903575e-02
-4.292338245907243582e-02
-3.624674140527841537e-01
2.566610889370211090e-01
3.098871528009087273e-01
-2.511873409401802482e-01
3.205017817765176691e-01
-3.728208425480231680e-01
2.069610248149464926e-01
-2.731798962352992993e-02
9.388257410212370591e-01
-1.427078943398641386e-01
6.839215841418773145e-01
-1.968408149164936061e-01
-3.371108584466915858e-01
6.774757183425014762e-02
-1.623257418454650269e-01
-1.931914132650890958e-01
9.234279142913890404e-01
-1.905529712458642888e-01
8.528810358831025173e-02
1.853165570595732836e-01
2.383059283894129188e-01
-2.322258680831042199e-02
-1.679698090688370171e-01
-3.601902708401762410e-01
-1.809186635379235186e-01
4.179729618513647327e-02
4.187928954149889860e-01
1.392492926921758967e-01
-2.817532832721066915e-01
8.787757653945040826e-01
-1.615465241692508047e-01
1.791211734573483483e-02
2.623164152523788650e-01
-3.857097823096392597e-01
-1.861846703753862742e-01
-1.965151004436557769e-01
-3.742590297882727457e-01
3.234034652181286829e-01
8.572792536436533162e-01
-2.885383322105614656e-01
-2.926911328308733351e-01
-7.429036329619226331e-02
-1.511516498392336816e-01
2.397949709969807441e-01
-4.098059049138529364e-01
-2.170699567929126883e-01
1.854324218921992729e-01
-1.339070278024803717e-02
1.896641237749275843e-01
1.794537599681927942e-01
3.184146428611753787e-01
-1.595874957464925026e-01
1.849219384872884120e-02
-3.692761724493358599e-01
-1.956015617569329401e-01
-5.238712453658977974e-03
2.315473326880153893e-01
7.108768513265983913e-01
7.156101294755843334e-01
2.848443365266984384e-01
9.174046025771707136e-01
-1.720821872689106691e-01
-1.720821872689106691e-01
-3.118617293016506808e-02
2.956480417996599774e-01
7.235667374414864184e-02
2.496833104132400449e-01
-3.073871318219921767e-01
-1.546990362229300198e-01
3.090260330280393819e-01
7.437501104049226708e-01
-1.785650495538105287e-01
2.405213906197400664e-01
3.122611896892015793e-01
6.272224059133527096e-02
2.200219558690999777e-01
2.436641184463008147e-01
1.402642386159800303e-01
6.980933303170207271e-02
-8.930589936380101124e-02
3.090379220378955405e-04
7.269226343620394104e-02
-1.855836345737844062e-01
-1.861846703753863852e-01
5.413083255456309362e-02
-2.910258487526058979e-01
-1.125614693013525097e-01
9.151636214213627607e-01
-1.461604802345094767e-01
-1.071932652074303188e-01
2.256656972401093197e-01
2.556687794911651213e-01
-2.471280506052163095e-01
-1.703394215563245329e-01
2.872006436998680856e-01
-2.078364741710856389e-01
-2.494995436001609113e-01
-1.861846703753862742e-01
-1.720821872689106691e-01
-1.342010446992973338e-01
3.505229996692065253e-01
3.142752598041562151e-02
1.550937886571075452e-01
1.474881395031125697e-01
-8.474263627970685109e-02
9.261049859668133433e-01
2.484495787554641955e-01
2.540980284545972800e-01
-1.807589316388506784e-01
-3.638362907439592897e-01
3.117972869187302098e-01
-1.589676818356273169e-01
2.770729086149361087e-01
-1.861846703753862742e-01
3.154770007709734592e-01
7.040694297329341822e-01
1.843679491832825867e-01
1.059273118336751945e-01
-2.868056613887087214e-01
-2.087509723377417026e-01
3.323527296897708927e-02
9.396216684096907468e-01
6.604183286210062453e-01
7.789978791291601867e-02
-1.759884733884631847e-01
6.948389529101792750e-01
-1.710999822980511786e-01
1.500633864990671418e-01
-6.812246925328716007e-02
-3.507347857384324197e-01
3.149249397751199830e-01
-2.181577887469919319e-01
3.754658914430732131e-02
-1.247332186857767755e-02
-4.065419929466934645e-02
-5.740111464011396492e-02
3.372929291797447937e-01
-1.104533170629862504e-01
-1.963105559003995304e-01
-3.144721266906010948e-01
1.885302482043544892e-01
-3.517211052495497481e-01
-1.994811620509359951e-01
6.979188244918786976e-01
2.607935483940650168e-03
6.713943823734584981e-01
-1.628501640003210404e-01
9.068576503646560427e-01
-2.079377585898747882e-01
-1.720821872689106691e-01
-2.796999946650833846e-01
-3.760217897971777079e-01
2.123106807257976458e-01
2.051456797053706482e-02
-1.151806071671848120e-01
6.515731697611679141e-02
6.784982368481335957e-01
3.732846667166244137e-01
-2.366677241532810505e-01
4.995942225946333748e-01
-7.654655785251167355e-02
-1.236950966930727425e-01
-1.861846703753862742e-01
-2.665500673904384887e-03
2.123887679816762741e-01
3.031011505743489987e-01
-3.414722401255550488e-01
-1.993605673275589130e-01
8.792799867154328652e-02
2.602324411237529889e-01
6.965236320346238630e-01
-2.297448400209319841e-01
7.240267259325530169e-01
8.279442175263951320e-02
9.299805480776592859e-01
3.630895082547631048e-01
