4.363390570004092583e-01
4.363390570004096469e-01
4.363390570004092583e-01
4.363390570004095359e-01
4.363390570004094249e-01
4.363390570004095359e-01
4.363390570004092028e-01
4.363390570004094249e-01
4.363390570004094249e-01
4.363390570004094249e-01
4.363390570004093139e-01
4.363390570004094249e-01
4.363390570004092028e-01
4.363390570004094249e-01
4.363390570004092583e-01
4.363390570004092028e-01
4.363390570004093139e-01
4.363390570004092028e-01
4.363390570004092028e-01
4.363390570004092028e-01
4.363390570004095359e-01
4.363390570004094249e-01
4.363390570004092583e-01
4.363390570004092028e-01
4.363390570004095359e-01
4.363390570004094249e-01
4.363390570004094249e-01
4.363390570004092028e-01
4.363390570004092028e-01
4.363390570004094249e-01
4.363390570004092028e-01
4.363390570004092028e-01
4.363390570004092028e-01
4.363390570004094249e-01
4.363390570004092583e-01
4.363390570004095359e-01
4.363390570004094249e-01
4.363390570004094249e-01
4.363390570004092028e-01
4.363390570004092028e-01
4.363390570004092028e-01
4.363390570004092028e-01
4.363390570004092028e-01
4.363390570004092028e-01
4.363390570004095359e-01
4.363390570004094249e-01
4.363390570004092583e-01
4.363390570004095359e-01
4.363390570004092583e-01
4.363390570004092028e-01
4.363390570004092028e-01
4.363390570004092583e-01
4.363390570004094249e-01
4.363390570004093139e-01
4.363390570004092028e-01
4.363390570004094249e-01
4.363390570004092583e-01
4.363390570004092028e-01
4.363390570004092028e-01
4.363390570004094249e-01
4.363390570004092583e-01
4.363390570004094249e-01
4.363390570004094249e-01
4.363390570004092028e-01
4.363390570004092028e-01
4.363390570004092583e-01
4.363390570004093694e-01
4.363390570004093139e-01
4.363390570004092583e-01
4.363390570004092583e-01
4.363390570004094249e-01
4.363390570004092028e-01
4.363390570004093139e-01
4.363390570004094249e-01
4.363390570004092028e-01
4.363390570004092028e-01
4.363390570004090918e-01
4.363390570004092583e-01
4.363390570004092028e-01
4.363390570004092583e-01
4.363390570004092583e-01
4.363390570004094249e-01
4.363390570004095359e-01
4.363390570004092028e-01
4.363390570004093139e-01
4.363390570004093139e-01
4.363390570004092583e-01
4.363390570004092028e-01
4.363390570004095359e-01
4.363390570004092028e-01
4.363390570004094249e-01
4.363390570004094249e-01
4.363390570004092583e-01
4.363390570004092028e-01
4.363390570004092583e-01
4.363390570004094249e-01
4.363390570004093139e-01
4.363390570004094249e-01
4.363390570004092583e-01
4.363390570004094249e-01
4.363390570004092028e-01
4.363390570004092028e-01
4.363390570004092028e-01
4.363390570004095359e-01
4.363390570004092583e-01
4.363390570004093139e-01
4.363390570004096469e-01
4.363390570004093139e-01
4.363390570004092028e-01
4.363390570004092028e-01
4.363390570004093139e-01
4.363390570004094804e-01
4.363390570004092028e-01
4.363390570004094249e-01
4.363390570004092028e-01
4.363390570004092583e-01
4.363390570004092028e-01
4.363390570004090918e-01
4.363390570004095914e-01
4.363390570004092028e-01
4.363390570004094249e-01
4.363390570004093139e-01
4.363390570004094249e-01
4.363390570004094249e-01
4.363390570004092028e-01
4.363390570004092028e-01
4.363390570004092583e-01
4.363390570004094249e-01
4.363390570004093139e-01
4.363390570004092583e-01
4.363390570004092028e-01
4.363390570004094249e-01
4.363390570004093139e-01
4.363390570004092028e-01
4.363390570004092028e-01
4.363390570004092028e-01
4.363390570004092028e-01
4.363390570004092583e-01
4.363390570004093139e-01
4.363390570004092028e-01
4.363390570004093139e-01
4.363390570004094249e-01
4.363390570004092583e-01
4.363390570004092583e-01
4.363390570004092583e-01
4.363390570004094249e-01
4.363390570004092583e-01
4.363390570004092028e-01
4.363390570004092028e-01
4.363390570004094249e-01
4.363390570004092583e-01
4.363390570004094249e-01
4.363390570004092028e-01
4.363390570004092028e-01
4.363390570004092028e-01
4.363390570004092028e-01
4.363390570004095359e-01
4.363390570004094804e-01
4.363390570004092028e-01
4.363390570004092028e-01
4.363390570004092583e-01
4.363390570004092028e-01
4.363390570004092028e-01
4.363390570004094249e-01
4.363390570004098690e-01
4.363390570004093694e-01
4.363390570004092028e-01
4.363390570004092028e-01
4.363390570004092028e-01
4.363390570004094249e-01
4.363390570004092028e-01
4.363390570004092583e-01
4.363390570004092583e-01
4.363390570004095359e-01
4.363390570004094249e-01
4.363390570004095359e-01
4.363390570004093139e-01
4.363390570004092028e-01
4.363390570004092583e-01
4.363390570004093694e-01
4.363390570004093139e-01
4.363390570004094249e-01
4.363390570004092028e-01
4.363390570004092583e-01
4.363390570004092028e-01
4.363390570004093139e-01
4.363390570004092583e-01
4.363390570004095359e-01
4.363390570004092583e-01
4.363390570004092028e-01
4.363390570004094249e-01
4.363390570004094249e-01
4.363390570004093139e-01
4.363390570004093139e-01
4.363390570004092028e-01
4.363390570004094804e-01
4.363390570004095359e-01
4.363390570004093694e-01
4.363390570004092028e-01
4.363390570004092583e-01
4.363390570004093139e-01
4.363390570004092028e-01
4.363390570004092583e-01
4.363390570004092583e-01
4.363390570004092583e-01
4.363390570004092028e-01
4.363390570004092583e-01
4.363390570004094804e-01
4.363390570004092583e-01
4.363390570004094249e-01
4.363390570004095359e-01
4.363390570004092583e-01
4.363390570004093694e-01
4.363390570004093139e-01
4.363390570004094249e-01
4.363390570004092028e-01
4.363390570004092583e-01
4.363390570004095359e-01
4.363390570004094249e-01
4.363390570004094249e-01
4.363390570004092583e-01
4.363390570004093694e-01
4.363390570004093139e-01
4.363390570004092583e-01
4.363390570004093139e-01
4.363390570004094249e-01
4.363390570004092028e-01
4.363390570004092583e-01
4.363390570004092583e-01
4.363390570004095359e-01
4.363390570004094249e-01
4.363390570004092028e-01
4.363390570004092583e-01
4.363390570004092028e-01
4.363390570004092583e-01
4.363390570004092583e-01
4.363390570004092028e-01
4.363390570004094249e-01
4.363390570004092028e-01
4.363390570004094249e-01
4.363390570004092028e-01
4.363390570004092028e-01
4.363390570004093139e-01
4.363390570004092028e-01
4.363390570004092583e-01
4.363390570004094249e-01
4.363390570004093139e-01
4.363390570004093139e-01
4.363390570004092028e-01
4.363390570004094249e-01
4.363390570004093139e-01
4.363390570004093139e-01
4.363390570004092028e-01
4.363390570004092583e-01
4.363390570004092028e-01
4.363390570004093139e-01
4.363390570004095359e-01
4.363390570004092583e-01
4.363390570004094249e-01
4.363390570004092028e-01
4.363390570004094249e-01
4.363390570004092583e-01
4.363390570004092028e-01
4.363390570004092583e-01
4.363390570004092583e-01
4.363390570004092583e-01
4.363390570004092028e-01
4.363390570004094249e-01
4.363390570004092028e-01
4.363390570004092028e-01
4.363390570004092028e-01
4.363390570004092583e-01
4.363390570004093139e-01
4.363390570004092028e-01
4.363390570004092583e-01
4.363390570004094249e-01
4.363390570004093139e-01
4.363390570004094249e-01
4.363390570004092028e-01
4.363390570004092028e-01
4.363390570004092028e-01
4.363390570004092028e-01
4.363390570004093694e-01
4.363390570004092028e-01
4.363390570004093139e-01
4.363390570004092028e-01
4.363390570004092583e-01
4.363390570004092583e-01
4.363390570004094249e-01
4.363390570004092028e-01
4.363390570004094249e-01
4.363390570004093139e-01
4.363390570004092028e-01
4.363390570004092028e-01
4.363390570004092028e-01
4.363390570004095359e-01
4.363390570004092583e-01
4.363390570004094249e-01
4.363390570004093139e-01
4.363390570004094249e-01
