5.797151590123557074e-01
-3.855515630496729740e-01
-5.350981030882857592e-01
-1.807040338005909408e-01
9.435259911931213050e-01
-3.008602339680828130e-01
-3.790385049005043916e-01
-3.226458378641859914e-01
-5.605679729399426492e-01
-3.218364621980932538e-01
-5.260152198488650122e-01
7.721914898357056245e-01
-4.465922622797302566e-01
-4.959481260864827545e-01
-4.017176271084121897e-01
7.818155121535452778e-01
-4.890791633168620201e-01
-1.526229015451779081e-01
-4.930505974005886527e-01
-2.492765038994879112e-01
-2.883273440954892686e-01
-2.654225432740162094e-01
6.847055333984396475e-01
-5.214387352717517743e-01
-5.570402601900653616e-01
-5.909142795306209228e-01
-3.446880589508256598e-01
-3.719390415952131823e-01
9.609420471446417089e-01
4.049576338756161187e-01
6.699867149261060639e-01
-5.022242430263900159e-01
-2.142701365512173217e-01
6.725843302451183225e-01
2.976304066889272626e-01
8.601326258599379937e-01
9.533646713483057145e-01
6.197554219653865770e-01
6.477642067153535077e-01
-5.144829185866918175e-01
-3.392043875939667052e-01
-5.717819909366685938e-01
9.839550016139366750e-01
8.752910023856298460e-01
-4.207767494780457751e-01
5.073983917170563629e-01
-4.675178615442054375e-01
-2.993984104058504681e-01
-1.327381457115726637e-01
-4.430895330396069087e-01
-3.778575578632397125e-01
-3.271614193030552009e-01
-3.829576517609468711e-01
-5.190839035589261963e-01
-4.911225819852234054e-01
-3.161214032929761664e-01
4.771283870119470416e-01
5.230179442970428472e-01
-2.478508215165096673e-01
-5.486965655836546496e-01
-2.740458563254143387e-01
-5.756664273368123919e-01
-5.447606880198432311e-01
5.339619264730880444e-01
-3.133690010917348223e-01
6.294964320315412643e-01
-5.437013895163931299e-01
-3.702681015083461036e-01
7.911648637630901426e-01
9.456083958166384695e-01
-2.445843096403222949e-01
-5.603541615492749761e-01
-5.632376401906813435e-01
-5.059814412288687890e-01
-4.631671514582804683e-01
-1.772772721289652131e-01
-4.148439963488613769e-01
-3.137088713535523543e-01
-3.636118160844543645e-01
4.980910767258440730e-01
-2.843927313632054754e-01
-5.070296871280042250e-01
5.094759312534490325e-01
5.838439076208072898e-01
8.145014504989415149e-01
-4.728389335401954607e-01
6.630723068466022330e-01
-4.166289293477143385e-01
8.348984648794484098e-01
9.582203775693494130e-01
-2.995639903149138750e-01
6.219225612399967851e-01
-2.711192940900961634e-01
3.596866470895962453e-02
-5.501615520397764580e-01
-5.584761366365163099e-02
7.982980075572168044e-01
-5.389459651719179512e-01
-3.032368598034440588e-01
-4.296518696550417626e-01
-5.681145703474657083e-01
-4.891238964263643352e-01
9.563186824833518340e-01
-4.349428989155947889e-01
-5.532431514076607826e-01
-5.319353811221312345e-01
-5.141368505657191168e-01
-5.580249464904860623e-01
-4.844864852775963016e-01
8.386078804709449219e-01
-4.683443331326756498e-01
8.065454898556190244e-01
7.899579802524341332e-01
-3.253719021469879680e-01
-3.995041506409379717e-01
-2.749914552534786782e-01
-5.594899685557241931e-01
7.899391534010031801e-01
6.811577720968409189e-01
7.473897194846194081e-01
6.068771217265520601e-01
8.020862234227887910e-01
-5.986992853501789114e-01
-4.884103367259469142e-01
-1.294359435741576636e-01
-1.771280935554957192e-01
-2.543005787093585157e-01
-3.492260735392274107e-01
-5.279482188309326807e-01
-2.139733473232283412e-01
-3.493338086346476912e-01
-5.515211985928712979e-01
-3.328051689988872353e-01
7.275446457549487045e-01
9.167562901098322836e-01
5.336185457380531183e-01
-3.316674125890456959e-01
-4.732657157740493559e-01
7.292808871557104888e-01
7.838572681355200356e-01
-3.310933206554267372e-01
-3.634363460432763482e-01
5.145085427360687191e-01
-2.098697291270663068e-01
8.397899390911414130e-01
-3.712395098488097123e-01
3.109656325713833214e-01
-3.345436136975029617e-01
-2.693836125737161802e-01
6.051532341266944170e-01
6.526671794478731137e-01
-5.608314975115813450e-01
-1.744859640623566965e-01
-2.741672069309565307e-01
-2.508555102940132064e-01
-4.689412141961901148e-01
-5.404028882573518322e-01
-1.773860024415422898e-01
7.819977070864545521e-01
-4.952243218928996105e-01
-2.388123202564745307e-01
5.064426106332163835e-01
-3.666765323986154179e-01
-4.806190918694053238e-01
-4.101948213018857814e-01
-5.177003976431244769e-01
8.505442744989700765e-01
-5.661205994417251031e-01
-2.028542180204074563e-01
-2.263782577822201769e-01
6.709913943642120682e-01
5.539129699893157177e-01
5.755525049462972831e-01
7.969822174477737553e-01
-5.159931355219888882e-01
-2.401421916337692086e-01
-1.351080618090390595e-01
-1.955220742855773575e-01
-5.368710445950503063e-01
8.516742473935891011e-01
-5.642230995610485467e-01
8.904898063132344888e-01
8.183181827664949282e-01
5.542609443456669727e-01
-3.545076515857203958e-01
6.241299202115067057e-01
-4.082325663453050257e-01
-2.508799375292180001e-01
-5.213907916124265185e-01
2.532934982651113831e-01
5.917671050659876197e-01
-3.536589179269233885e-01
7.316609055254655880e-01
-5.527966609526127062e-01
8.324658405585813048e-01
3.041986682958647825e-01
-6.276086942120838452e-02
5.615319798898982251e-01
-5.648968702036896161e-01
-5.843379419958130150e-01
-9.353547620611424307e-02
6.695037887606103411e-01
-3.265676859346910432e-01
-5.471371729537760631e-01
-4.847269285414701478e-01
-5.695537484047263899e-01
-4.383721807378268553e-01
8.122115076541421841e-01
-4.263846798447770148e-01
-2.612933475298708230e-01
-5.572249425565746206e-01
-3.797255342811507450e-01
-1.393557809866552977e-01
-5.402286014413979487e-01
-1.682267870008646304e-01
5.735697056894035750e-01
-5.367675594103495929e-01
-4.848695171732473330e-01
5.885259549019137282e-01
8.322234561972461364e-01
-4.182456797781528568e-01
-2.139404949516046650e-01
-4.558094657537585803e-01
-4.815767757461744125e-01
-5.351921237266883402e-01
-5.276823948307625134e-01
5.405185115070789692e-01
6.486781199870597092e-01
-5.717272855757007388e-01
-3.230880991245640432e-01
8.030120682756411998e-01
5.780638939419140421e-01
-1.051470918273786914e-01
-2.778916376504430574e-01
8.261518236589385777e-01
7.795221025738081622e-01
-5.525414667351438158e-01
-3.028862921950584708e-01
5.931108295638372052e-01
9.450536573235773785e-01
6.925751695536630503e-01
-1.146416387246878416e-01
-4.480227563494764143e-01
7.518453337429873429e-01
-5.491056361488021453e-01
-3.886993481369200865e-01
9.385186108118646064e-01
-4.571367301563855068e-01
7.849170279363000269e-01
8.395494559294112147e-01
-4.559373039790211024e-01
-5.122554607205876964e-01
-4.680575659225317264e-01
-3.838973255237712046e-01
8.607459300479015640e-01
-4.970576089293798905e-01
-5.384342774424680789e-01
-5.854605072666849708e-01
-5.542379995533474046e-01
-2.412736042714533624e-01
8.251476389805361134e-01
4.667826111494554064e-01
-4.454531793811359330e-01
-5.879611281493213326e-01
-5.489058961909478729e-01
-3.555424066602367317e-01
8.008438728611417812e-01
9.292811099716049572e-01
-4.475331372465597424e-01
5.954194675466306652e-01
-4.197799857130095069e-01
-3.522908845993743543e-01
8.258934571546403536e-01
-3.871739978509775026e-01
-3.486974108608205114e-01
-5.196379440996151677e-01
5.967744296000049298e-01
-6.014453362486491539e-01
-2.764305605330320548e-01
-5.096581796588633972e-01
7.127158932333509389e-01
-5.408724034215699472e-01
-3.629658570175144927e-01
6.157682433866746852e-01
-5.421891466234212142e-01
-3.819131124384628206e-01
7.807607467720740768e-01
3.445363858443405425e-01
-5.517255651743135925e-01
5.460945550615042832e-01
-3.053880226489991134e-01
-2.741836123215890542e-01
8.109939837782230709e-01
5.247103865895997865e-01
8.114537722859553881e-01
-4.800574393059593437e-01
9.616530389353596942e-01
7.305114067121483146e-01
-3.588410805110101576e-01
-5.904984812853242282e-01
