6.966491098407188165e-01
9.267875596216381684e-01
9.409827017102583291e-01
9.369821768550907759e-01
1.416197428755154586e-02
8.492866431119243664e-01
5.681521666395504822e-01
7.246664549186622173e-01
8.464746965296204850e-01
9.787587448642677268e-01
9.591290977812491070e-01
7.299925516231159373e-01
9.548816128914545676e-01
8.241450361686741832e-01
7.205328209055559263e-01
8.073148276151737024e-01
9.608238828827284639e-01
9.278263764236968081e-01
8.128835258131288377e-01
5.771754612912234350e-01
6.467062056633083866e-01
8.098760755413456636e-01
6.910010470856271514e-01
9.338847359594057984e-01
9.122631393121496401e-01
8.971597373343244142e-01
5.793687805861790219e-01
9.511540882874806035e-01
9.784188667295694586e-01
7.302198463626863312e-01
2.767161434459125546e-01
9.593946482748967330e-01
-2.210016048245729003e-02
8.958305830110357970e-01
7.381707495910387884e-01
9.662920851216572071e-01
7.794279707793210221e-01
6.707966119815989003e-01
8.633482118714537190e-01
9.599176449037749581e-01
9.599909075561857685e-01
9.690641577052661049e-01
9.597501536385744103e-01
-3.935245617427243769e-01
8.454993809489357304e-01
6.467902507912095533e-01
9.585975317458061973e-01
7.179792388891077515e-01
9.269978753188200526e-01
9.545227576037413897e-01
9.247677225786692379e-01
5.671505671042331720e-01
5.761273157433409731e-01
9.631405199672017359e-01
9.765861549891827753e-01
8.761802425796731963e-01
-1.671340944215273239e-01
5.921813006592941964e-01
9.748768740107225383e-01
9.599977689553544913e-01
9.571051910362388115e-01
8.898090942236880352e-01
9.688435253457365892e-01
6.894372560655054327e-01
7.940411018494256679e-01
6.759393964883243511e-01
9.553546171853490865e-01
9.636427719267164349e-01
4.882992538978254693e-01
9.625945479157502760e-01
6.431842459669889767e-01
9.622923384152192172e-01
9.476476449521773482e-01
9.599453340128623058e-01
9.257990816294736636e-01
7.571619587115836492e-01
9.526681813589721326e-01
5.744261545314515160e-01
9.313744496574972720e-01
5.731190745391813168e-01
5.272403356220969339e-01
9.577998189761689485e-01
6.888340399957340043e-01
5.581426273756333600e-01
8.609983047015398183e-01
9.627744242847793288e-01
5.248222495858034797e-01
5.049537268396961931e-01
9.255959177658974468e-01
9.747087740614857054e-01
1.480699834658187053e-01
7.031864971998864622e-01
9.762526127055317637e-01
7.839704742687840788e-01
9.763927989560128307e-01
6.001345020133133090e-01
2.292022788734920935e-02
9.284943050064276004e-01
6.376825982828069339e-01
9.478173320235854238e-01
9.407967583055807381e-01
9.659868716235575636e-01
9.146955985887659235e-01
9.587650479646441237e-01
8.650604502326648682e-01
8.922777673343771365e-01
9.479491880871084852e-01
9.664826312867732527e-01
9.607341180178592399e-01
7.746549373631279600e-01
9.542857694653887890e-01
6.647896214087652966e-01
9.014620679904284950e-01
6.285262640525999256e-01
9.613275213015255449e-01
8.542763572842272390e-01
9.558968883754475065e-01
5.976768029210083322e-02
6.313591533385793930e-01
7.880276776010279871e-01
5.509757962370351869e-01
7.055116004447923306e-01
9.219661481987238005e-01
9.385340857477284526e-01
9.134198162356155226e-01
9.040184724130075899e-01
6.197402565834844168e-01
9.140860960278978098e-01
9.618447644025056587e-01
8.426055157010482466e-01
7.957438283046238681e-01
8.875316938171992076e-01
7.556883494356749775e-01
8.040479618443185927e-01
5.896558173529697910e-01
7.302398603082733697e-01
8.601511946868933833e-01
8.950364750004702330e-01
8.328062314836817137e-01
8.894687106496074191e-01
8.353919610094537873e-01
9.572240710200909941e-01
6.608060629913401485e-01
6.714824439170152814e-01
7.172991186109998196e-01
9.502494277385189481e-01
7.743057535951654025e-01
9.442158815003705019e-01
9.725449794616154442e-01
6.018236249854851394e-01
8.564346461148024670e-01
9.042166316542077364e-01
6.284657093871581779e-01
6.497710372805575174e-01
9.349527867443239160e-01
7.844604597217719189e-01
9.581029228418760368e-01
9.505764379932277741e-01
9.629345125447059672e-01
8.973721290475562551e-01
9.624672476993452186e-01
6.668440110234012952e-01
8.687804233786447505e-02
9.612350688946386112e-01
9.287529294325758134e-01
9.749350672007643936e-01
9.787211249743832386e-01
9.741702280558581784e-01
5.827057655757910126e-01
9.510710350009747849e-01
9.428765565377463798e-01
7.322760748967249711e-01
7.811621839536286860e-01
7.587207760191814199e-01
9.578284525453059084e-01
-4.459172934556753787e-01
-1.612517846161974910e-01
8.788083474909811343e-01
8.861968135422744197e-01
7.946523797193961736e-01
9.659052534526850753e-01
9.688248399934820121e-01
5.272447436590543823e-01
7.260702171822974726e-01
6.367400424986688900e-01
6.472384281953723617e-01
9.728192745869066460e-01
7.018878348547161750e-01
8.952290153676967233e-01
6.924952155533965481e-01
3.436940149946087208e-01
-8.132375396795636646e-02
8.098249104327983616e-01
9.368005983890755894e-01
4.930725726592134484e-01
2.550022638787913798e-01
7.410203464844649091e-01
4.911681664063018427e-01
8.086282603069649966e-01
9.174653039431763801e-01
8.166890787428393583e-01
-1.796714215701725181e-01
7.667656856630298279e-01
9.517007768603511497e-01
9.295139163638881374e-01
9.541159810509992623e-01
8.530009970630914040e-01
5.804345340992091984e-01
7.990374140956915117e-01
8.918063591864007211e-01
9.854840493857082162e-01
5.697314935906436784e-01
3.233374851558512564e-01
9.711529988725617901e-01
2.163006136883181829e-01
6.189887950128554195e-01
9.665011778218253191e-01
9.301399850272458192e-01
9.529621579557461253e-01
7.322230936975848703e-01
9.382182599868480466e-01
2.681822788250823875e-01
8.456453728683851478e-01
9.531244985720317420e-01
8.388208606228252373e-01
9.497044393141313989e-01
1.508613182407583797e-01
9.569922143768809786e-01
9.883816376807933457e-01
5.556577356726355443e-01
7.976660437565050721e-01
6.014211541472482825e-01
7.925330694286791822e-01
9.466710358693150029e-01
4.940415130079987005e-01
7.274467245350018096e-01
9.012567866611993495e-01
9.805514789267085751e-01
5.206610441049024374e-01
-3.166143973392062660e-01
2.222242405304483692e-02
9.723063867127628157e-01
9.623460266532031238e-01
7.301725347659433485e-01
9.721187313577235312e-01
6.037321798963386499e-01
5.294251218663917902e-01
3.959830498819487676e-01
9.718270119451529743e-01
-8.662249265583657487e-02
9.343282851087852947e-01
9.654141659965835842e-01
9.737434417902921524e-01
9.453996433094340457e-01
9.214455897966754572e-01
9.291377953644333054e-01
9.528287170105647075e-01
8.623765746922591457e-01
9.244730054349956649e-01
9.704410441499906614e-01
9.791546709930503134e-01
5.936849128477881266e-01
9.482714771894291683e-01
9.394666930478884348e-01
9.132406734571544282e-01
9.505784398268009028e-01
3.664455536955519843e-01
4.717429480726638147e-01
9.754758879266395288e-01
8.163697815300061666e-01
9.860651986978461458e-01
5.152469395265946162e-01
2.048995618140849184e-01
7.904803851243079604e-01
9.580162248228730748e-01
9.453167913091226060e-01
7.061166828524441108e-01
8.905221496313884266e-01
6.018851088032672880e-01
9.545639407993389280e-01
9.594192172975781752e-01
9.777755713629885381e-01
9.407362600224540294e-01
5.337231356325611298e-01
8.919158200248136215e-01
5.668573581162584807e-01
9.853345808955307206e-01
-1.461373929418285644e-01
9.132091283083993982e-01
5.196128441900362827e-01
9.373842346965466366e-01
8.030301601542468859e-01
7.419744367554721443e-01
6.877374976304349019e-01
9.737273826212424765e-01
9.779637289523481769e-01
9.689066839881586013e-01
8.161757165299198258e-01
5.260283144005462042e-01
8.940056754335377054e-01
