6.824070713881407180e-01
9.658899606064409449e-01
9.701945575252027831e-01
9.572032974703093000e-01
8.274598501009893248e-01
3.129106720120803931e-01
3.072261151557539871e-01
2.802383001958310693e-01
9.349665144843992692e-01
8.155390498816237344e-01
9.694654849330115454e-01
5.888845381794618472e-01
9.755793639964680519e-01
8.621740038670474560e-01
3.450177919125249071e-01
6.418301805090365075e-01
9.791236964697628276e-01
9.653731791149644526e-01
7.759390829751651175e-01
3.163983576283135868e-01
3.780779018895346066e-01
6.367609942890450903e-01
-4.814107174680433143e-01
9.612513887750836483e-01
9.555826396776903042e-01
8.354510370960033239e-01
2.899953378530891746e-01
9.748659482714525648e-01
8.347305811188105995e-01
-3.075173784177949177e-01
7.849700120228536582e-01
9.681111488250470076e-01
6.952722152381479725e-01
7.188099315991730576e-01
-4.189153157302241137e-01
8.326436361217146587e-01
8.435247872668496516e-01
-6.952116324290812110e-02
-1.195155873796758389e-01
9.731357069897461631e-01
9.704454893218841249e-01
9.649990252763374077e-01
5.597386800593284750e-01
8.328237504116401402e-01
6.645334363718439219e-01
8.358315998578054185e-01
9.804188297943612351e-01
2.704238349367726890e-01
8.612033427273574349e-01
7.613028081014412418e-01
9.740312653105277496e-01
2.552552039832181041e-01
8.519168922236173280e-01
9.727299726407463432e-01
7.612855156860304229e-01
9.660520684617440734e-01
6.361122512433199372e-01
7.494869554849370452e-01
7.098825749257028361e-01
9.676889074235960342e-01
9.594808774738379231e-01
5.396555457313011450e-01
8.562415351188612522e-01
-3.303628543024639819e-01
2.121360689465698057e-01
-3.555534785398829500e-01
9.780374808515297502e-01
9.698940025282265509e-01
6.648161270056855976e-01
7.546988388024273853e-01
7.450037432613090260e-01
9.551144557354731557e-01
9.348038904400794991e-01
9.789356210726121166e-01
5.381963746168249019e-01
7.532060017146782194e-01
7.855706573376840529e-01
3.030574257054421405e-01
4.181898002569625072e-01
8.897694609418493883e-01
3.910202440916175637e-01
9.720580341170772520e-01
-4.732427973742673460e-02
8.466887459791825332e-01
5.995328114982687584e-01
9.697429072214360790e-01
-8.038218199207960990e-02
8.460460648734350331e-01
5.820093091171877342e-01
8.459802932022630895e-01
9.615909750567614989e-01
-1.203897743275799126e-01
7.101967065187529959e-01
9.173435862359202719e-02
7.724079243126698024e-01
6.199583468453873092e-01
6.683087300602428282e-01
9.762488902851788053e-01
3.441181365813302806e-01
5.794661483986425221e-01
9.458608036900818528e-01
9.583156269881625278e-01
8.478383877968354021e-01
9.690855714108348451e-01
8.617695326553325152e-01
8.470036401409646309e-01
8.367157412760656277e-01
9.648858513167971607e-01
9.641782213186969042e-01
6.320690646489129927e-01
9.689732826352275286e-01
7.347006891308075494e-01
8.644777822813187740e-01
3.835960883357424356e-01
9.717057716382938581e-01
-4.940661989354865335e-01
8.619109760491678873e-01
6.096323111348672663e-01
-3.637882154349378339e-02
7.098540381661999632e-01
-3.957384022994633321e-01
7.314203181415697141e-01
9.823907212853081328e-01
9.673976556684471539e-01
9.663080346573005297e-01
-3.078414139454443421e-01
-3.242668249252839141e-01
9.671931645448300641e-01
9.391255895626231531e-01
9.687888923056158230e-01
8.747030851240478189e-01
7.277167195554330448e-01
3.386271128559955601e-01
8.046846078115557077e-01
8.270186705613460365e-01
7.812912925019318555e-01
9.602163543053037209e-01
8.220856155885545302e-01
6.561511898182482705e-01
8.949160066948160797e-01
2.669160830348543123e-01
8.090780969034574444e-01
-4.595476048826189208e-01
8.910926610796923164e-01
8.367266518714777668e-01
8.157796888306810823e-01
6.956489323212922127e-01
9.561576403056283313e-01
8.353167651093357238e-01
-1.354491242384052441e-01
-5.141168460793824058e-02
9.589719800671242522e-01
9.723214411433380722e-01
2.121625816431277345e-01
8.289252499936027307e-01
7.169711640992678658e-01
6.112409636908886501e-01
9.669900436514373698e-01
7.025421954170294470e-01
9.775643118599695036e-01
9.563262638173546382e-01
-1.055479119577878017e-01
2.848247189754750108e-01
9.781145346942019536e-01
9.753758083698382819e-01
9.762872644064434224e-01
7.203745861382655491e-01
9.061836106957059656e-01
9.628923241202966832e-01
9.708996799875651007e-01
-3.013279403219211172e-01
-4.509385571942605697e-01
2.062968943253560283e-01
6.428465505188734053e-01
8.887990402933783063e-01
6.949244389769870800e-01
-3.499326018986562703e-01
9.690257215419844083e-01
8.322228134800229160e-01
6.781605425102366080e-01
9.040121210013072339e-01
8.507738321947371229e-01
6.452238292420906518e-01
-1.502603541160636713e-02
3.157774336473587740e-01
8.058098756333463841e-01
7.827000571923283800e-01
7.249873162995997822e-01
9.142767621788832066e-01
8.130795932531140746e-01
2.395814206833128679e-02
9.649161385301656679e-01
8.789869254068708448e-01
9.197427132025550733e-01
5.666655629964658658e-01
8.732774554597977357e-01
-4.789471815686949796e-01
-1.329316099176159061e-01
6.870555800522016865e-01
9.669918192598728757e-01
-5.075031829253586757e-01
-4.860594299368972138e-01
8.772343310014378837e-01
9.806461091096783100e-01
9.682780726894424372e-01
8.765717046493204379e-01
8.735429260827876075e-01
6.354367777726259714e-01
7.746257934638973719e-01
9.718916243870430183e-01
9.798333524002835748e-01
2.390793056691168372e-01
7.722436920478292777e-01
9.691486073528197132e-01
-5.567782812070070086e-01
-8.331703128809730963e-02
9.726490473348377019e-01
9.685427496090547317e-01
-5.846010328449951360e-02
8.776443281218034853e-01
9.752107507912196604e-01
7.904075399786090195e-01
8.661965410690594114e-01
9.731528970405759482e-01
9.226120466394022168e-01
9.577775334831022391e-01
6.785344057937672257e-01
7.568558214053591193e-01
7.623629405820255833e-01
3.389371622945899221e-01
4.417430589495105475e-01
-1.574054331195300915e-01
8.620154695596619066e-01
9.676125321519069011e-01
2.499747404983684862e-01
6.628738271656364756e-01
8.738071575717889505e-01
6.804718856246627645e-01
1.263335449595155702e-02
8.379679678309284174e-01
6.612833901713039975e-01
-4.874536657709642729e-01
9.692612932465192177e-01
6.555241318725424371e-01
7.968818198563617505e-01
2.579048544695479173e-01
8.362844834008504868e-01
6.843788067824008170e-01
6.362494638413158654e-01
6.776556683090468880e-01
9.768864947036351998e-01
9.696518996902345755e-01
9.757260600683616003e-01
9.666414531339788674e-01
8.819262494435033961e-01
9.700394013266593340e-01
9.657320778480775747e-01
8.283508447095897509e-01
9.696688008947791371e-01
7.241321792454360473e-01
6.872388841686281058e-01
9.057481491484475900e-01
9.753392909324924975e-01
9.763056190160569470e-01
9.372891174327063757e-01
9.640106175466031102e-01
6.882596320992906413e-01
8.235929640963246534e-01
7.774197057529090849e-01
6.149167758592419819e-01
8.752583593262526218e-01
2.790493423929537586e-01
6.458360434483374490e-01
8.491876355354217587e-01
9.679962043763712387e-01
9.840385243362553824e-01
-5.652735067733626328e-01
8.804193142763212521e-01
8.280639786511022615e-01
9.426851145981131053e-01
6.082894459001315646e-01
8.714410252688225000e-01
9.784234270902515407e-01
7.045663674350663985e-01
9.760094400892519451e-01
7.092608114063614355e-01
7.255935427179968089e-01
7.326439612271229418e-01
9.674721124943908013e-01
-4.696994968375253210e-01
9.614626410231708054e-01
7.737332856759012722e-01
-3.922346944286757564e-01
-5.652735067733626328e-01
6.626838680184496955e-01
9.719182260952662356e-01
8.409836417914513529e-01
5.978166486034754978e-01
1.973761971159243567e-01
9.731738599021702019e-01
