1.880784734266950642e-01
4.987427562664903946e-01
4.087512877543124090e-01
4.807608015972960058e-01
4.814681213147017913e-01
-8.648407184764525524e-02
-1.288478136826269327e-01
4.965622132471539940e-01
5.087787237336302004e-01
4.348605643922050512e-01
4.303363821454043170e-01
3.576202432281567201e-01
5.562294850639446508e-01
4.808251638007600692e-01
4.721931460723998164e-01
2.454773908076106625e-01
2.680245531105714396e-01
7.277431970536951678e-02
5.373930959480111014e-01
5.483402109089294818e-01
3.498566697318078456e-01
3.621464430271342239e-01
1.474864292871655713e-01
4.998449507855317608e-01
1.339431147374051667e-01
5.275254012581348517e-01
2.432926647782430452e-01
1.169019165537260457e-01
4.889287875512943193e-01
-1.830979224136654038e-01
4.407940518920219208e-01
-2.348235162888913652e-01
4.967384470528312113e-01
6.119627589057424766e-01
3.194591993476336711e-01
4.495457009634519774e-01
6.998824649168128298e-02
9.106197821304151674e-02
5.099197888951396695e-01
4.357614797678417418e-01
1.332221792281530759e-02
4.592489318156629530e-01
2.829921681882356377e-01
4.737566700106569106e-01
4.747355017443400937e-01
3.102726426248549885e-01
3.441161283798852000e-01
1.189182679130204867e-01
4.549953872294385526e-01
2.375392673059633086e-01
2.968865840150344271e-01
4.689378770209292613e-01
5.368722282752080854e-01
2.827936160946328270e-01
-1.863406645320263288e-02
4.179647665654749877e-01
2.570628779234050976e-01
4.987361111325203100e-01
4.811917491940111979e-01
3.268350026933641295e-01
1.964589069932450305e-01
6.226856381610842983e-02
1.994627708425516510e-01
4.220019958810133365e-01
3.687916762658626224e-01
4.494587977385362532e-01
2.178971133613958888e-01
4.907986332607138236e-01
5.484931983836550673e-01
5.620726301470092556e-01
3.316344875938940229e-01
2.472399045442503773e-01
-1.119229088689059348e-01
4.081113376730119424e-01
3.949335295453170191e-01
5.425155809736823542e-01
3.578829186702277010e-01
-9.917431958809910797e-02
5.235614689956138434e-01
2.055634858644069807e-01
2.819259672260179816e-01
5.587640127114518185e-01
5.188743327778007064e-01
5.203479799551433138e-02
2.063322419077023573e-01
4.605187925517193470e-01
5.569142328307368217e-01
4.557490040122398334e-01
5.296082895396138079e-01
3.892996364680418875e-01
5.440762749133298826e-01
2.530308253683613007e-01
-3.870849260650217893e-02
5.285909826340946527e-01
3.779064961479054463e-01
9.845318390989085677e-02
4.114477652305598143e-01
5.649121294464942711e-02
4.916283228048128895e-01
4.291801442334907679e-01
1.324451864238961607e-01
3.171257749657483416e-01
3.013810845917320735e-01
4.120998870463332131e-01
4.845761669045287046e-01
4.771010204820257949e-01
7.002678252376111356e-02
2.837100214141786703e-01
1.908220233459922144e-01
3.862827304314926380e-01
3.962566950187073611e-01
4.567290139094844492e-01
4.448344928513501273e-01
2.063604917705813557e-01
4.986024352038361807e-01
4.130062808700528665e-01
4.377684926602242177e-01
4.872283927072336152e-01
5.380503519468222695e-01
5.736623689438471452e-01
4.039386116601924037e-01
2.047203324058801677e-01
1.998467522220913617e-01
5.333068014141042479e-01
5.695554067486847671e-01
5.276872761482511720e-01
5.557675516981872565e-01
-7.242835564305510898e-02
5.555559951479573932e-01
2.911802773653697218e-01
3.552810281061281050e-01
1.954198385539019367e-01
5.371208513982053123e-01
3.805104449399198674e-01
3.089672431222130755e-01
3.625937040602834616e-01
1.637829007330902642e-01
1.442261884442846975e-02
-8.577394157295845090e-03
1.278069492506864746e-01
5.148885010068162682e-01
2.997627777819735773e-01
-2.380181835372393029e-01
2.745484709676632162e-01
4.702542523912480732e-01
5.350101637713622349e-01
1.038869686367215606e-01
3.275591617199870020e-01
3.998900454074232336e-01
4.841515629881186222e-01
3.791259921652125886e-01
3.412904955238637017e-01
4.708447967012162616e-01
6.757289671505502249e-02
4.695154679533395936e-01
4.419862084785420864e-01
4.527263076842651390e-01
4.904393402376834299e-01
4.920565712139661763e-01
1.475240729851948207e-02
3.781206908096405028e-01
1.663129574384209497e-01
5.834022072915501234e-01
2.596996218240048004e-01
3.694468893997739367e-01
4.414256467872024747e-01
5.679544601387669367e-01
5.892372516457168308e-01
5.205076879548822255e-01
5.130607891111611529e-01
4.420946124405388256e-01
-1.242464102476942556e-01
5.100434245756499951e-01
3.963915648618993592e-01
6.166054550351268704e-01
4.711903238487908374e-01
2.270249532639960488e-01
3.323181635784414611e-01
4.201842735429214826e-01
4.303046085171866597e-01
2.104656705395777927e-01
1.162303651333848054e-01
1.630231275333388630e-01
-2.406611953623463418e-01
-1.621115620243990807e-01
2.739133912944497484e-01
6.092438165502096492e-01
5.523369496984577021e-01
4.234377858604463918e-01
-1.760451149186126329e-01
3.764181116745594635e-01
-2.026337755335429203e-01
5.314980765641864613e-01
3.878280276381732561e-01
3.954696003412385141e-01
1.431523503653255869e-01
5.306506777126643870e-01
-6.949564575511894826e-02
3.327900161679460678e-01
5.066789991327036446e-01
3.500600335254035883e-02
-4.471464317057081972e-02
2.323881972806531304e-01
3.747125123482641929e-01
4.896935788036170800e-01
4.240312617709839360e-01
-5.923227717494636280e-02
2.668190163988613528e-01
9.476859586468910912e-02
-4.582033211282690588e-02
5.286123365522470419e-01
4.681830399635497075e-01
4.844372191889345647e-01
1.550211420322691325e-01
4.789868902694431330e-01
4.372385526278655954e-01
4.123429020620191232e-01
-1.720413359908538053e-01
3.662257639872619763e-01
4.530321701058793726e-01
5.323148900019638585e-01
2.031651976015516059e-01
3.204849303561165264e-01
6.911856708126254412e-02
3.099854899614229442e-01
4.727977085797369083e-01
3.463798668794769720e-01
2.396836578649495231e-01
2.732966121112916091e-02
5.019553572593060675e-01
1.853957410962687180e-01
4.848621369574008799e-01
2.480474098571962271e-02
4.835525577787094242e-01
5.554886115265667695e-02
2.173531159099422738e-01
5.954161375296408432e-01
3.684850261802665172e-01
4.149729219659965551e-01
5.444325844351808330e-01
4.155531575548456202e-01
1.196879894115734227e-01
5.465915542783237324e-01
4.633472702750431327e-01
4.926345928868461344e-01
2.378319000674801453e-01
3.970284627609930311e-02
5.257321782316508596e-01
7.990534308610229564e-02
5.114937184674989146e-01
-4.387880116484858817e-02
3.939382328517330722e-01
4.576695907309202838e-01
4.562336181855125017e-01
3.443483168943496375e-01
1.546919577654347067e-01
-1.723476529599757279e-01
2.628695593796932517e-01
4.201246271755512685e-01
2.516796869605815168e-01
3.418356209280519753e-01
4.811658205457182147e-01
-1.002743637760862144e-01
3.149712979911922783e-01
3.876287917047122056e-01
1.062498344541615153e-01
6.758842189934510802e-02
6.878115715195615154e-02
6.719599805896928069e-02
2.404632734955017281e-01
3.691712123496238007e-01
1.142351270395483565e-01
-1.907223784646882303e-01
2.708674282033738390e-01
6.211342493869607129e-01
2.955136081473433984e-01
4.607536406019488995e-01
4.968367824552927803e-01
2.988440231445289030e-01
-1.609116660935994148e-02
1.693106903332801949e-01
5.154081905458300916e-01
5.025290086968665637e-01
4.641707869996878899e-01
4.979301966786585654e-01
4.135459720727779898e-01
-1.204608373825334366e-01
-7.609497354807001623e-02
3.622196312781810201e-01
2.446714528335462435e-01
6.801897954091179477e-02
5.021934334880722162e-01
-2.274964711875764878e-01
1.212590571411659157e-02
3.908737509014789668e-01
3.840121957175525735e-01
5.520936809751418872e-01
2.271891342855050788e-01
3.845145122590963582e-02
2.869521570994765791e-01
