-4.890266683610198228e-01
-5.864782158633035092e-01
-5.411618919626894897e-01
-4.955630327172708127e-01
-4.794238778370082388e-01
-4.701604796182067281e-01
-5.480005543571682125e-01
-5.505084347622494212e-01
-5.356455581130887822e-01
-2.300728814581846915e-01
-5.552817017544542377e-01
-5.370095495363416127e-01
-4.330549786336268525e-01
-5.280004318507414141e-01
-4.330496791768813636e-01
-2.642274709870938709e-01
-5.332988132077159937e-01
-5.451927631049204859e-01
-5.357665162860829611e-01
-5.482677576206811398e-01
-1.359228364366125708e-01
-4.508812730056512841e-01
-3.124809657987992484e-01
-4.690749094923269968e-01
-1.852294720567011499e-01
-5.609395151858174167e-01
-5.667562904933807211e-01
-5.226857713483505918e-01
-5.456357721155720153e-01
-5.773056273280291473e-01
-5.615762947759059820e-01
-4.410548855559847103e-01
-3.568515261694803486e-01
-2.786061245925964824e-01
-5.529291066702435309e-01
-5.411448259366384850e-01
-5.569185926051666291e-01
-1.827170497515963055e-01
-5.511413810551741843e-01
-5.728174056666373026e-01
-5.671066679363657714e-01
-3.990073783185550393e-01
-3.879850415775566441e-01
-5.147755717623913041e-01
-5.086442661349686034e-01
-1.682384887349860081e-01
-4.121599995538728911e-01
-5.802210122046334018e-01
-4.449375049870950560e-01
-5.956863334320475767e-01
-4.858454189832009384e-01
-3.525960080881926917e-01
-5.552496452597830423e-01
-5.660142080482651883e-01
-5.202459572789318587e-01
-1.736255260534637357e-01
-5.609345539361665356e-01
-1.770812277928002776e-01
-3.027624773800977054e-01
-5.794519330609151364e-01
-5.364778233778257910e-01
-2.161382708293235200e-01
-4.151611142765274653e-01
-4.290402370467354398e-01
-5.262593298277030707e-01
-5.766576399754328452e-01
-5.623547024589177212e-01
-5.559765755543355503e-01
-4.817251053589340914e-01
-4.977445272649608232e-01
-1.131187232145620114e-01
-5.799221966648238080e-01
-2.875248169702668277e-01
-5.699831912753775542e-01
-4.906996736643934320e-01
-5.530490434680311873e-01
-4.618438854826980022e-01
-9.885444601683066046e-02
-5.209797943788339047e-01
-4.257549065015767131e-01
-1.444594059280365494e-01
-1.986009175425038076e-01
-5.327322901972735281e-01
-4.906186490515700438e-01
-5.509184285560815297e-01
-4.512392093484760558e-01
-1.363760160573461166e-01
-5.906997684073267418e-01
-5.357321941234416407e-01
-5.202999020770550098e-01
-2.912410739014593686e-01
-2.512302697089416892e-01
-4.805541066307671416e-01
-4.992005539765383970e-01
-5.531600477345348654e-01
-5.470018937624746558e-01
-5.209877730186104339e-01
-5.725516880296135369e-01
-5.706609140789045131e-01
-4.525955590043553300e-01
-5.184484609884063566e-01
-5.791052397719029798e-01
-4.801563431433180651e-01
-5.678139711442764526e-01
-5.781803924795090310e-01
-3.067401101148272136e-01
-4.161705324738758649e-01
-5.652864605749861049e-01
-5.126381580048264830e-01
-5.214368783502726368e-01
-4.109161588789089770e-01
-2.933300381189514194e-01
-4.178728446557088416e-01
-5.085426462355686628e-01
-4.508622427777363439e-01
-1.985439371722430568e-01
-3.769014202989923734e-01
-5.004125034819432161e-01
-5.403191906556665813e-01
-4.171519275088151346e-01
-4.695601826457566075e-01
-5.394471785336324432e-01
-2.934695342477296465e-01
-5.269185254694018772e-01
-4.322745443150229905e-01
-2.569798069186166045e-01
-5.560687939312215500e-01
-2.504276104988700791e-01
-5.524065702691896007e-01
-5.718238941915108065e-01
-5.764964513532425672e-01
-5.702871413291661362e-01
-3.297689868010306169e-01
-5.774295946220009412e-01
-5.621643964329647858e-01
-4.638119573218459912e-01
-5.712356768761536197e-01
-3.455055086967210309e-01
-2.407126380764589291e-01
-5.405364208207252830e-01
-4.040372792662118018e-01
-2.163668687143937008e-01
-1.106495896616716684e-01
-4.986886915039708823e-01
-4.762458021603307445e-01
-4.842452523450753166e-01
-2.085953494404689801e-01
-5.626437274182409798e-01
-5.025953931885071002e-01
-2.123366683132363597e-01
-5.359136897555651924e-01
-5.389812801313458301e-01
-5.783532661579329215e-01
-4.233874180454458847e-01
-1.929485886243580417e-01
-3.487061976058719592e-01
-4.783417371400240370e-01
-5.847454081114644708e-01
-4.206659003982531897e-01
-3.884970671977443502e-01
-4.983632301292764133e-01
-4.222391362703918904e-01
-5.560362984306059797e-01
-5.525524936664625297e-01
-3.079328467102283584e-01
-5.074475925649832853e-01
-2.154732638029714931e-01
-5.604070574112737235e-01
-4.885225124472980518e-01
-5.758172860164844087e-01
-5.771624866842159918e-01
-5.248676807124279531e-01
-5.129379925368698911e-01
-5.658329418582912496e-01
-4.838118251567425920e-01
-2.409830822663702188e-01
-4.012512657244795555e-01
-2.014892523085036746e-01
-5.056122655610271188e-01
-5.475798091473468299e-01
-5.519885598056590847e-01
-5.378847926705747629e-01
-1.211605856938920006e-01
-2.260854446210996405e-01
-5.858731172867419623e-01
-4.284200426649618088e-01
-4.862190125395553508e-01
-5.448847124623527050e-01
-4.266803902988765551e-01
-5.584781708475874407e-01
-2.932852891528267003e-01
-5.349265828599751860e-01
-5.564104479502054446e-01
-5.798816312697231412e-01
-5.489642388447849575e-01
-2.162573599330733787e-01
-4.219642596791367550e-01
-4.113044541801270659e-01
-4.187831017917832965e-01
-1.999508678038142140e-01
-5.367395998642180421e-01
-2.062132297208585374e-01
-5.578301558465479371e-01
-5.401197075614518894e-01
-3.681889538726996758e-01
-5.889958005772193417e-01
-4.041096346554419738e-01
-5.399734560526728844e-01
-4.130801250766449328e-01
-2.428175613884010486e-01
-2.758706366383695263e-01
-4.962336751311324234e-01
-5.977495626026100295e-01
-4.083422901736513122e-01
-5.796157716395199389e-01
-5.437157684049218620e-01
-6.065506709801318230e-01
-5.257417352979941727e-01
-5.876289794833029489e-01
-3.454276920459961042e-01
-5.470430608760636915e-01
-1.767676142235221903e-01
-5.830193193018203823e-01
-5.627362563341073987e-01
-5.539768926980530583e-01
-5.158446463958120676e-01
-4.188254155534066880e-01
-5.928974539772162711e-01
-3.866409294548912023e-01
-2.653906845021075656e-01
-5.596025833366277125e-01
-3.774300938490183777e-01
-5.681050882826786941e-01
-5.429226661023560663e-01
-5.300780695825746403e-01
-5.549730525183859120e-01
-5.698498134492846479e-01
-2.694717762448969878e-01
-5.393653738408917819e-01
-5.246106337481609705e-01
-2.932771128867340260e-01
-1.163943518435543306e-01
-5.512810213367526080e-01
-5.469921782014499634e-01
-5.034433956884345474e-01
-6.067485905920091405e-01
-5.538762930638232440e-01
-4.585699160161995636e-01
-5.148284441914910969e-01
-5.567515355195582494e-01
-5.652627415203621553e-01
-5.644772724667115327e-01
-4.548302894736704349e-01
-5.507573106936407559e-01
-5.582115213843001911e-01
-4.494333938497074299e-01
-5.227184012333371266e-01
-3.491389187043275610e-01
-5.003593108743824569e-01
-4.456064792160262522e-01
-5.606302597637708995e-01
-5.842248795994872124e-01
-2.587455169031371849e-01
-5.005324444749311708e-01
-5.524860548436858476e-01
-4.680776205676175916e-01
-5.504895150232174128e-01
-5.657658682438155839e-01
-5.448214892798545206e-01
-5.533668050146703932e-01
-5.910149094371199840e-01
-4.608146318223714788e-01
-4.142193350590742118e-01
-4.671710924169146795e-01
-1.453687664267344637e-01
-5.669407372027580605e-01
-4.785269481923370982e-01
-5.823384306687403589e-01
-5.387091983706517873e-01
-3.008270715725128164e-01
-4.722244108774406035e-01
-5.677557217266148148e-01
-4.084340544842524068e-01
-4.326185049847694475e-01
-5.711144015559589393e-01
-3.238492974986348916e-01
-3.968074551128627503e-01
-4.572923653747790196e-01
-2.603796606828922555e-01
-4.012569476529846968e-01
-2.083889630239748603e-01
-5.377367522655236431e-01
-5.293483320219181110e-01
-3.616822635681323783e-01
-2.106577015671385333e-01
-3.827660460712880575e-01
-1.804665030900927947e-01
-3.847125165576092964e-01
-3.673801733975186057e-01
-5.129632834914888972e-01
