-2.700673367189246887e-01
-1.069229868544708667e-01
3.064842651550103159e-01
-9.677700097004869606e-02
-1.326603572895778405e-01
-3.243062564930165870e-01
-2.409763407764959064e-01
-7.442806609221457037e-02
-1.093834666222417012e-01
-5.845350794129937355e-02
1.157226241027599911e-01
1.186944599542247847e-01
-7.520443975029564299e-02
-1.388895705238468552e-02
-9.025699797391317780e-02
2.508715023898996921e-02
3.190770359318065991e-02
-1.465873492064607708e-01
-8.954726775473888234e-02
3.243517452861802708e-01
-1.717929544177969337e-01
-2.428242527008657170e-01
-2.762250684128259581e-01
2.151015074955739959e-01
-2.124368213113998066e-02
-1.544226172263682972e-01
-2.940574437230485394e-01
5.990190622451714575e-02
-1.512694315554758417e-01
-2.142308229857039503e-01
-4.379313488230697771e-01
7.075921851510539803e-03
-2.621629721036755623e-01
2.067771338060008790e-01
-7.281590273580343387e-02
-8.010911831676834072e-02
-2.983275468580552370e-01
-1.824415062942710553e-01
-1.457959535657816531e-02
-2.822481045653230103e-01
1.531527473891342722e-02
-6.128580654824898610e-02
-2.942439077754708254e-01
-5.829402859700724693e-03
-2.255857180715082344e-01
-1.694829717135752922e-01
-2.084747237632489925e-01
-3.531465526591424653e-01
8.404675309525194704e-02
-1.538308945631188807e-01
1.094562992803437274e-01
3.003010377616800453e-01
2.462030027043644875e-02
-1.665549667525181021e-01
-4.015592855046799109e-03
-2.063019057672165202e-01
-3.733658401115058645e-01
1.562812993008670104e-01
-3.355708888006943558e-01
1.795105543672474713e-02
2.800626252508285341e-01
-1.467926377429720763e-01
8.156383076951850830e-02
-7.093475826357463487e-02
-1.170710074204841036e-02
2.265324313467188266e-01
1.283973426450521482e-01
2.277870483065780882e-01
-2.719322536321450712e-01
-2.581074727307997585e-01
9.537426149692695976e-02
-1.160294208698554735e-01
1.306159435464082641e-04
-6.344719088952686936e-02
-2.199641519108368748e-01
-1.865061794113520299e-01
-1.913507661334879484e-01
3.738637576816031816e-01
-3.364403933701005933e-02
-3.642853320102094061e-01
-1.908125243610402921e-01
2.018778468180459085e-01
1.661538485149467170e-01
2.190790712756142400e-01
2.778061371367184229e-01
1.638517011334514328e-01
2.014214038484270775e-01
2.008319914430939379e-01
-2.131867873936345303e-01
-6.278140532085606240e-02
-1.217698996691592844e-01
-3.374285371855359483e-02
1.878353821721510108e-01
-2.895015992281143591e-01
-3.068909381529417169e-01
-2.098082649976817926e-01
1.935787909103952320e-01
-2.071669750505580054e-01
1.386971766386042026e-01
2.223922775564806109e-01
-3.045198980877537043e-01
-9.236791255615173224e-02
-1.732310703812632857e-01
-1.976564297656187297e-02
8.192375340340685153e-02
7.819669180606504677e-02
1.015468985456697837e-01
1.705389407639378019e-01
1.376511067602223352e-02
-2.027101200436478429e-02
-1.908612827573810330e-02
-6.303028623833129007e-02
-8.246175840096892085e-02
-2.927604994176787739e-02
9.509882994564003433e-02
2.279350692863577055e-01
3.149815505014607053e-01
-4.291239666679953074e-02
-2.556018870188553893e-01
5.790996314959973024e-02
2.048368290646727652e-01
2.334384374786662719e-01
3.158033801134118579e-01
1.639081885222467561e-01
3.405631054927672069e-02
1.117655348857329589e-01
2.461297287026113084e-02
-3.972636279352260158e-01
-2.653552139673517329e-01
-7.168990966368739282e-02
-3.094091393576793858e-01
-9.663833269246398239e-02
1.670238503728211088e-01
-3.005370975889569696e-01
-1.793585918033411553e-01
1.137929983960343228e-01
-2.059058411598400362e-01
-6.442573335064930018e-02
3.202975833805831729e-01
-3.449010849045936605e-02
-3.077789029643039909e-01
-1.190701581620119270e-01
2.395918289800186285e-02
-2.286814139516429867e-01
1.055198883927293413e-01
2.305857327726921341e-02
8.749973833645134647e-02
1.762640317783810695e-01
-1.443710098743696268e-01
-3.453433422206504677e-02
3.623480578920673656e-02
6.361819541461559424e-02
9.102041036408661800e-02
-2.050348096774890494e-01
1.364738129551744117e-01
-5.251994419874212588e-02
-3.011988593597548780e-01
2.523285991752570179e-01
-1.694139701053371527e-01
-8.092194320999993029e-02
-1.421126861239858062e-03
1.052191975008585634e-01
-1.202533113647333146e-01
-1.776988495088257791e-01
1.254333649628188718e-01
1.511414575438742025e-01
-1.760356118128214575e-01
3.347616155724677384e-02
1.558870814816365469e-01
-2.515549958580217127e-01
-2.753786808971318001e-01
-2.883133144446186069e-01
2.363472329859561336e-02
-9.510471586563727653e-02
-9.175630279191854255e-02
-3.047259139157255103e-01
-8.036425242616426767e-02
-2.459477727487028101e-02
-4.732456253882315333e-02
-2.238322371755868123e-01
-2.449033824088037714e-01
-2.351983705861848961e-01
-1.324669799503444267e-01
3.081578398007734365e-01
-2.780283749272501881e-01
1.749546811102946076e-01
1.992918903178470674e-02
-1.739789209855370500e-01
2.915439576148120548e-01
-1.095523815257839345e-01
2.091047759810443774e-01
7.599713165708041340e-02
-8.789014078123942586e-02
2.595456434143750823e-01
2.602331824185017198e-02
-9.392158304876757624e-02
-3.027280530462611030e-01
1.565957077991066149e-01
-3.004128756933628352e-01
1.269505383996429038e-01
2.884539892814876882e-01
-3.783019231892916778e-01
-2.305768387056662816e-01
-1.225289637367073525e-01
-4.543004294435884494e-02
-1.203310404190328364e-01
6.685517815070152192e-02
1.315418061260446025e-01
-6.106225787228961033e-02
-1.372880123057219071e-01
1.393725137488243011e-02
1.696902699316153382e-02
-8.833203252684596052e-02
8.060856451828393721e-02
1.821041339697569705e-01
-3.006923098298808772e-01
2.231910308895520834e-01
-1.451953580845000980e-01
-2.032017471774273387e-01
-1.572676631438075512e-01
1.229365774071260881e-01
-1.068112890712550889e-01
4.484356897199665362e-03
3.390394781317142558e-01
-2.065095066705426585e-01
2.569485256577672683e-01
-5.589854241611106472e-02
-1.748120551611391238e-01
2.605388815162846747e-02
-1.901309670057786394e-01
6.407987632844495962e-02
1.596792690931184422e-01
2.559009952421283929e-01
6.352678816463097622e-02
1.826209712319877276e-01
-1.710361061087668430e-02
-2.375819592632706090e-01
7.544140565987957070e-02
2.867647740712306881e-01
8.725963329690529513e-02
3.015996794594532071e-01
3.804861216189560358e-02
-3.909968697129493909e-01
2.777167036546553947e-01
-2.996597854933736316e-01
-3.097226934036010348e-01
2.208121924827716465e-01
2.106214101141710149e-01
-4.103253081609830460e-02
-2.433156057228215430e-02
-7.799039002512153651e-02
-2.316990001220770035e-01
1.802887356750988435e-01
1.430144013959245564e-01
-1.346236961876580152e-01
-2.651719717629845707e-01
-3.105504296093954952e-01
-3.482110844884966222e-02
1.903163905107007337e-01
1.118222447002594488e-01
-1.659780002434478874e-01
2.624148189455467461e-01
1.573371744005264972e-01
-2.711913657988535564e-01
5.161176133318651216e-01
-2.994043108580032309e-01
2.965849594761237329e-01
-3.412004415679053548e-01
-9.543303196558350354e-02
-1.254678949586709169e-01
4.130666154892410208e-02
5.957799504611076269e-02
-2.997291229789091349e-01
1.124664501098771863e-01
1.253469097918807063e-01
-3.981598734326372013e-02
-1.068221455473580134e-01
-2.838489937743454150e-01
-1.668304986325615247e-01
2.037464388569592555e-01
1.502097278579838865e-02
2.090212373166638049e-01
2.457823281505922552e-01
2.680486428755476935e-02
-1.729668373484989086e-01
-7.023333003451513734e-02
-2.038247636897766168e-01
-8.262448210282070937e-02
-8.676662368409628068e-02
2.466505739321861457e-01
2.009293645320054666e-01
1.736085744595222691e-01
-3.056642907040059698e-01
2.791046206731014889e-01
-3.407371560580224612e-01
-2.511407910331742155e-01
2.912681750979883022e-01
9.100605584849716725e-03
4.910874568913114330e-02
1.748941943905928942e-01
