-2.213597001726552160e-01
-7.452410406765988538e-02
8.441230454383391590e-01
8.433289949443871780e-01
8.398872220058286597e-01
8.143131952052423683e-01
-9.104568177629469850e-02
8.146344930166524723e-01
7.942717258448597217e-01
-1.091178208083652124e-01
8.254048966161081635e-01
7.953549903114450759e-01
-6.268206511252150115e-02
-1.193470958778945212e-01
8.381418861672541576e-01
-9.699754515750586004e-02
-1.376463126584259733e-01
-2.208746269818423758e-01
-1.309593240091581345e-01
8.426890385321972321e-01
-9.398024535635852994e-02
-9.824043309986091321e-02
-1.983188813715974774e-01
7.985006363909322724e-01
8.147815718845410338e-01
8.506392165919287596e-01
8.420894872228733563e-01
-2.999687797436726977e-01
8.192309646811418711e-01
-3.191072815788935091e-01
8.324532970286044886e-01
-6.041400314768040347e-02
8.230427636868764552e-01
-3.295651983456370782e-01
-8.478469676263102051e-02
-1.427533745705779622e-01
-1.055618282944795899e-01
8.264434693098892115e-01
-2.115624908577379004e-01
8.343988787359237769e-01
8.082294217905663380e-01
-8.115626027953048993e-02
-3.778189340653488604e-02
-2.996923822134657245e-01
-1.309689735040913128e-01
8.501266157653740718e-01
-2.731587362079708203e-01
-3.412651533355869904e-01
-1.251348641853106125e-01
8.394883079082615662e-01
8.394445313012741661e-01
-1.219256125869925267e-01
8.428869950154611601e-01
8.490609024263653382e-01
-6.694531962713139162e-02
-1.652642776757181908e-01
-1.209733714141202482e-01
8.088520322126354634e-01
-2.430414959094678584e-01
7.496084251754463468e-01
8.436706242846033765e-01
8.226897901553981152e-01
-1.676872785109163877e-01
8.228628896045609986e-01
8.287526557598809962e-01
-9.309951954982861877e-02
8.333627837772401570e-01
8.449977866204925192e-01
8.302063492785014542e-01
8.374417508932210374e-01
-1.394679932231698283e-01
-2.055650302072110913e-01
8.267276419228819506e-01
-2.221472616380615883e-01
-7.586464598834749551e-02
-7.666202813743258626e-02
-1.436467789063852751e-02
-1.571799542875618183e-01
-1.358945887750389603e-01
8.181763100463045335e-01
8.060271394681254309e-01
8.218925023726683099e-01
-1.428210433333532703e-01
8.115582097399184347e-01
-1.569674641996743891e-01
-1.564624564643077309e-01
-5.019231895575358704e-02
-3.242074858555706318e-01
-7.451816138331325556e-02
-2.132968583551229091e-01
-1.847190670291136150e-01
8.503443378459917268e-01
7.873872366091968500e-01
7.699761272837004622e-01
8.420199739609307565e-01
8.480560909973091643e-01
-8.643053298550340546e-02
8.532907079361735647e-01
-1.425479015389101434e-02
-2.520753231894862223e-01
8.078289321426674885e-01
-2.946057882086573487e-01
7.975284746345839837e-01
-1.379775116043627792e-01
8.364737230886531982e-01
7.850405526748276408e-01
-3.140463602333592452e-01
-1.217980611678083358e-01
-8.204226792083894881e-02
-1.218338830827246921e-01
8.414730753243265804e-01
-6.987155458457805501e-02
-8.944818344009677902e-02
-1.338927171489411871e-01
-3.596632410021463611e-01
8.454416931660710954e-01
8.104302674437969811e-01
-1.674276748035351814e-01
1.813255859892419497e-02
8.203416995112702281e-01
7.965655372601124773e-01
8.339669301764991438e-01
-1.328238840677104515e-01
-1.518574798942441406e-01
8.337530007652022013e-01
8.465823549261997094e-01
-5.613339195270923565e-02
-2.026738984030608259e-01
8.393726578659762572e-01
8.346666123717804142e-01
8.011689105452668436e-01
8.011609269910784370e-01
-1.643335301899669365e-01
8.414744310089347090e-01
8.095483703803726394e-01
-1.169172658049914271e-01
-1.420191844171674878e-01
-9.427823911359636821e-02
-1.106241610945931375e-01
8.034696082508924198e-01
8.243229041710089522e-01
-2.275274710344935558e-01
-1.824541641264081915e-01
-1.704415928927222046e-01
-2.491166386474526206e-02
8.222093269459879172e-01
7.928743903355527367e-01
8.356726941794905272e-01
7.953602579624599045e-01
8.207922866000448847e-01
-1.787522544652637990e-01
8.270480682084967450e-01
-6.348604291193730986e-02
-1.474742473699175993e-01
8.158688430483326259e-01
-1.648932904942353728e-01
-1.777724963472801512e-01
-1.260254717536024027e-01
-2.028882859754723711e-01
8.305958975622884655e-01
-1.505041790539703439e-01
8.339678536506528461e-01
8.253071239059295294e-01
-1.613784475531596652e-01
-9.306854585227578025e-02
-1.301211844209007040e-01
8.307272481029683853e-01
7.824586239107104157e-01
-8.451325313857172006e-02
8.323794583259441771e-01
7.990467087817071379e-01
-1.865930792324904663e-01
-1.154615734629887702e-01
-1.216465495920960871e-01
8.355781045073382707e-01
-8.401533069728081560e-02
-3.886053466145517055e-02
8.441431656998072963e-01
8.336520141781922355e-01
-3.851450409489137749e-02
-2.244122454810756340e-01
-8.001090538284759413e-02
8.226863706621082573e-01
8.415914533478858761e-01
-1.894637150216294530e-01
7.937552164390647702e-01
-1.784915257524269105e-01
-2.194307386211927779e-01
8.305505467657361418e-01
8.401709083356228014e-01
8.407851298435518039e-01
7.535775354143096072e-01
8.309541898472501131e-01
-9.502915927384991690e-02
8.359883214373773352e-01
7.737727699140265480e-01
-1.638171427990936235e-01
8.002767196914466474e-01
8.140960570135948871e-01
8.321027253397897949e-01
7.788780039867235772e-01
8.459198053090681846e-01
-1.302822923961616530e-01
-3.778661638491666308e-02
-2.431030930942226498e-01
-1.326553025491082616e-01
-8.650196502666318565e-02
-7.372870939446113381e-02
-3.356542694753164580e-01
8.194575223044803236e-01
-1.520651262341632948e-01
8.484778131557546565e-01
8.427957045129091940e-01
-1.529827805096451443e-01
8.388931193515806184e-01
-1.191004773086616619e-01
8.199331161689591418e-01
8.435055354228745417e-01
7.948127172386748596e-01
8.447910522647743559e-01
-1.102952518066643295e-01
8.270792108517821539e-01
8.326550072402867375e-01
8.256942002916970447e-01
-1.146794153577136571e-01
-1.008189350589055178e-01
8.190126600242308985e-01
-8.935758386962466826e-02
-1.122517665137717363e-01
-1.140103249868325008e-01
-8.284504794264427319e-02
-8.372393204451254733e-02
8.299568187330630398e-01
-1.361696803989338456e-01
8.251086720229203753e-01
-1.082949077384527947e-01
8.181550867561192542e-01
8.321103294570838527e-01
-1.565160021686428093e-01
-9.406105373544020043e-02
8.336234724892089831e-01
-4.359261258951923068e-01
8.046462788293813340e-01
-1.258435728110045004e-01
-2.730465603775901751e-01
8.411360509112270067e-01
-1.444324174367221658e-01
8.197562928434728446e-01
8.328156514018670853e-01
7.891708433603930040e-01
-1.879414100388678288e-01
8.172876781112641265e-01
-7.399014887484996195e-02
-1.041945502169167870e-01
8.388862241592939251e-01
8.287038031591061893e-01
-2.837684823376565579e-02
-6.613122987177012801e-02
8.538548129608493076e-01
-1.895712468083305124e-01
8.490347669162431332e-01
-1.764943411301740650e-01
-1.958968104094613305e-01
-2.679146733390174173e-01
8.126992269084755138e-01
8.019206035615654704e-01
7.524826699708833111e-01
8.464419433318778330e-01
-5.334228031579947571e-02
-1.317912644778648223e-01
8.398403910223246616e-01
8.495261790661088330e-01
-1.561805862400656719e-01
8.237343268798000828e-01
-1.126113465128752156e-01
-3.246664861424759796e-02
-1.335817929128028658e-01
-7.737083130196814595e-02
8.168436561889108605e-01
-1.457660636315297187e-01
8.092949285318608021e-01
8.506865218101821169e-01
8.285203938055848427e-01
8.235230115998962708e-01
-1.421832464306235777e-01
-9.827036752864680424e-02
-2.431603780269674109e-01
7.962094708702303070e-01
-1.048205701708243842e-01
8.260861363546190272e-01
8.528509879055735654e-01
7.918646916204176156e-01
8.352283817675705269e-01
8.462184484398138640e-01
-4.615231087187386672e-02
8.346134295639455747e-01
8.270803144643190663e-01
-1.174815194189487433e-01
-2.013933542200612992e-01
-1.794103458793373240e-01
