-1.740798577150755588e-01
-3.114052738929425357e-01
-3.616976789702426309e-01
-3.122557770282717304e-01
-6.570163712453241933e-02
-1.772752009658705719e-01
-3.124983564217262977e-01
-3.596084303261881110e-01
-2.325290255182608790e-01
-1.298014224160260188e-01
-1.860792576262452758e-01
-3.202987545369752054e-01
-3.344813717242274276e-01
-2.945482759366157555e-01
-9.126110466584924641e-02
-1.955220988569511820e-01
-3.736131350583298816e-01
-4.335281755884037858e-01
-2.516246880873234115e-01
-1.587484409902472082e-01
-3.645634125151748228e-01
-2.505347132478818462e-01
-3.491706932120577367e-01
-3.269999750598525656e-01
-7.617913266543563378e-02
-2.277640566171764969e-01
9.893340766379185580e-02
-3.596831064333584349e-01
-4.076660700050319663e-01
-2.635993373045769084e-01
-1.394095042453553090e-01
-2.024007064690745428e-01
-9.182723964029795849e-02
-4.163916460217932380e-01
-2.853422266151455222e-01
-6.075496653314276657e-02
-1.838864870312879873e-01
-1.805730524124076197e-01
-2.747363874363783487e-01
-1.690136583741294607e-01
-1.416316342020109698e-01
-4.102637233916239246e-01
-3.313467813177960464e-01
-1.592515658098831721e-01
-1.277887191586520310e-01
-2.458407673987539899e-01
-1.950436463657785335e-01
-3.872699786791278798e-01
-3.811163551277449435e-01
-2.149554442769848750e-01
-1.845526749003487954e-01
-1.398659361513293620e-01
-1.181989624663582206e-01
-1.189937917853272215e-01
-1.746525407604716806e-01
-4.331606287088134444e-01
-3.457997134356561864e-01
-3.662930358658307572e-02
-3.356770671296701591e-01
-3.348824446658124065e-01
9.781873755122184877e-02
-1.964833823508271016e-01
1.082951883997812781e-01
-2.449214386965519741e-01
-6.592677458791049161e-02
-3.796074008806254452e-01
-1.641909043271719826e-01
-1.313577785793853814e-01
-6.142715895852251390e-02
-2.941457980900653579e-01
-1.275908023991949025e-01
-1.486551416042327101e-01
-3.081685949459051499e-01
-2.851447982703512185e-01
-1.964725521432813538e-01
-1.644074862032192108e-01
-2.301631587517833366e-01
-2.112815082310344761e-01
-9.907213986694558827e-02
1.165632065438749337e-02
-1.721708338944961669e-01
-1.933572035912574649e-01
-3.028975382643763758e-01
-4.513593922810950065e-01
-1.491112792479946103e-01
-2.546757379958585754e-01
-3.879308597076889797e-01
-1.509082863414579201e-01
-3.263455159915594761e-01
-1.677230777511792559e-01
-1.756153179987026691e-01
-1.276484626887027241e-01
-3.138595390972911403e-01
-4.158587431787667821e-02
-2.370636258253683293e-01
-4.791608528192062288e-03
-2.010646272672781398e-01
-2.943519491652771825e-01
-2.671532867545808876e-01
-3.248092033035452353e-01
-1.629758076083974716e-01
-3.192757130304519908e-01
-1.391402664983210080e-01
-2.810386746204261432e-01
-1.344693624300884460e-01
-1.999627106508365393e-01
-1.673103583442516473e-01
-7.440340785066726359e-02
-1.809125677648538710e-01
-1.231941277855778671e-01
-1.258922908563175347e-01
-4.082209950465986448e-01
-1.216179959844876507e-01
-4.424610145384109128e-01
-3.066971538043918311e-01
-5.091591337882287460e-01
-4.676986188148637980e-01
-4.275005305801977129e-01
-1.467171839399676880e-01
-1.735395950608661364e-01
-3.275426196477357887e-01
-3.569999145331758106e-01
-1.921345796927905192e-01
-3.535760417876453454e-01
-2.369544618596079455e-01
-3.118571750678180154e-01
-1.956181600357653483e-01
-1.895766360162478570e-01
-1.286805984491592447e-01
-3.465030793386783547e-01
-4.639051559662480395e-01
-3.621333291064103843e-01
-1.305845292449504813e-02
-2.313058783721831380e-01
5.341786368686998049e-02
-3.211214999607492904e-01
-9.678830537946614410e-02
-7.922702761837042973e-02
-3.429595661913952265e-01
-1.517950139586703995e-01
-2.154982571870933949e-01
-1.741055999871408133e-01
-3.456930233024608223e-01
-3.695149336674036222e-02
-1.616484492382010973e-01
-2.091803778647833845e-01
-4.379335359828444574e-01
-1.566575923672621773e-01
-4.319033935251605505e-01
1.008974848525744233e-01
-3.175756534777339768e-01
-3.899994139976627472e-01
-1.628865642762888089e-01
-9.724477120698396537e-02
-2.849733605293537364e-01
-1.108743559012923541e-01
-2.574999735872779971e-01
-1.950362383742530459e-01
-4.085103931499595720e-01
-1.044187472382815118e-01
-2.427245385588541748e-01
-3.502228048924898030e-01
-1.072868590368268871e-01
-3.642582676013482734e-01
-3.344252325743394816e-01
-1.128957623518374448e-01
-3.639361405854302234e-01
-3.344793912456817120e-01
-2.430931984649950528e-02
-1.335750172663556778e-01
1.860516097079503717e-02
-1.760842755723240338e-01
-3.638152847317414063e-01
-2.691622663670719673e-01
-1.620682409253120237e-01
-2.904021977088438455e-01
-1.763791966725262172e-01
-3.062329109265640725e-01
-4.503231028005385550e-01
-5.057925131980891414e-02
-3.266285007590815082e-01
-1.913648908443619234e-01
-2.148590234497814722e-01
-2.760528642136215738e-01
-4.622608575195123054e-02
-2.839607909759092053e-01
-3.505387964209185636e-01
-9.125121487940077158e-02
-1.484410916160867622e-01
-3.779255355940788208e-01
-3.451236720679947134e-01
-1.251290802946736502e-01
-9.925674224462226192e-02
-2.390332805647572556e-01
-1.757114559437373824e-01
-2.168907571852483895e-01
-3.229550831932526123e-01
-2.256713855138449687e-01
-1.407819548657197328e-01
-2.947247291497721577e-01
-4.651732754110104451e-01
-1.769330290829097541e-01
-3.370205909625169638e-01
-2.961499406105201349e-01
-1.023973262811610219e-01
1.996281033743540351e-02
-2.788733842585723877e-01
-3.505990125401068358e-01
-2.302833712709785874e-01
-2.265062642249450753e-01
-1.477153675000244526e-01
-8.277292216513125467e-02
-2.543002374443125158e-01
-2.399063924358164623e-01
-1.512795879466724558e-01
-1.699920303198034222e-01
-1.225472596514901036e-01
-3.122922148779895823e-01
-1.161541933899185586e-01
-1.998610945074348888e-01
-2.550702389898120148e-01
-2.468422045142728005e-01
-1.119750093297312149e-01
-2.954162373805266917e-01
-2.221340040735338972e-01
-1.633441762935455843e-01
-1.157321260547210795e-01
-1.728684320146291475e-01
-2.889895549094492200e-01
-1.594331829631654152e-01
-1.918275010070022435e-01
-2.206899958546921225e-01
-4.079688504014685191e-01
-4.018085116098779608e-01
-4.505354095223433331e-01
-6.851570333586652628e-02
-2.029410024777526245e-01
-2.062383651989060929e-01
-1.421328811250850976e-01
-1.760519054210236689e-01
-1.934222399529158809e-01
-1.125351415871222727e-01
-1.564592144302977550e-01
-9.870718173957016006e-02
-1.214591643611987182e-01
-2.060018609929641364e-01
-1.918589228138656566e-01
-1.402746329077125265e-01
-2.624428187167736626e-01
-3.004502467385123388e-01
-3.478485907919184883e-01
-2.086589578759060759e-01
-2.465414510731892550e-01
-4.583463594470635893e-01
-2.700460883386125444e-01
-2.000686420062567084e-01
-2.148868918039421039e-01
-2.537013190722727241e-01
-9.809888769635233263e-02
-2.961163101825845523e-01
-3.750955350788363896e-03
-3.474135073704169296e-01
-4.446235607724569050e-01
-1.963451312665491777e-01
-2.086849626623299703e-01
-3.148535946945940633e-01
-1.068022916790299370e-01
-1.274892115253803970e-01
-4.687412192879820971e-02
-2.299059543797323524e-01
-2.804074133354728660e-01
-3.902457620802142202e-01
-2.276878028603169790e-01
-2.213375386402600675e-01
-1.304951228010693964e-01
-9.561575318877722773e-02
-2.784709616939849974e-01
-7.415604892367592960e-02
-1.910062711635478472e-01
-1.773853502691423167e-01
-1.301410681492756183e-01
-1.397007336894249274e-01
-2.395499598471098335e-01
-3.808660005539555859e-01
-1.906839431704833165e-01
-3.846031136654463056e-01
-4.132005904305907640e-01
-2.619813434621724446e-01
-2.744164623561400895e-01
-2.371457993417216137e-01
-1.059469586502958527e-01
-1.343875284750032928e-01
-1.905763525775011069e-01
-2.301042711027428134e-01
-8.340851952938373171e-02
-2.257688116687812663e-01
-3.121434563558069808e-01
-1.317570463574406769e-01
-1.897408367565937559e-01
-2.974830553801765531e-01
