9.124540033193990762e-01
9.105029932014133687e-01
9.584957928897552826e-01
9.784652448962906091e-01
8.007210075555879492e-01
7.633286394113132367e-01
8.810826821652675278e-01
5.814914495722118826e-01
9.548381767968174838e-01
9.780667161356615402e-01
7.662144758317213089e-01
9.084030338231223745e-01
9.798137192426648046e-01
8.969189377975679278e-01
7.553610960904205696e-01
9.697371865867646656e-01
9.479674363287546868e-01
9.697099573861205357e-01
9.724255555085693503e-01
7.179221068024691510e-01
7.347080477053347103e-01
9.798108557790693451e-01
8.106309327023559774e-01
9.746904442621843190e-01
9.204519900408227873e-01
9.730881435366693921e-01
6.577309688437908974e-01
5.322344823752549470e-01
9.782204355657579953e-01
9.243436209146602689e-01
6.735336621536092139e-01
9.228607224177737267e-01
9.347095692967781755e-01
7.774830127632734733e-01
8.621654567824367232e-01
7.422670816664973525e-01
9.762986513569160696e-01
9.420442165600589890e-01
9.454452206373422651e-01
9.789254977708425898e-01
7.845141002940410058e-01
5.304829811510383131e-01
9.668147526841666117e-01
9.307971345319694390e-01
8.991947151191426180e-01
9.536884308030466606e-01
9.789206732083683971e-01
8.659000655263604518e-01
6.227814840367764671e-01
9.787088295320209852e-01
9.667205219911119141e-01
8.866282397110593072e-01
7.024052235724214110e-01
9.586004214530998713e-01
8.708796130419165227e-01
6.176269148393056518e-01
6.108322501922219816e-01
9.742148503749752386e-01
8.621528162525656791e-01
8.961552883616938914e-01
8.664656747749496235e-01
9.132388638102921785e-01
7.383092171679601634e-01
9.362163615967131758e-01
8.421564462095234571e-01
8.069431109531283175e-01
9.802519059729881690e-01
9.647231909932726390e-01
9.439937424898741103e-01
8.256844745759452930e-01
9.775908129946828673e-01
7.560559815786748183e-01
7.684277107197093892e-01
9.042428184950730419e-01
8.593876435207130626e-01
8.685238398558481343e-01
9.195463475911198614e-01
9.783876581913267811e-01
8.389254749617416351e-01
8.867595752728170133e-01
6.797226917393588419e-01
9.828815888942543655e-01
9.762642264950774917e-01
8.435579602770847396e-01
9.536667888232940316e-01
9.741287633595896445e-01
9.771952731566611039e-01
9.063220271773317904e-01
8.267103135776425749e-01
9.336689206990302914e-01
8.794381955202931200e-01
8.353965387078126081e-01
9.351913409692682588e-01
9.572833968212829392e-01
9.246474862874451972e-01
9.026677757260022084e-01
9.682487217132917934e-01
8.766394031026730760e-01
9.786716095825040984e-01
9.743966379566407765e-01
9.730880568743238701e-01
8.623398753300594022e-01
4.925386471874854677e-01
8.459860794754662239e-01
9.423102813639614439e-01
8.674765024415407311e-01
9.488442713041949084e-01
6.092993787603570022e-01
9.407017226336309434e-01
6.887073213408826389e-01
8.272817979725385351e-01
9.635289793409258507e-01
9.724322630748969409e-01
9.495600395809844496e-01
7.969624834651747314e-01
7.701544128293910108e-01
8.918821344053146083e-01
8.799309735552046652e-01
9.067910452406653388e-01
9.184474663191857235e-01
8.994224571786735289e-01
7.118745558342653990e-01
9.374786033187227918e-01
9.780086785380601722e-01
8.126879333457468491e-01
9.555645261471558127e-01
7.929635217180914797e-01
9.540928411246520913e-01
9.262764750425931393e-01
7.874308412246417976e-01
9.021109922512243751e-01
7.286768787800557146e-01
9.114829973496461069e-01
8.752282346512001432e-01
8.724106377651108524e-01
9.735885440432983096e-01
9.735837463161575167e-01
8.242225894753478777e-01
8.824197680678271816e-01
8.397398751007705275e-01
9.815889435704623356e-01
7.445142400145888795e-01
4.546845775508108201e-01
9.800264155377409470e-01
9.305111014925886437e-01
9.281935913417542761e-01
7.904020500918443881e-01
8.747223232809691051e-01
9.697935901685554860e-01
9.259811164116421578e-01
9.323455271100784536e-01
9.345763647071085867e-01
7.967767711438367151e-01
8.400212041913734939e-01
9.723280943286976008e-01
9.309101111321624877e-01
9.649525767636997209e-01
9.687824229408528165e-01
9.000377302517461597e-01
9.664235053138187093e-01
9.584990628416950598e-01
8.458977023210718649e-01
9.344185281337975546e-01
8.235231502615458776e-01
9.433694286923055561e-01
9.790535480526596501e-01
9.273647059701486395e-01
9.113680814077380621e-01
7.499106474162184899e-01
6.803486675657752780e-01
8.520600781788698619e-01
8.760949247817503283e-01
8.665038203876918033e-01
7.754253682658859281e-01
8.976144225326858628e-01
9.741201300401651775e-01
6.291623715121694715e-01
9.632013906148843008e-01
9.816819694412455277e-01
9.246570370394819882e-01
9.734003795784824664e-01
9.346290489440900462e-01
9.049299790414635503e-01
8.723144669797715522e-01
9.771124082725495263e-01
7.782598217856353529e-01
9.751414229034165437e-01
9.805542574414783941e-01
9.782647656762377686e-01
8.859990418125388567e-01
6.071905434770499266e-01
7.836309487115196148e-01
4.621504319339995170e-01
8.858983095272736641e-01
7.721272819550644151e-01
9.397381590500819559e-01
9.593964156795966591e-01
9.301108035597775991e-01
7.014698218187895851e-01
6.917821154477108436e-01
6.795814568999322125e-01
9.469621650092348020e-01
9.766025569141185692e-01
9.784689293107110553e-01
9.304469943768911566e-01
9.798309727665666102e-01
9.809853499393463849e-01
9.671995347243531604e-01
9.742844626352673565e-01
7.927389537272677700e-01
8.328150689171853749e-01
8.328316384500455971e-01
9.441882796780447507e-01
8.826989056223832897e-01
6.926729090423322521e-01
7.000549866215419748e-01
8.229223132815295383e-01
9.547320327382322613e-01
9.757534298427474884e-01
9.800689550908472381e-01
9.406057834239514026e-01
9.749181384025689123e-01
9.751479804979408250e-01
5.240884935057710248e-01
9.187141572424792901e-01
6.563675719716710599e-01
8.898925064999680945e-01
8.499999544032648124e-01
9.759189256621327857e-01
9.071689914281596545e-01
9.318073641744829549e-01
9.203675694300910148e-01
8.336938850798248923e-01
8.876385214088888809e-01
8.378055262079682208e-01
8.988744449592758201e-01
6.326985445207415903e-01
9.731816173859328956e-01
9.348149473739759685e-01
8.390910266545773544e-01
8.214784208488623563e-01
9.760246783234904910e-01
8.214338141035697483e-01
9.751794808671163661e-01
8.244752051601068610e-01
8.687274236793847138e-01
6.160039300435908860e-01
7.866485661380052674e-01
9.755814580192012642e-01
9.012007304836820998e-01
9.811486849396420240e-01
3.966092126869245060e-01
7.882288873054743572e-01
9.484121148792252765e-01
6.176335302522564241e-01
8.517408219868919383e-01
8.909557639354924730e-01
8.792204184425684854e-01
8.791934215322734225e-01
9.394634525212779419e-01
9.275735870639638669e-01
7.173067658861284057e-01
9.594314425155742176e-01
9.649800933609307130e-01
4.655944187158104763e-01
9.366734400181493392e-01
9.829731318512888727e-01
5.757606749631483112e-01
7.469838106001152056e-01
8.901992578799704514e-01
7.165025971429519469e-01
9.687017792849821340e-01
2.531259626065642254e-01
9.828600487798886398e-01
9.667595185446919981e-01
9.204894530487636173e-01
9.227397978505595955e-01
8.028827293599554160e-01
9.368229426314857999e-01
8.454233414023177851e-01
9.654178926706449282e-01
9.680037703243046243e-01
9.769733098201547339e-01
8.978143800189638535e-01
9.788480005071350520e-01
9.502543752754105677e-01
9.732333232652179422e-01
9.603605719000174457e-01
9.628631955320148261e-01
7.687185370557124697e-01
5.941936830983065576e-01
9.161692429664962667e-01
9.115049306794387185e-01
6.184616846242658728e-01
9.045210310166675871e-01
8.739537638340830750e-01
9.700756132777859087e-01
9.556002812660945311e-01
9.349137401642129142e-01
9.822882482111198188e-01
