6.689430282794879279e-01
6.659389733614264895e-01
6.814445449253010434e-01
-5.688334687979862414e-02
5.929102879018524064e-01
5.886116623496240319e-01
5.109377593267738771e-01
-4.255661556199588635e-02
5.320545936439846635e-01
5.502187297199718774e-01
-1.294640971748491076e-01
6.519445445124447680e-01
5.755066093631968638e-01
6.900169506734123992e-01
7.140141195489153603e-01
-1.679574297641616976e-01
4.382593568845223886e-01
6.341671395466188521e-01
-2.194183106017084939e-01
5.954659104612743947e-01
8.186926817814221824e-01
-1.987191869351805917e-01
5.703230077897942785e-01
-6.086744357553820067e-02
-1.271462807047107901e-01
7.040835152157510768e-01
6.916389649250844762e-01
6.636035322964353167e-01
-5.739080665064724696e-02
6.327371277297888508e-01
6.086587042815065907e-01
4.742402757521497758e-01
5.602860481117952762e-01
7.107352879546733337e-01
6.174875725226536272e-01
8.607038412059968557e-01
7.948387642944469977e-01
7.886019674443652816e-01
5.327247168310842440e-01
-9.162343519161071648e-02
5.561511157408656203e-01
6.351069685754232585e-01
6.273611974367756527e-01
5.697049136859252405e-01
8.174869349532609686e-01
7.625799767137871887e-01
-1.448991518978633430e-01
6.697249232688646803e-01
-7.062608962511386645e-02
6.090156870634091391e-01
5.058791883181879001e-01
5.739361687767411402e-01
7.844206351863229898e-01
6.912829697494801140e-01
5.889747577162929293e-01
7.601312238256787701e-01
6.105593287029782434e-01
5.335840030037779513e-01
7.880686653499002770e-01
8.716764377163703781e-01
8.817516625138160924e-01
7.683901502596729438e-01
5.126741718324230312e-01
6.979333269141781981e-01
8.614505381811868867e-01
7.969564501818707791e-01
5.571073933637372688e-01
8.090945773866677904e-01
8.260132163741821243e-01
5.188655912163607775e-01
5.282493144528837004e-01
7.902898248157819161e-01
6.563522494923819117e-01
5.386014712915783154e-01
5.186456750654744319e-01
1.907575755478858603e-01
6.762033080041829347e-01
7.754266013646260447e-01
5.905141658759807122e-01
5.970694106454104144e-01
5.010085206814007819e-01
7.475765419720550309e-01
-7.859312119327363511e-02
7.839455772993340066e-01
8.102185540688275900e-01
6.312441129688355357e-01
5.514719360178423901e-01
7.118619793528540018e-01
5.942381811460764052e-01
-3.829999349190808117e-02
7.168200934860150531e-01
7.967502724109116752e-01
7.331787592160101674e-01
6.326056107666504502e-01
4.859327859623148727e-01
6.180134259076706105e-01
7.924224756124252922e-01
7.047969401419607038e-01
4.818808393306914795e-01
5.276041938370086282e-01
6.377752526484739004e-01
6.598231855966945059e-01
6.045637632437108611e-01
7.865052392914861912e-01
-1.354331332009492961e-01
6.843431744097426828e-01
6.020163487803966706e-01
5.275318492016001226e-01
6.109583090473471589e-01
8.439313334596363347e-01
5.523226970132988356e-01
7.320430755206703832e-01
5.741483989754748718e-01
8.533743176992605317e-01
7.564435573856043149e-01
6.585938802763646738e-01
6.184285591011793315e-01
6.326467122209387117e-01
6.053409773786724291e-01
4.816433550661864404e-01
7.718301516916727945e-01
-2.885768301065407826e-01
3.214402823181937707e-01
-9.335953172178508563e-02
7.334047656718948316e-01
5.366578295297433909e-01
5.826767975815583256e-01
3.428065191605441098e-01
5.911202337054695111e-01
6.132351355347682720e-01
8.375837411836672963e-01
6.332394237618885757e-01
5.506280223091766235e-01
7.327414937144778317e-01
5.730872661217067954e-01
7.964718863572836649e-02
4.617353260030567230e-01
5.910988372675527458e-01
5.214766113870115127e-01
6.139449646791019788e-01
3.864718559821630484e-01
6.723651679786568636e-01
5.076728559425491838e-01
6.205882087503601374e-01
5.197028424610148356e-01
4.010202296840017500e-01
8.457601238080679762e-01
5.778259139111392440e-01
5.185340070352000286e-01
7.782758655260910707e-01
5.328154683858005169e-01
7.553472626860608941e-01
6.962969165872042732e-01
2.848104472514966234e-01
5.237716714914003591e-01
5.782614332871355289e-01
7.325762832867672714e-01
7.209000984375300014e-01
5.853359193099538782e-01
7.100375176821469569e-01
-2.369839570330200540e-01
-2.573940210768376202e-01
6.763822583949216094e-01
5.103583821285184730e-01
6.737552226765319840e-01
8.449982177447122877e-01
5.874808087616090191e-01
5.696995058508655951e-01
5.724766322278349584e-01
4.265370163476230880e-01
8.246461348310973882e-01
6.190216677224704700e-01
2.394489270274661324e-02
5.401995660790258613e-01
5.647284144531062866e-01
-1.802816885614044462e-01
8.546862480154180375e-01
3.864685239381770443e-01
-1.033917716536222053e-01
-1.636796691942239423e-01
8.169467256160480861e-01
8.529518209256634620e-01
6.096869737609710294e-01
5.754625445893257751e-01
7.682407820950731825e-01
8.238949166650193501e-01
1.952226336466899442e-02
-2.864029896458480939e-01
5.251409824396517934e-01
6.369725428839871917e-01
5.998015790196121744e-01
5.440098597902547350e-01
5.154593141746226514e-01
8.757167454487507774e-01
4.868044494841405889e-01
5.948116015915310140e-01
-2.311351018329333429e-01
6.776568463878275272e-01
7.606409666989046858e-01
8.449802117882068142e-01
5.721166983487979696e-01
5.547852839984910300e-01
7.569894278087490047e-01
6.872382486028805193e-01
6.936375767029092643e-01
-1.426917270188842735e-01
8.281933629433612110e-01
-2.263989470432380968e-01
8.840783929415245712e-01
7.223739738834539237e-01
5.729825553471727950e-01
5.352743000077448965e-01
7.091616454580758067e-01
5.055155906234798380e-01
7.096828771437360128e-01
6.832687868938728259e-01
5.446946748629994950e-01
5.138235258777730241e-01
6.762974110985253695e-01
7.763574997080013862e-01
8.230821064930355924e-01
5.893775278219386404e-01
5.940471993154128327e-01
1.155738228623540143e-03
5.676306707351337355e-01
7.208961278637968650e-01
6.027671496992588196e-01
-6.647474904508035576e-02
7.155533046907930350e-01
5.317799716444245872e-01
7.256170639482776297e-01
5.534147034973353474e-01
8.578434044752252241e-01
5.826736946848054544e-01
7.270056863337787112e-01
5.319291259468708066e-01
8.285408293045730677e-01
7.504021376516611941e-01
5.372470363786727710e-01
7.361979934387005153e-01
7.604022255898972293e-01
-2.147997428020601285e-01
6.362312291910449114e-01
-1.150856646118935817e-01
5.454291835036604308e-01
6.024336972968832304e-01
4.974485471285356453e-01
8.354726686452380591e-01
5.512442836774393840e-01
6.807664825075105952e-01
7.393821884720235271e-01
4.575241140188714417e-01
4.541740663204818507e-01
8.414023451337113713e-01
-1.973179017319929285e-01
8.167555395498934390e-01
6.919047782035641081e-01
5.980675734838927227e-01
8.390213695484882717e-01
-2.498876406863403399e-01
5.524124427126928527e-01
6.537788964973043626e-01
5.242003732902396074e-01
6.258223628200265676e-01
-5.083500379759767901e-02
5.510502836213013733e-01
-1.279519984956610235e-01
-2.403690038918448180e-01
6.186117271679356655e-01
5.156970365702595593e-01
7.421513829522583539e-01
-3.167688878869917568e-01
8.889696069754853269e-01
4.478362594664619389e-01
6.380775520866953654e-01
5.165050374407194056e-01
6.579595714144826912e-01
7.869519558390463132e-01
5.367981195472569800e-01
4.655958684772994460e-01
7.479197474800545198e-01
-2.109232749206251811e-01
-7.230822534583730699e-02
5.869279222054658574e-01
-1.541339160599210223e-01
5.695415626277894328e-01
5.964216365445000889e-01
7.852947050637684168e-01
5.929207834142014022e-01
6.468446343397156184e-01
-3.363423485419129166e-01
5.891018293697891650e-01
7.941531120391069898e-01
7.151167987599107434e-01
6.189573778820208760e-01
8.052651502146134233e-01
-2.884733660541383693e-01
4.761833107833243206e-01
7.717257829556802839e-01
7.965159975604511056e-01
