9.901293720266008958e-01
9.771468885241783031e-01
9.898073637609244857e-01
-1.548933412595454584e-01
6.483441158914493574e-01
9.940522741361300652e-01
9.846493434042051796e-01
-1.559794705165153395e-01
9.884769691601403840e-01
-3.678665482841814161e-02
-1.471981082153654141e-01
9.363280902915946946e-01
8.860915441553309790e-01
9.942420157004907555e-01
9.387729004016007739e-01
-1.574407699263100924e-01
9.816095657051986390e-01
-4.378052210632792374e-01
-5.077216481042302609e-01
9.506991895170979756e-01
-1.604308710634138602e-01
-1.720588524605577985e-01
9.659253783853787301e-01
-1.182417483298504185e-01
-1.828285619330413669e-01
9.421956470485106649e-01
9.235271553108912457e-01
-5.347891643735037670e-01
-5.932258965066969925e-01
9.846407682377642523e-01
6.491206462643366315e-01
9.243696160481690294e-01
9.890020882607197805e-01
9.939961810014021903e-01
2.756307557974946865e-01
9.599706770974960612e-01
3.962954066621239835e-01
9.710494053234537404e-01
9.858422612812373087e-01
-1.298959032541113223e-01
9.726038394694599409e-01
9.750907603065617213e-01
-6.179800286231982298e-01
9.838944522374606372e-01
9.798157630375630145e-01
9.814819833052830234e-01
-1.622233260462386806e-01
9.900584723608365501e-01
-3.085399452885047022e-01
-5.612236088809071655e-01
9.730665011705297296e-01
9.715479555226134156e-01
9.884804453071642794e-01
9.845072718480492036e-01
9.562279329218250634e-01
9.227280699110307349e-01
6.666788298148825787e-01
-7.376525036369029065e-02
9.865784767921956799e-01
9.517044599269919303e-01
9.574570582764967419e-01
8.717624117288678143e-01
8.792386824073330498e-01
-8.856563947742619736e-02
9.923738624587156165e-01
9.896687984614669364e-01
-4.136498099520115046e-01
9.905186888059290817e-01
9.830899634465950498e-01
4.255820272599476484e-01
8.829355377843838282e-01
9.905494901154564547e-01
9.440691494593368427e-01
9.707767998520605568e-01
9.767693708788065532e-01
-1.240141555913218674e-01
9.504644619963591445e-01
-1.472892796143546457e-01
-5.503487038497015815e-01
9.870700391401723284e-01
8.790895754391052641e-01
9.069726455109443641e-01
-1.683857505344204808e-01
9.811047753225985435e-01
9.789542246281235371e-01
4.252061218711516988e-02
9.349522083208623435e-01
9.895455557122330159e-01
8.121146345744346684e-01
-1.800920346019152796e-01
9.314291135430268209e-01
9.586261199763224106e-01
9.930635018355944421e-01
-6.030691784074340145e-01
9.068321455306720402e-01
9.613344836873232158e-01
9.469984709613570306e-01
9.409106083521665553e-01
4.427522691482145556e-02
6.527189447558199298e-01
9.370314690615844100e-01
9.861821046855718809e-01
4.142747284178973644e-01
8.686390321748678200e-01
-1.063431478879107300e-01
9.210163758413352220e-01
9.843708707534034597e-01
4.032070905292617358e-01
9.764930339210877719e-01
9.771740363920426997e-01
9.751876844448150727e-01
9.925191798911394692e-01
8.875931017946896429e-01
8.952165591234343411e-01
9.866471429462585485e-01
9.938270593522997576e-01
9.810947524648301332e-01
9.873144268302120885e-01
9.831503646395332030e-01
9.501391734982389536e-01
1.623230587409732750e-01
-5.201621276110144354e-01
1.500210097614279592e-01
-1.995887035872293269e-01
9.764121705460655498e-01
-4.138654968361688002e-01
2.826881657718607888e-02
9.701785622351764005e-01
9.596483035787414240e-01
2.226137102060438411e-01
9.693078304675649681e-01
9.813391346476310062e-01
9.796789563957932767e-01
-5.535788022380538909e-01
9.665349870228563400e-01
-2.376453561317083962e-01
9.612518243903342974e-01
9.902710092125649455e-01
9.195188044532670579e-01
9.364941629110551391e-01
9.937001783293277768e-01
9.117336821260775270e-01
6.590053675755087603e-01
9.576107299252945015e-01
-3.278073266764469085e-01
8.956855029343822050e-01
9.919566257136380738e-01
9.852328066989808342e-01
7.675798184786533085e-01
9.703763765034028044e-01
9.828758494592764183e-01
9.722086338457913701e-01
9.858036769357988449e-01
4.873714702000126464e-01
8.454458183498085866e-01
9.826102288575524479e-01
-5.574253244099762750e-01
9.115070989683720093e-01
9.871825989340259344e-01
3.984441416337627384e-01
-5.202715422156689584e-01
-6.060996757772332266e-01
8.795753053783963993e-02
2.099892663199271203e-01
9.273284610602594569e-01
-3.305978724120743895e-01
9.458739061113263791e-01
9.795097481341368262e-01
9.703721727450920209e-01
9.419592204704617666e-01
-3.869296985415117407e-02
-5.078036031938707451e-01
9.577763203072395815e-01
9.784532285521115869e-01
9.668402228831725065e-01
9.361231953217009627e-01
9.834393251859840923e-01
-1.957212340712056742e-01
-1.564664187498853998e-01
-1.081725387612327560e-01
9.816704630221513295e-01
-4.874994031845704123e-01
9.874393681914470644e-01
9.334090015147604724e-01
8.809794495500725686e-01
9.913737478986150986e-01
-1.462417597280762926e-01
-5.888328755408283044e-01
-1.574407699263100924e-01
9.678804366545183946e-01
-4.411817917701175151e-01
-1.594598565167271442e-01
2.415216887722867745e-01
9.940483661419146078e-01
-1.574099511378778959e-01
9.815281446923949105e-01
-2.709626120755108669e-01
9.889437428868577129e-01
9.863753863192833427e-01
3.086863261999476804e-01
9.241843706136388947e-01
9.910965017487164408e-01
9.514594596795975523e-01
-3.135528938640517738e-01
-5.519001090210726712e-01
-1.309111100719708154e-01
9.246811432107469031e-01
9.287626981993106767e-01
8.892158894459196716e-01
9.751457073669181908e-01
9.874430950175412391e-01
9.823469833885124514e-01
9.896974716537947359e-01
9.298224477019771950e-01
5.759652255134427579e-01
9.935182769976949047e-01
9.506631677989261231e-01
9.405238635736972164e-01
9.344240564393011539e-01
-3.791048790015446590e-01
-5.464686464653073505e-01
9.361061814543665260e-01
-4.367937313477465722e-01
-1.441135304889213098e-01
9.790303407818068404e-01
-3.998611193799368468e-01
9.757693676006577999e-01
-1.528213056514315382e-01
9.718005719793985087e-01
9.953308947741261736e-01
9.856091708532641604e-01
9.405069384494314511e-01
9.847076715375873146e-01
9.838767366911929102e-01
9.940949423357967607e-01
9.952726140532843768e-01
8.727857077260059437e-01
-3.849373106465602268e-01
-4.219863255379660005e-01
9.904944637528938500e-01
9.363102276292345483e-01
9.251845624964758485e-01
9.890524374535563101e-01
-1.574407699263100924e-01
9.797383725171988633e-01
9.817170936715416962e-01
-2.727649778707300632e-01
9.638168434622279568e-01
9.602310428948424015e-01
9.834764186437057187e-01
9.410580776348778098e-01
9.424397585071810912e-01
7.037225103496054235e-01
9.887678345778500022e-01
9.701174313046253550e-01
9.443391414862027933e-01
9.823441063874789325e-01
9.521386200615007400e-01
9.422497316878510887e-01
-3.049433725236432857e-01
9.859334977033276104e-01
9.735851609527903516e-01
9.477360736137553365e-01
9.122532059717948227e-01
-1.115781884041638639e-01
9.886457928264889006e-01
-1.711400330605004072e-01
-5.208496852954892509e-01
-4.608602640784108528e-01
9.807932352966912681e-01
-5.720813318578539253e-01
9.447240861461269068e-01
8.937740637702678015e-01
9.125447298446973665e-01
9.456118060898475175e-01
9.879269045563630058e-01
8.836545246445495216e-01
9.928123905801362614e-01
9.738445489576645908e-01
9.394178610311691990e-01
-4.087419879748998008e-01
9.722006221347385679e-01
-1.799592906219624755e-01
9.882373808458138065e-01
-1.694121085613834454e-01
9.827302602019668543e-01
-2.595284686535417329e-01
9.478324975584073719e-01
9.937361248985452367e-01
9.051995635857360556e-01
-5.228890591923027742e-01
9.849238485706233170e-01
-4.343103872798199094e-01
9.679596768012763697e-01
9.879020685945225644e-01
8.662019886178703443e-01
-5.819404115792748966e-01
7.131865771477607918e-02
9.614338816350274097e-01
-5.224137435681431851e-01
