-4.196493583906981684e-01
-4.164596141078632519e-01
-5.306118471332765818e-01
-5.801428221800793983e-01
7.270295091778158358e-01
-5.524707627306055802e-01
-5.378718551643817403e-01
9.369516318050815640e-01
-5.499111716249657222e-01
7.693218747838999061e-01
9.066670846703579478e-01
-5.415056221751983756e-01
7.574130850888265432e-01
-4.520409067532422664e-01
7.210451259224507359e-01
9.502554916592316214e-01
2.957277684885307734e-01
3.461692802285308845e-01
8.032940284672229758e-01
-4.790649993335298618e-01
-2.477957223505935225e-01
9.059030314324640898e-01
-5.155619224845006121e-01
4.144483616934219183e-01
9.431412928224109926e-01
-5.130636446940873840e-01
2.296055615520655180e-01
-5.431922030855751427e-01
6.890460283520205564e-01
-3.977803448028728317e-01
7.188038555115709993e-01
7.541081013353567730e-01
-5.086642103866032549e-01
-3.954061637957771436e-01
-3.529552604049145947e-01
-5.110236066865578852e-01
-4.691720221661086487e-01
-4.073694895117512260e-01
-5.332826571825528550e-01
7.874891291740711008e-01
-4.654186933984501007e-01
-5.025230986701347824e-01
7.054046219874778867e-01
-4.927970763212992100e-01
-5.064424957117419357e-01
-5.339244135559346738e-01
8.933915457852071862e-01
-3.896546811172613145e-01
-5.206340829166880013e-01
-4.490036119020434091e-01
2.441719012970273439e-01
-4.931168695979468719e-01
-4.922104181790902810e-01
-3.052920161886106820e-01
-5.237278871359528631e-01
-4.656356375460005137e-01
7.960921900437298859e-01
7.361512052041125909e-01
-4.514158843104373320e-01
-5.104293203715268845e-01
-4.055085497501037528e-01
-5.550826243856317177e-01
-4.180935291040351887e-01
7.484151388338433630e-01
-5.018037844994540642e-01
-4.328368154169737747e-01
-5.545461296397017348e-01
-5.543631159941682096e-01
-4.688926595149132681e-01
7.542022924039584186e-01
7.227762310374574728e-01
-4.087456119509491614e-01
-5.636351715291352260e-01
-4.918883760274010974e-01
-3.915347706694514152e-01
7.372003905877924090e-01
-5.429049168256965263e-01
7.145694855225794839e-01
7.994363398177648516e-01
-4.523222702753274538e-01
7.735483624609378328e-01
-2.314282383500727569e-01
8.305457390511159499e-01
-4.455403218856363035e-01
-4.671519728467700139e-01
7.808864080266810781e-01
3.152038630786357931e-01
-4.277339779489084948e-01
-5.603038147156674809e-01
9.013489254801776429e-01
-5.330664843313749346e-01
-4.846736375247284734e-01
-3.962160763058799606e-01
-5.463583620616789815e-01
3.373008918876059803e-01
-5.090455295778364420e-01
1.934397444620125084e-01
-3.993949907714779979e-01
7.575050883380425315e-01
7.555150394694289950e-01
7.077695806044652649e-01
-4.042229486902081392e-01
6.090850090035813125e-01
-5.437739720441434610e-01
8.916939236214165287e-01
-5.464342764541512132e-01
-3.207807958067168119e-01
-5.490317603914323108e-01
-5.421011901283319112e-01
-5.032631144095276454e-01
7.761239461804989581e-01
2.579528882274179091e-01
7.525103709432711119e-01
7.506994515253269107e-01
-4.218378521151723293e-01
-3.676022035340961169e-01
-4.776567945405331139e-01
-2.978501808092253178e-01
-4.683991194356402210e-01
-4.464842530185278990e-01
-4.437577868286081140e-01
6.844927275783073695e-01
7.539716379555156944e-01
8.980280829721316582e-01
-4.447539881638065684e-01
2.495927197886960991e-01
7.991193315004057052e-01
7.614626140749376493e-01
-5.667495620207620988e-01
-2.395262134749160388e-01
-4.906091544754609957e-01
-3.454959857898010633e-01
-4.362409639919497817e-01
-5.309685765115927936e-01
-5.555617470459125462e-01
7.553078793702288074e-01
7.712556005597823727e-01
-4.714850499271246997e-01
2.119365571936610293e-01
7.152451728452975388e-01
-3.223706454901060225e-01
-4.931963151446236981e-01
6.696801308362962946e-01
-5.416146631797940092e-01
7.712834008476074921e-01
7.616907846455538422e-01
-3.409454220407457381e-01
-4.428355684519940105e-01
-4.096180916847806941e-01
-4.509988713193548993e-01
-3.967322346703437974e-01
-4.071252098076378334e-01
-4.129578156556986679e-01
-2.386703649009702943e-01
8.066614486500922609e-01
-5.130320390372795636e-01
-5.413739157412640335e-01
-5.463849595288681193e-01
-4.759919639093697086e-01
-5.202798884806519863e-01
-4.062439726375398075e-01
5.060537182628366271e-01
7.442906729777754027e-01
7.223663101583566171e-01
-5.452186413209174631e-01
7.600963731514369659e-01
-5.359967751386784940e-01
-4.159227567984563612e-01
-5.365279505534990001e-01
2.080258403468395190e-01
-4.688476224586248797e-01
1.523872846342287368e-01
2.146219361891480715e-01
-5.386866891395754031e-01
-5.049655729103983415e-01
7.778004678979129061e-01
-5.842710460673670170e-01
6.831868671599952147e-01
9.445436611205553223e-01
8.562358417593312065e-01
-2.309249464171364286e-01
-2.922287199022508553e-01
-5.040542020936835677e-01
-4.022292895750246844e-01
-2.319894140845662200e-01
-4.863153513521003557e-01
8.663404030703467651e-01
7.952782196890249011e-01
7.352625544271569336e-01
-5.430166796184436873e-01
7.328917242778670849e-01
-5.613003640324422117e-01
7.601640792994626139e-01
-4.966442560659960481e-01
7.666845603469149006e-01
-5.115674177553610757e-01
-3.436632504123835474e-01
-4.608805997581890135e-01
-4.845819616776267935e-01
-5.242824086597108746e-01
-5.417199070508931236e-01
-4.690452645044608793e-01
-5.185673788093609904e-01
-5.463512010520703566e-01
-4.403133869000412925e-01
8.894864482745428180e-01
-2.132309370030245066e-01
7.812887748689560929e-01
-5.250428176929295976e-01
-4.110030311305032935e-01
-4.851109299730417268e-01
-4.955554004269327462e-01
-3.921751348021147443e-01
2.031175730585483008e-01
-1.086592503661093639e-01
-2.885358475056088445e-01
-5.367171886391503000e-01
3.231220048950441681e-01
-5.212850745335158020e-01
-2.334918853177781750e-01
-5.324554221368809070e-01
3.758799234125975719e-01
-3.478452848962959587e-01
9.478986689659600895e-01
-4.792248518513348432e-01
-4.763575152502619869e-01
-4.858933957378440693e-01
8.828169602094628754e-01
-5.515594433698300936e-01
-4.589738114069829011e-01
-4.312187263152528205e-01
-5.568129201636469183e-01
-4.589927945317784919e-01
-4.878441548916550574e-01
-5.459818892709826788e-01
-2.783257759570693657e-01
2.510726271970160073e-01
-1.304431565055464148e-01
-3.697675862122526969e-01
-3.995845469284928786e-01
-5.431624914436303797e-01
-5.225844816737656995e-01
-4.719588170370041524e-01
8.476571849853262730e-01
-4.416738797865143451e-01
-4.376573502502212887e-01
7.059501213197504343e-01
-5.073521054257039697e-01
7.666816069078763451e-01
-4.114170351557804306e-01
-4.863882209946120971e-01
7.606133880844825335e-01
7.688442907551604755e-01
-3.500480808278941258e-01
7.493723864736174800e-01
-4.725737700643352079e-01
-3.851264690748626429e-01
-5.278667338597922143e-01
-5.274719358139335901e-01
7.789373401812149655e-01
-4.439794500531493160e-01
-3.780666226003340791e-01
-4.856335792705497867e-01
-4.415573268349728409e-01
9.086120924727270065e-01
-3.588166590999208871e-01
9.050310606784779388e-01
7.717044385821568708e-01
-5.083000014092073915e-01
-5.270596196655821242e-01
-5.288118765851825831e-01
7.860501506808286187e-01
-4.490042911688864602e-01
7.481478673279241542e-01
-4.735854779483196220e-01
-5.515455721209205908e-01
-5.354160642448899665e-01
-5.435200798746637751e-01
-5.402384552807537599e-01
-4.471534634285844190e-01
-1.224507161184596460e-01
-5.089486502264288781e-01
1.798756602922698122e-01
-5.179062727363289431e-01
8.907235630093853773e-01
-5.158702500717901041e-01
7.479663872743271824e-01
-1.788196957008217347e-01
-5.627433486724449097e-01
-5.448982490922509303e-01
7.718272471418581304e-01
-4.162724282745040583e-01
2.697125867531148247e-01
-3.672739342744525404e-01
-3.855392980855302243e-01
-1.660560476082084125e-01
7.824233049061453116e-01
-4.558444022265903950e-01
-3.678797888436270425e-01
-8.203443675578785121e-02
