1.932073380181727890e-02
5.110420250883843801e-02
2.031535656797624212e-01
-6.390195645298842042e-02
9.356548331448731881e-01
7.334784538333632975e-01
1.398132673520369185e-01
9.104125868580890124e-01
-2.454753210137449737e-01
8.309949900669050260e-01
5.864931355790924117e-02
-3.543507842808504837e-02
7.698781522124894527e-01
-3.793896518897633130e-01
1.780087002163652232e-01
9.293010341249764439e-01
7.407517286165417048e-01
8.946216766076914295e-01
-2.722698914526776592e-01
-3.923026746801811515e-01
7.590090437752871066e-01
-3.615681241727966566e-01
-8.195960363482150679e-02
8.817563187934920332e-01
8.307395616733476151e-02
-7.683612028087347112e-02
1.070248471153124048e-01
-3.430374946272717329e-01
8.797024630671886891e-01
7.548731527194677549e-01
9.237108332867954852e-01
9.131499570901808749e-01
8.906172275195842758e-01
2.276594665952589858e-01
6.753318105255790016e-01
-3.121907774566622940e-01
7.968790016280782873e-02
-4.071322491594880910e-01
7.375661182956474438e-01
7.282132291113384559e-01
-3.936080508350633389e-01
8.586145474150818080e-01
4.917679196733686087e-02
-4.531047961487251752e-01
1.233842505238556819e-01
1.022793389037216782e-01
7.999494669732035712e-01
-3.694004610182877735e-01
-4.004492713725258390e-01
-3.019856174356160827e-01
9.268355325868331551e-01
9.236967193422688238e-01
-3.589673751909302490e-01
8.283133224426615371e-01
9.445981507468863281e-02
7.932445066571165437e-01
8.399393234413132792e-01
-1.063361358808840307e-01
-3.291775722778287894e-01
-3.930763828776834279e-01
-6.760299905562060230e-02
8.937539662887085123e-01
2.182573862995818292e-01
9.274278197162324489e-01
7.993181746008047872e-01
1.022505731758713704e-01
8.902292735361772014e-01
9.301613813744068482e-01
1.161592912422129004e-01
-2.599091608556303723e-01
8.341447302816353826e-01
7.135922999279054046e-01
-4.138198754704384141e-01
1.666408351091921425e-01
-3.637425505979294815e-01
-2.086099603857337059e-01
8.158258122153583258e-01
-4.206709017321102334e-02
7.729931986566904722e-01
9.011765122258247329e-01
8.278289951598777341e-01
7.545871492029199157e-01
9.058751229777345371e-01
8.404077053445789813e-01
-3.811834102377575362e-01
1.206165304418149453e-01
9.036416302347238805e-01
9.341151565989107564e-01
-3.816890449481514791e-01
9.202720371101906771e-01
9.203800068019435399e-01
7.450362130531174021e-01
1.349151715232323467e-01
7.433952544750628277e-01
-2.764081288055635910e-01
-2.537164710082396857e-01
8.971861325862877656e-01
8.602226925765009691e-01
-2.483057723586781229e-01
8.745099948857338878e-01
8.208501751981132077e-01
8.658124285404765752e-01
8.030995332755181959e-01
-2.612637232396385345e-01
8.896416028308519186e-01
8.905404352389537648e-01
9.039668815343837593e-01
8.779560117891744842e-01
-1.826783971953991059e-01
8.139778909788684125e-01
-2.169733031514688992e-01
8.323596883751728237e-01
7.528957613483818756e-01
8.551479934948229555e-01
-2.175021843033562996e-01
9.235091706595961458e-01
-3.143557690450933806e-01
-1.426042390073846422e-01
-2.850813812312177342e-01
-3.264318276941030605e-01
8.406006031098610665e-01
7.287311446817867910e-01
1.180988500178577760e-01
8.616116364346675383e-01
-4.040014457138298432e-01
1.444473351575480818e-02
8.711342675693106719e-01
-3.504750774012279080e-01
9.075970780002835525e-01
6.847570344972271350e-01
-2.835199165350203998e-01
7.623946732682829186e-01
-4.109701204443363398e-01
1.064913590469711291e-01
-1.818260381344624643e-02
9.098231813094864728e-01
8.347652904898654747e-01
-2.496672791967484983e-01
7.569383728505815201e-01
1.564215280758264881e-01
-3.598206869836974575e-01
9.032798379903389518e-01
9.407615473339514534e-01
8.877908801672513839e-01
9.199818659084942896e-01
-1.397777471253993098e-01
-1.254723446902787365e-01
9.260775441315901579e-01
-1.479678835226077016e-01
-4.140381632994741268e-01
-3.785930487303204028e-01
-4.106117696949788676e-01
8.739660479189783615e-01
-2.147353250996430485e-01
8.634002971249017389e-01
3.267911798161622638e-02
-1.010352824041384212e-01
-2.339246160748817971e-01
-2.831571437857715035e-01
6.729198248525930515e-01
-2.067299029949874190e-01
-2.488679539561088061e-01
8.095915346725085504e-01
1.600582081813351973e-02
-4.080976736741044331e-01
-2.418856577948101660e-01
-3.521530628990780509e-01
1.761161043413729255e-01
-4.159968463110791936e-01
8.846369837289905780e-01
-3.569102031381979900e-01
-1.429994352462267415e-01
9.405286755776933738e-01
1.303336371929224857e-01
9.260660491829937335e-01
-1.561695164179539852e-01
7.757919277691953663e-01
-3.678118096507989598e-01
-3.549119448853814696e-01
-4.014061424685214097e-01
1.546401244871607461e-01
8.018132382883984555e-01
8.148625778279856569e-01
-3.690972016166305103e-01
8.687280265511003741e-01
8.665041419873733552e-01
9.219832551806033116e-01
7.819746799204679855e-01
-3.777951873641697267e-01
9.184579794247976769e-01
-3.968356512551585169e-01
2.673506224960981448e-01
9.040932227676435895e-01
7.632401095379909295e-03
-3.625377938058798044e-01
-3.406582591304568308e-01
-3.410132887061145812e-01
-3.304681575610976529e-01
7.345571802432597774e-01
8.462301420712903255e-01
8.852488047229470913e-01
8.439686058193123230e-01
-3.924427576201108825e-01
8.232676735503848819e-01
-3.832831408458212130e-01
8.023825809992068958e-01
-3.724861082835670967e-01
-2.772970475758242959e-01
8.489924031472710908e-01
-3.034678594113654482e-01
7.532231074726988274e-01
9.041146114616998020e-01
8.608623352030869702e-01
-1.691023898295992145e-01
9.282190158024734572e-01
8.764043173849255242e-01
-3.122418326122912147e-01
9.228597320957622197e-01
-3.949908133404608779e-01
2.216022996326713068e-01
9.073800366701720854e-01
-2.772587149855227917e-01
9.286157602324898175e-01
9.118508982265512985e-01
8.756572043727354204e-01
6.943138412082373589e-01
9.353543532286858753e-01
9.251238605104220580e-01
7.610892775337003702e-01
-3.285963122528997582e-01
7.546372874729425639e-01
9.184533331578476067e-01
-2.154233757735093679e-01
7.198802277510941705e-01
-2.266475256864236010e-01
9.230542954592689808e-01
9.067913525683921616e-01
9.105459568699296735e-01
-3.466271507558895681e-01
7.301303457681064257e-01
1.266349471292143036e-01
-2.107003971049806190e-01
-3.486306096863417414e-01
-1.966941905113273326e-01
7.919487512487390912e-01
-3.902558391504106772e-01
7.781046848664076032e-01
-3.748232530438713184e-01
8.579507716364440650e-01
7.601385310620577540e-01
2.152187129887836170e-01
7.661979296036283693e-02
-3.160113375155774729e-01
-4.078327621392199287e-01
-1.138779118555003356e-01
-3.703688841183121472e-01
9.060970623402754276e-01
6.687852381135940549e-02
7.435824057950305432e-01
7.186988589755061163e-01
-1.153414500090775840e-01
9.173878920120478453e-01
9.413347888038648970e-01
-4.218023596308357326e-01
8.247422513685577217e-01
-3.536610808546711282e-01
6.778056739682057907e-01
8.700825108211164283e-01
8.731327062097301583e-01
3.601278361547194384e-03
7.344886529570741063e-01
7.236466357511924796e-01
-3.958758710713377038e-01
7.963461737395355344e-01
-8.190165271384833301e-02
-1.807563698596479917e-01
7.723018158742200878e-01
9.347366222720266959e-01
8.740502960360981843e-01
9.060650246815137310e-01
9.376298571744973165e-01
1.631066146159665942e-01
-3.319508507376333073e-01
6.512871054338279508e-01
-9.300099485037698066e-02
-3.897147238952811121e-01
-1.410461262089037215e-01
9.361411663271258510e-01
8.856657894714008439e-01
-3.262424636808817779e-01
7.444192533997422423e-01
-2.656942149522550922e-01
8.757522510980090269e-01
9.152037242982034027e-01
7.124080718297245429e-01
-4.060466519647917272e-01
-3.425744664378944648e-01
-3.995119987380224003e-01
-1.823190331525215147e-01
1.824935568415196052e-01
