8.470249569821783897e-01
7.437436892015103496e-01
-3.597237957062067171e-01
-3.361207733163399936e-01
-2.114586535167651549e-01
-3.115791014586051233e-01
1.219296838053614968e-02
2.164560328028400371e-01
2.347573841021461383e-01
9.109935293760035302e-01
9.184967723790939953e-01
-3.541407086334606991e-01
-2.148615021415715420e-01
-2.969142775468891493e-01
-3.818841745638321683e-01
8.590380762986826735e-01
8.411975017460223691e-01
7.610389663044616615e-01
7.181512004066523680e-01
-3.478562345918684295e-01
6.426073035996635596e-01
-3.427938411387312367e-01
-2.849238879656733059e-01
1.303550210567805956e-01
2.804589273263646473e-02
-5.499845984285189893e-02
9.160322213560816440e-01
7.501214613219986393e-01
9.179388506429388972e-01
-1.212108629532917259e-01
1.782806194262392951e-02
-2.098523109639915951e-02
7.890484538205724263e-01
-3.397282306769440763e-01
8.141057942952060200e-01
-2.989153540069633408e-01
7.316208228312096606e-01
-3.443681041276269172e-01
7.468044021351651907e-01
9.180077780231024054e-01
-2.958940948149044736e-01
9.028140717980455143e-01
2.006535565154607403e-01
-3.664649957939785097e-01
8.189710222722540456e-01
9.344083096424212753e-01
-3.067774783103409120e-01
8.070409543727304902e-01
-2.424193573417411929e-01
5.534258645678813426e-02
-3.100330095152433185e-01
-1.836041999575649397e-01
-3.387592123505552277e-01
7.639161095830692139e-01
-2.614275523975690407e-01
-5.786688892364705294e-02
8.982135189467432834e-01
8.298573644711381148e-01
-3.106388949804186339e-01
7.350056134868400148e-01
8.119469304339616000e-01
-2.739351677546356112e-01
7.716167966584704940e-01
1.501787544449489642e-01
-1.373010474926072144e-01
8.897895644505828816e-01
-8.632389384522404230e-03
8.986056550556819067e-01
7.587786436149253078e-01
2.874460256658969426e-01
-3.503025634433548086e-01
-3.162540859946808003e-01
1.988483445652069748e-01
6.537663100842697750e-01
9.211007371337642802e-01
9.239733239066552084e-01
-3.279167147388393211e-01
-3.486886744129584770e-01
-2.669761784741091493e-01
9.221874034382557817e-01
-3.415530487661114778e-01
-3.835902935982255513e-01
-3.861657998413010606e-01
-3.021700194892560920e-01
-1.484505451598910064e-01
-2.373960340003828384e-01
7.544420004039826821e-01
-4.035289878465331270e-01
7.188230706799672021e-01
-1.755891756351588007e-02
8.927629309229011545e-01
-2.466120622462106837e-01
9.279832402346517295e-01
9.075207188638420575e-02
8.644002519837008514e-01
7.012449340765806172e-01
8.827668221322593212e-01
-5.406535545235961748e-02
-3.232957077785814093e-01
7.341076943345975492e-01
-2.842111198816816842e-01
-2.837961466595988469e-01
9.222376241781573558e-01
-3.322398153211015837e-01
8.290666213060888801e-01
1.891980732584725988e-01
-9.941814092882320097e-02
-4.220452210999805498e-01
9.260569062272242524e-01
-2.648514631333001024e-01
9.211844156380623039e-01
-2.562290760576329540e-01
7.805471256180118722e-01
7.315540775408153618e-01
1.235495508510251195e-01
9.173155886906705359e-01
8.936337059957952800e-01
-8.424734122467408826e-02
9.011468698524667253e-01
-3.115337088245835884e-01
2.201696293383941794e-01
3.466335935010927266e-02
7.006893083023157942e-01
7.513293705136084855e-01
9.438779549722783879e-02
-1.003407492327820782e-01
8.435953341079510670e-01
2.280535368877824876e-01
-3.219923184606988675e-01
7.069656013557279461e-01
7.803600405447587152e-01
7.692446444800259409e-01
-3.984538548474231279e-01
-5.194913882434754049e-02
1.855828171711489671e-01
-3.795360435147843714e-01
-3.358758860165310112e-01
8.137148450904213570e-01
7.418505005829244547e-01
-6.487456767233726329e-02
7.724692114858635605e-01
-1.801117721510860636e-01
8.943256957118524975e-01
8.357678810171785821e-01
9.193551434300575309e-01
8.227001440419293710e-01
8.253391434116521541e-01
4.159796435306353790e-03
6.912816068851616036e-01
8.049410283848151826e-01
-1.197049985128352811e-01
2.065592974293194994e-01
-6.890525369681581302e-02
-3.564820396320500517e-01
-2.291965569969611483e-01
7.096769559014329820e-01
9.246235979214236789e-01
9.266441492025191407e-01
-3.541653533306134971e-01
1.666666412206462000e-01
9.437663866911213395e-01
9.188617012177247023e-01
9.106443742458503188e-01
7.257204293161185760e-01
8.970664199812847794e-01
1.468336897995590751e-01
-1.663313024918752214e-01
7.421511710247696847e-01
8.252187504909421767e-01
8.895518503639048280e-01
-2.699269874190404067e-02
-3.148743263872164633e-01
8.405231273903754907e-01
9.296111313334995963e-01
6.971276529850951864e-02
1.022961541165448573e-01
2.675355993113642805e-01
9.084085966744458451e-01
7.860560532782847609e-01
7.035033099513126054e-01
-2.598883167697406127e-01
6.624058841751974125e-01
9.081753677917840939e-01
9.008655648002901195e-01
7.146447452891501184e-01
-2.940835448785171780e-01
7.248246570460116223e-01
-4.148666173029525450e-01
1.572460496604397573e-01
7.280011750716560703e-01
-2.504514251973861128e-01
1.034679974355514065e-01
6.700105400940352673e-01
8.927132135020997561e-01
-1.023075819551887561e-01
2.871581554574412221e-03
6.464167521741288613e-01
-3.812740250941267228e-01
9.017663471765422489e-01
7.388031652638080704e-01
8.509021062081981723e-01
-4.276787656983862540e-01
-2.236857924818118626e-01
-1.478849209235742201e-01
7.764246033305397532e-01
7.062195903438291955e-01
-3.545598257736037873e-01
9.021515193766551644e-01
8.705861684167617298e-01
8.776637881965254628e-02
1.468346249052185637e-01
-1.460304478604543266e-01
-3.502049225218733519e-01
-3.365942418345072018e-01
-3.744201883879972881e-01
-1.771054084931707462e-01
-3.923079252162928188e-01
-3.969574742174571819e-02
9.397884749999787513e-01
8.035779922447221502e-01
7.214652233858074304e-01
7.256302190287511333e-01
1.487225910871010637e-01
1.779127379448503660e-02
9.297499192001088542e-01
-2.920324697675955039e-01
9.343549751439491624e-01
9.287156234853761738e-01
6.784765642714021272e-01
9.294231250103106579e-01
8.357533809541006775e-01
-3.626736416397012275e-01
-4.899881056701947679e-02
-4.088219249477874628e-01
9.268943450194235822e-01
8.416903628161214179e-01
8.881247921441877136e-01
9.145729393084656156e-01
-1.018027360046464685e-01
-1.416678026152594638e-01
9.300681100390721934e-01
9.226030378184332248e-01
7.330212311144882475e-01
-3.918664400244971646e-01
6.895279416895568891e-01
-3.057872709773410413e-01
-3.023193510212780488e-01
-3.039405674371902233e-01
8.917631065187703321e-01
8.466858612546379614e-02
7.367347772326235944e-01
8.162338177305296094e-01
-4.031087190459191061e-01
7.630394631867454258e-01
-9.318212977200486524e-02
-1.444480147565046779e-01
7.702311504366015082e-01
9.176045923929325721e-01
1.655842275885653081e-01
9.317049769004497328e-01
9.032738321167688156e-01
1.531486123360419893e-01
-2.728822149872256464e-01
9.361431996930859034e-01
-1.025025877995754814e-01
8.839096733871708578e-01
7.166105414307543109e-01
9.248462460296567045e-01
7.840662187189103571e-01
-1.080597198435547940e-01
-3.473966184897396836e-01
-3.408858110497302030e-01
7.545246943734668088e-01
1.138930557388249665e-01
-1.079716196063030542e-01
6.090605889089111269e-01
2.191932355857861281e-01
-9.341234489756536363e-02
1.531725056262719931e-02
7.419668917052260060e-01
8.996410526026454857e-01
-3.328856388219649243e-01
-3.002399541991282450e-01
-2.841839058374109883e-01
-3.688003356981499614e-01
-2.563371575078179365e-01
8.049908125527271974e-01
9.265611399273325777e-01
-9.279718596974368544e-03
-2.924360903925980470e-01
9.051866529150900398e-01
6.898664454537221102e-01
-3.015826499000422434e-01
6.156665111253111639e-02
6.886911509227375827e-01
6.964626407661798080e-01
9.393783627700478256e-01
-2.273836774745442990e-01
2.029307014397528641e-01
6.504697169269979540e-02
