5.584307580375687252e-02
7.848686644262748979e-01
-4.053112952092184640e-02
9.196139551827116065e-01
1.661314558140227771e-01
2.619449818522934237e-01
-2.127230014014789283e-01
-4.373264252365794413e-01
-3.002010011190815453e-01
7.334641855358587925e-01
-3.661231747086794996e-01
-4.049244086720585334e-01
-2.090752057869865732e-01
8.143087526166410406e-01
7.839207461374090302e-01
7.070965347581318339e-01
-8.164322377166950695e-02
-2.695224807932598554e-01
9.410915295807196213e-01
-3.919854486843606378e-01
8.489675270078123059e-01
6.112428873906782488e-03
2.641253267203618194e-01
-8.219433426875658033e-02
8.155283962841947121e-01
-4.307866746825470550e-01
-3.633859036716491908e-01
7.537735766577906560e-01
9.023947494723468798e-01
-1.014203831308370385e-01
-4.330251010657728550e-01
9.214304582048640224e-01
9.298431520683078100e-01
8.223815794406221791e-01
-9.341987204327918681e-02
-4.736934353150341614e-01
-3.186278657767255829e-01
8.127446289136778246e-01
8.877340298809268671e-01
-3.698807319111822034e-01
-1.496253124195410511e-01
7.369050543734597669e-01
-2.365718185063483414e-01
-3.965023194712155585e-01
7.748589305500116486e-01
2.148946818964791311e-02
3.187682726371871000e-01
-3.379166020685924754e-01
-2.304024632447035370e-01
6.702135855722698432e-01
-2.403722694265240101e-01
-3.562780317667698093e-01
9.120301975046471998e-01
7.739761772054071232e-01
-3.894346643537855979e-01
-4.205562438239097700e-01
8.919920248719804823e-01
-6.623418626324123482e-02
-4.404517279736128721e-01
7.426083278699707746e-01
9.020397284162507967e-01
-3.699835485591221884e-01
7.021033563873715355e-01
-1.616001969494120782e-01
9.123467847965111011e-01
9.150505476193004917e-01
9.095229232183527079e-01
7.698223637378684980e-01
-2.929984465552212258e-01
-3.638481812540870219e-01
-2.647937928797483575e-02
3.267770463871957354e-01
7.953515828008532740e-01
-4.020089761622089863e-01
8.969507180551322678e-01
-3.987232091905673070e-01
9.149666496569254237e-01
-3.710832907530333125e-01
9.135739707441854485e-01
9.185239524964363689e-01
7.643141653538714220e-01
2.984442680197056386e-01
7.805759735216244444e-01
2.737380165347974570e-01
-3.811955329252970093e-01
8.520259681524173789e-01
9.611261302984686061e-01
2.565318217188773398e-01
-4.442604433328090074e-01
7.811184159765443002e-01
-4.311209206497194635e-01
-4.053462995687255876e-01
9.158050249523037589e-01
1.931311229034943511e-01
7.194569025585833000e-01
7.493130614623407793e-01
-1.868332480120068750e-01
-1.877149405892038492e-01
-2.824373100955699933e-01
-6.598414577826414162e-02
-4.135649794897920950e-01
7.275368590883718456e-01
7.707856120937844890e-01
9.231474847968477171e-01
3.128238530362358050e-02
-3.274857592371906989e-01
7.652492756106825667e-01
7.283878493671065435e-01
8.396984185749344354e-01
9.035831876892936876e-01
2.420896998437706005e-01
9.064986044664564702e-01
9.113645328615985752e-01
6.918020920911449601e-01
7.816333847966809856e-01
2.039789768171176298e-01
-4.560151487466208575e-01
-1.227396851500547198e-01
-4.553774117788924047e-01
-3.466381851284051629e-01
7.222660580545549047e-01
-3.833151107977888494e-01
-3.610495241736931815e-01
1.643692740957829190e-02
-4.940886255667178290e-02
9.061400454816704864e-01
7.024486625308700161e-01
9.008076825264728082e-01
7.772204809583023177e-01
6.168447651953069821e-02
9.083238174258708719e-01
7.467602419612576758e-01
-8.864186927933430382e-02
3.017925844546788250e-01
7.379649151560199183e-01
-9.438071503507126925e-02
7.111212874897636649e-01
-2.811707431700145032e-01
-3.147908420466119517e-01
7.668925974399375400e-01
9.102528370950305758e-01
3.544710362009385052e-01
7.917726769834259049e-01
8.421007878307742445e-01
8.186890488217768436e-01
8.825538688616829663e-01
7.848437229745288679e-01
7.750628025285205558e-01
2.251316574954183025e-01
-2.680211053288459322e-01
1.258749557946029218e-01
1.937916050960470093e-01
-3.658154652144129382e-01
9.189360690627647044e-01
-2.916161381396540353e-01
7.714633438041589297e-01
7.269661361768365859e-01
9.171423970963569205e-01
9.856503063122241948e-02
-3.495575838385072687e-01
-3.351320272062358052e-01
2.720446729101049232e-01
-1.921592838226595518e-02
-1.277985814087278515e-01
-2.928976052414151710e-01
7.313171115294327951e-01
3.343114517832521670e-01
-8.539600428086546735e-02
-3.101325172888814707e-01
-3.154841003199633231e-01
-2.995654962429570856e-01
8.932029113802897324e-01
-7.967159622194019963e-02
8.757344731195837451e-01
-2.692122272063940946e-01
-3.811660356457613474e-01
2.833712721506291832e-01
-3.056179424376280207e-01
8.769256485343456253e-01
6.933760416608083510e-01
2.035979353286549998e-01
-4.089631487216353056e-01
-6.777216894726190155e-02
8.467467218184877575e-01
3.278175227184665363e-01
-3.040589094703718964e-01
2.313613441405021343e-01
-3.830160120222999010e-01
-2.662194613505675655e-01
-2.837011444349749056e-01
-4.036493078569100557e-01
2.910352428563386940e-01
7.669712846435338127e-01
-4.822152351244134438e-01
1.201438528042851617e-01
8.944471783178432611e-01
-4.777442980601424027e-01
8.066173142858077405e-01
-1.577704973051504422e-01
-1.404248028810387572e-01
2.587462989491028931e-01
9.089350791754727821e-01
-2.064509808498435350e-02
2.067017974842740302e-01
-3.464346018598113974e-01
-4.413295660177202206e-01
9.146061150973401332e-01
7.256057742571651037e-01
1.666287901015958348e-02
-4.807758435727235713e-01
-4.439084162371951248e-01
-2.968803572353952980e-01
8.219303134206049632e-01
1.350205363140795922e-01
6.803793452565776168e-01
2.715757733399596918e-01
4.835402359033671993e-02
9.195637958141879009e-01
9.126561841724455393e-01
9.264678935971841778e-01
-3.298045548139902916e-01
8.858013011202897635e-01
9.245926617689423921e-01
3.682342573452733192e-01
-2.281572210856349092e-01
-1.635452474390270694e-01
8.100475472627080009e-01
-2.971874709925121372e-01
1.334025653888621932e-01
9.125441012501865901e-01
-4.026315558791877525e-01
7.155638616852667555e-01
1.075273132575089441e-01
-4.172417829425575375e-01
2.685796211957255375e-01
7.169645013010005341e-01
9.214469934489386560e-01
9.080337956436247415e-01
7.382883013740326739e-01
3.401738715333469942e-01
3.820213552844920479e-01
-3.717369024543011324e-01
-3.531902152039788079e-01
-2.727271826243896427e-02
7.958559826597839670e-01
6.987927445688935091e-01
7.425808341034522142e-01
4.793237716692088507e-02
3.106614189105354473e-01
7.276876827986802354e-01
8.304227710221490089e-01
-2.243593578383795695e-01
-4.411175053382835887e-01
-4.353285303208535018e-01
8.721603813823863849e-01
7.500767654373797777e-01
2.167807541850879649e-01
-1.712837530961391908e-02
8.729897124222918414e-01
8.630035431059489559e-01
-4.743194385532051305e-02
9.250853400147047711e-01
9.250350634879708211e-01
-3.350936229689879114e-02
9.225787347813423356e-01
7.642557751539602595e-01
-3.452701887572350303e-01
8.992214070123829561e-01
9.242770975134504408e-01
9.155933873346546736e-01
-4.002590558748985727e-01
7.641173839863972805e-01
8.647822106468773251e-01
-3.486469177539287534e-01
-2.543647429765145684e-01
-3.731294633355905499e-01
8.134570778935126256e-01
7.816363650176413880e-02
7.925094609183408467e-01
-1.688297454901077355e-01
8.959722572542526686e-01
-2.706532605304209360e-01
-5.556312225079872158e-03
7.143135173452713760e-01
2.250186144308984892e-01
9.285799367669183013e-01
-8.052083278709352976e-02
-3.414667189183236973e-01
9.388290493122118940e-01
-1.543153413696011778e-01
2.363977359192380168e-01
2.749309571663181018e-01
-2.496339527062194363e-01
2.176875410361016061e-01
-4.322030508299909424e-01
-2.336845204850024615e-01
-7.275449551680099325e-02
9.258171467256720577e-01
8.956890991155485038e-01
2.563955274486413582e-01
