9.291454012624494885e-01
8.312827583408490817e-01
8.773397117708214843e-01
8.711810735746927659e-01
7.372898125001133840e-01
1.517349729466488384e-01
6.937480293173532431e-01
-3.720999359245566462e-01
-2.586531754167066821e-01
8.872709992476505159e-01
-2.249549627374923810e-01
-2.745167989290199229e-01
9.391419930652920023e-01
-3.386478924401916668e-01
9.055026888595092416e-01
8.758986056478542670e-01
-2.750139021124233252e-01
8.699239242440192088e-01
-7.124946885356461812e-02
7.332702920314286832e-01
-3.500937722570011124e-01
8.376292480997061807e-01
8.899447181993724865e-01
-3.309714065460098720e-01
6.995332548104736814e-01
-3.493292376894757689e-01
8.669852439122056609e-01
9.345429763472601348e-01
-2.357770399561623931e-01
8.566533725924629916e-01
-2.536230005370333079e-02
8.550942832920226389e-01
9.395805086694787311e-01
8.036327974172690070e-01
7.184972947378834851e-01
9.251621073652754879e-01
-8.301439776739492904e-03
8.204565778005510346e-01
8.010638157062918152e-01
-3.924468841179384326e-01
7.238441961320222218e-01
-3.652302536944835309e-01
8.138539967730837876e-01
7.372158321079230747e-01
-2.884735526144866502e-01
-3.945300591861439221e-01
1.014087812098795754e-01
6.538146035916551080e-01
1.286497392866599310e-01
9.148171502372646202e-01
9.180633603456189729e-01
-3.422177679559077479e-01
-2.837146897990107663e-01
3.859125594499512868e-02
9.340810772365622586e-03
1.657288617777546436e-01
-3.128790007167774889e-01
9.110178832974670238e-01
4.559548226551163319e-02
8.981815329184923424e-01
8.527509940844754666e-02
1.746896307471946796e-01
8.875076373873066471e-01
7.572714844813883683e-01
-2.905802792805982082e-01
8.764997238170915139e-01
7.555372164072446384e-02
-4.935560310316881166e-02
6.851950921260437921e-01
9.119430419601946003e-01
-3.763195968525627766e-01
7.043254124494902069e-01
-6.730251168266140893e-02
-2.742128586346649910e-01
8.091120099162528723e-01
9.215729480979188981e-01
8.869307437412756734e-01
-2.957796804063495544e-01
9.430852807531654725e-02
2.102897724214507491e-01
-3.018012726365436049e-01
-3.159932118189346939e-01
2.139627125843764424e-02
-1.990440818847299398e-01
3.365142578367780191e-02
8.214810098415504802e-01
-2.568250702383654827e-01
-2.667625493028135675e-01
-1.579019079965291728e-01
-3.150318066393597571e-01
8.914213745126999822e-01
-3.825867400337124025e-01
-8.337941138386331663e-02
8.373770178738768610e-01
7.865954105624697323e-01
7.102123632715268142e-02
7.188763183379351940e-01
8.772787187282796717e-01
1.594032703935208684e-01
-1.506177337960885598e-01
-3.011231349105937816e-01
-3.329273080355525938e-01
8.150772057787940283e-02
-3.317345732816365245e-02
9.115163442495853863e-01
-3.631759349736637943e-01
-3.743809655017404370e-01
-6.702097362632702948e-02
9.103622433433531391e-01
8.782280006592935173e-01
9.343013909202638745e-01
9.247237842325469748e-01
8.986165021524481489e-01
8.214297556249289256e-02
-1.820040055513834909e-01
8.910541237473054155e-01
6.152811500601245570e-02
8.378260728469401064e-01
-3.346253903071055857e-01
8.454735572695583068e-01
-2.237459125156376627e-01
9.674398104760688344e-02
2.057990688585245864e-01
7.371353099329183145e-01
8.603326049502530992e-01
-3.874087317373274830e-01
9.262789815028382723e-01
6.992426417057542309e-01
-7.267896147137375973e-02
-4.104702536383613154e-01
-3.185939266860365882e-01
7.797515272556585497e-01
-3.944738691715284906e-01
9.271520575098153305e-01
9.758783150920222194e-02
3.902006486926406365e-02
-2.221356917977571621e-01
9.087637443785441249e-01
8.335598439286630024e-01
9.159480149164016538e-01
-4.284515877627714797e-01
7.360760551368745741e-01
9.232495189157402526e-01
-1.543647417033687241e-01
7.111303384833820296e-01
8.713745460635787810e-01
1.685786464353072056e-01
1.790754311171855184e-01
7.746935215118185836e-01
6.982113930627295018e-01
-3.868890763925993403e-01
7.542551337466408823e-01
9.190713299375722345e-01
8.363370465760471273e-01
-2.600497142624272340e-02
-3.451345036356421314e-01
-7.140717905558400386e-03
9.710616491887714974e-02
-3.733859706853868698e-01
-3.574605824832153278e-01
-3.782861644229464915e-01
-3.235136543262879805e-01
-2.248037446384201221e-01
7.257548354929868051e-01
8.765592661013548170e-01
-6.692418127440113995e-02
9.283603588786295546e-01
8.752755054139786939e-01
1.737782001655429343e-01
-3.960787972486275454e-01
-2.767266461072133699e-01
8.946220789624208525e-01
7.424254233039172535e-01
-3.061687723316905974e-01
8.502577585470444399e-01
-2.858925959753199492e-02
-3.167212789951689422e-01
-1.282197938419018524e-01
-3.424649843630448443e-01
-2.624419962132286677e-01
9.253294131350622287e-01
2.884940174578327632e-01
-3.479527882032196762e-01
-1.157889090932052584e-01
8.959605312881036010e-01
9.141823185735319379e-01
-3.819028609161003174e-01
9.165799893893940009e-01
7.856457146458092344e-01
8.654001643807569533e-01
-3.451207011020833160e-01
9.174993530775111816e-01
-2.047730128185920595e-01
1.691916740416297138e-01
-4.210072342658212063e-01
4.507730632620850914e-02
7.698363215699483009e-01
8.757694835557001678e-01
9.240775138050638660e-01
7.507662548657002555e-01
-9.328863653829642943e-02
-3.730949103017064394e-01
7.878461181767818511e-01
9.138417882552508642e-01
-2.024019067865416854e-01
-3.275826280825360204e-01
7.501747617725690320e-01
-2.120753369429151380e-01
6.223982874643355090e-02
8.087445796463139658e-01
7.602108705058900906e-01
7.405254357517060404e-01
8.101969139382068086e-01
8.552793244831906616e-01
-3.170890251397786019e-01
7.908137131299226574e-01
-2.302171537440594051e-01
-2.200859809551811708e-01
-3.320034734707151269e-01
7.527905098122679162e-01
8.161739594125991815e-01
8.424904218406719103e-01
-2.615535520894450849e-01
9.104313280106484108e-01
9.274886585565459418e-01
3.243653650111889830e-02
7.356099840362056996e-01
9.268560951928455083e-01
1.392373363344185933e-01
7.185538122051210452e-01
-3.268636253542960279e-01
9.378727691973184344e-01
5.884560445572287884e-02
1.187072474827062657e-01
8.185906143845634864e-01
8.685408337491816733e-01
9.299148919548668735e-01
1.431756597540456144e-01
8.324887122302148112e-01
8.659182969452067224e-01
9.315679304669062244e-01
9.173477248790692373e-01
7.809025623148021511e-01
7.246640217747851720e-01
-3.808887692009033099e-01
8.457328408851251256e-01
2.388856853832073690e-01
9.343009754470409378e-01
-3.154330669017951783e-01
8.685407327581461390e-01
8.630243439432337960e-01
-4.123759485990967644e-01
1.045040385990913395e-02
-2.641286117643049103e-01
7.492084653276150918e-01
8.326554630614775299e-01
-4.803094017354139211e-01
9.254125281136160730e-01
8.748459055845441146e-01
7.365993086853336314e-01
9.259965545948385390e-01
2.091598600445245815e-01
6.817602674791679584e-01
9.314354697876742195e-01
1.047037780596173639e-01
9.394141508209701286e-01
-3.623710992931220010e-01
8.305491790438576105e-01
7.036605541003169151e-01
-7.932304160418932049e-02
8.259263280377502348e-01
-2.874469764494080315e-01
-2.699816302276639712e-01
7.204371386860404236e-01
1.492234164315224265e-01
-3.489568251039296687e-01
-3.021577493253940760e-01
9.101217413413651425e-01
7.379661505056164458e-03
2.022714360685220342e-02
8.905995988551760334e-01
-2.944374824583480543e-01
-3.267911312484250708e-02
7.317959702396257260e-01
-2.919605910033182816e-01
8.840343888686044149e-01
-3.092959807690847107e-01
7.861866754944090152e-01
8.823531369699110227e-01
-3.657123605034198199e-01
9.402657688786215662e-01
-2.657376776040033528e-01
8.664739378988246532e-01
7.240088479012852796e-01
-1.447375814658618254e-01
1.191213459751601089e-01
-2.647123251465574034e-01
-9.058739938920924717e-02
8.063054507960906170e-01
-3.219256146260476847e-01
