-3.072119009650632337e-01
-2.324367881946570735e-01
9.515142934779593498e-01
1.609649309439540876e-01
8.041237264888239089e-01
-2.463291746331132404e-01
8.609559273109377298e-01
7.276737767888455943e-01
-3.956632909430254363e-01
8.481613726375157869e-01
9.303411481475443168e-01
9.267728967451883682e-01
8.069070339930023428e-01
-2.120384651630063261e-02
-3.048943126698068218e-01
1.160947779410144848e-01
9.260890886299925073e-01
-3.847976688317155669e-01
9.252732293498547866e-01
6.988613527752862709e-01
9.186222246846346140e-01
-4.152770330457563053e-01
-2.726982819459786503e-02
7.774685260415115096e-01
7.223699158568406276e-01
-4.146773379974802443e-01
-1.507269376561199692e-01
-4.034270172423811696e-01
-5.498031039768483397e-02
1.781795061039240791e-01
8.867630027922549507e-01
6.750586834901972644e-01
1.192857238994509683e-01
8.978412423983526125e-01
-2.515172709108092763e-01
7.007733789933006108e-01
9.380486261366346445e-01
-1.736773051896527420e-01
-2.369780498568955784e-01
4.548689642267853689e-02
8.901404824947850569e-01
7.337945609674160208e-01
9.123922133910256083e-01
9.102909391475774714e-02
8.331624029521469410e-01
-8.771013415841137639e-02
6.427759967975981148e-01
9.220060908993004123e-01
7.962555991897646290e-01
-3.263773055574066273e-01
1.387258137685088988e-01
7.706996397621707073e-02
-3.772276855485167668e-01
-1.270267502220322753e-01
3.137680113145157601e-01
9.055080362051826093e-01
-3.340102044431367823e-01
8.745456396497961471e-01
8.934747619903895544e-01
-4.141266839765530561e-01
-2.688660168046758114e-01
7.759705761408980385e-01
8.697630165741953023e-01
1.989013917862967606e-01
1.853826984769061936e-01
9.088175837169328863e-01
3.180685379494568171e-02
7.264988444303920323e-01
-3.542413559532844314e-01
8.320258216289704301e-01
-2.300535786531871518e-01
2.065767015591506994e-01
-5.915247370547907502e-02
8.680989276357481410e-01
-3.562404906516871139e-01
9.010204462875853748e-01
-3.637968197389930824e-01
9.074054793230688087e-01
6.823986953103896580e-01
9.037189153146092391e-01
8.995229470274549444e-01
-9.349111616088467969e-02
9.269257805247922422e-01
-2.634089321223877928e-02
1.271619242414816497e-01
7.847075686507711811e-01
-1.153339898244092054e-01
8.489971580099033854e-01
8.891760906415595578e-01
-2.299122594117857660e-02
8.950030803852485617e-01
-1.327991365044109973e-01
7.652572430531463521e-01
9.278254656889644014e-01
7.235350245834450966e-01
-3.083808845720826808e-01
7.355682033474174597e-01
7.865894817862681965e-01
8.100778220431325005e-01
3.011078740239409024e-01
8.977899955553139133e-01
-3.480395336387426264e-01
7.577368087364426685e-01
7.657425460672361295e-01
-2.537927203159033862e-01
-1.732661803893660590e-02
-2.541900213335218095e-01
-3.569480839383382120e-01
-2.469404637322655804e-01
-3.313996495854915070e-01
-3.604881703786995129e-01
-2.396133500167681868e-02
1.637124412238679105e-01
9.234692718342489837e-01
-3.170468551204858598e-01
-5.985345841397535227e-02
-1.431524923342181732e-01
9.327553662034485660e-01
9.311902080138908522e-01
8.273428070581818616e-01
9.017857322181880297e-01
-3.453823592731385395e-01
9.035880242042457766e-01
9.212328724769223154e-01
9.449405119618068394e-01
2.552812960887844151e-01
7.726490788327330383e-01
8.352661446047582317e-01
9.160157578420841107e-01
-2.541989142694605075e-01
-6.747660539662608814e-02
-2.838999695308148663e-01
3.102207282484838458e-01
8.448964485096450705e-01
-3.560206527851292324e-01
-3.881798801862306608e-02
-1.637580704513554863e-01
-1.013223740297994613e-01
7.304038162428952985e-01
7.335068575831679150e-01
9.935872788826985436e-02
-8.268467993353206813e-02
7.639217212762633435e-01
6.868940424538861889e-01
1.815847276370161079e-01
1.408283546265707287e-01
-3.524801286528207456e-01
7.667913279101541413e-01
7.397800927204460919e-01
5.233815306079502711e-02
7.462853512673436329e-01
1.360628862660496485e-01
-3.322086877311407060e-01
-3.744851551503739634e-02
-5.829815897260257063e-02
-3.877269140333070019e-01
-3.224898529323180774e-01
1.523407619623013687e-01
2.328279424815107163e-02
9.385416671026424185e-01
2.720675913575132387e-01
8.741017187967288216e-01
-3.061966757248275051e-01
-4.039463420102706315e-01
-1.868726366444421402e-02
7.958167692463271603e-01
9.205113260893108551e-01
9.188949069357476018e-01
8.936357911027280609e-01
-2.380570622108455214e-01
7.005882933181382943e-02
6.803966098944578267e-01
7.390178262638148476e-01
-3.903327709555261538e-01
-1.103961956139923178e-01
-1.844949254275913553e-01
1.265658764504213052e-01
7.585804154295960888e-01
-3.764913992199699910e-01
6.589917584355577951e-01
-3.406176501127411438e-01
6.009250274569835626e-02
-3.704877279738922335e-01
7.084386136304994253e-01
2.119997065407297765e-01
7.631083385873650426e-01
7.824480804863727101e-01
7.507163033817828568e-01
9.195794900126936788e-01
-3.499721057500788102e-01
8.127175071516480331e-01
7.659635337746451000e-01
-3.936966838936113988e-01
6.547438794819557817e-01
-2.755292378698765976e-01
-3.222949677834211490e-01
-1.981605836093281170e-01
8.931537127134093756e-01
8.967240758481656027e-01
9.203519609338899343e-01
-3.276478653772629812e-01
-7.485599828833568170e-02
-3.607805696157992403e-02
-1.914605365192621478e-01
1.517113196405349140e-01
8.223256447233489030e-01
1.847352892178573680e-01
6.328191202109305635e-01
7.691020358107242272e-01
9.068406819374508210e-01
6.528543490740085220e-02
7.617578365503062665e-01
6.605701340965957069e-01
7.150483595025746153e-01
9.397718080173725896e-01
9.122934572746065340e-01
7.234119563810874620e-01
9.057629605805790352e-01
6.889117699538364059e-01
-3.763024167804938092e-01
1.647831809312033935e-01
-2.373499629249315457e-01
9.378869780828059666e-01
6.972197898796472781e-01
-3.061657812691096492e-01
7.838122741833078999e-01
7.226801162835615466e-01
-2.021637701649771079e-01
-6.961808226224885932e-02
-1.625256870544529442e-02
-3.669805927722497030e-01
8.853261271414988309e-01
2.152764648220170940e-01
-3.305023321642537315e-01
-3.363954156632799619e-01
8.359044202881074082e-01
-3.546417783933277224e-01
-3.200390217860543118e-01
8.979475008292845395e-01
-4.091162029781909570e-01
1.268874029785168056e-01
9.213115951678950699e-01
9.035929685635157860e-01
9.093667062601279438e-01
-2.168435577604437281e-01
7.770881004928105185e-01
-2.829006760445691437e-01
8.900022324189457157e-01
3.357740004458976968e-02
-1.106919893082229378e-01
-2.811113144925520002e-01
9.182115172717087992e-01
6.830018170076234130e-01
7.858792403107389690e-01
4.447442107824065710e-02
7.248384783127578279e-01
1.545390637847188220e-01
8.197153077799846921e-01
8.650509584938029795e-01
-3.320639485100579935e-01
9.312765013880951459e-01
7.795603990966819552e-01
-1.174478055951410360e-01
-3.877236633106929120e-01
2.016930348254479810e-01
7.218173149517178588e-01
8.238208590776692208e-01
9.169851579908609995e-01
7.564484710577690230e-01
8.282670058473360353e-01
-3.301138589168772786e-01
9.147060888694368286e-01
1.457013280945670120e-01
-4.853406077880694780e-01
-2.586033199356034262e-01
9.196168161454792989e-01
9.395186428279012070e-01
7.932255344803145203e-01
5.909257921898621729e-02
-1.985241985629411510e-01
9.177345742573211895e-01
9.119029934864162357e-01
3.872194866682650283e-02
1.921016519577139481e-01
8.917224904105554018e-01
7.256521664649202563e-01
7.481437795438753424e-01
8.861527784904809080e-01
6.730682918922370472e-02
7.070822948746160463e-01
8.652555375835442319e-01
7.975719517916303181e-01
7.680593885125502895e-01
-1.916591545955562692e-01
-3.321945359293067002e-01
-2.521965358104847899e-01
-4.381807264467309504e-01
8.766168831273847273e-01
-1.807313035475679314e-02
2.000073330662968385e-01
