-4.956869849602087430e-01
-4.582953847652337931e-01
-5.126626520882440197e-01
-5.098830994145637785e-01
-4.867534487676077326e-01
-5.249212756527399382e-01
3.850331747999506393e-01
6.575956346434788102e-01
-5.132243107331724286e-01
-2.682484535287130711e-01
-4.597315436339109440e-01
-2.786812671969454147e-01
-5.347770189247362804e-01
7.858419551355597110e-02
-5.233038443318371868e-01
-5.065202028137910650e-01
-4.055521555117438948e-01
-3.142732697369409745e-01
-4.929173482460318390e-01
-5.127800705362750566e-01
-4.651535810363927048e-01
-3.414127426406497468e-01
-4.487988401909812630e-01
4.857087790672184879e-01
-4.336388602003595771e-01
-5.296970633300885911e-01
-2.403527160385857675e-01
-5.746400509357147968e-01
-2.458934499779050209e-01
-5.300626302551648683e-01
-4.875331673197655924e-01
-5.281049020537615935e-01
-3.702383067829025376e-01
-1.936363032481913660e-01
-3.104058600280106273e-01
-2.274620492742999989e-01
-3.183572727434180183e-01
-1.946163310284541037e-01
-5.208012943152899865e-01
-3.295128625784281562e-01
1.999462802804226058e-01
-5.016646231288969249e-01
-5.359457451546866258e-01
-2.563682185213311815e-01
-3.194564796817883634e-01
-5.354833126414758615e-01
-4.872778576420588315e-01
-4.851528650723458957e-01
-5.145684384418849344e-01
-4.680038763081493802e-01
-5.036030793867601885e-01
-5.286548574626601660e-01
-5.202805586764251977e-01
-5.022440260915008725e-01
-3.030664398742564103e-01
2.395689640756470395e-01
-2.524603962696134740e-01
-3.621876501558186912e-02
-4.691618721590190000e-01
-5.032025719939396957e-01
-5.194800835108396297e-01
-3.079595292545695973e-01
-3.449213174227244716e-01
-5.023796264760620467e-01
1.916668719009313737e-01
-3.219355500077383803e-01
-4.925796718354221171e-01
-2.802185076329606894e-01
-2.972059818909220663e-01
-5.169672713783713958e-01
-5.259477268990897514e-01
-2.512844885751869262e-01
-4.950314582760605431e-01
-2.227563396479556035e-01
-3.801150420189555179e-01
-3.169863172052122535e-01
-5.130223789850965055e-01
-2.935390866568594603e-01
-5.224499655438313850e-01
-2.875713649102432656e-01
-5.153508000763524777e-01
-5.181666935215742953e-01
-4.966603136869816026e-01
-5.814945037808987305e-01
-3.034301536979672198e-01
-2.307787267956581123e-01
-2.982100132318172836e-01
-3.279438944025822589e-01
-5.184104085085180502e-01
-4.224214793057257111e-01
4.703220868822404754e-01
8.134598308050612347e-01
8.243135402312005144e-01
-5.126046243229409605e-01
7.861005358466959247e-01
-1.584671108991476118e-01
-4.661196282376310895e-01
-5.036468534006527387e-01
-5.107183230400752505e-01
-4.743334296126359151e-01
-5.374611753492950506e-01
-3.631458708056505280e-01
-5.428939443582871949e-01
-5.474792755042865444e-01
-4.951877294636102822e-01
-5.249515764775919413e-01
-3.959299085950565011e-01
-3.099445265617962741e-01
-3.957951858856441629e-01
6.754088903338147931e-01
-3.695577481104188600e-01
-2.621036586768347165e-01
3.351473676794911039e-01
-3.154571251529770803e-01
-2.923826263445375995e-01
-3.423140148534600247e-01
-4.395954049934593377e-01
-5.302440610502250351e-01
-5.344159191435071676e-01
-2.588198786415521480e-01
-3.916294764564714481e-01
-2.907090967227076161e-01
-5.611479283934404094e-01
-3.149600371782673713e-01
-5.110839135891821483e-01
8.794851843704800665e-01
-2.406858478409286961e-01
-2.847057518206195237e-01
-1.833117022355256198e-01
-4.163121437472364628e-01
-5.323836709676081913e-01
-5.127143686607211759e-01
-5.298251085922298653e-01
-4.432205338782499449e-01
-4.929974318114347387e-01
-4.172364409380892036e-01
-4.901119709809705904e-01
5.890981287812238065e-01
-1.653954814885954805e-01
6.518338236101750560e-01
-1.741893450553019251e-01
-1.953619998194639495e-01
-5.052104345005572483e-01
-5.218855691567878541e-01
-2.808802555604367202e-01
-2.237422045948926352e-01
-3.293069896488787784e-01
2.942103847658933957e-01
-3.957079100924059123e-01
-1.934006821771795115e-01
-3.558687516208670631e-01
-5.071928828682762402e-01
3.677749056748662038e-01
-2.957261882427824062e-01
-4.594862222402026353e-01
-4.849291586505103391e-01
-3.172285800703755765e-01
-3.697644698073955238e-01
-5.373334762228973993e-01
-5.187430528756135084e-01
-5.189239909301122111e-01
-3.051983871146126126e-01
-2.888743128661496185e-01
-4.642922257640885730e-01
-5.261987622723481861e-01
-5.155508626294525998e-01
-2.220820804715964158e-01
-4.940648249654848723e-01
-3.530080506604317270e-01
-5.284034411512008589e-01
-2.546456990903029904e-01
-5.193545819412263009e-01
2.679575225624512003e-01
-5.150175320196372919e-01
-4.077585277433323219e-01
-4.959934589449679354e-01
8.053231392958410950e-01
-2.475565931453788393e-01
-5.899698625133202867e-01
-2.871488666676937918e-01
-4.603958918133338463e-01
-4.957381083531038901e-01
-5.106405178561840286e-01
-4.502185669094286302e-01
-3.630269029245001278e-01
-3.157215027337287871e-01
8.065425817030769107e-01
-5.054025668182526854e-01
-5.326246246464042544e-01
-5.332538552254100228e-01
-5.093272856095416579e-01
-2.725343352534541075e-01
-4.949736337295113087e-01
-2.570301812069888947e-01
-3.161827609553314322e-01
-3.412819427767209701e-01
-4.691821325029733036e-01
-2.088922326259840812e-01
-1.426776554326754098e-01
-5.207939864266353247e-01
-4.633317535868849424e-01
-3.025134813839729930e-01
-4.583814562036221396e-01
-5.069748541172701684e-01
-5.221324204875961161e-01
-2.563855727424443343e-01
-4.868616857257277442e-01
-5.171299486642726428e-01
-3.077839950614987830e-01
-5.190786877921800269e-01
-5.046449983315333121e-01
-3.192971420509418401e-01
-2.893759104967781326e-01
-5.776566652073928942e-01
-5.034230726853314852e-01
-5.190503834812143502e-01
-4.553095817029608749e-01
-4.784886100238850415e-01
-5.070558079555340658e-01
-4.190850310298316894e-01
-5.366794036580292415e-01
-4.492905813600681086e-01
-4.779071866214380515e-01
8.271860552180251291e-01
-5.184985157295372016e-01
2.566924026744814569e-01
-5.378289562127306356e-01
2.578800741957065767e-02
-3.099500864065808381e-01
-4.293673818372104600e-01
-2.604515667637027354e-01
2.435245921636378097e-01
-5.121406241050032726e-01
-5.292751793932868321e-01
-4.225414475547314419e-01
-4.887323029589211165e-01
-3.238080489774881610e-01
-5.478125216260441022e-01
-5.404241778571123866e-01
-1.307650085921504002e-01
-4.449237907074339859e-01
-3.032483711136152449e-01
-5.302656489441902599e-01
-4.237388150995566871e-01
-2.696422785530184774e-01
-4.708578549621262321e-01
-5.459334945223189850e-01
-4.457661816430106838e-01
-5.829068890338926501e-01
-4.644495701512298402e-01
-3.971241939983438107e-01
-2.677874884422957180e-01
-5.004165587011771832e-01
-2.956450315306606846e-01
-1.393603915524956605e-01
-2.886653670775906066e-01
-3.318157448788499608e-01
-1.933882412030803188e-01
-3.149564099318431509e-01
5.588396492411293881e-01
-5.207327412869431349e-01
-2.690426060996466140e-02
-5.119680789937152143e-01
-4.304271100946944206e-01
-5.029497606078698890e-01
-4.981450475495954322e-01
1.291886132907008045e-01
-5.396781591261197164e-01
2.585209280926232256e-01
-5.061193580487306498e-01
-4.619272114289801889e-01
-5.381692982571467665e-01
-3.375187222125086706e-01
7.320921999557519211e-01
-3.411780911000109606e-01
4.723873503741968932e-02
-1.799564510337435808e-01
-5.146988258987850173e-01
8.268575568300620127e-01
-3.067973505541573553e-01
-4.880158861095609257e-01
-5.264720499326283054e-01
-2.793587972009325959e-01
-2.627068291456283178e-01
4.289832314349965592e-01
-5.276469034341031428e-01
-5.344123527408690677e-01
-5.717803236550118573e-01
-5.684354223319743049e-01
-5.102981730611908517e-01
7.452722962416540309e-01
-5.137357764596384158e-01
-3.723940605991611363e-01
-4.881368326067352381e-01
-2.898740002977967523e-01
-5.340627382362673758e-01
-2.389824248284496133e-01
-5.429553617523705800e-01
-5.030100333983250627e-01
-5.354828370774828983e-01
