4.824947775456382981e-01
8.895843563965251111e-01
8.964326571697880386e-01
7.504115146467116304e-01
4.598958881792198916e-01
8.880575390784660739e-01
-6.234387332390315395e-01
8.868639508480512523e-01
-6.709081506789882354e-01
5.788434541465018457e-01
4.594286483742220928e-01
-6.186226318618421871e-01
6.750543314345422985e-01
9.103269814308818653e-01
8.844310665544388161e-01
5.065265560218654706e-01
4.535096203960172767e-01
8.858313544841958098e-01
7.965021081450168738e-01
4.915824484233453084e-01
8.730694113914543308e-01
-6.301208831004110333e-01
9.492975671891792366e-01
9.339152831482787631e-01
8.110161603040528799e-01
9.017479043019449580e-01
-6.301208831004110333e-01
-6.176554592499134966e-01
9.201211795416943673e-01
5.256327473982869147e-01
5.279733497559480071e-01
5.482628854245081840e-01
9.285099027407603955e-01
9.443402155510647322e-01
8.875976483698221342e-01
8.822987980185355017e-01
8.890532680945602007e-01
9.524513666019662761e-01
6.916636229541339720e-01
-5.549125140357087371e-01
8.847570536804356678e-01
-4.800479689827102936e-01
8.906551727717788580e-01
8.852898947798968354e-01
4.627662216782656435e-01
5.500504685263092330e-01
8.852126674929696737e-01
7.794804934568745347e-01
4.948572398271197659e-01
-6.625935660109347758e-01
5.209154480727019587e-01
5.907869943851742356e-01
8.869659480092928483e-01
5.192489250732891248e-01
5.020199341104553126e-01
8.895213487564879173e-01
9.597815221939884900e-01
8.884620231432860393e-01
6.677511256820582997e-01
4.755979369759860687e-01
7.153089119124510509e-01
8.904242946001585945e-01
4.949596273017027870e-01
4.801507377302191015e-01
8.883824791048964276e-01
-4.116010592328721573e-01
8.578467514578893560e-01
8.890920236837756008e-01
8.878602035523239788e-01
-5.725278884543231195e-01
-6.341757727702049818e-01
8.866978709374708778e-01
8.182019539809743947e-01
9.518360761943289727e-01
9.597815221939884900e-01
-6.301208831004110333e-01
8.858191665850436713e-01
-6.301208831004110333e-01
8.888786841558712348e-01
8.846826693606714143e-01
6.561150520265546238e-01
7.521890814503503497e-01
-5.984756857640156635e-01
9.166128939892232985e-01
4.648974897990947319e-01
8.876123328228336939e-01
4.948053930550335155e-01
8.899498362100466409e-01
8.839211173583900738e-01
5.149855804937989445e-01
-6.301208831004110333e-01
-6.301208831004110333e-01
6.044788161902387991e-01
8.892994032566909901e-01
8.866289100004551837e-01
9.524651067827074602e-01
6.773580729876937934e-01
7.839079319237058918e-01
5.391004917009173392e-01
7.902790241984364306e-01
7.571351218288068230e-01
9.379480163408875359e-01
-6.031262153481170563e-01
8.854674835824918322e-01
-5.631371670473361846e-01
8.915340353731341372e-01
8.869475680068418244e-01
9.574734136594346134e-01
9.522210431825546273e-01
9.597815221939884900e-01
8.799886986039202608e-01
8.884577187887292560e-01
9.597815221939884900e-01
4.666689462884724415e-01
8.856868757501421552e-01
8.912127769742115291e-01
4.728992558279664915e-01
8.873053595015836237e-01
5.766876043035275012e-01
8.883874443900368068e-01
8.852144146587939133e-01
8.945631187750935354e-01
8.891020366520354656e-01
-6.301208831004110333e-01
5.211776489992908656e-01
-6.301208831004110333e-01
-6.301208831004110333e-01
8.895901729651908285e-01
8.868499522848569683e-01
-5.929185934202726438e-01
8.911721136589276782e-01
5.853059315225370707e-01
5.759455081809262689e-01
3.414776911230774648e-01
6.021208479313007178e-01
4.985749258414123308e-01
5.019612801666812896e-01
-6.301208831004110333e-01
9.597815221939884900e-01
-5.584315707679847751e-01
-5.464998208532132473e-01
9.597815221939884900e-01
7.330498311705676562e-01
8.859242887370897268e-01
8.808796845191775304e-01
9.597815221939884900e-01
8.929297392402917311e-01
-6.301208831004110333e-01
8.872960709721976480e-01
-6.301208831004110333e-01
9.597815221939884900e-01
4.764979382985315981e-01
9.597815221939884900e-01
9.597815221939884900e-01
9.320727495298947174e-01
6.061440214311861752e-01
5.060215869670114941e-01
9.165043474956677816e-01
-3.330809592238271888e-01
8.785855259025766584e-01
5.543875280543815176e-01
-6.301208831004110333e-01
-6.301208831004110333e-01
-6.097102057064340830e-01
4.650472572969414631e-01
-6.048909526739545406e-01
9.597815221939884900e-01
8.856868757501421552e-01
9.597815221939884900e-01
8.908797162862083230e-01
-6.301208831004110333e-01
8.880575390784661849e-01
-6.301208831004110333e-01
4.957177651100332372e-01
9.597815221939884900e-01
8.873823677826084833e-01
-6.658239583602829637e-01
-6.301208831004110333e-01
-6.650557172229391023e-01
4.625920697731400466e-01
9.597815221939884900e-01
6.649239821370582781e-01
4.743758033028936949e-01
4.689165514933869017e-01
9.597815221939884900e-01
-6.301208831004110333e-01
8.812570578427596502e-01
8.634117078287534275e-01
4.498873651061494061e-01
5.330355034388668534e-01
8.938545989719699492e-01
9.134723328933336273e-01
7.997213880991105306e-01
8.909729887903049539e-01
8.856868757501421552e-01
8.827385808343379825e-01
8.831373572998415522e-01
8.891290332933867724e-01
8.727821526605703539e-01
-6.720549220334943730e-01
8.866509876449625294e-01
-6.301208831004110333e-01
4.473218090789933266e-01
-6.076589809551069532e-01
-6.699829113376288836e-01
9.597815221939884900e-01
-6.581336770358877652e-01
5.756033037009744557e-01
-6.301208831004110333e-01
9.142997354229380758e-01
8.895843563965251111e-01
4.634930301418422327e-01
-6.301208831004110333e-01
9.597815221939884900e-01
4.761821926109118253e-01
4.222062935186597366e-01
5.077197211889423745e-01
9.597815221939884900e-01
8.894172759806685535e-01
8.890566898931178130e-01
-6.093956408747105424e-01
4.524411000817823991e-01
7.139983120493730295e-01
9.597815221939884900e-01
5.666710010862461289e-01
9.597815221939884900e-01
8.611029537099061937e-01
9.597815221939884900e-01
8.856868757501421552e-01
4.477319701077241421e-01
9.597815221939884900e-01
9.597815221939884900e-01
8.836889309926717617e-01
8.876647881399155615e-01
9.597815221939884900e-01
4.492095957464148359e-01
4.294381323422186147e-01
5.809765038039694796e-01
8.875330528270193309e-01
8.906205260812780633e-01
5.249652373027525742e-01
-6.301208831004110333e-01
-5.164822828797840382e-01
-6.019470202317882546e-01
9.597815221939884900e-01
8.851443138493622076e-01
8.876138360042706843e-01
9.597815221939884900e-01
-6.584381384749079524e-01
4.836463293668998853e-01
-5.970063425064709994e-01
-6.301208831004110333e-01
8.762197801212476822e-01
-6.301208831004110333e-01
8.914181001431573659e-01
-6.301208831004110333e-01
8.856868757501421552e-01
9.597815221939884900e-01
7.636829434044294374e-01
8.872283307030954802e-01
5.803748841441613848e-01
8.883385029353398910e-01
4.814205672821122994e-01
8.999513488334947020e-01
4.733655554959967371e-01
5.472257762542629411e-01
9.597815221939884900e-01
7.238422939482747065e-01
8.872876144271319987e-01
5.323312525504955151e-01
8.851232902487211618e-01
4.220429857650998540e-01
9.597815221939884900e-01
-6.301208831004110333e-01
-6.301208831004110333e-01
-6.301208831004110333e-01
-6.301208831004110333e-01
8.805160343777093113e-01
-5.683987735313634770e-01
9.597815221939884900e-01
-6.636020705292735578e-01
5.162784299818359290e-01
-6.301208831004110333e-01
9.597815221939884900e-01
8.879366642560115874e-01
8.880575390784660739e-01
5.537209711534509804e-01
7.688459031286998258e-01
4.958901025595421896e-01
8.932606181832921655e-01
-6.673945106799972216e-01
5.394769603876290454e-01
9.597815221939884900e-01
8.853969509723340625e-01
-6.301208831004110333e-01
8.891565656013084018e-01
-6.301208831004110333e-01
8.856868757501421552e-01
8.106896889184268540e-01
8.853390143064140405e-01
