7.137186669125490379e-01
7.275687563053709894e-01
7.371619885387614701e-01
7.264831995687872634e-01
8.322365401576468091e-01
7.001649804969848345e-01
8.625362832613059361e-01
9.289222661673742776e-01
6.687769174583341192e-01
8.441798622121206019e-01
7.743322942681906129e-01
8.829347052063263313e-01
7.925292462292943263e-01
5.514314414620167248e-01
6.711036418164064710e-01
7.727897814649743458e-01
8.168332102092333846e-01
7.744579674965681448e-01
8.326769624278427262e-01
8.063836790190896942e-01
7.484779468865012664e-01
8.708554053000838735e-01
6.575472932740992205e-01
7.030783680381886835e-01
7.893774231887614734e-01
7.183673431321425662e-01
8.482798035708337681e-01
7.064434644756464321e-01
6.695645077697165437e-01
7.380784396021711213e-01
8.505798680681300183e-01
6.387126125509722252e-01
5.594566112207197683e-01
6.285472597342331991e-01
9.269681970788928860e-01
7.208126904012133185e-01
8.166750565171979614e-01
5.425851039812341625e-01
7.454758442708712129e-01
8.766491652657035782e-01
7.776677369227888992e-01
8.191151646731067437e-01
6.539793648216081223e-01
9.279868903311629946e-01
4.962389536587064054e-01
7.466800918566354195e-01
7.305347918618768643e-01
7.526684159087271286e-01
8.002348214327862364e-01
6.152284756326384940e-01
7.353510441463695368e-01
7.317337508583030559e-01
6.940209457062580523e-01
8.192401064063954408e-01
5.422048914418794441e-01
7.686781279909227216e-01
6.027026905928605238e-01
9.422556772717125551e-01
7.354443237195749106e-01
7.496654610253493667e-01
7.591947350257741700e-01
7.193406395957928634e-01
5.899767114833716075e-01
7.643684412692841601e-01
9.356519292049931824e-01
8.485431052230310023e-01
7.227311127294946402e-01
8.663154663345885576e-01
9.341712858579901413e-01
6.451532077996557923e-01
6.708328424314173866e-01
9.396157445747981285e-01
7.624380536884067805e-01
5.430013885896399772e-01
5.752833602324926021e-01
8.502769098230963385e-01
6.894261848713032492e-01
8.639519876245180807e-01
6.959505364556274332e-01
8.636873569553032981e-01
7.271572261630666612e-01
7.890967391404071218e-01
7.040164881549768605e-01
6.949167431785110427e-01
5.598421306910217332e-01
8.270836740742066873e-01
8.518569814082846969e-01
7.928072506487044979e-01
6.637794870353788124e-01
7.894928812425595632e-01
8.792947494548237763e-01
8.161936368654522100e-01
8.782896943803466527e-01
7.224805436116188417e-01
6.936326815669897616e-01
6.458483090669251414e-01
7.762502949638048211e-01
7.770776927074515283e-01
7.651486251857970711e-01
7.511917105482071033e-01
7.595540380085358256e-01
6.332136333715618903e-01
6.160093233441489291e-01
7.273849388981390440e-01
6.010648183461950733e-01
7.066562737583075293e-01
7.238054206495001530e-01
5.743641609898457734e-01
6.067866603673981452e-01
6.204638285265160480e-01
7.366522307785797752e-01
7.383656803167619742e-01
6.052281716294226621e-01
8.801315222294417984e-01
7.262705623570655522e-01
8.009777241939496362e-01
7.533396991438795487e-01
6.760334803285641403e-01
8.177882971691770031e-01
9.286859088342382940e-01
6.981207135417266674e-01
9.384209736630418908e-01
6.797042025236244012e-01
8.656195948849052524e-01
7.298956471620499098e-01
8.866259198022892196e-01
9.115630266138651239e-01
8.465956184519675132e-01
9.336885623352364494e-01
7.855486590767785104e-01
7.536636309234607811e-01
7.518821077229519423e-01
8.075217144097294186e-01
7.692110084322150154e-01
7.767465286462346130e-01
7.994795698918544247e-01
8.187935682232434509e-01
8.848559369567038368e-01
5.198218857100170842e-01
6.818992584298531057e-01
8.999855505701412905e-01
6.379585278998909370e-01
7.672067595944342955e-01
7.301758263159985329e-01
7.694111768267679619e-01
6.259684338027549089e-01
7.583303258748329556e-01
8.745579958991394065e-01
8.757465053407604838e-01
8.654941371335125311e-01
5.954012718154089168e-01
7.350819072006635757e-01
7.110371931001238099e-01
6.891533361577298900e-01
7.264675985079860343e-01
7.897857203231286594e-01
8.170610690842885493e-01
6.913523400140446640e-01
6.420017948723695245e-01
6.760232742582013010e-01
8.082658152837017829e-01
8.415983700481950436e-01
8.798571231222742650e-01
8.314644299829136997e-01
6.781756259069562365e-01
7.153544414394459316e-01
6.629110028497204876e-01
7.070383843543921465e-01
6.159774698893378808e-01
6.812933485181329463e-01
8.705638670391604439e-01
7.016153341948503375e-01
8.816578519260261926e-01
7.140816390033766226e-01
5.495855492786001495e-01
7.185882270802994576e-01
7.356643762049195345e-01
8.656617545743091613e-01
6.376961160617963253e-01
7.848487565427941792e-01
6.631280105890213772e-01
7.409946159292327694e-01
7.290349846673896961e-01
7.810175046315487313e-01
5.574616283796534066e-01
8.944029204798455979e-01
9.365822474826535071e-01
6.757347394971380261e-01
6.711712816922621450e-01
8.607385213914630073e-01
7.121213246372826156e-01
6.832413062582624041e-01
7.962788994242195884e-01
9.372895344292588860e-01
9.388061081118219686e-01
9.397197224622722000e-01
6.820210101787714807e-01
9.501297357737854554e-01
9.128389662891411849e-01
6.479543235298546033e-01
7.340493972323032246e-01
8.145397457179975875e-01
8.637236636764414888e-01
6.358131963800429665e-01
7.357277051284538683e-01
6.862488500435999228e-01
6.648930092626682553e-01
7.514769246072204867e-01
8.774856060307193450e-01
6.658089135680616000e-01
6.639419048629831011e-01
5.244879786838618774e-01
8.866955224663604085e-01
6.529005173892751257e-01
8.867476744664226640e-01
7.839656844031620553e-01
8.605072460167013659e-01
6.152040581705868760e-01
8.594197030202821441e-01
7.873628283284530571e-01
6.427581152657155794e-01
7.182465447641751544e-01
7.505104771561414978e-01
6.795604571971483043e-01
6.475771685158688840e-01
6.239838003073155948e-01
6.983952858956569143e-01
6.496556269806448292e-01
8.445453446846229451e-01
8.075354142226400800e-01
6.379999129395845792e-01
6.157489042086690123e-01
8.232643103322454525e-01
6.772052375328585505e-01
5.438444659818472138e-01
7.983908092246874144e-01
5.249060930315221363e-01
6.542453012117893651e-01
6.659050919796228873e-01
7.119754660735604368e-01
7.766489273115307901e-01
8.174688125011818629e-01
7.256709033617035898e-01
7.162964584222412112e-01
5.465837824895125596e-01
7.289985935282803364e-01
7.537952504499689788e-01
6.129760942628530440e-01
6.606377661572011561e-01
8.000038431416449658e-01
8.087022291186469758e-01
8.622134610593974458e-01
7.679941281064720515e-01
8.582195471016346167e-01
5.479222038835516173e-01
8.920412602147103076e-01
7.998650944332419410e-01
5.766236682328249596e-01
7.390583456941963725e-01
9.395513434096410821e-01
7.937590295996918011e-01
7.921959426380622560e-01
7.444484865884021252e-01
7.707208930471237673e-01
6.463452012145164405e-01
7.742536276816691654e-01
6.772969146519390859e-01
8.879310719916109207e-01
9.415846341668248076e-01
7.036424230270502678e-01
6.465526970086371561e-01
6.528153188104877103e-01
5.609584874314159642e-01
9.061485118864202049e-01
8.767564379412009501e-01
8.954969558814351860e-01
9.061485118864200938e-01
7.653607506045803088e-01
6.750588207811962782e-01
6.649570188505149471e-01
6.285071176869478915e-01
7.618544512124543200e-01
9.027626514960884752e-01
6.400042639398626498e-01
7.497860763881163404e-01
6.358417289702970043e-01
7.111098796256976051e-01
7.782044190693757635e-01
8.012065357025596191e-01
6.570305179901718695e-01
8.773252569628163799e-01
7.708209635524260195e-01
5.875601587009120497e-01
7.473058755033967770e-01
8.574430696588217771e-01
6.730497500876351236e-01
8.871826655860770572e-01
6.892947010507808336e-01
7.516521517852779999e-01
6.660330947763751785e-01
