-2.103339220091759998e-01
9.483066110063225196e-01
8.378542489292071238e-01
8.595450371351820440e-01
6.338128879092294055e-01
9.611226653742410697e-01
3.122944852363301327e-01
9.350653039079692697e-01
9.266740173323633201e-01
4.975616432367500619e-01
8.470442907474797778e-01
2.941462482596885475e-01
7.150950333401189241e-01
9.737510386096555060e-01
9.713652357730466758e-01
-2.086703376818760391e-01
-2.756491005851111620e-01
9.684765637049423948e-01
8.704700513740110113e-01
8.690569239383969524e-01
8.960555361332498414e-01
2.941462482596885475e-01
9.738354620890344870e-01
9.737510386096555060e-01
8.122521083014333509e-01
8.249305405236182498e-01
3.975269507130662072e-01
9.274650475205332700e-01
9.737510386096555060e-01
1.426513913630735042e-01
-1.913665050143390778e-01
5.949689533399360464e-03
9.737510386096555060e-01
9.737510386096555060e-01
9.398360375383443266e-01
9.557179476102890536e-01
9.738208510542259999e-01
9.737510386096555060e-01
4.199839234012501255e-01
3.343526765193810535e-01
9.707980855436006973e-01
9.493241336832553001e-01
9.636342382922014060e-01
9.720167472212988269e-01
8.380337274455211816e-01
7.161754026708315735e-01
9.331771408627997921e-01
8.318536176845312546e-01
6.319886199854110043e-01
9.228076533136906345e-01
-6.656808592154765669e-02
1.265013860322372341e-01
9.750033811787099935e-01
1.180168829412950593e-01
-1.033922945942567229e-01
9.260403324840299488e-01
9.737510386096555060e-01
9.320438359823571828e-01
-2.957018853983078288e-01
8.840893793107342802e-01
7.155722287141665916e-01
9.101067903044979257e-01
-2.735279556646155186e-01
8.257317397050143448e-01
9.227945491333389150e-01
3.461393791890848837e-01
8.814545499213830571e-01
9.411376378422764422e-01
9.779480000696897379e-01
8.085597756936291347e-01
9.301919426650496758e-01
9.747700155391394450e-01
9.107318923814908818e-01
9.737510386096555060e-01
9.737510386096555060e-01
3.832333550008124590e-01
9.670141548401336440e-01
3.064066289454504544e-01
9.102464557563483272e-01
9.775409865672577414e-01
8.496907389678829414e-01
7.082352471896149471e-01
9.320537487703048907e-01
8.984377481492552553e-01
-2.958251154688967821e-01
9.745443670022777560e-01
8.226159080164986426e-01
9.825289230530902529e-01
9.656839543996778019e-01
-2.614375755976749982e-02
3.902993134681425613e-01
3.201119384358565023e-01
-1.612424989701313482e-01
9.428738858596015238e-01
9.415929263985132192e-01
9.737510386096555060e-01
5.837755028965336823e-01
8.545732513173304179e-01
1.828741196534372504e-02
9.141754193096552905e-01
8.817124838210004256e-01
9.737510386096555060e-01
9.503548012791624977e-01
9.481853129141706304e-01
9.300747544045627757e-01
9.668168993058106064e-01
9.628314707784902948e-01
9.736771986970225168e-01
9.737510386096555060e-01
9.737510386096555060e-01
8.871971323616514304e-01
9.664115394159146222e-01
9.732733972928062638e-01
8.349118919279223672e-01
9.761351580896479030e-01
9.190778990176082797e-01
3.239522335925933139e-02
9.579795463135952760e-01
5.986656726181789345e-01
9.508063038036254078e-01
9.755392787953447442e-01
9.272591972555599416e-01
9.449241903500683604e-01
3.484619961804535926e-01
2.816705659567008135e-01
3.335615039451426123e-01
3.926755244820918644e-01
9.747679656898554645e-01
9.654006927960774309e-01
9.120383376885885518e-01
8.968785207848037899e-01
2.599044791175771918e-01
4.179776278797392441e-01
8.988153315463274229e-01
2.346449796202820237e-01
8.310730786169646667e-01
2.210597664504994064e-01
3.046378918007893177e-01
9.737510386096555060e-01
9.244413553392920591e-01
2.931282533031093207e-01
9.628554768038930511e-01
8.624683392391268022e-01
9.780829806902082701e-01
9.721903805075080562e-01
9.737510386096555060e-01
9.756751470483622235e-01
3.229367240715271259e-01
9.730762147670153350e-01
2.931282533031098758e-01
9.672707345962965331e-01
2.241060857089213765e-01
9.743146180917814370e-01
9.703114605894485045e-01
9.163310939229240004e-01
7.410778006938895102e-01
-1.788024852266750786e-01
9.387740863199853791e-01
9.186692934265167088e-01
9.781094827475599329e-01
6.621116602011162255e-01
3.233725585300754046e-01
2.931282533031093207e-01
8.755962735412241571e-01
-2.227879050814146611e-03
9.523808143746232968e-01
9.737510386096555060e-01
9.567428548459386839e-01
9.551341486308920770e-01
-3.169160036491461829e-01
2.931282533031093207e-01
9.668699421644029179e-01
2.931282533031093207e-01
2.458089593103828796e-01
9.737510386096555060e-01
9.278898457558559798e-01
9.339967926527963371e-01
2.931282533031098758e-01
9.312959596401011453e-01
2.254856902010525244e-01
9.737510386096555060e-01
8.417775061350118992e-02
6.943162958951132335e-02
8.285486923040188412e-01
9.737510386096555060e-01
2.931282533031098758e-01
9.116775770606473372e-01
9.466369172656271536e-01
1.577210190384695232e-02
8.747392991204676616e-01
8.695804474812243168e-01
-2.446330734357183290e-01
8.600482110269800362e-01
9.436345175201994451e-01
9.754044562901073023e-01
8.980890282225697518e-01
9.625123078748794025e-01
9.382755552041548430e-01
9.776570174170591265e-01
9.550003156024711171e-01
9.341942614693672375e-01
2.931282533031098758e-01
8.233273445451743111e-01
9.301719714908146530e-01
9.559452317087637763e-01
9.737510386096555060e-01
9.357455684841051724e-01
4.274826960418581234e-01
2.931282533031093207e-01
9.081982304580298315e-01
9.420882812251401006e-01
-1.436763933924295744e-01
2.931282533031093207e-01
9.630215924123555205e-01
8.668907915981006740e-01
8.710899091802951633e-01
8.069885406303927144e-01
9.737510386096555060e-01
9.564977004735798483e-01
8.839792409828943764e-01
9.552688253979878530e-01
8.563169844986754375e-01
8.452001379826972194e-01
9.744330470553468349e-01
-1.225049662266924910e-02
9.748159614411484597e-01
8.494456118290629743e-01
9.737510386096555060e-01
9.651993797730202829e-01
8.369598453508634295e-01
9.774999126329144694e-01
9.737510386096555060e-01
8.960304778579094576e-01
9.563793425228406253e-01
9.708183822461160517e-01
9.902766055230979858e-02
-3.552418018593732352e-02
8.482605136146639246e-01
9.369999119396275056e-01
9.399571819321907995e-01
7.655820676699651717e-01
2.931282533031098758e-01
8.268190655527867250e-01
8.976880041401240629e-01
9.495226194169574807e-01
9.639878664820813459e-01
9.162948158892184614e-01
9.737510386096555060e-01
9.677878909833718124e-01
8.768383087818183430e-01
8.126643883772739496e-01
3.184460867049885291e-01
9.056935782181837480e-01
2.931282533031098758e-01
9.642018291487775006e-01
2.931282533031098758e-01
9.704642209721703328e-01
9.737510386096555060e-01
-3.155037131000302253e-01
9.641765701390360155e-01
7.584162906596472187e-01
9.742626431405077003e-01
4.480575174719215181e-01
8.505612945148095516e-01
-1.903522983539487623e-01
1.814039947029737199e-02
9.737510386096555060e-01
-2.872361741394750534e-01
9.222664303985670387e-01
-1.616110562318628374e-01
9.479320867734271072e-01
-2.863841282344140038e-01
9.615653446015532957e-01
2.931282533031098758e-01
2.931282533031093207e-01
2.931282533031098758e-01
2.931282533031093207e-01
9.019409877795436792e-01
8.532237256950530035e-01
9.737062481141189885e-01
9.242975839404137250e-01
-2.637992056184637057e-01
2.931282533031093207e-01
9.737510386096555060e-01
9.743258392348614905e-01
9.160787684772642159e-01
-1.439259261891670527e-01
8.486529759347585244e-01
7.281093733909046462e-01
8.777082819751625964e-01
8.224680741086967117e-01
2.435564804671744576e-01
9.737510386096555060e-01
9.036123180972355229e-01
2.931282533031093207e-01
9.802535164271006796e-01
2.931282533031093207e-01
9.726416777450997975e-01
8.338697740710914186e-01
9.675159365440474390e-01
