8.858899094860961387e-01
-1.666801751046128044e-01
7.941351796237393623e-01
9.018739417528901514e-01
9.261066752566881055e-01
9.297761602153403748e-02
-2.602674422631948148e-01
2.000055266251211661e-01
9.048404273885853888e-01
9.214631153885785020e-01
-3.479960060139898337e-01
9.332379965876870243e-01
7.491364391000947531e-01
-8.088330400194596037e-02
-2.602019826599194854e-02
9.170486020954616846e-01
1.522458212792148491e-01
9.012877122581838263e-01
8.859391759839740921e-01
7.563757968079474203e-01
7.668085586998499847e-01
8.284294666041515098e-01
7.852168310684467523e-01
1.540799171546614887e-01
5.719674439321031229e-02
7.925308087924402001e-01
-4.751253405842245092e-01
2.421689466633613827e-02
7.472156209622899947e-01
-3.741900554543636792e-01
8.893356996636421208e-01
-3.348096972074219857e-01
8.992061381839319134e-01
-1.631957340351332664e-01
-2.482420717857815040e-01
-3.073118434164168189e-01
9.034046877363345329e-01
7.788408070087102786e-01
-4.327704970394177786e-01
-3.855926254436375378e-01
-3.031313027625456846e-02
-2.474529982562807540e-01
-3.698303894227257249e-01
8.725676841171515763e-01
7.655991403233444181e-01
8.697925565109114743e-01
2.120303171629659145e-01
6.762847180148275905e-01
7.020142266100215522e-02
-5.533010666225986196e-02
3.074743537311999675e-01
-4.895978895160971178e-02
1.352539807033658614e-01
9.178753640979104844e-01
6.976265858588026614e-01
2.045170757317606447e-01
7.935682098607654833e-01
-3.606413915858484032e-01
-4.237246692607038456e-01
-3.622003534903710520e-01
-3.164658823028800305e-01
4.198358490934970405e-02
-1.218755386850381567e-01
7.192624642643309363e-01
-1.780049481298283942e-01
-3.476529722489753449e-01
-1.578455929273829272e-01
-2.500483241622621922e-01
9.215542463588898281e-01
7.546094463124487506e-01
1.277219342302748917e-01
-3.509115554490805922e-01
9.026237202434456153e-01
2.338697014896634063e-01
1.729189302825811514e-01
9.226576407332098828e-01
-2.514985412150318872e-02
7.551034580925528594e-01
-1.995291389535570337e-01
8.758819659166853233e-01
-2.833420500018157817e-01
-1.650583477434183766e-01
9.242076041395576036e-01
2.154622930232749367e-01
8.905870965277540297e-01
7.868963843802136982e-01
-3.132635529527085239e-01
-4.379869922076820576e-02
-4.499504528704634243e-02
9.278258471810104657e-01
8.259176189675573321e-01
6.662251463740881396e-02
7.942220687212278030e-01
5.543411511489573090e-02
-1.518754485727925874e-01
-2.425452971156220883e-02
-7.039843269841081219e-02
7.607666225247130543e-01
-2.863771772317426634e-01
7.399277015672371949e-01
9.351028263317836542e-01
-1.218821168179087533e-01
8.925824906677047865e-01
-4.257277043638418856e-01
8.699525167795519875e-01
-1.521920301242555007e-01
2.088421753829827754e-01
8.848640423283367085e-01
-2.367953495928448171e-01
-2.262013054685304836e-01
-1.303665993844184412e-01
9.214557169097211675e-01
8.661421012518957241e-01
6.825877741002090993e-01
1.373292684543532538e-02
-2.245057001827258647e-01
-4.228633502143718803e-01
-2.199860431077688833e-03
8.390373631405904087e-01
-1.401051979015630888e-01
8.466369283624881614e-01
1.941238621861916813e-01
8.968203025799386108e-01
-2.139459861150664471e-02
1.510160358330608077e-01
7.079952407174909812e-01
9.243314143783503134e-01
7.066229077636992928e-01
9.293098467317221223e-01
9.170828147482686932e-01
-3.366609192990722699e-01
7.726298183099921113e-01
7.011107860338062769e-01
9.231892465903355216e-01
7.899800783481015776e-01
9.155483076853272451e-01
-3.587962482420128385e-01
-4.299076140810082630e-02
-3.382256443444517369e-01
1.109765408582837898e-01
3.337756860314816665e-02
-5.038613656247731276e-01
5.246615111252899560e-02
7.090874963349832472e-01
-6.695397462386762366e-02
-4.131976351536176817e-01
7.491214094221918529e-01
-1.743651919443953147e-01
8.809600362907171744e-01
8.707160743498810751e-01
-4.327564448687371557e-01
8.726578293650653073e-01
9.313040351822085006e-01
5.175598898582739471e-02
7.785434857961091026e-01
7.789631072096936393e-01
8.983323714180180275e-01
1.633101534512524933e-01
8.889273574294582758e-01
9.079550310677015901e-01
8.010351940405390225e-01
7.548054221178440715e-01
9.046756542609418750e-01
-1.207889959352591164e-01
1.365315181536712330e-01
-1.580096615747949573e-01
7.049778294828776826e-01
7.393201807993003971e-01
-1.491109438525961006e-01
7.656103311057201877e-01
-2.593290912911085933e-01
-3.763961827232745749e-01
9.041803062660312973e-01
9.228654702205347782e-01
-3.484084146129894366e-01
-3.849133815125645453e-01
4.325523312874989673e-02
-4.124375528929369317e-01
7.406944829318001799e-01
-3.808009923407402186e-01
7.403384895596729631e-01
9.121574110468765317e-01
7.973527876222006316e-01
9.174389747505730108e-01
-2.705621169802749360e-01
7.339657277255683399e-01
8.512006619471863822e-02
7.363566138146353524e-01
8.196929176765578307e-01
-3.414631825898735151e-01
-2.643086854753425863e-01
7.862701431091858595e-01
9.274508389680963250e-01
9.259251830154843210e-01
8.976926856363957041e-01
-3.026987971207710792e-01
-3.593537495243841196e-02
-4.252683523952499600e-01
-3.288313535890023953e-01
-3.581109743700272574e-01
-1.800550286772505393e-01
7.790878499234962229e-01
9.250971923045857581e-01
7.242504829188883830e-01
7.431421669708675459e-01
2.400372800327867928e-01
2.576698049299128712e-01
-4.105628209707629095e-01
-4.242134624192126502e-01
7.448299830190239224e-01
-3.765486281727321582e-01
-2.326737924865133339e-02
-3.346789952392172363e-01
7.200205892921640594e-01
-3.087851453354652498e-01
2.520823065462641788e-01
-3.748098398041992407e-01
2.903603003739864685e-01
8.551445935284343047e-01
1.342585515287958442e-01
7.761515077527996187e-01
-2.247796190739017042e-01
-6.524085424537386102e-02
-3.154768249873340369e-01
-2.856020661814133166e-01
7.904432358027422278e-01
-6.606246019418145210e-02
9.157684489754255308e-01
-1.784212323291584079e-01
9.339295975391610494e-01
-4.028996734685014736e-01
-3.187811341511209706e-02
-2.902728173833569736e-01
2.621268779939869287e-01
7.627186230520461852e-01
1.857286719157811850e-01
9.029874939762481123e-01
-5.643374437069582916e-02
-2.795544825210262707e-01
9.352303531016478155e-01
7.093921003224419319e-01
-4.109579532106431010e-01
9.038260960375251729e-01
-9.493276888449191098e-02
7.130767264544485284e-01
8.930264915422668759e-01
-3.088301224195574846e-01
8.930284673647729266e-01
8.803896696194315474e-01
8.509025388527302614e-01
7.822720481408820259e-01
-2.484418926892349444e-01
-6.460494268014511932e-02
7.896806178419296662e-01
9.073809949211828485e-01
-4.327702615429536159e-01
3.289036838470311280e-02
-3.985385859513609907e-01
1.376980092897216457e-01
9.026496394214407193e-01
-3.130393284988174374e-01
8.780393831976730512e-01
-4.376882001417459200e-01
-2.561285846265891619e-01
2.537122128996218695e-01
-1.293791621289075433e-01
-3.372583027033383418e-01
7.852444559510676214e-01
1.353516854753376297e-01
-4.346272510184754911e-01
6.669150595083604693e-02
-4.264593384855513980e-01
-1.088230065448005449e-02
7.886118537923236804e-01
7.723754450105324576e-01
-1.789860854233825405e-02
7.571002220879663458e-02
7.822129156450925436e-01
8.802834081378511089e-01
-7.274287271902983576e-02
-3.799269768191695928e-01
9.185880335799742058e-01
-3.877774357237899761e-01
1.760188320742873680e-01
8.687267990053110234e-01
4.284880164798589297e-03
-2.660529922842824191e-01
8.966256728885180216e-01
-3.830237037615757956e-01
-9.447691015438874906e-02
7.840002532912743183e-01
8.969759103244203668e-01
7.680297371965018050e-01
6.316548337170908578e-01
7.883203757502585951e-01
8.012879441881238796e-01
9.201711259250233699e-01
9.058826068553650357e-01
-3.960758565057183045e-01
-2.876214672653264470e-01
