8.066863043501254493e-01
9.316942747701383309e-01
-4.337414170242336331e-01
2.157158373334405466e-01
1.308312816024205794e-01
7.479145905392730054e-01
7.893900866390534121e-01
-1.532877016999025233e-01
-3.845975375548196240e-01
9.409187682369503092e-01
9.259126904860701668e-01
-1.552120910459059422e-01
7.338758420301982888e-01
7.706827588533506912e-01
7.093400220990816463e-01
3.237384075781162274e-01
-2.357490811430258959e-01
7.339119897916037694e-01
-3.472635999679976604e-01
-3.432016619081278974e-01
7.176333564404658860e-01
7.775588064499626695e-01
9.192965253735085884e-01
8.935449326433499984e-01
8.295290596492886914e-01
2.882147811324143882e-01
2.164728853622864269e-01
-2.157744810923105938e-01
1.754114912200301912e-01
-2.256674462717443153e-01
1.081439745341199188e-01
7.162821381688034839e-01
7.931322174432531291e-01
-7.764178199476828857e-02
8.589320386001807472e-01
9.220968545572452157e-01
9.211622024512889917e-01
-2.634238451757608956e-01
1.855326962147432202e-01
-1.817262336881161344e-01
-1.677950556740077648e-01
9.163247006373347325e-01
9.279144669780812205e-01
7.172361318323584589e-01
1.477421139511816139e-01
8.953085020469492283e-01
8.158334881400038929e-01
-7.740283032259090423e-02
-1.208655537744889596e-01
2.278548001193866912e-01
8.031138406933993057e-01
1.126722203791497845e-01
7.204690535828928155e-01
9.446815898357208141e-01
7.323278710131414515e-01
9.113762807364652607e-01
9.079209426201427791e-01
7.207156091257806985e-01
2.793908829895144219e-01
-3.989802202753993110e-01
-1.713212405713572806e-01
-2.590361994903683795e-01
9.161001440235894133e-01
9.172466068148655838e-01
9.090562082426361101e-01
3.520373364184893328e-01
9.350724527448447398e-01
-2.988160658548861259e-01
-2.894062732701034868e-01
2.398941922878982946e-01
-4.238223773972372155e-01
7.816752028115392381e-01
7.990787652201277735e-01
-3.986000132463236589e-01
-1.766518675771990843e-01
2.310058843794691175e-01
9.092255565196564193e-01
-3.249391613480435148e-01
9.304734380540908845e-01
8.941976450771048635e-01
9.055182739304536987e-01
2.483723235074475622e-01
1.147138323825416667e-01
2.409321574631031193e-01
8.928445964615348007e-01
2.019496221605510677e-01
9.428271712641820290e-01
-3.661130947523265622e-01
1.931370899632922356e-01
9.273948749835331240e-01
-4.621463026122053092e-02
-4.499006658582135332e-01
-3.327105323839578410e-02
7.425451793565938097e-01
-3.975417795608434113e-01
-3.404417600368380703e-01
-1.599941502260947279e-01
-3.846746052415426220e-01
9.011239553499563737e-01
-1.097832661856517622e-01
8.531694682162541676e-01
-3.518998542210979852e-01
8.410851311981608625e-01
8.315003810963319530e-01
7.637784867926624699e-01
7.327368422510769363e-01
9.260266739080830201e-01
-2.444092656302624955e-01
-1.521610117063416368e-01
9.146205157441281708e-01
8.838514514486111029e-01
-1.320854022789699767e-01
-3.003836275764887320e-01
-3.448855557750136747e-01
7.233354839012184900e-01
-2.633903668405723764e-01
9.256432169274988464e-01
2.178601116033173080e-01
1.975770884208541134e-01
-3.752315331831131973e-01
7.126027018649617739e-01
-2.284026653725239608e-01
9.151490100851089604e-01
7.521974511186786394e-01
8.004483277072151903e-01
9.269349636224174516e-01
3.117715007856754483e-01
9.043571420915939019e-01
7.045715681891489002e-01
6.723190880078061538e-01
9.154578357793352605e-01
8.621496938454995540e-01
8.618322611396861399e-01
-2.644892059637116710e-01
6.949208991927560142e-01
9.366478845411883025e-01
-3.287222544135455227e-01
7.353234248615959645e-01
7.177225099377603224e-01
2.420450103625912397e-02
1.317435404733002802e-01
-2.313051898782122751e-01
-9.625325310156800096e-03
-4.060375439786156337e-01
-1.961960351628350696e-01
8.764805356339526732e-01
-3.601277865957123736e-01
2.833510091315464829e-01
-2.121606042271435011e-01
-2.034662007537608175e-01
8.645326427577197936e-01
9.156610985664038749e-01
9.169505398780163352e-01
8.521265448578836665e-02
9.252267460293460699e-01
9.295223862281470906e-01
7.977928760940699027e-01
-3.822099500608814315e-01
9.351212072041992229e-02
-3.694477772759968692e-01
1.660366865437313821e-01
1.991455315763003275e-01
-3.035924925761921966e-01
6.412024333448264335e-03
1.771572041613332926e-01
7.659167542102300885e-01
-3.526171108875523208e-01
9.139518291576358422e-01
9.147148246528372662e-01
1.321529199342243166e-02
1.892650486859501560e-02
-3.244956249855313057e-01
-1.920999828661681674e-01
7.956655994275030341e-01
-1.517720193715746124e-01
-3.765937594856706983e-01
1.885669217229089811e-01
-1.257379687771442711e-01
-3.311785894171919153e-01
6.658424217142582258e-01
-2.569753060111484300e-01
-3.191839198455726501e-01
-3.269322382765609825e-01
-2.775405149121780157e-01
1.965264538393630411e-01
-3.070154745091767667e-01
8.676694123043238172e-01
-2.706740656139537959e-01
-1.509278027472919781e-01
-1.061931064588697571e-01
9.858777368000525010e-03
-3.454406396828266779e-01
9.386767022828170770e-01
9.056378550264501115e-01
9.189856171385858419e-01
-1.006494353568939543e-02
1.830587330085421682e-01
7.776591125082032985e-01
9.163761740706892756e-01
7.711238416142854879e-01
-2.832456675476028862e-01
7.393176029372942049e-01
-3.729415995795840044e-01
8.238923234045889554e-01
8.912518942750700113e-01
-3.414005281800767677e-01
-1.016321765626830020e-01
7.930810060995374666e-01
7.090336756311580446e-01
8.477108123080858704e-01
7.801034099951910106e-01
9.096684521577654836e-01
7.872675677951789242e-01
7.946701408562145685e-01
9.114974834360108913e-01
1.285861384919606276e-01
7.557677180817489182e-01
7.290131150234587798e-01
-3.684850994672356217e-01
-3.968169285441588978e-01
4.559525614957263967e-02
-1.889962356736824001e-01
-2.754251782702515361e-01
-1.750579774839300662e-01
-3.492872402925487618e-01
-2.899324364473219728e-01
9.011277416650547156e-01
7.904496435947286903e-01
7.071810851450102686e-04
-3.982235841708692825e-01
-3.343046259757752603e-01
3.202292256484333688e-01
-3.068463946802493791e-01
-2.511549915013128187e-01
8.587546599639527267e-01
-6.551003043515185587e-02
9.318032522138366414e-01
-1.820164628837332987e-01
7.125922894485862136e-01
9.200901999218985550e-01
-4.056482728808132876e-01
9.026072160232855301e-01
8.965403348227588554e-01
8.565176045958355910e-01
7.032851489158494784e-01
9.170277193007910777e-01
1.893288301956238262e-01
1.025638334735274049e-01
-3.899616912622059783e-01
7.561205672271454903e-01
-1.024314970491396748e-01
2.867174330162201024e-01
9.409659728215195029e-01
2.038335185810123684e-01
-1.434649163677972072e-01
1.733895554802996619e-01
5.622625939415799162e-02
4.741330746862603696e-01
-3.842772146603339323e-01
-3.718096643469456786e-01
9.129172998782884019e-01
-3.371816602609170599e-01
7.298921956922510557e-01
-4.187869248285435164e-01
9.342644145368602659e-01
9.314129332181075860e-01
7.251233355481715437e-01
7.924188341433993088e-01
-3.439486272719980420e-01
-3.292941264388735689e-01
-3.622000833703578060e-01
8.115193629802571751e-01
8.484761389212708282e-01
7.781381266669776808e-01
2.179035206071907593e-01
8.965954526406552105e-01
-3.711372970498347801e-01
8.930258741952313839e-01
-1.029676311677796274e-01
-1.766448465937892898e-01
2.705735955484002142e-01
9.376131023616814941e-01
8.786199579346359867e-01
8.093788621909692171e-01
8.206787979811764888e-01
-2.199805510638684347e-01
-5.443390301744380211e-02
-1.051883556661988156e-01
8.795804831624989273e-01
8.040679756648692056e-01
-2.795330122136691631e-01
-1.419713048430086277e-01
-2.848781609028828710e-01
8.508826263946370760e-01
8.123328036327499557e-01
-3.842746280111857815e-01
8.464279624584575279e-01
6.824587998473357064e-01
9.145683956634699241e-01
-3.961117562412445198e-02
