-4.069904368511019777e-01
-1.184586589592089012e-02
9.958198425273359633e-02
2.610646694537441248e-01
2.237549457823939936e-01
1.549899893227586478e-01
-4.748836243680343294e-01
-8.882798923476270536e-02
-3.565071696876596086e-01
-4.725619850192946947e-01
7.509811993941981623e-01
7.061442578286017957e-01
2.486347574807950267e-01
-1.531165055875789438e-01
-1.981033217156662474e-01
9.176552263871956550e-01
-1.314839121854207982e-01
7.788692644056715020e-01
-1.286755414080918702e-01
9.230437948330116882e-01
-3.529333571892364074e-01
4.444317942443363756e-01
-1.274510381912705437e-01
8.908149897444563869e-01
3.640453758624947467e-01
9.114396749395557995e-01
-1.644118205652992382e-01
-1.470325711460937212e-01
2.230772200732722976e-01
-3.679339139995772001e-01
-3.240616947752594235e-01
9.285906539712893704e-01
2.908518786891218372e-02
9.021523601629614086e-01
-4.162493588733801042e-01
2.839924906657460002e-01
6.785981061190268226e-01
2.218815221518281033e-01
-3.628669340502586604e-01
9.121905700948566009e-01
-3.461980683519680912e-01
-3.201211353277700344e-01
8.969818648578974374e-01
2.401728810318875251e-01
7.937621402110296431e-01
-6.576008673086014555e-02
2.216977729879944237e-01
2.402643451273310804e-01
-1.313317005828488482e-01
8.842736043399842538e-01
4.039679504200857085e-01
8.199934699603516064e-01
-3.412554039910525305e-01
9.048982908045816176e-01
2.191243499934596162e-01
8.574642264233623967e-01
-3.798007113200221330e-01
7.714889419413569760e-01
8.941122944309076725e-01
-1.056739347434113019e-01
-3.400254898946993287e-01
9.035733900838704979e-01
6.715144676218037789e-01
8.900052761202118523e-01
6.977282843602377049e-01
-4.305549985953895931e-01
7.240388406421638390e-01
9.062798669457381440e-01
-4.607298520952685106e-02
-2.596125886110274283e-01
-1.390937112804668530e-01
-2.285200543186161892e-01
8.760158526837745763e-01
7.937087863588579983e-01
7.985184104105423897e-01
9.173560511125399275e-01
8.050753902343009694e-01
3.104497766222135691e-01
8.987586907842533002e-01
9.372462212237562262e-01
9.043797774783907117e-01
8.852164858895018584e-01
-2.970609928006868738e-01
-1.286587309463864681e-01
9.169409250044271431e-01
2.790892081145225911e-01
-3.561403143204668886e-01
7.192645766426665199e-01
8.655009482193989356e-01
-3.783547958763519015e-01
-3.479734747956090835e-01
1.584013584028924893e-01
-3.980310590551027206e-01
8.280240077205256455e-01
7.788323583298556452e-01
8.543208625882845464e-01
8.270785534894269375e-01
7.535237198100008804e-03
-3.051876874170404985e-01
2.012389179549640972e-02
-3.663469702876359091e-01
8.678365044172908771e-01
7.595018373329184280e-01
9.318738364316737632e-01
2.845122326100522625e-01
-7.393460645916667684e-02
8.428071972931630018e-01
7.654973346408525670e-01
-3.933336808156349118e-01
7.592009311470021560e-01
-2.973094906522492642e-01
9.143204252976401269e-01
8.749762877306687114e-01
9.243385633284417757e-01
-3.787500616130283215e-01
2.046583268851551729e-01
8.823550036954774800e-01
6.818656244106285902e-01
-3.725534365988583119e-01
7.223697819112949725e-01
9.087769217571330937e-01
-4.085352489316637081e-01
-3.373578361889115751e-01
-1.136550347529844268e-01
9.328079987890558478e-01
8.218681232694525773e-01
8.162545972148639306e-01
1.878141792190762827e-01
-3.642650442907924280e-02
3.226400838532569870e-01
-1.126679891305297915e-01
-3.843579699028740193e-01
-2.744390257702019609e-01
5.227699864629174742e-02
8.050061069327708596e-01
1.730763611176598937e-01
-2.811839208586912053e-01
8.308557946804232541e-01
-3.591312299168760713e-01
5.869506366906819539e-02
7.436746568176727523e-01
2.426313157612771110e-01
7.620669281710585885e-01
-4.439341936256447907e-01
2.729764741999670119e-01
1.818639987555985549e-01
-1.346142073716901644e-01
8.933545257696769992e-01
9.078956031365411627e-01
7.269818122030757834e-02
9.012614297125186580e-01
9.129617684577714387e-01
-3.781562343129561687e-02
-3.455386337723520551e-01
8.903339407032508923e-01
-2.974665132428487291e-01
6.496298159248555804e-01
7.164428808104954527e-01
-1.024004532478084983e-01
8.414295518657511908e-01
2.179148416457832027e-01
8.505613219751608778e-01
3.891694697854092277e-01
9.281863596959836205e-01
-3.492832004846797012e-01
9.142972229174858301e-01
2.363119071744817778e-01
9.364175629188720151e-01
-4.669839079205660992e-01
-1.697114828476148363e-01
-4.304582386634585589e-01
8.003635921208624993e-01
2.481056216704789069e-02
2.313109683616614010e-01
8.443296847753202217e-01
-2.887234102125075252e-01
-2.809206392990460932e-01
7.177282102935474972e-01
9.297419384141693000e-01
8.968689651570254107e-01
2.049190408406349473e-01
-1.902962237724459271e-01
-1.195192233773301888e-01
-1.848371779979229856e-01
8.966425456632155511e-01
7.775628956226650068e-01
9.081189686638052594e-01
7.630875390005755765e-01
-3.495451195447413228e-02
-2.967686280100334528e-01
7.725127804192030156e-01
3.502428799981421870e-01
7.564676530287764988e-01
2.285538473007348304e-01
6.999340742072499566e-01
9.375690443160660248e-01
-3.061992083382999302e-02
-3.471012427635005171e-01
-2.590147034120814373e-01
-3.407625033840516737e-01
-3.361463682484721605e-01
-1.718166819986938765e-01
6.996064689964142103e-01
7.880883814201088411e-01
-1.986467439844877003e-01
9.017455669383298567e-01
9.072615465289278758e-01
3.934105210471553482e-01
7.605336020701398692e-01
7.546660141215287831e-01
1.307312624029101089e-01
-3.552772224156185432e-01
-7.484672588826599138e-02
8.046172583773000264e-01
7.409514552281145638e-01
-3.779235300793459262e-01
9.291560647164602837e-01
1.072403537451694644e-01
7.697855650401205230e-01
9.396187922292440486e-01
5.806713755803329796e-02
-1.277937330184856501e-01
7.613167249117316349e-01
9.151692549101090313e-01
8.883620207036470040e-01
1.887964816335605811e-01
-1.633378798320778147e-01
5.010161018301417801e-01
-9.043502317917288119e-03
9.347603575909757545e-01
9.028911635853962281e-01
-4.182543491026883276e-01
-3.227816451626770444e-01
9.007100853234855098e-01
9.209817011983559842e-01
-4.972965074201135538e-02
7.226540355933709359e-01
-2.989225673124186744e-01
7.639881981231688712e-01
-1.073333075103839740e-01
7.658748007105087297e-01
7.726310516115330040e-01
-1.722037611986733385e-01
7.632660234608513727e-01
-7.667283475138930715e-02
-3.255620327177808915e-01
-2.605304916415473460e-01
2.484477454670205865e-02
7.516429290942611141e-02
2.027016127685354052e-01
3.304487125024582750e-01
-1.493340519433742908e-01
7.566324560507438068e-01
7.268158569535371205e-01
8.087803995970348214e-02
-3.753842178450111366e-01
-2.448602764939573906e-01
-1.336943403204603475e-01
7.475155162105739937e-01
-1.975383589853446642e-01
-2.255489412341659949e-01
9.119616491732721597e-01
-2.639191920824833781e-01
-4.288833579980394495e-01
8.754238257323918582e-01
2.685002044382021613e-01
8.919970266861407815e-01
1.149308176201598725e-01
8.666148926610780512e-01
-4.496033312287031070e-01
-2.117939644769185614e-01
-1.150036704869554227e-01
-3.922774281721301270e-01
-3.060207784857156277e-01
-1.091535609493940184e-01
-4.031871320032986983e-01
-2.399391893331241365e-01
-2.185717232625992990e-01
8.048410060622041007e-01
-4.017360994264743135e-01
2.983172243633388024e-02
-2.558991032106957553e-01
7.376750796817759248e-01
-4.296056864562797228e-01
7.969194362535894083e-01
7.976212742537643896e-01
6.907252758549206062e-01
6.697460090943446742e-01
2.332841455714058931e-01
7.595331030168886999e-01
1.273425198059762176e-01
-4.167562976878520509e-01
9.057391378209691535e-01
-2.211689501889395337e-01
8.801072973713728320e-01
-3.531023822866423689e-01
1.525091542721040694e-01
-2.863724004511360444e-01
2.548769953639345998e-01
1.109716550525284562e-01
