7.275390537782000511e-01
-9.724268404112806907e-02
7.402155880717544711e-01
-3.798188871294623237e-01
6.530709727938582843e-01
-2.983696446016951831e-01
2.129303184110475922e-01
7.978645280475671342e-01
4.660267088101580774e-03
9.026489727655663264e-01
-2.743672179342422357e-01
9.177679806098753001e-01
2.081334541354591394e-01
-3.459465300932589304e-01
9.194411478398646365e-01
-3.219522755229577982e-01
9.223860030020778478e-01
-4.553631246681499323e-01
8.774094516552380929e-01
-2.706616749400680422e-01
2.185896015527878655e-01
7.940114777759752496e-01
8.942030123154927068e-01
1.868429312313069426e-02
1.817781678664092959e-01
-3.552925608959105475e-01
-3.667225656251127952e-01
8.436775399921290219e-01
-3.305157548540469392e-01
-3.599610865290295836e-01
9.354810409126312898e-01
7.400632321806737135e-01
6.835807149963815665e-02
9.035286381549721968e-01
-1.783692607109493289e-01
7.580790238260851632e-01
5.923116697587355040e-02
-2.666784744940364771e-02
7.903050265366000637e-01
-3.898052705657648609e-01
7.072885211006645356e-01
7.582083372318001446e-01
8.920506090731116222e-01
-2.097518816542245368e-01
6.947724043322219822e-01
6.815549790204785685e-01
8.104668426525230007e-01
9.332301425063349587e-01
8.951444637813241734e-01
-5.837324868625057978e-02
-4.409976776875769167e-01
-3.732049988074042646e-01
9.295755279234642066e-01
8.041436217674851061e-01
1.417258738376473426e-01
1.385970197687400735e-02
-2.414957315082915529e-02
-3.724817294226316355e-01
-3.403053595474186954e-01
-4.109896986224061965e-01
7.417184152390978724e-01
9.288215996194839619e-01
7.970234106075125835e-01
8.382512018390075870e-02
-2.367067482592402905e-01
6.614630169795222836e-02
9.019283683288396025e-01
7.268700367818430319e-01
-3.494843160960476314e-01
2.730075016849333180e-01
9.090551159378482682e-01
9.135288985842229259e-01
-3.835565656927625300e-01
-4.016325563149063527e-01
8.952379933268872492e-01
-2.441270850911135548e-02
-5.901030961736406649e-02
-8.681613762050874317e-02
7.980811897128818888e-01
3.081845999539270520e-01
-3.530545314707549814e-02
9.102521189734932294e-01
-1.292828721041996282e-02
7.215383606217122825e-01
7.709447686561401447e-01
9.064690890885548358e-01
7.686758280992778136e-01
-3.635393677663438239e-01
-3.339853241104784320e-01
-1.815208452786791493e-01
4.533149950775004766e-02
-1.995329147828811822e-01
8.860492667073449624e-01
9.298807483531714713e-01
9.657927000482005586e-02
8.269113202670190788e-01
8.450122897347757400e-02
-3.013704541948509230e-01
9.223688349691987476e-01
9.082692367650280207e-01
8.890734128698571936e-01
-3.023941908732421524e-01
-4.004259543685753098e-01
-6.065972157341877058e-02
9.069773830904113154e-01
9.284692907722090771e-01
-3.098583269842606347e-01
8.681837066862072572e-01
1.091068531440547718e-01
7.092345465648102198e-01
-4.226453286072617277e-01
7.209614006951162724e-01
7.228311696523382901e-01
8.951913920567396987e-01
-3.861222629815934670e-01
8.103551532039459104e-01
2.620228546512063939e-01
9.375551542927427207e-01
8.082763902729932504e-01
8.959847436230342632e-01
7.119832567783255239e-01
-1.709480159740245364e-01
7.023341603489416940e-01
3.716462138049597685e-02
9.079374775579193146e-01
9.171652371929694958e-01
-1.656969937026173123e-01
7.327088562758664603e-01
-4.091240956888517744e-01
-2.948704278846629723e-02
8.358726116503120140e-01
7.731289775328026304e-04
-3.733747448640623579e-01
9.060470174430356183e-01
7.997806231569900559e-01
6.664063197459512145e-01
1.705793664610356641e-01
8.175852174224870206e-01
7.198425696902798210e-01
2.250706975523118492e-01
-5.088994334359595029e-02
-3.136112482218108566e-01
-1.288820893740685591e-01
9.198278547625263757e-01
1.287919471751223233e-01
9.148900652987950188e-01
9.022733161984595185e-01
1.816115150413344093e-01
-3.197733761823698395e-01
9.329049466337568930e-01
8.041699174828733643e-01
8.191055429070077665e-01
9.062502263664105051e-01
-8.076086775626045711e-02
-3.799365864765135575e-02
-1.750037996528845674e-01
3.146883515601712755e-01
2.324380626991404478e-02
-2.434371375600445919e-01
9.025216605503947331e-01
7.143362370937876848e-01
-2.556800058997918401e-01
1.370300724491611555e-01
-9.813028235211071482e-02
7.261820343603865302e-01
-3.359469263072710210e-01
9.237467770988248006e-01
-3.603467877759091720e-01
7.844656548388312389e-02
-4.266514122876781667e-01
2.439648606243797202e-01
-3.265663857122579339e-01
-2.335406120750422310e-01
7.578831098942107047e-01
-2.548464690262136623e-01
-3.395011656718785464e-01
9.202451829742693823e-01
7.119265961925014263e-01
6.903937931176870602e-03
-3.713602609559589207e-01
9.186843031864314613e-01
9.113083851425284321e-01
7.363804877667960991e-01
-3.766518593987448760e-02
8.892853787724572800e-01
-3.530056055829406958e-01
-3.649102609392305130e-01
-2.659130972999034226e-01
-2.797804981916828804e-01
-3.437830996358851587e-01
7.242753493317161118e-01
-3.720084610627246713e-01
7.373567910870061359e-01
7.153932048285872591e-01
-4.657752621822822126e-01
-4.642786541449984705e-01
-3.780037911751638058e-01
-3.156582579264768373e-01
8.511310022476519244e-01
-3.690577477479765056e-01
-1.407785784081818092e-01
7.215829810730649552e-01
-4.452801933817931435e-01
9.277674602396235315e-01
-3.344754920213347527e-01
7.039554473957512215e-01
9.379748558698698391e-01
2.523921055556881954e-01
9.247761699546475089e-01
-3.173718449136833097e-01
7.492211788005574968e-01
8.053193144846843010e-01
7.576222450310208245e-01
7.287882059832363479e-01
9.152585479729874463e-01
-3.634088609468130726e-01
-2.049010273943082105e-01
-2.769237367172585618e-01
-1.028351582394286812e-01
9.065642953583304964e-01
8.910605522585161031e-01
-2.658869492488467046e-01
8.085428731402801716e-01
-1.068140662573811434e-01
-4.135137243038463639e-01
7.934725990315872890e-01
-3.667267119968145583e-01
-3.808040265562958049e-01
-2.490513094737832889e-01
-4.151426956604565288e-01
2.699110248658011524e-01
1.089550950051545869e-01
8.723829105975277054e-01
-3.498946665498741115e-01
2.864443991917316884e-02
1.890095642499385331e-01
8.928206264994900110e-01
8.754093423466882129e-01
7.887591633336061836e-01
7.272440769856193532e-02
1.749008363644096731e-01
-2.974986570115396578e-01
-1.966030202701446461e-02
-2.670144065181120352e-01
-3.052027722924005593e-01
7.819822836916563435e-01
-2.810429945354403491e-01
7.420166172815152450e-01
7.086772678168370421e-01
-3.352710811467133900e-01
8.032420757445875026e-01
-3.703957552443077339e-01
1.836289790519211318e-01
-3.505282129135686153e-01
9.340761263582119112e-01
9.095173228595542225e-01
9.236861215756873023e-01
7.439489335796809488e-01
9.144506630182385187e-01
9.141781516805790320e-01
8.888481083874961719e-01
9.073406354147975916e-01
2.383963727912958297e-01
9.077281358812935297e-01
-3.289778832036970302e-01
2.702974727752307516e-01
8.827364509638229162e-01
8.929641588057641854e-01
7.157492976152846076e-01
-4.092384855117493503e-01
9.163053798274003459e-01
9.005056499804309222e-01
-3.532653848323915047e-01
7.325990085716755917e-01
8.745385992054273139e-01
-3.361512526882278751e-01
-3.035661536383886250e-01
6.932227873030331888e-02
-9.464764163726645252e-02
-4.504304271341361687e-01
9.301380427174245069e-01
9.002608934930629303e-01
9.390138244540324752e-01
-1.875953243752693511e-01
-3.957511803992435628e-01
9.235334045933204505e-01
1.199942595533776274e-01
-8.062337977826926350e-02
-2.973206685817549877e-01
-3.705269502636407419e-01
-2.056030279569784347e-01
8.798427750857605867e-01
-5.502783548840459865e-02
8.647079642248531872e-01
-1.657369846057132057e-01
-2.031599045105566825e-01
7.457369307836617667e-01
8.881965759093412016e-01
2.060242619546599763e-01
1.042484750367106833e-01
