-4.314441828340948026e-01
5.952698684901969184e-02
-3.129060570545660336e-01
8.961542520507950194e-01
9.149324108905602104e-01
7.022005587436845886e-01
-4.074695873961655113e-01
7.773818697568908309e-01
-7.580637330638329008e-02
8.257236593620248533e-01
-1.809221923720216729e-01
-3.258385440845988357e-01
-3.736682653045331204e-01
7.839377062645650485e-01
8.476869175416005264e-01
-1.792106616587442469e-01
-3.272069547871572781e-01
-2.983231955516880141e-01
-3.036725253052949824e-01
9.059083406997940902e-01
2.264142069812599967e-01
8.129603654227576248e-01
3.633509506292014746e-01
9.349644574466963176e-01
9.051800998587633540e-01
8.396359052558604041e-01
7.960436024612966843e-01
7.554716242787122837e-01
6.255878593602831605e-01
1.602526335828017012e-01
-4.512460110709821670e-01
3.534009595459207398e-03
7.152434925494584039e-01
7.734983304563128881e-01
-1.141325824157916197e-02
1.679755427337896456e-01
-2.428811119536235935e-02
3.380902149548279390e-01
7.922143126087602960e-01
8.805828187467680257e-01
7.352975764626386024e-01
7.460097507644984915e-01
8.597101982587510571e-01
9.147978357499609858e-01
1.176978183619868806e-01
-1.626575542894089232e-01
9.060142857406177086e-01
7.558759418951274123e-01
-4.787792079044072557e-01
9.483154893993024637e-02
-2.532721452357294400e-01
7.043576083507624430e-02
-2.927553038610740677e-01
-2.820032496773499653e-01
8.538345710722683446e-01
8.360972851561002672e-01
9.141563853003710216e-01
1.440287479017999805e-01
1.164427452651818906e-01
-4.104355535006978112e-02
8.817992350190538842e-01
6.990394481563823037e-01
8.950063815902091768e-01
-3.611366123458996658e-01
7.025853703682861662e-01
8.124933849589451862e-01
1.152003343573455296e-01
-5.081758062173466484e-03
-2.389192617312613509e-01
6.821189888374806776e-02
8.243024434047410143e-01
1.437192259949130191e-01
8.585382155335322674e-01
7.233126543604487257e-02
-2.551213067886660690e-01
-3.877300172764068242e-01
-4.363087577325109878e-01
-3.137168458089838463e-01
-3.876821434926397414e-01
9.600033585024726757e-02
9.365568087321638480e-01
7.544265819864119926e-01
1.351884890020924601e-01
8.447870556243712858e-01
6.784557526135007732e-01
8.742288060427448881e-01
9.219927149375991560e-01
7.794146519985049038e-01
7.560591609436793092e-01
-1.911878525153306585e-01
8.835505020813052557e-01
9.027811340942432095e-01
6.833629377086281043e-01
8.710793511315572113e-01
8.330697947906573475e-01
7.923896141174917584e-01
9.327824637581141332e-01
9.384520872245338818e-01
-4.304592363085568696e-01
-2.606983217992925317e-01
-3.959735840109233629e-01
1.971276997350936977e-01
-2.415250416315311288e-01
2.925201921914910574e-01
6.685471959178455048e-01
8.999843392044091228e-01
3.729323593074501675e-02
7.631777907909369496e-01
-6.244925804005099779e-02
-3.768501578859304590e-01
9.083935416196298185e-01
-3.872097497946916378e-01
-1.613524302550880529e-01
1.041305629014918910e-01
9.162009299377134042e-01
1.754581315840295641e-01
8.879092551704123037e-01
8.711432026212579949e-01
7.702956945323261584e-01
-3.269478830055029261e-01
-3.475018101388135938e-01
8.723766152195862045e-01
2.530081054341193902e-01
-3.200782055399227222e-01
8.874336474997963631e-01
8.868457510566285507e-01
7.697427371275705754e-01
-3.801748855810925254e-01
1.316284057709669608e-01
7.099101708621167184e-01
1.747669834091212376e-02
-4.038812908414508851e-02
-4.070936318850037483e-01
9.242720487544822117e-01
-8.767620464411830794e-02
7.760494544244259663e-01
7.902653275078550532e-01
1.887172072480298446e-01
7.390347650675851976e-02
8.689982977405787956e-01
-1.443567088769569240e-01
9.145539632004802133e-01
7.763637026468109825e-01
1.755912998606609932e-01
1.936861187209798149e-02
-1.768438860688017478e-01
1.601452963124759543e-01
7.292771537077460398e-01
6.383021031677371671e-01
-1.360713435242335012e-01
-3.619439868911728531e-01
-2.007047682271732025e-01
2.937954518425654471e-01
-1.204155913153206053e-01
9.172010251538474934e-01
9.260362914714052041e-01
9.354004629987763275e-01
-4.077139749260745294e-01
2.424884820520581685e-01
1.041462245731700487e-01
-2.055237121102496123e-01
9.271222189584344964e-01
9.074775447065759337e-01
2.627786949119255422e-03
8.365719525212909069e-01
-3.690327894261080099e-01
-1.655740517852659910e-01
-2.199304383629746007e-01
8.923109746146968835e-01
-2.629730816172694552e-01
-4.322821759378691620e-01
7.433861095295047905e-01
8.118409169182805307e-01
-1.424091018998767111e-01
7.125880840351503376e-02
-4.587745120617732764e-01
3.319574757606047477e-02
-8.029850873433247438e-03
-2.890731584190933123e-01
8.876887233016250711e-01
-3.773664195908590924e-01
9.006958581567241495e-01
1.942169815159649204e-01
-5.502811452367990797e-02
7.833957954791582745e-01
-1.589109588472285839e-01
8.919800876463883643e-01
7.559963063329369071e-01
8.264685742053362594e-01
8.708185047573331339e-01
-2.832305113457083690e-01
8.865032313898638661e-01
7.094652126621839860e-01
8.663457300110865011e-01
-2.854355572854942458e-01
-1.911111131290780529e-01
1.370451663768565143e-01
3.026502493447223441e-01
8.072140621204002553e-01
9.140334112414769674e-01
-3.096952179862259014e-01
1.365522330978730658e-01
8.821375194934594210e-01
4.653087559537373574e-02
9.093398462947767102e-01
7.820233476763209790e-01
1.421170529938447780e-01
8.371967319683489839e-01
-2.939871108466940997e-01
-3.805849688626135041e-01
3.350312949466817125e-01
3.593385474251061806e-01
-2.925836319171537525e-01
-4.100890657900244096e-01
9.314365325538274121e-01
5.668589268140315773e-02
8.533177578565009913e-01
7.259164000672314598e-01
-3.105058101440850704e-01
7.651784877665404050e-01
9.269652710076711211e-01
6.902473327592407726e-01
6.825181713656540694e-01
-8.270143620009784424e-02
8.772510317303682248e-01
7.479037904106424772e-01
-3.787048585178152682e-01
-1.573783467347621423e-01
-3.882782224005094096e-01
-1.426881541144330301e-01
-3.155455876487480715e-01
-3.601661138708797116e-01
6.868363352569888391e-01
1.703380018316111300e-01
1.438162402372090976e-01
-2.336947592152159858e-01
9.125248139963333394e-01
-2.184110844617875857e-01
2.563013095581325729e-01
-4.061892730154542108e-01
-4.510820656722370203e-01
-3.699973621247338862e-01
-4.849749188757165319e-01
7.493617770968361569e-01
1.871703288558852762e-01
-3.788365276815147675e-01
-3.330211971093905987e-01
9.296231940863973753e-01
-8.911587772948040276e-02
7.319324611904731714e-01
2.743302382176410203e-01
8.931349190698768536e-01
8.200447546136482302e-01
7.970114749470549320e-01
-9.444971317872577488e-02
-3.719473566979375478e-01
7.734028095132949865e-01
-3.819554308659093844e-01
7.353590746568245962e-01
8.137766947413951346e-01
-3.349608931531237732e-01
8.545480049422772284e-01
9.104178230890159762e-01
8.250548174642371446e-01
8.874604562784849104e-01
1.063061812242212800e-01
-3.156593366529066857e-01
2.734579281182930033e-01
-2.739303081510641169e-01
-1.844052769996332997e-01
9.261150380307148211e-01
8.974323820015539521e-01
8.021550199122222669e-01
-3.328624234736972665e-01
7.818679985845330416e-01
1.137394389182192767e-01
-2.441337078849849240e-01
-4.144822075165492392e-01
-2.960713473688991182e-01
7.742831389714406320e-01
7.271884174115221533e-02
-2.476156642946786279e-01
-1.928880596724069363e-01
-2.092539729243793889e-01
9.100514898135175779e-01
9.171058260647764193e-01
3.015511741697493031e-01
9.198934980872708334e-01
9.093278027126669993e-01
9.230954219538953787e-01
7.533354396073772552e-01
-2.770115059386600298e-01
8.978826400357997617e-01
8.251138371228504687e-01
7.943768577651529883e-01
7.357243474201882183e-01
8.928218987787325256e-01
-1.222100217428977731e-01
7.110982113992374565e-01
9.409961329447376066e-01
