9.305399024172342770e-01
9.277432739412702078e-01
-2.188420139102250639e-01
7.914511426479423628e-01
-2.315493160572741072e-01
-3.250132365459048600e-01
8.828439312814727602e-01
-1.855406372399301673e-01
-2.368778103204235985e-01
7.607555087491433277e-01
8.740100819816593036e-01
9.271159948701808429e-02
-1.335361164849938886e-01
9.034637655553785507e-01
9.039371810123029150e-01
-2.012147461671461857e-01
-3.396051691959386387e-01
7.203151112413119783e-01
-8.105329610107130101e-02
8.040693512904911744e-01
-4.102222609593862979e-01
1.727523936827274897e-01
-2.713174018862473530e-02
-3.234829848556795007e-01
9.030097532658769577e-01
9.180507040948387987e-01
-3.013203289652710004e-01
9.131216171694801487e-01
2.787846364585375714e-01
7.703497860319022950e-01
-1.032116314801931334e-01
1.835301876131609500e-01
-2.301295663559835974e-02
7.715146969893387219e-01
1.716526122152111367e-01
8.086384838044277101e-01
4.342200448398805118e-02
9.312494332654441820e-01
9.056364487523093088e-01
3.030562926527087808e-01
-1.926254733795306207e-01
7.323597457324025894e-01
1.036129200955125396e-01
-3.781158200456094520e-01
-1.461933112567655735e-01
-3.433712880189547512e-02
-1.842383912294040527e-01
-4.447995196972782950e-02
8.805617991643749365e-01
9.208915301277986742e-01
-3.334231906661859202e-01
8.418267299197699227e-01
-3.423774509179658421e-01
7.314098879162035383e-01
7.633274621431642704e-01
9.289220053651251474e-01
-3.575426268021140164e-01
9.211109326908399897e-01
4.153613969957613283e-02
7.299418226322625936e-01
-3.612694350935993226e-01
1.639280961463346342e-01
8.197411460417288742e-01
6.617934555926395790e-01
1.028650931305316735e-01
8.011467810137518075e-01
-3.820535368058771697e-01
8.823638784468359475e-01
-3.307666300804600890e-01
1.229621852980713886e-01
8.810312079451932954e-01
-9.149994820262041806e-02
8.199115287440288391e-01
9.199030399382595036e-01
8.912483085756328638e-01
-2.543496052988869494e-01
6.775197839206532624e-01
9.333589963489747898e-01
1.144997371444102796e-01
1.978885362138346482e-01
9.013088699833451400e-01
9.806922660383435297e-02
3.252843887289383340e-01
7.355699138051655650e-01
-3.253677612935758079e-01
-3.806076007654197180e-01
8.106374834237203286e-01
-3.274524452693051702e-01
2.353046871641879534e-01
-2.934902244175598834e-02
2.333709660279559284e-01
8.397868910295438472e-01
-6.766383221450227026e-02
-1.933352806002373026e-01
-1.151112576219499167e-02
8.966524145649171773e-01
5.672342592462525923e-02
9.133804499638494834e-01
7.648301020376641057e-01
-3.113420088007063380e-01
7.484721634946476243e-01
8.078147711984814405e-01
7.622155609134477761e-01
7.929746164466416891e-01
-3.649775685323776719e-01
9.202508243716079894e-01
-3.068220690243912974e-01
8.903422277617415448e-01
1.978742199005824598e-01
-4.494827084007182449e-01
7.738803758785447462e-01
7.624495714024576154e-01
-2.138870754870138002e-01
9.014611750005566693e-01
7.622182162098447566e-01
9.240304774809181554e-01
8.144068133053005143e-01
9.246665884720469686e-01
-2.659802783776255564e-01
2.738592079195041329e-01
8.679505071508022418e-01
2.441514686941579360e-01
-3.284583542090899755e-01
-1.186888621401612498e-01
-3.264233561757072244e-01
-3.723666941354259602e-02
-4.439602060101796588e-01
8.721428379030331524e-01
7.369339546516083805e-01
-3.386194833491850686e-01
9.155151300209654064e-01
2.277646865541583243e-01
8.101493218211739400e-01
2.130553591384381495e-01
5.310252417927195656e-02
8.717472325729628269e-01
-4.399462644585947491e-01
2.712496341999300897e-01
8.661987260790739995e-01
-1.359694861020305789e-01
9.213431057517393885e-01
-1.095886481121062239e-01
-3.045242837304118488e-01
-1.708845514458713910e-01
7.394424513670377896e-01
8.763180531299218368e-01
-2.335589001989374358e-01
7.420613485674258936e-01
9.222746614336838622e-01
-3.014747616539795172e-01
-4.147499479063530003e-01
8.016616589327101305e-01
9.309461546036682522e-01
9.205257373006847654e-01
7.265798039368100980e-01
-4.103332555141669391e-01
-3.926635107731909491e-01
-3.751126009946858519e-01
-2.250777029154546471e-01
4.005530538095273402e-03
2.748716971819596955e-01
-3.737967191115117993e-01
8.987057734546393117e-01
-2.081053778238400598e-01
7.606893784327655172e-01
7.276578938618983861e-01
9.215958823814012213e-01
-2.936705603087918365e-02
9.225520166138346800e-01
-3.584180733781031636e-01
3.227645493396895660e-01
8.706165649746048230e-01
2.154020132350152050e-01
-3.674461731492562611e-01
-1.947660619782989044e-01
2.186136559794965017e-01
6.852554049126921565e-03
-2.122249619149165767e-01
9.288225409615418204e-01
9.288175721875658875e-01
9.285717886436866131e-01
9.167536363693800094e-01
-1.302729716067926036e-01
-3.639267419132709569e-01
-4.227314936527017397e-01
9.039631019245043531e-01
7.547015894721659235e-01
9.396935022354150346e-01
9.367834662398055734e-01
9.307866100845906265e-01
9.160168092381161253e-01
-1.857742804820449178e-01
8.573362040081794477e-01
-2.449826425056743362e-01
-3.111605980222487688e-01
7.330564891965343222e-01
9.262173363663521730e-01
8.132812734309217140e-01
-2.185894126207303945e-01
-3.922699298170038706e-01
8.559153482519437084e-01
2.480680505239317435e-01
9.314065998990598283e-01
9.335805539320900515e-01
9.232055605570533841e-01
-7.734654861693104899e-02
8.954422841622409202e-01
9.247143223179178362e-01
1.265613691445165168e-01
1.557805915310461198e-01
-2.228865549818893066e-01
9.120345229191730851e-01
-4.255690767469260116e-01
-1.546649846156366026e-01
-2.352904717293077264e-01
1.844641490124549477e-01
7.255241680001944804e-01
-2.324170760437214989e-01
6.792999001789259417e-01
-3.796588148164805054e-01
-3.624078587170685983e-01
-1.483292607403557117e-01
-4.062891170267735053e-01
-3.035381990752017978e-01
7.001007700028581970e-01
-3.734269987791287160e-01
-2.911042516236028166e-01
7.358061371971571507e-01
9.252985398892308311e-01
2.083932650833648925e-01
-3.464325340036067957e-01
-2.951885532814161883e-01
-3.313897964544130215e-01
-3.775227093801186151e-01
7.099771448573006793e-01
-1.910059670279676269e-02
8.746934126602882165e-01
2.453799526741550774e-01
8.990228339973590499e-01
-2.255604100790193495e-02
-3.127501795709975441e-01
7.490413627015540809e-01
7.401313144691206158e-01
6.748709477898032771e-01
9.246959013045351616e-01
-3.835388779515238045e-01
-3.433888532846413044e-01
1.250033467492901729e-01
2.243526749818815502e-01
9.126742026520295870e-01
-3.090577660997705922e-01
-2.800139611472322598e-01
7.177656548176677420e-01
-2.820578716519830942e-01
7.918543760351824945e-01
7.413428755977305995e-01
2.550301869676951938e-01
8.152755128030702014e-01
-1.951541638677452839e-01
-3.150755117077304046e-01
9.021465155692397486e-01
-4.249234038620687826e-01
-2.540769514345033175e-01
8.285658861713413037e-01
-2.828540178867006150e-01
7.319928642617303804e-01
4.004942660175334068e-02
7.487116588057243227e-01
8.954806223519451436e-01
8.849933534496786658e-01
9.168007486542195661e-01
-3.947731835159513231e-02
2.121718431144507810e-01
-4.058412817785878035e-01
-4.216357517324424431e-01
-8.916539417398522405e-02
-1.065909282719568613e-01
9.327015930368652841e-01
-3.410920287163235476e-01
-3.647600221985503599e-01
2.103291771779247643e-01
9.302287973688548872e-01
1.802980182357432071e-01
-3.902867324475763344e-01
-2.272132810571954042e-01
9.299605399597808963e-01
7.362609264800042963e-01
8.698812786808398645e-01
8.259691714078846170e-01
-2.294346467216629715e-01
-1.816345386898824549e-02
9.308767633895391747e-01
-3.866337334541931070e-01
7.353276705017305348e-01
-1.525631457405123015e-01
-4.044900707768432913e-01
8.002574425593541596e-01
-3.892488010674234888e-01
9.131880061094791445e-01
8.463162709044274035e-01
