-3.865202779368046571e-01
1.318522345061119427e-01
7.361695789290674252e-01
-2.409381085625662833e-01
-3.360316598430440060e-01
-3.455171477983384198e-01
2.842563074502654774e-01
-4.898463676293278724e-01
-2.415982513593649961e-01
-3.423583658717168632e-01
7.679444187092925311e-01
-3.545098595828131138e-01
9.012675720563507742e-01
9.252635270271376833e-03
-3.160176169006286284e-01
9.110778027992891825e-01
-4.264547054328070019e-01
9.184827579403781472e-01
-2.670788458316950553e-01
2.012335419812245896e-01
-2.108645311533544064e-01
7.998635529913531439e-01
7.341908024543593037e-01
-2.389368775130792655e-01
-4.349661701245031709e-01
8.021338519144329826e-01
1.385521640853973058e-01
2.597201898445125612e-01
7.802408636499240657e-01
1.498291902291485900e-01
8.950819271503692720e-01
-3.043500040807812779e-01
-4.817103721178687126e-01
1.714800010843406664e-01
-3.189997494778645803e-01
8.849984004366464596e-01
-4.011603645031052712e-01
7.681042457611506613e-01
7.624224606089132772e-01
8.186948963354482300e-01
7.430574392934667927e-01
-3.949735878106702680e-01
-3.969583757818676562e-01
8.888026880551440634e-01
6.881210805384417872e-01
-5.281346019442234585e-02
1.230677671921601435e-01
-4.159219274743558015e-01
7.584595213145547410e-01
9.310538731955489977e-01
1.520949165541485293e-01
9.119056984570935720e-01
-4.013210294140593382e-01
1.628794178033230178e-01
7.967335733597901148e-01
8.829367002821809640e-01
9.015406085240963430e-01
8.328489095460096525e-01
-5.790099316899628701e-02
7.283490256207464375e-01
9.193129123063610297e-01
7.914421685054077171e-01
-4.298013763374042284e-02
8.977539188509521262e-01
7.730074215879320088e-01
-3.664524940067980796e-01
7.169778350508136944e-01
7.507512558357885002e-01
2.873290384050811719e-01
7.904508216589134495e-02
-4.176429305789256530e-01
-4.573623669759355193e-01
8.913365865184006420e-01
-3.252673408733010030e-01
-3.697987355356798234e-01
-3.899247194785167014e-01
-2.025092712763773839e-01
7.317200380368257262e-01
7.137279410787606970e-01
-4.408245253883579795e-01
5.930365500947418905e-03
8.857135682961885248e-01
9.116679119664440334e-01
7.670761495811503350e-01
-4.500832204627861488e-01
3.376145832417147274e-01
-2.301982090976629480e-01
7.034879718465292253e-01
5.715093013555533341e-02
9.065152906731373944e-03
-4.216869529618508805e-01
-8.837796126501377969e-02
9.303611752789822109e-01
9.188052534007257188e-01
1.661558535037323814e-01
9.097316095411595027e-01
1.921279420763096976e-02
1.445864381414322941e-01
-4.194836644076899157e-01
5.960660137222729277e-03
2.767101101352757719e-02
7.928852965119297380e-01
8.882371400153294960e-01
-4.626350905710440720e-01
-4.025108363518922205e-01
-3.684437278145312744e-01
7.478940134473230916e-01
6.982805405989458425e-01
7.607479551999930534e-01
7.304087277565302072e-01
9.244983284780704524e-01
7.217151974821689464e-01
9.224871928028404167e-01
9.168286846158745229e-01
-4.538121962637693407e-01
9.176881456432335327e-01
8.907808706499997786e-01
-5.822550567316914227e-02
9.138414943905801557e-01
1.399547136436776751e-01
3.036555808657585009e-01
1.830732695087120832e-01
-4.113467431304746458e-01
-3.633455243755506214e-01
5.949387875439149376e-02
7.336139649629398463e-01
-1.354595142446367029e-01
7.385819270993430052e-01
-2.137131900018110833e-02
8.502112418468803501e-01
-3.556920045106587991e-01
-3.245914142221396625e-01
-3.948004829403776172e-01
7.643538357795826022e-01
-2.177066291064950476e-01
7.387832307743709137e-01
9.167167394692989912e-01
8.148067238285168212e-01
-2.235899975998906219e-01
2.022414254894993602e-01
-6.348391900308636426e-02
-3.320832427755929239e-01
-2.001001529934783307e-01
7.421395747280475907e-01
-2.607323538782636563e-01
8.836265265866001251e-01
-2.632395372983481474e-01
9.158183716561721921e-01
8.816419119753989841e-01
8.802807937034463626e-01
7.728768832713139858e-01
2.523162825493273087e-01
-2.501307913975019392e-01
9.183905745158363887e-01
-1.011098667231902920e-01
7.546894251081137650e-01
-4.028423481384124649e-01
7.430992619614026351e-01
-2.369074025725444455e-01
7.217996537526036871e-01
-3.958212139318024736e-01
8.695895063686938098e-01
7.753286708532663996e-01
8.656516887565020024e-01
-3.976888465200641987e-01
-4.089866125296962029e-02
-1.044177010123330807e-01
-1.100502072397124831e-01
-3.412689048606933340e-01
-2.648957744761040178e-01
-4.465138439529614534e-01
-3.609229221576151225e-01
4.496852354188374257e-02
-1.770618357932613463e-01
9.198746186584640938e-01
-1.102141976284571612e-01
7.771420173498194695e-01
7.702207616075789076e-01
2.592207914820476855e-01
8.785936263905881338e-01
8.977307095763831235e-01
-4.089179843563292005e-01
-2.882224319206044827e-01
-2.544532112667611812e-01
9.331567120131549764e-01
9.236394035508069811e-01
1.158427720097700286e-01
8.787304313957713386e-01
7.223092915938356118e-01
-1.136552656796026572e-01
9.052885030971001834e-01
1.298826811531051950e-01
-2.734118483678867895e-01
-1.938796262028399942e-01
7.640758585013134319e-01
1.272746926039321734e-02
-2.029996906484707875e-01
8.038754496414052264e-01
1.572320406606053309e-02
2.243640109570860797e-01
7.383715398624812742e-01
-4.624002537345727193e-01
-3.933682242773353099e-01
9.118600116435424674e-01
-3.533988988791876285e-01
1.927402514355471830e-01
9.296898033187075416e-01
8.240696204639627043e-01
-3.275741724088291895e-01
-1.617198799640141293e-01
8.963771759129539607e-01
-4.341070275966273928e-01
-1.965489013905338117e-02
-3.811107209250712557e-01
7.463851465718895906e-01
8.897934066085787519e-01
7.492021644310046247e-01
9.088569915571711455e-01
-4.306348975167918480e-01
9.148493836821370850e-01
-4.038682785217534432e-01
7.331282076891256771e-01
-4.283500560183530759e-01
-2.556944134168778748e-01
-3.947810717099916600e-01
-2.888012013857109705e-01
-1.996867264436419376e-01
1.490527474330702318e-01
-2.011236530366665165e-01
-2.671620948839112941e-01
-4.154006708142316540e-01
9.313327166780216437e-01
-7.532850458405185301e-02
8.992563330885512407e-01
7.744035617886246836e-01
-3.036947073414839604e-01
-1.879563590702515163e-01
8.351022479391675413e-01
1.556406226218068622e-01
8.847080752238194457e-01
9.123659299615891616e-01
8.914237297172139529e-01
8.077461151084962543e-01
7.824660994931651459e-01
-4.128064068052234026e-01
7.826309506378613667e-01
1.129737733059723720e-01
-4.318119192193625167e-01
8.677699988604498094e-01
9.335698299764879637e-01
1.642984777475137714e-01
-4.250976321530537949e-01
3.193918010422709675e-02
-4.145794408132847941e-01
8.478800392653935702e-01
-4.187396197043227741e-01
9.273267783334073755e-01
-8.430018185242262041e-02
-4.367245043495491252e-01
-3.203560144304520851e-01
-3.368665067423144976e-01
-1.563822207418362753e-01
7.047907722005917197e-01
-4.671485584242789924e-01
1.784571650439633339e-01
6.366889230600747407e-02
9.128957150031073997e-01
-3.334011406841155267e-01
9.345404958027027087e-01
7.935473483426856989e-01
-3.016110207433687629e-01
-2.069597859452830813e-01
8.960879979150163654e-01
-2.633314436954921622e-01
8.204779117794095411e-01
8.912279176890185173e-03
9.239838785543286193e-01
2.768813851282589944e-01
-1.974485881308580271e-01
-2.959534520078100361e-01
-1.705311543037041910e-01
-1.060995725617396301e-01
-1.215365118023027102e-01
2.317677316120353437e-01
9.152389557759348371e-01
-3.906417261818574960e-01
7.624855655334297211e-01
8.918707121236819635e-01
7.350282336166490127e-03
2.175887350457034741e-01
-2.858284195942796813e-01
1.500382531715950818e-01
-1.738878068838773383e-01
4.833131084481499806e-02
-3.740948913171390777e-01
9.158443924888355347e-01
8.068863543441533448e-01
1.820538678977324520e-01
7.234714278844773805e-01
8.962830094883688092e-01
