2.980007873995887957e-01
8.748053526321872830e-01
8.330609465967782068e-01
7.188708101995526789e-01
-4.433541059856771493e-03
4.017334290219005954e-03
7.476118245854488364e-01
-2.312065467940782604e-01
-2.540798788544973985e-01
8.772064624072848371e-01
9.022867481861861494e-01
2.568749061367917585e-01
8.228804964041454006e-01
-2.039300028486882299e-01
9.944221163019811849e-02
8.783931696037643455e-01
-2.284940036658479889e-01
9.359106349635150091e-01
8.109179683296704466e-01
1.746601189017603362e-01
-2.642480530850889742e-01
8.567269041878776414e-02
-1.502538140988702309e-01
4.467998249154604695e-02
-3.694373579313907086e-01
8.519280213839128812e-01
9.309186889627341088e-01
8.010673994785438845e-01
2.677533344223305134e-01
7.876238648688411725e-01
-1.697224944805422464e-01
8.393332000736936083e-01
1.203534278881348840e-01
9.264276339167790697e-01
8.563713506244183815e-01
-3.627473319905449300e-01
1.856024154383374147e-01
1.429622891674185436e-01
8.232995094115607149e-01
7.220442047907188465e-02
1.719218480598532495e-01
7.714919873795633709e-01
-1.006201125678087421e-01
2.349215807786948773e-02
9.362314550955730397e-01
8.368720229798343180e-01
7.767636946632174855e-01
-3.525627040060486661e-01
3.999115246923319877e-01
8.203043472255101554e-01
6.305280833512832972e-02
9.406648265278453325e-01
8.711625574554768270e-02
9.419070485040721419e-01
-2.580734337989504940e-02
7.235013603955541273e-01
8.303283257558843333e-01
6.828591757717101807e-01
-1.518459438877680853e-02
-3.742326803366171073e-01
-1.959450148539843006e-01
7.900828470986999419e-02
7.914411948441650857e-01
9.255885798252996288e-01
3.465308654413096212e-01
7.034523442582774067e-01
-7.510162898812478005e-02
-2.917043086801413554e-01
-2.121188932145370576e-01
8.893682990626812224e-01
9.355956917364829373e-01
7.989868155899488844e-01
-3.932877082776834454e-01
-3.923372921075429232e-01
9.320187533216935938e-01
-3.958033149481604007e-01
-3.688395914302261547e-01
-3.952755169658138112e-01
8.123419851738318265e-01
-3.835393570784377815e-01
2.680084838796180369e-02
6.567525387262338477e-01
8.135301206823964959e-01
-1.691712231220252327e-01
7.019683716293766418e-01
8.782865795977339296e-01
7.781588189879785622e-01
9.346839205098863568e-01
7.663854456497581902e-01
1.859995777998028621e-01
1.450516956958733950e-01
7.275130603805124441e-01
-3.250285019543627252e-01
2.243929095632250237e-01
-2.844742577848870524e-01
8.557991682077265017e-01
7.717607330138118726e-01
8.103097104140398743e-01
7.996817522312249515e-01
9.388970749889665734e-01
8.505000747183195653e-01
9.244145734757220900e-01
8.796326306472137535e-01
1.702380587636890819e-01
7.143055248695673320e-01
1.768487194085591740e-01
8.073794368704435565e-01
-2.187345883617417552e-01
1.966954434324337531e-01
9.111062835898806611e-01
9.278704698578540411e-01
1.564670619484882785e-01
1.465281597279669001e-01
1.239207938027842987e-01
-2.600752199350214733e-01
9.010376666980881577e-01
8.254887146431475475e-01
-3.789371372496650597e-02
2.094190484304386257e-01
1.799328364862670115e-01
9.220731021429463548e-01
8.649235999621116555e-01
-3.858148125928133609e-01
9.293502799637958223e-01
-2.839587697992267956e-01
-3.534835860026766530e-01
2.247642837246018599e-01
2.908952461951656021e-01
-3.488663276664437651e-01
9.268879499904923991e-01
9.276069591747724274e-01
1.643253485348466214e-01
-3.020270785675363001e-01
-3.666844312234799896e-01
1.964983148083145892e-01
8.035557049968549137e-01
-3.760647061091308696e-02
-3.402623879526831541e-01
1.697146523743745528e-01
-3.465226959462182621e-01
1.625071135497529740e-01
-4.794318788762554073e-02
2.073307519683699751e-01
8.715459462186360140e-01
9.265606561430447252e-01
8.747525896009576973e-01
-1.613709308343810878e-01
-3.005381240261183473e-01
9.303723553671892077e-01
-2.184052630893340563e-01
7.532486414447133738e-01
8.662827247581624812e-01
9.208131692454432082e-01
8.835251795666870800e-01
9.307509788499417347e-01
9.178536007282558362e-01
9.097519681130238345e-01
-8.160724452004530782e-02
-3.492005209491824691e-01
6.801139547963920284e-01
-3.323280196466470160e-02
8.195748162956771887e-01
2.671112989987765030e-01
9.217156995817710197e-01
-3.279500432363861850e-02
7.324158106955509506e-01
-3.386615657425905423e-01
9.389077576797293379e-01
-5.772456085330892467e-02
-3.448187593230770953e-01
-2.111593063514969337e-01
9.405814420534066578e-01
8.199980520381258131e-01
5.548759267759696689e-02
7.574153130495889785e-01
9.020572489194864652e-01
-2.316690913101732696e-01
8.584715753966111196e-01
7.251416905642260602e-02
9.357986885851320435e-01
7.848037518333141893e-01
-3.862750125360879527e-03
8.831163504979926415e-01
7.085027356173448920e-01
1.814832787284527127e-01
8.490870593884752848e-01
-5.362450803704232188e-02
3.045178791837312507e-02
-2.762874589013557536e-01
9.042586786948823008e-01
2.054448246869979289e-01
9.237877324424850212e-01
9.278690892695125036e-01
2.059376253176780913e-01
7.953166032659977347e-01
-2.845594672970417904e-01
2.386982306340478532e-01
7.152255002010289298e-01
-2.309461520557099523e-01
7.326285174755102769e-01
-3.455590983231164870e-01
3.280889986528296998e-01
7.823565612568272876e-01
9.376321620920063937e-01
1.926210448088950256e-01
8.918991249765605422e-01
8.783169838027073961e-01
7.252757039223769464e-01
9.313971426319207492e-01
-2.228010759447723865e-01
-2.460402135274792346e-01
-1.975794436115354547e-01
-3.582968072753627276e-01
7.702654892585923951e-01
7.135883552809664243e-01
-2.227648929191945182e-01
-2.942315726167327172e-01
9.288307456879979496e-01
9.362071905979761910e-01
-4.169522322200527181e-02
8.168825138024604637e-01
-1.579470552319579141e-02
-4.952586651921546401e-02
-2.956967642784826822e-01
9.000369247280941565e-01
7.622198763204960370e-01
8.993219148269085972e-01
9.316484413345190729e-01
1.796094658924503040e-01
8.852478279676808670e-01
-3.724349285150808098e-01
-3.316950756708817449e-01
-3.243628678759022943e-01
9.248396538703179681e-01
-3.887106937882101043e-01
9.311072100145650898e-01
6.921839103812378324e-01
7.200474389898354755e-01
-1.021955228796981030e-01
-3.707856654584550382e-01
8.949579858641290020e-01
1.791517410533812749e-01
2.713194378284652930e-02
-4.036487480096530578e-01
-4.927789982102794702e-02
-2.180624586926581121e-01
1.608828454479120373e-01
-1.543782049938079992e-01
8.824765444702615813e-01
1.034350535072745547e-01
-3.505995477657026238e-01
8.470213075505034217e-01
-2.789797252639246786e-02
7.219995393858470445e-01
8.247307910145362797e-01
8.790670533402802356e-01
8.920111939485843022e-01
8.197315675301145577e-01
-2.635264449746291815e-01
7.215964898207021250e-01
6.342895406447957019e-02
9.235861889318445206e-01
9.065696189149420325e-01
-1.685607803833635010e-01
9.389016973549803025e-01
7.477692497952812545e-01
8.535015743525987686e-01
6.424551179815281288e-03
8.130576250883655431e-01
8.055003798637251355e-01
2.429846396184125179e-01
9.319797229360460289e-01
-2.095305906822197972e-01
8.757304936191583344e-01
2.271561934173288999e-01
2.171258050790744742e-01
-3.564611579328794688e-01
-2.793898556564646807e-01
-2.152085490506810417e-01
-3.809127490637210234e-01
7.524738128824631778e-01
-9.522604594449667059e-02
7.074228220067708683e-01
9.054793315453008029e-01
-7.048059600526043744e-02
2.519749414626863970e-01
7.945766385619214001e-01
1.883422801100508304e-01
9.161866045559194927e-01
9.003992575397848919e-01
9.109950795238811461e-01
-3.445580118428640537e-01
3.112990438111486180e-02
-1.906757648995607846e-01
9.531825383407418473e-01
-2.530921356100991337e-01
-3.779093530613084617e-01
9.185653451757630483e-01
-3.171176719404930622e-01
4.362807405776727987e-02
