9.024429580290550534e-01
8.646954517703794307e-01
-7.436527412801348380e-02
-1.642735336479743125e-01
-4.031174712916680281e-01
9.226660830936123103e-01
-2.865686147370901660e-01
-3.917522552980848838e-01
-9.438435282031683304e-02
7.365281233506801861e-01
-9.997162398223873037e-02
-1.692280735714589424e-01
9.000844526697009407e-01
-2.139090189105987139e-01
9.114157032820852100e-01
7.621707356134789224e-01
-4.228699543911025871e-01
8.155353326500461852e-01
9.189010936167505417e-01
-4.133761075813963681e-01
-4.464399489109148744e-01
7.736322779472981637e-01
9.176554217873211794e-01
9.290943643281246445e-01
9.171724023933650605e-01
-2.059382206569258245e-01
9.147486428254880675e-01
1.146336617492026491e-02
1.375145102928228280e-02
7.430581973718666244e-01
9.311426632620626309e-01
-1.197114742884947264e-01
3.858769222816010869e-02
-4.380962950944997658e-01
1.217253809474919991e-03
-3.433489301406937866e-01
-4.672223898020037014e-01
9.243761810722038730e-01
5.131522157892122460e-02
8.889244650529307679e-01
-4.136991242992880680e-01
8.051856985904373154e-01
-3.415875345389279838e-01
-3.569655989210442915e-01
7.871247196189671280e-01
7.416813319011641426e-01
-2.529291135660762246e-01
-3.706178286503151176e-01
7.428135785505270983e-01
-4.175009252548178562e-01
9.210960953952771479e-01
8.035758244002211281e-02
1.214466430472012359e-01
7.472279006682029934e-01
9.243306053742980088e-01
-2.611337977517488862e-01
2.937397933723630561e-01
-6.947586476946537859e-02
2.185298649448256247e-01
-4.231122789575914034e-01
-3.221476859129750459e-01
6.917401103670911544e-01
8.678310089475415046e-01
-3.761021040738381505e-01
1.859196824687902871e-01
7.647006577254638060e-01
3.172448386613015980e-01
-3.629897571527456179e-01
-3.598785927404245522e-01
7.831229361207491246e-01
-1.400434882055467678e-01
2.804309006562096251e-01
-3.800601903549118421e-01
8.765212584342547686e-01
3.060628271169774650e-01
9.105208723520211711e-01
-3.295301984285846641e-01
1.743331800605732729e-01
1.122992384087673767e-01
-3.554540085751525247e-01
9.084319378334260175e-01
7.878449472329775993e-01
9.169817532314702424e-01
-3.441518104363999742e-02
-1.431544151765633544e-01
-3.523266678166669386e-01
1.574440727280196628e-01
1.989026088259656933e-01
7.604564114700708144e-01
7.197830347583251687e-01
-2.581442637725974709e-01
7.339789701864846139e-01
9.108406908280328729e-01
7.825517808650721552e-01
9.234301578207522176e-01
8.215657584632001242e-01
-4.668348428568407926e-01
1.608715133775167894e-01
-4.597426980805299768e-01
-3.700812867972125830e-01
-4.277757627270698526e-01
1.580204444791818430e-01
-2.165905997840088526e-01
-4.019794092379858075e-01
2.287119059271457977e-01
7.499913740447586852e-01
1.343356293864070850e-01
2.432259767378597004e-01
7.624464415994594013e-01
-2.205261302704808468e-01
-4.245465263822068569e-01
7.747740080976552868e-01
-4.672218328876167615e-01
2.495218186923475051e-02
8.606899845631328372e-01
1.427531924091339673e-02
-6.988516543196736028e-03
7.762902750966744758e-01
8.887080178088456739e-01
9.190599580113869571e-01
1.888278234455039450e-01
1.352870370861964933e-01
-3.570339892155668937e-01
7.534873996366245885e-01
7.750670263797482251e-01
7.549287826198231022e-01
7.581350265813783240e-01
1.255515287906562027e-01
-4.407433924219366084e-01
8.054166199619375854e-01
9.215684976748371726e-01
9.016273849674938390e-01
-2.077249965324896031e-01
-2.624101384331649633e-01
7.543826589219871925e-01
-2.223741518355681901e-02
8.653855762052123923e-01
7.248985530101849095e-01
1.440684079181324129e-01
-3.031881691767288611e-01
-6.718338911067095465e-02
-1.395897427645310107e-01
7.774726102918152471e-01
7.272177964411971063e-01
8.137034260819923093e-01
-2.783167326130158159e-01
1.957140316245263231e-02
-3.983265311400820963e-01
2.090638650492991080e-01
-9.539663689063261620e-02
7.484225237470617520e-01
-2.594108875627402777e-01
-4.389351919524236423e-01
9.191470398382868279e-01
9.327325750189456866e-01
-4.098679797183522044e-01
-7.983524245296455546e-02
9.172300173721075200e-01
8.950286518094182631e-01
9.189911888075370516e-01
7.941514105013097735e-01
-3.794264484681081906e-01
-9.024027166345023609e-02
-3.603029181815374793e-01
9.030511929140009331e-01
-4.379921339677786407e-01
-1.780770194442765908e-01
-1.325404533397523121e-01
5.070203850014046165e-02
-1.295757073931665115e-01
1.109030349218559364e-01
9.254084646655883484e-01
-4.050756347290390691e-01
7.303833095634318928e-01
1.859848567163406297e-01
8.687125923254297444e-01
2.543791659480905132e-01
8.467963047107057717e-01
-2.146594670598893084e-01
-2.180517435743137555e-01
7.777156619896383738e-01
-4.414220351127734476e-01
7.111482654711595575e-02
-6.225236892837601732e-02
-2.140463134411144663e-01
7.649829399048773126e-01
8.530321266620953802e-01
-2.507124330860473482e-01
1.308083489082583761e-01
-2.831394890456206959e-01
-2.382031408797549987e-01
7.343041632873118507e-01
8.958070112864822132e-01
7.282153327300123768e-01
-2.225458355023472029e-02
8.512151053226065800e-01
-2.529091928947096446e-01
-4.272167007983883602e-01
7.652530121339622404e-01
2.294727780507120896e-01
-2.375252889859547911e-01
-1.609202827319006213e-01
-2.463955138034446546e-01
-3.069504203578637402e-01
-6.493864107142839973e-03
-1.127355900432907981e-01
9.279070978518939583e-01
8.903867120017555647e-01
5.442733415169281191e-02
9.295932102113783069e-01
-1.604166957970822316e-01
-2.210263131424869132e-01
-2.327672461721305430e-01
6.750091993785703459e-02
2.021467815860022998e-01
9.079342987067293702e-01
9.030541948523479467e-01
-4.439409920550504429e-01
7.558294258416798916e-01
1.153459962096010927e-01
-3.363414173338484803e-01
8.963954944029897121e-01
-4.187554918224623002e-01
8.299718716717018330e-01
6.912462694168697297e-01
6.693077522554655712e-01
8.855535489449558595e-01
-1.738028439230132061e-01
2.693757314360913369e-01
8.757479104012135807e-01
8.948463183873656135e-01
-9.094387024062240699e-02
1.562931180956577126e-01
-4.353358034172913338e-01
-2.514481228319805362e-01
7.419648886376742913e-01
9.180193436847137178e-01
7.721821230878472830e-01
8.466265068163399965e-01
-9.394430915323634390e-02
-2.243047443713791222e-01
9.219447907050857260e-01
-2.971755354295240736e-01
9.240235339622011601e-01
-4.295533359107858717e-02
9.247840512503445742e-01
-3.816958911263078624e-01
9.390629072522124199e-01
8.088247463972592088e-01
-3.703021730014008361e-01
-3.764639425023763586e-01
3.575369477021044240e-01
9.097010405411602996e-01
-1.550214289034148596e-01
-1.465441130668645731e-01
7.016041123766082466e-01
7.059513853681047557e-01
8.883593081593378349e-01
-3.079420208192008568e-01
-8.349549332734038098e-02
-3.529319083296854620e-01
2.379996658726932779e-01
7.831425717678001108e-01
9.055079573585025354e-01
-3.018842013284928072e-01
-4.023411491636078585e-01
7.678365864655958273e-01
-2.150011588193742051e-01
9.332979503257180509e-01
-4.333810216888290823e-01
-3.161626311005543699e-01
-2.572849761383381173e-01
8.892549802918555679e-01
-2.333797202295620488e-01
7.479868780951932639e-01
8.951192478836144106e-01
6.608987777290682430e-01
7.984678873513607611e-01
-3.304992496486801046e-01
7.728448583052177634e-01
-3.344740600644456330e-01
-3.643521952996723323e-01
-2.997705901286144559e-01
-2.881163911947577372e-01
2.502969574677499365e-01
9.119631751717763857e-01
7.433021262583324740e-01
7.404533666553587690e-01
-3.549503072668045989e-01
3.352792918359252111e-02
-3.689951674701310025e-01
-4.030692854675458903e-01
7.938772157130641327e-01
7.478213025436106776e-01
2.573191532945660054e-01
1.013612216388206505e-01
7.237110035680113240e-01
9.261421094916004737e-01
8.992474501442115908e-01
-1.915255506739747260e-01
