7.398507840965641291e-01
9.353608324618991610e-01
2.831330016277338602e-01
9.313537445898198985e-01
9.368824145581033935e-01
7.023394896888189853e-01
9.136755815065922270e-01
9.118686703930722892e-01
7.288972431776479244e-01
7.284475176117594097e-01
8.264017931573344189e-01
7.921635742162794758e-01
7.059483558124436398e-01
9.190008761603811749e-01
1.544624091377646835e-01
-3.690044750687193620e-01
7.338274583610944202e-01
-7.697131711407265153e-02
7.671295651803415883e-01
7.599231234334904439e-01
9.164077687783730441e-01
-3.681185181305338672e-01
2.996640664181339855e-02
-3.286453902165357710e-01
8.269800419855669604e-01
-3.603958390399636391e-01
9.192416009503920904e-01
-3.016755896267937498e-01
8.627493744628890182e-01
8.859684882483344071e-01
9.011512046522477393e-01
7.507425076970252187e-01
1.529136235762765805e-01
-4.117072645254873375e-01
6.993084773871471871e-01
9.184024146553905199e-01
1.172516942867585232e-01
8.918999035767661843e-01
6.804796912659066832e-01
-3.487915859277220254e-01
8.989453459684167980e-01
7.793458099376238124e-01
6.529702181693300411e-02
2.122267125110221531e-01
-2.924393490014378649e-01
-1.784448034410850703e-01
1.407492836451567086e-01
1.279603476150870389e-01
9.352028681644403152e-01
8.951904595347848215e-01
-3.279684144074576646e-02
8.843709875645120455e-01
-3.310563636352920613e-01
8.479935302145138465e-01
-2.613573283143002524e-01
-3.497039863472384269e-02
-3.622207259060319373e-01
-4.193097971971399551e-01
8.512360531254278828e-02
-1.798693319457322914e-01
8.001255946497208837e-01
6.306034383181079173e-02
8.982819197174702897e-01
2.333155652950265058e-01
7.266201699870237229e-01
8.456162927788796191e-01
7.272415215673526667e-01
-3.347361388851313180e-01
7.922262728598309378e-01
-1.022572265457091789e-02
7.813515736349975205e-01
-1.422756839384581029e-01
-3.503633865762894040e-01
7.313617312490530153e-01
-2.299968092310381296e-01
7.565314505852074323e-01
8.453190333743755280e-01
-2.642946606349030891e-01
8.352299702527173908e-01
9.426898489207847787e-01
9.029386084113510957e-01
8.865664443699453612e-01
-4.443959966679107698e-02
1.162396896642319127e-01
7.003554140248194892e-01
9.194491671539115618e-01
-5.619396922106160985e-03
8.004005023196257840e-01
7.634455683029229833e-01
7.297482088386604282e-01
8.015827087077398438e-01
2.212979721148158330e-01
6.887049475785689268e-01
8.878743829195776538e-01
7.571355796918431968e-01
9.372519085459091182e-01
-4.234945446116287759e-01
8.731408037525727472e-01
-3.739056850012839606e-01
7.086956637628671896e-01
8.219677912152509869e-01
9.194545896497404724e-01
-3.564314360906504220e-01
-3.324762443748639495e-01
8.569902621187253100e-01
7.635159992110303051e-01
1.108156188526727981e-01
-2.284501168777205993e-01
8.575367102315776258e-01
1.372395429538094680e-01
9.087766583423201316e-02
-3.344137728809039589e-01
8.997042080237332984e-01
7.342928494284699514e-01
7.015521433935560935e-01
9.047197799059653045e-01
-9.712181486753446169e-02
-1.371600060729844806e-01
9.390714196053288054e-01
-3.882617872282807525e-01
-3.491653406702922569e-01
8.966142529885813284e-01
9.288758801771179741e-01
7.344441808531138038e-01
9.296062065990930989e-01
1.295930738709686059e-01
1.613308146022618683e-01
7.139009916726747340e-01
-1.583466781500587200e-02
8.769430970747857934e-01
-3.681838189475673540e-01
9.381041564229946061e-01
8.577313924527955047e-01
-3.380905221168685748e-01
8.809316963801314682e-01
-1.033181646728142250e-02
8.967948771686049536e-01
-2.103644657598347234e-01
-3.801343355019911607e-01
-2.790278347200558229e-01
9.033617587928746140e-01
7.421779699099788630e-01
7.905676308704931432e-02
1.069718704627753425e-01
-2.353100893679223038e-01
7.967119776278531740e-01
-1.807152972937268454e-01
-3.862745232948047169e-01
-3.065215913319748187e-01
7.772594104949142046e-01
-3.547514060813092840e-01
8.943675811063851455e-01
9.178692076901586727e-01
9.240712595083122594e-01
-3.779727565163517045e-01
6.159029858617856568e-02
9.199247915169481704e-01
4.588948145625919295e-02
8.993741969904882616e-01
8.821021600999224832e-01
-2.706172671963311127e-01
7.486515719085068410e-01
9.134299633484154191e-01
-3.623419440401736691e-01
3.950521890400659347e-02
8.250731254170992068e-01
-3.384808782360963497e-01
-1.430700606867882918e-01
9.212508864555936372e-02
8.465804653604650509e-01
-2.598325618523492087e-01
9.397905669441568577e-01
-3.337854213351789667e-01
-2.189074786022935926e-01
6.675429699576600484e-01
-1.982641001137014636e-01
-3.711696685660091921e-01
6.781171701411987662e-01
9.045832939359622626e-01
8.920200002215601387e-01
7.479302577868918167e-01
-2.761532042725824421e-01
-4.271205023910664700e-01
1.709816897622212228e-01
9.327300499179286275e-01
-3.353336885308003112e-01
-1.772552117591686960e-01
8.738388909238007374e-01
6.841089336321362069e-01
4.698112797359509096e-02
-4.356001354710545281e-01
-1.506234757960003834e-01
2.353185518984066485e-02
9.148423432528671739e-01
9.175642684029741147e-01
-3.233775156185595412e-01
-1.918882037185877243e-01
-1.755389902734947466e-02
-1.116124688725410874e-01
-1.285001149738826398e-01
5.395830699275372400e-02
8.477829062060078247e-01
8.215893302635144391e-01
1.890644720757249375e-01
8.195542464565912510e-01
9.250270642607985039e-01
7.618054162526297635e-01
9.382574606231689485e-01
7.880886862784910463e-01
9.270578595573616409e-01
-3.978596738772631203e-01
-3.834983116784568269e-01
8.167369333703284884e-01
2.055751867884409445e-01
-1.505072975637050114e-01
9.342715191065177616e-02
-6.942358451559764443e-03
-4.301816973793962662e-01
6.955734601259659922e-01
-4.352055052818079028e-01
1.715515159786528965e-01
9.240115449203029074e-01
7.418361243016129425e-01
-3.120572058776705515e-01
8.915377159072550572e-01
1.910409499653662191e-01
8.970528748111469275e-01
-3.073904900492816505e-01
9.049204397326765514e-01
6.812575072834868850e-01
-2.853922380826801053e-01
-1.454507549101773933e-01
8.986488107436098050e-01
7.741768167352440777e-01
8.519304362198604208e-01
9.257436158777520019e-01
9.202840309286988152e-01
1.111581886367306038e-01
9.050938885063721795e-01
9.033401854453703139e-01
9.249281956536776761e-01
3.696942170449973863e-02
9.242970798716778624e-01
9.220079619913038593e-01
8.994884988894492617e-01
-1.915619343525419016e-01
4.345511658289342993e-02
-3.043186124539069004e-01
-3.647732872649626923e-03
-3.849431814666682272e-01
8.636529909318421128e-01
-4.359479184718839662e-02
-6.240241967302841142e-02
-8.212060741267747377e-02
-2.980360989171051966e-01
9.423466564171184556e-01
9.158828762482660313e-01
-3.814153649772006327e-01
-2.292564879742586548e-01
-2.192455041399805349e-01
-4.032262273770389482e-01
-2.930396630020796200e-01
-3.086631193776783189e-01
6.893733930076165750e-01
9.073380627995698555e-01
7.472109183783791631e-01
-1.406444499623189098e-02
9.158203721894393468e-01
-2.038228501413533178e-01
6.621906122956380258e-01
-2.431498089914482796e-01
2.868785456636775977e-01
6.937120606096093545e-02
9.198397552830189783e-01
-1.360664625434294672e-01
-3.040758864939459016e-01
1.993205473692214180e-01
7.321937175003120357e-01
6.784295049378521458e-01
-3.913238981479049694e-01
7.196019034059301100e-01
2.910348736771729006e-01
-3.360906760255604753e-01
-8.947588338122372531e-02
-3.015097653877365502e-01
9.429825918557992459e-01
8.413463764997896055e-01
9.201062353609348321e-01
7.908635175966862718e-01
7.241423973409655268e-01
-4.065988287628747311e-01
-3.673331908593748807e-01
-3.848938145593486793e-01
6.354303650436819717e-02
-3.022537633166620941e-01
2.261228475548462402e-01
3.919917960970205340e-02
-3.065595958502919660e-01
9.196618826266178548e-01
7.500594182937854182e-01
