2.669396486384391642e-01
2.640072489186655047e-01
9.261596568863011969e-01
9.164357148548192278e-01
-7.649622027939588509e-02
-1.523965033481103348e-01
9.383585519781559858e-01
-2.347563226340630971e-01
1.044518080142642358e-01
-2.867813749770843912e-01
7.485987365870172550e-01
8.677476610569899718e-01
-1.641987021959518955e-01
9.468508234716377370e-02
-2.655201605615908345e-01
7.030184378372114073e-01
8.709510517049927625e-01
7.660361595134244084e-01
9.259988686713254147e-01
7.284093073776328753e-01
-3.623222124677759060e-01
-4.456678793829809138e-01
1.933227736422771792e-01
9.030701866124476451e-01
-3.586024704947515795e-01
-3.716902614036702301e-01
8.544563266924108946e-01
-5.390637913346232879e-02
6.117120734309298286e-02
1.725502902974054287e-01
7.403477300871750266e-01
9.206341865828312487e-01
-3.222785678040746005e-01
-1.229652965495765249e-01
9.321846427585447348e-01
7.579682442058847114e-01
-3.979484820875641149e-01
-3.537276363886686092e-01
-3.778192545777427913e-01
-7.989244167567072230e-02
-4.636069074691432923e-01
-3.401081337702018814e-01
-1.177109981813502237e-01
2.814571708436594891e-02
1.613500374800639070e-01
-3.734983437432454201e-01
9.196441058826911874e-01
7.180280919752074498e-01
-1.905289287534806530e-01
-2.071489017358711937e-01
7.498303893554397748e-01
9.288810119688897249e-01
-1.899360816582549571e-01
7.755145971432493290e-01
1.702075937029716712e-01
-2.135741667159907209e-01
8.018275395424633301e-01
7.466033700505628756e-01
8.958271694701170906e-01
7.288183637737708498e-01
7.492465333208025990e-01
-1.766737993685722485e-01
-3.717392425525322674e-01
6.777680148205333932e-02
9.085430806568327577e-01
-2.425783258711953216e-01
-1.751480194139604096e-02
6.871807496583748343e-01
-3.937130343009291322e-01
-3.654676934288019208e-01
9.418071245207200182e-01
8.899323652780797289e-01
8.915069114617433232e-01
-3.734437854171739901e-01
9.354188096327376023e-01
8.855270710988039085e-01
1.567001339998182197e-01
8.785650484611148281e-01
-4.122453287875657013e-01
6.790707572974222783e-01
8.273556712266698643e-01
-2.213002151141519047e-01
-3.727375671300023341e-01
2.084112112450211274e-01
9.128038213687812430e-01
-6.131242260554360668e-02
-1.587010819132554373e-01
-5.159178809707423707e-02
2.190799666625530273e-01
-3.321891053873616828e-01
9.071301079783431476e-01
-3.056530063031380751e-01
1.943950874214661617e-01
-3.879085282498026532e-01
7.483566853085019677e-01
8.289396178924268721e-01
8.314625566265977374e-01
-2.837679063497535181e-01
8.640271161794507160e-01
8.726824979572140872e-01
-3.751103609275167616e-01
7.158639310507265430e-01
7.723503487538193601e-01
-6.603894986930154698e-03
8.066377187665030313e-01
9.242485270581014545e-01
8.593066346991919957e-01
7.357599179345676310e-01
6.650344512791520613e-01
-1.197227182688046232e-01
1.854448744428181806e-01
-3.508126785378219425e-01
2.595171198956189862e-01
8.796521188501850164e-01
9.383644151186167903e-01
7.464670176864132145e-01
9.057015749038793695e-01
-9.295890692573864633e-02
1.822636085906595982e-01
9.185429304732167788e-01
-9.583854808935006464e-02
-3.921930745072070290e-01
-3.584172146450337326e-01
-3.142964710544437490e-01
7.091384077529935270e-01
8.646251238301719821e-01
-3.893515045073308589e-01
9.196789819408370814e-01
-4.323223161891531219e-01
7.391166713727184145e-01
-3.518285496593453465e-01
9.386769325315870161e-01
9.282357769049733864e-01
-3.981998080250649386e-01
9.159462043919466279e-01
-3.615765228492965333e-01
2.478846785197556524e-01
1.001207528349371961e-01
-1.266029461235794185e-01
8.216493977572598695e-01
8.554494938059398201e-01
8.747096324808234513e-01
9.133303453469717725e-01
8.825836671625997276e-01
7.978264298361392726e-01
-3.943131131271033762e-01
6.615583491080766487e-01
-2.490431343940039954e-01
8.512016974716309914e-01
9.390184617379504495e-01
8.794142019288028189e-01
7.481376819971056191e-01
-2.524970599311717606e-02
8.448840950895012414e-01
9.097240256631691224e-01
8.911455863924272469e-01
-2.081260174837801791e-01
-1.759321070404910037e-01
9.497856180712403729e-02
7.362212642420594699e-01
7.584639089500259113e-01
8.759406701370491266e-01
8.486073416532595726e-01
-1.915899135278098520e-01
2.087156745119368717e-01
2.179367707687730471e-01
9.177185959686328109e-01
8.164129857485422637e-01
-3.940034995671101714e-01
8.904632684554388833e-01
8.886209392291162246e-01
-3.422122725191408810e-01
-1.854616160722513951e-01
-2.370395877841522669e-01
-4.316576456952089247e-01
-3.572217113662439214e-01
9.049874683938035069e-01
7.063718784649956062e-01
-3.815884755221504721e-01
-2.947764018139689690e-03
-1.864695562542092178e-01
-3.833432244482395945e-01
-3.725913362603419654e-01
9.249475280000066801e-01
-3.236638600178069480e-01
-3.742407182893826012e-01
-4.011807015120960607e-01
-3.022220530981387099e-01
-2.653532461895924399e-01
9.312801922944992095e-01
-4.118087021525860258e-01
9.265160674275333408e-01
8.338853433324163733e-01
1.850327832718584239e-02
7.551852033738030157e-01
9.292624308035634106e-01
9.244988603920437642e-01
7.345852091336138034e-01
-3.951841894313709025e-01
1.281256465743826345e-01
3.419058234366738613e-01
-7.373624963958706757e-03
7.468919511959345447e-01
-2.250635899414527574e-01
-3.612447734201525984e-01
-3.743932705310376030e-01
2.290454577711750761e-01
-3.488790346166857903e-01
-4.049212067407183535e-01
8.332426398334190631e-01
8.973046602510754699e-01
7.800635607856873932e-01
-3.804771766521204412e-01
-1.747022543086876600e-01
9.236156017814445285e-01
7.814605562261554006e-01
-1.471639461190327181e-01
8.617659161669630752e-01
-3.328723242073827193e-01
1.326584582246480015e-01
-2.966992019956754545e-01
7.640057638986403887e-01
9.084321204059773169e-01
7.981680651069059662e-01
8.826799387963777388e-01
8.927180985981439942e-01
-3.185737524129627074e-01
-1.841804421816933268e-01
-1.871571410191080198e-01
-1.622499956079648253e-01
1.402497627418630988e-01
-1.960635058732471125e-01
-3.735782429261539916e-01
7.097122953658151212e-02
8.380031465738045915e-01
-3.451734366032216950e-01
-2.964195505885703352e-01
9.174063927616352698e-01
-1.098950667396658837e-01
8.606218508867897743e-01
8.609146480444878069e-01
7.788336862286553419e-01
7.753155812676504333e-01
7.870979393560113557e-01
7.375299528332829313e-01
2.516340347232146057e-01
-3.704773856812799138e-01
1.996862870827063319e-01
7.428789086048765977e-01
-3.946201696136796000e-02
-1.738588536305945009e-01
9.117207285024282459e-01
8.757568572255091111e-01
-4.181192981378167861e-02
7.125236903540452804e-01
1.942598823783241446e-01
8.207147109789957318e-01
9.019586094710356772e-01
7.917464021567875987e-01
-1.887304453221432324e-02
7.747528028544777845e-01
7.484915996270739003e-01
7.862758189493773697e-01
7.403463381214356875e-01
8.973731718251035661e-01
9.266244661132186922e-01
2.240014611501198738e-01
9.099555747818921514e-02
-3.867417941919575330e-01
-3.771468923395352446e-01
7.757194974066891069e-01
6.740247952997390213e-01
2.275497499163523230e-01
-1.405753442624963490e-01
-3.226828578328612140e-01
8.854566670854616683e-01
2.201432989653575867e-01
-3.623784362095253120e-01
9.241143680005283745e-01
8.766951415146558846e-01
-3.152979183817588016e-01
8.867217176051263028e-01
-2.791915198220247252e-01
-3.577132294806385504e-01
8.480005659525534645e-01
1.360316008381097508e-01
7.610574956959086368e-01
8.930119369781924776e-01
8.650997758986198605e-01
-4.604214802935706619e-01
-1.778341699116293140e-01
8.680448310510490151e-01
8.011512267393799958e-01
1.813488328624709156e-01
8.478287834969636672e-01
9.227396618036447506e-01
9.319753593881867637e-01
-1.059280170736714988e-01
7.231075929458034013e-01
-2.603454421451063538e-01
