7.383266604749814110e-01
-4.796077161292258695e-01
8.795592754473123831e-01
2.461378123583077282e-01
9.028515544340335319e-01
-4.681117703345287762e-01
8.769228298945006550e-01
-1.788707307991390660e-01
2.699572491447972400e-01
-1.588577605998812703e-01
1.110210428318926384e-01
9.107386812277432631e-01
7.381479853564231197e-01
6.841943459891518531e-01
2.768169230533643055e-01
8.576084124663336805e-01
1.285636283585800121e-01
9.232601432358451543e-01
-3.503319102182791966e-01
9.328537483838432731e-01
-3.931585963589605548e-01
-2.447317729611351855e-01
9.082099043842837283e-01
9.109902825578821695e-01
2.140934727604197896e-01
-2.368559980884123173e-01
9.034687953113261782e-01
1.825433629293111704e-01
3.394039535791315565e-01
9.332863442944498988e-01
-1.519010476176666513e-01
9.134843330051470867e-01
-1.674208316742600289e-01
7.331807902658800113e-01
7.462861388547009645e-01
-4.453296039249100557e-01
9.350239588668736168e-01
7.792247391852061833e-01
8.064215589615619795e-01
-3.844141349027042076e-01
-3.782596143695059476e-01
-3.914740031841875689e-01
1.750381025061525653e-01
-1.275872835073262601e-01
7.518864207372748520e-01
-3.196493408205486331e-02
8.673634461596699818e-01
-3.202737381669414352e-01
7.681442990041192909e-01
7.647351162316432527e-01
-1.117314322397884238e-02
9.193944888826706130e-01
-6.214552108032007915e-02
-3.516591746297381693e-01
9.339042446220120475e-01
9.025528225326543419e-01
2.981446490748925759e-01
-3.472999730461933110e-01
-4.002461486285492365e-01
-4.282299397453918077e-01
-4.209083322203591715e-01
7.643940461907092754e-01
9.076778509898114633e-01
1.774683267303815981e-01
-3.111049022010020093e-01
-2.257716670251429525e-01
-1.143893358751209011e-01
-2.890948388276483594e-01
9.058695319560348125e-01
2.167620411409874048e-01
-3.890530632430973523e-01
-2.042937682971811275e-02
-1.437508253762933841e-01
9.190620006876155657e-01
-1.566097237309125312e-01
-2.383320097918029401e-01
7.406416537759494823e-01
7.362241491767728130e-01
-3.910411485510262852e-01
-2.197139232060860425e-01
3.082693662685908609e-01
8.981869172682191982e-01
7.573683413816527654e-01
6.882237746900881081e-01
-2.676328100544533295e-01
-2.734906481601510619e-01
9.020362851176677577e-01
9.423819725378219658e-01
-3.145165566002708912e-01
7.479410918133949648e-01
-1.976354228915441769e-03
-2.921378813363344484e-01
8.424758564024017460e-01
2.882431824464478098e-01
8.840584106282033394e-01
1.776673528602085161e-01
7.328249762549176038e-01
2.714546822183107055e-01
1.329573247415971604e-01
9.079343812681615056e-01
-6.156201979640497923e-02
-4.735322533399781153e-01
7.824726343919299332e-01
9.048883801650027259e-01
-1.533759554692088606e-02
8.926409298348559895e-01
9.224074582059736960e-01
8.998930862550150733e-01
-6.161593556585148734e-02
7.157755569511435878e-01
-3.088318751156338138e-01
2.715525092186457101e-01
1.582275039821494714e-02
9.078184941866102031e-01
-8.530267048591274465e-03
-4.255772589492770042e-01
-1.412808134527139547e-01
2.949819030795504116e-01
8.952709603434835239e-01
-2.024405786151103545e-02
-3.983853219516866884e-01
-1.631586373352728603e-01
5.725609383052753659e-02
7.715337463529929884e-01
9.246666015514862780e-01
2.792428568072408690e-01
-4.311429871763055588e-01
9.302116758863697710e-01
-1.988295290040042740e-01
1.306572750643038572e-01
-4.288438100436502975e-01
2.233702274874212190e-01
7.785366592133301511e-01
1.969762399976821288e-01
-3.646694814600165979e-01
-3.326028334258290253e-01
9.025544055117072917e-01
7.792378806802028324e-01
-4.327729915495531210e-01
8.883705190475414959e-01
-1.623518638011490489e-01
8.797508562329048321e-01
-2.223473182050429986e-01
-6.555697158767084809e-02
2.027959553144307869e-01
-8.765882447579885495e-02
7.721927838774742536e-01
-4.371959094116356637e-01
-1.821391446930081259e-01
9.131512122370708529e-01
-3.179700214416535942e-01
1.888235428512099467e-01
7.214182459250630119e-02
7.725163334101553536e-01
-3.671399328462571221e-01
-3.720492158093546831e-01
9.321433260909259833e-01
3.127744277041595300e-01
-4.006472631839597121e-01
8.531165966667095812e-01
-4.192716756170131731e-01
9.100830099505012871e-01
7.579717069555013120e-01
7.689772544891178008e-01
2.822220846744766601e-02
9.031155898895535383e-01
7.796985569489202073e-01
-8.963457506461947055e-02
-1.870228735559763267e-01
9.021763518472707410e-01
-7.508409401514906656e-02
-5.662825594379280320e-02
-2.799522767566259285e-01
1.097340251478750722e-01
-2.278401581198691017e-01
9.017225274031012150e-01
9.174099714169482445e-01
-2.716776556248951535e-01
8.122851998644027294e-01
-1.492343980143512883e-01
-4.312988620648448568e-01
9.326500752009242445e-01
7.929376798848392083e-01
-1.534311212103041944e-01
-9.140439648216885926e-02
-3.740076390532573458e-01
9.154208593036992081e-01
-1.158705336994516333e-01
7.641552581342422323e-01
-3.730216348900771695e-01
5.943153489951633062e-02
9.348888864573873247e-01
3.321052366386570420e-01
-4.027589212852476508e-01
3.211503567700524364e-01
-3.768333857295785294e-01
7.511282255628973781e-01
1.976811439346418120e-02
-2.814319558373490904e-01
7.902241991246168329e-01
7.898950174547860748e-01
5.601472185779408919e-02
-4.203367840258020460e-01
-3.390448407094841521e-01
-8.273515442119554891e-03
2.886286542917789744e-01
9.196740161688912174e-01
1.878065588851399459e-01
7.560664774900858198e-01
7.376322699661097548e-01
8.866161922422474140e-01
6.983332411504651338e-01
9.998023306221899553e-02
1.135653033203236351e-01
7.686305486660089947e-01
9.143321580468828369e-01
-1.393637428633309194e-01
-3.620286013265867076e-01
8.971929959100006791e-01
6.773331318605605444e-01
9.273422799127797322e-01
3.537053615250509986e-01
-3.807416332462836284e-01
8.881213330085658830e-01
1.970185054623279364e-01
1.769383608015516196e-01
2.725402076229277090e-02
7.151751530921359734e-01
-3.603568772486575034e-01
1.708517558471957243e-02
-4.403422470110129328e-01
7.917946681072627335e-01
-3.998812245334160687e-01
8.477305785024394913e-01
8.987960164011298270e-01
-6.864970480221353755e-02
-1.894170289368031779e-01
7.440672141068001011e-01
9.122868291616762493e-01
-2.959556036629697462e-01
7.503931666630693220e-01
7.539013710766196974e-01
1.299510386878185292e-02
9.682609176761182088e-03
2.475131015902644893e-01
7.619981733613753194e-01
3.253666101319610537e-01
2.063199247291716554e-01
-4.088648232919644410e-01
1.162276263596034726e-01
8.439215127052361876e-01
8.886896202322194238e-01
1.144217224642742614e-01
-2.507125553744418145e-01
7.849054362859998468e-01
9.240246492706108983e-01
7.901064288302288574e-01
-2.815932511244932379e-01
-2.727319582259590258e-01
-4.443243753496213810e-01
9.201187362567532224e-01
8.476642599263923827e-01
9.219983431667495566e-01
7.343195068177327256e-01
7.149064276028939124e-01
-4.458365770315108612e-01
1.721009502312643991e-01
6.054412305439258596e-02
-2.645503717970479687e-02
-2.273705346544795947e-01
-4.329813581842730796e-01
9.072076164663173126e-01
-1.749176912455169264e-01
1.548858172610336204e-01
8.730392636345493673e-02
7.193595690946410492e-01
9.268165879242920013e-01
-1.018920582991531820e-01
-2.705384423348536349e-01
9.189360651251856638e-01
-5.647884589879579448e-02
-2.565265075770074010e-01
9.292622592213630739e-01
-4.336556000974427505e-01
9.285735501483721732e-01
8.316505009306581764e-01
-4.210493872176674923e-01
7.516013117345574646e-01
7.416788440022199502e-01
8.100150744805968417e-01
-2.816839686526153574e-01
7.331723906546471214e-01
7.990391592450653002e-01
7.883901850538110878e-01
7.582662167818968735e-01
8.237793661038392834e-01
-4.444211836384028280e-01
8.773679293111330546e-01
7.895734283331115044e-01
-3.315784113596880189e-01
