9.056334614783325687e-01
9.199554736083991324e-01
7.573467909559876698e-01
-4.363228884952005671e-01
9.172111228433306174e-01
-3.203319743434697164e-01
-1.791759867819387592e-02
-3.782415066617190180e-01
-1.471666065474959428e-01
9.181935104207767928e-01
8.891592770298929471e-01
-3.776974013793241158e-01
-3.182784076675115870e-01
7.209881254971090003e-01
-6.048003387463946057e-02
-2.233446299755091347e-01
9.102361774948330986e-01
-1.251807301184888477e-01
8.875511159963224150e-01
1.522780670011457949e-01
7.657336228831070901e-01
9.206772099922743147e-01
7.356626976109297278e-01
7.644552382811994340e-01
-2.432856777739095810e-01
8.982284434923916150e-01
-2.711002668907844804e-01
9.042977411858474923e-01
-2.610026593132549477e-01
-2.529015399981442980e-01
-4.059726772212438051e-01
7.474298132683131479e-01
8.464669644137238214e-01
7.866843606978245473e-01
-3.357048796876502816e-01
7.517622182135416109e-01
7.193001147027728859e-01
1.464631130151078653e-01
8.931085130287290674e-01
-3.868422451138176510e-01
-4.346368171030636218e-01
7.066342820477574671e-01
8.833879953791676787e-01
8.992155464726253600e-01
7.408872902956927797e-01
8.014973706765889938e-01
-4.495188215155256906e-01
-4.365964068892838612e-01
-2.146715107705169101e-01
-3.862773513916396562e-01
1.799555232718390851e-01
-3.588209762613630560e-01
1.117190242103753145e-01
-3.434296378638829195e-01
7.614497038962746434e-01
7.837242036618211616e-01
8.210566247801933670e-01
-2.440123639484409745e-01
1.054751218260696621e-01
9.103461365948084527e-01
-1.841018682132001816e-01
1.986814470717001568e-01
-3.547265950598880724e-01
9.257253811594582382e-01
9.124917875509547249e-01
8.831736471804961797e-01
2.004923354369404498e-01
8.877819321927625518e-02
-8.532569587653057730e-02
1.895137049747923630e-01
-3.316334503141954437e-01
-5.163227577265362689e-02
-4.297563031170483216e-01
6.853713672342899299e-01
7.199800167505300275e-01
9.160042818929340358e-01
9.090081270082611686e-01
-3.268361623212218126e-01
1.229455554867493472e-01
7.865180988117559391e-01
-1.955210241428063933e-01
-2.069613419782325159e-01
9.202165274890320434e-01
8.750772061145118963e-01
-4.493159554461184646e-02
9.321517774818552926e-01
7.283615115853858679e-01
7.020768988210272787e-02
-4.242435189389504036e-01
1.219908894575305602e-02
9.025093654462190695e-01
9.102580243341761301e-01
5.075697267336873320e-02
-3.668453363288615154e-01
-4.473022078702877380e-01
8.687872160600278448e-01
9.026315091879941743e-01
9.016352309456076020e-01
-4.089994391538570029e-01
7.226644334650120793e-01
7.674714227676301403e-01
9.121585763756107079e-01
-9.302610182645103254e-02
-3.748191709084329748e-01
-2.170373919380879923e-01
9.065669562940817938e-01
-3.925957386321746179e-01
7.257339369712776378e-01
8.811485980335264090e-01
2.182509864060322990e-01
7.963175385431950914e-01
-1.572269017254378787e-01
-2.586066415120891193e-02
7.317651989662324885e-01
-3.079686659888608569e-01
-3.087109362493596354e-01
8.901719242966892320e-01
1.788043317656366205e-01
8.985571493684820776e-01
-2.580023397630412108e-01
8.104617455799207892e-01
-3.512357780419008702e-01
1.042938170129694281e-01
-3.357824350295732785e-01
-3.833124891341525009e-01
-4.088395465706558263e-03
7.750903980812502425e-01
1.393078455786144199e-01
-3.041083652927221714e-01
-1.868309563443620314e-01
-9.216192794138865219e-02
9.011170421407838083e-01
-1.837399722967134330e-01
2.757263553606982831e-01
7.232504866630186102e-01
9.055857925114432216e-01
7.365129670636598735e-01
-4.530165439409232497e-02
9.216681834994769895e-01
-4.528478401973565770e-01
-1.680057096346359580e-01
-3.693283857416094218e-01
8.622195187011369999e-01
-3.953719939493688385e-01
7.055547630462600806e-01
1.230429211529123212e-01
9.113945033590927780e-01
9.037801171208299511e-01
7.267389690759648024e-01
-1.272009443562555631e-01
-3.219968388502519874e-01
-3.207189481877117387e-01
9.145163564214012775e-01
9.010543883852997205e-01
-2.587714363079428037e-01
-1.303209831284539988e-01
-2.211731457668856815e-01
7.241545545019814067e-01
7.589847088447821966e-01
-2.177620606516741386e-01
-1.496024213575167794e-01
-1.676608200627094369e-01
2.517220832559467492e-01
9.269984028712811019e-01
-4.218397866353677528e-01
7.667815716558790129e-01
7.093529933814192168e-01
7.847265718630631604e-01
7.903597079154883742e-01
-1.463638807444351819e-01
8.643176072337792615e-01
-6.122053965445174717e-02
1.640204824610161649e-01
7.435500397154062302e-01
-3.594012184486015116e-01
-9.622040989948854595e-02
8.177513899264021724e-02
7.474058094647433315e-01
8.238324608901020918e-01
7.454422210396576265e-01
8.993239529983935165e-01
9.001594715623196796e-01
-1.234269976174271199e-01
-3.767238433980426571e-01
1.410433245018015980e-01
7.967845155917815392e-01
1.745920017530668555e-01
9.174667666928522092e-01
2.571606725106374558e-01
8.953567488212552661e-01
6.633494837971893876e-01
7.857889443886920677e-01
8.563088540247469904e-01
-3.838109707655814468e-02
7.951250653329440254e-01
-4.090716944633934204e-01
1.859062022128306069e-01
1.417858813280022667e-01
-4.352991840254177847e-01
2.710875870880495864e-01
-3.894058559521005880e-01
9.003270274893749869e-01
-2.725791066993020761e-01
7.737806211755787755e-01
-4.089078713611876692e-01
7.602689275145306791e-01
7.487586836366465493e-01
-3.023197350397068828e-01
-4.591917698172813811e-01
-3.575208425786565170e-01
8.882015750961083089e-01
-3.010727440079925543e-01
2.869405238806454483e-01
7.290314039673723157e-01
-1.577083655345391244e-01
8.707356499586415000e-01
-1.334895515868043114e-01
9.238529223721037020e-01
-2.493237769104663382e-01
-1.263456903259992103e-01
9.165379400328357296e-01
9.054807726907773135e-01
1.398993133847231118e-01
7.666254523970875701e-01
3.356263322146675609e-02
9.091641551929234843e-01
9.142317164677957742e-01
-3.794631398750168416e-01
9.063845577454519020e-01
-4.441857796287346227e-02
7.641379411120359233e-01
7.212315198914377445e-01
-2.984707189800023946e-02
7.391195893652681148e-01
2.424824274675710933e-01
-6.356249063207203287e-02
-2.645916909606865208e-01
-2.940802224262725750e-02
1.442144893311178566e-01
-1.514135475227854771e-02
9.300183086883101469e-01
-9.794600355817525972e-02
-1.598198393089842184e-01
-1.773759173893231511e-01
7.804071617202821276e-01
-3.867592829328246884e-01
3.039696567060948817e-01
8.981572523911046657e-01
9.246102737673229655e-01
9.236539664694021212e-01
8.717552362897474927e-01
9.072678640391188543e-01
9.340853927930583556e-01
-4.089767436527467770e-01
7.113669109336673291e-01
7.736083589994374732e-02
-2.184809746229648963e-01
6.397949648112638554e-02
8.029757063044812293e-01
1.709795364021656217e-01
-2.632597812063857678e-01
-2.168921973288674976e-01
7.988931234965711559e-01
2.295207774881059815e-02
-2.065857890174924508e-02
-7.908483241837996336e-02
9.057325898768867622e-01
-3.848755515344026712e-01
7.400000692070455299e-01
9.176946291501781872e-01
-1.361095509378322799e-01
8.737337469700688919e-01
7.666409079483010869e-01
9.283020523004879010e-01
-7.586599620786189935e-02
1.728663413169811702e-01
9.286031886538060887e-01
-3.519019225082439806e-01
-4.351906540338355556e-01
-3.377165415785228220e-01
9.136539702000233687e-01
9.617126220381392102e-03
-2.985677835099617358e-02
-3.684141115806525701e-01
-1.434615819516825708e-01
-3.246892932064874282e-01
-2.748741401503682624e-01
-3.724399221425473416e-01
-3.488963120318854805e-01
9.216645076396022818e-01
-4.686902638407708377e-01
-6.325025914933643523e-02
6.852618194418025332e-01
-2.990605587290449119e-01
-1.405243488890061676e-01
-8.191764521941691246e-02
-1.485531170051395400e-01
8.276830766320187882e-01
9.349566215095195254e-01
7.863487316617854272e-01
