9.085898644968730675e-01
8.179539321404405428e-01
-2.278046613572488333e-01
8.360564777273151726e-01
8.934910026977248565e-01
-2.404886467254098437e-03
-3.913970549077613881e-01
-1.810874525091910048e-01
9.127625397719004718e-01
-3.622660296293506721e-01
-3.226031337347953776e-02
1.788763150337986940e-01
1.692070991773762523e-01
6.147664262969310123e-04
-3.037032474107934643e-01
-5.158125069838374183e-02
-1.563100860906597167e-01
-2.755773078809281018e-01
8.002222548528789003e-01
-8.996424813312016433e-02
-3.772111895517267222e-01
8.990126478897090267e-01
9.047954455566574739e-01
8.854796284004871065e-01
-4.101262350405001089e-01
1.692016226575701610e-01
9.308002868694609244e-01
8.837365233188854141e-01
9.089637720641485785e-01
-4.007647525364546048e-01
-8.778260775044555153e-02
2.342439496593902715e-01
-4.743261339224096040e-02
9.263727342233287754e-01
-2.682293247328740859e-01
2.755663438656034692e-01
9.079646728737359451e-01
-1.609232300551686479e-01
-2.470336017542060225e-01
8.974443908428973993e-01
-3.364103825075662746e-01
7.283876969713286575e-01
6.456263878303932779e-01
8.073237334184596437e-01
2.663303659389044120e-01
8.730704307211006876e-02
4.580681283135774884e-03
9.230660142429043535e-01
-3.134324288977448081e-01
8.918774240303136702e-01
8.957555263358241149e-02
-4.065087749327655486e-01
-3.466647239617918763e-01
7.236771641208987749e-01
-1.019394444309568992e-01
-2.723304148955226767e-01
6.986320153786862441e-01
7.042638901242375127e-01
2.112302675776827066e-01
7.097810903505562541e-01
-3.659080528010971167e-01
3.285909739299622823e-01
9.552781483178707234e-02
7.256882484520201793e-01
1.173915362990407968e-01
7.221723425623863823e-01
-3.569542768189791770e-01
8.803672504007982180e-01
9.191735107033726093e-01
9.284397766276021313e-01
9.151071565515829231e-01
8.937886887629091781e-01
7.613548708996011882e-01
7.314100683954469773e-01
-3.014397159196472442e-01
-2.232937093466026979e-01
-1.196567096598531582e-01
7.552914382777804470e-01
8.858987264660357352e-01
8.748798267303151688e-01
7.908950200419856413e-01
-4.059335317035808188e-01
-1.386329288384028635e-01
8.367898077681736879e-01
-3.273329369414514356e-01
3.186911892938093516e-01
3.199466052376146452e-01
9.108143577772694899e-01
7.205366741492855720e-01
-2.010628918156743550e-01
-3.119355365466752739e-02
-2.542446194734723219e-01
2.381903935108687087e-01
6.013055983611220040e-03
8.000239773674628907e-01
-3.053140468400533658e-01
3.016468017476975350e-01
8.560347610411944697e-01
-3.724634486081600526e-01
8.573374724399657199e-02
-7.980897254104733773e-02
8.960522476505973222e-01
-4.371049377244297651e-01
-3.626008148433621514e-01
7.563827659451077823e-01
8.969555053599782557e-01
4.110808840148132137e-02
-1.819373130962990970e-02
9.208217750688165726e-01
-3.807870210143074474e-03
-3.289034455143726721e-01
7.546152472773359765e-01
8.260584885194793836e-01
7.746476697765654063e-01
8.965846091526484818e-01
-3.673263530010110745e-01
-4.212480066203183049e-01
-1.150113344854916536e-01
-5.981131218895733431e-02
7.992060880270629442e-01
6.731389492516232087e-01
9.263892552238788269e-01
-4.296057688179486522e-01
4.770162071220916677e-02
8.990779494411114126e-01
8.981153474963845529e-01
-2.082655184330469422e-01
1.786834476027058249e-01
1.542401225486246252e-01
8.322693270336017912e-01
-4.008248821838851783e-01
9.115899712788549936e-01
-3.239597569046910874e-01
8.916030879740729498e-01
9.371298607302129824e-01
8.973438903351169671e-01
-3.907097436238132770e-01
2.066262868874942371e-01
-3.670297137466915216e-01
8.104417382330583175e-01
-4.308189009080419241e-01
-3.369217440584909018e-01
-1.427141057156333381e-01
8.201085455839112193e-01
8.807200302948081649e-01
7.359101490908181997e-01
-3.012732613428599771e-01
9.233643083048730382e-01
-4.380634110454223462e-04
7.851446242903671324e-01
8.040759232999169503e-01
8.921930906874973033e-01
6.868794934274856656e-01
-3.592519129566020264e-01
9.388649104585286009e-01
1.461686363345391926e-01
-1.733802390038173824e-01
-4.645777057093392060e-01
9.863949793736345728e-02
9.043850595938417447e-01
2.450175439856517312e-01
-2.690481043408260997e-01
-2.120684835751425190e-01
7.408823208431620788e-01
7.634127950966231868e-01
2.391924997312262213e-01
1.101644005874443666e-01
7.846094830887384575e-01
8.993243986117163136e-01
-1.057203853983644179e-02
-2.044073313934433034e-02
9.218738316042897063e-01
-3.279660917536810771e-01
-7.675603203509243078e-02
-3.743270310188096528e-01
-2.059494209187405778e-01
7.243244894308523696e-01
2.532657621621933752e-01
-5.245089480611621335e-02
1.044334234321156601e-01
7.102045577704921842e-01
8.295457184136609818e-01
7.555698947045577096e-01
-3.898072535105898129e-02
-4.217096559935555322e-01
4.715814751408262118e-02
-4.341277699848660743e-01
9.006038877472051229e-01
9.082583230390056661e-01
9.048660889991108069e-01
-2.936352168469943402e-01
9.084440066892788268e-01
7.680770990751015770e-01
2.074141526465009822e-01
7.007603794486565452e-01
-4.149909820005435179e-01
7.755011298650064111e-01
9.257183369979702370e-01
2.281193665325560171e-01
-3.192235791559124292e-01
7.182760954090503525e-01
2.400727650060502649e-01
9.096586959655340587e-01
8.063879250182993674e-01
7.665177356356049909e-01
-3.989437530995479930e-01
-3.796166724754044819e-01
1.759002605334005209e-01
8.918795732970877799e-01
-3.381854979235208725e-01
-2.007310792187033954e-01
8.676813367005878908e-01
7.248508236403120586e-01
-1.893537265673109482e-01
9.240995948291894635e-01
-3.943899564306178607e-01
7.706620751855428608e-01
7.979014531493400231e-01
-3.499805759249345338e-01
1.356323840555661575e-01
-2.705720005946627982e-01
7.719857064732801311e-01
-4.406603319306183764e-01
9.235304073225837351e-01
8.886815816112347832e-01
1.490484810218099115e-02
9.180093935755693213e-01
6.716735666013569084e-01
-3.212226188496398183e-01
-3.101625233602916532e-01
7.072663261946747770e-01
-3.390993920676820261e-01
8.961366746740857536e-01
9.198232610842198564e-01
-4.253877488621595759e-01
7.236902614088408514e-01
-3.734461960824839166e-01
8.208871184854837910e-01
-1.390754192097459208e-01
-1.230473455039006736e-01
8.962491131079302065e-01
1.572591395157673655e-01
9.302787190879678869e-01
9.336961389025035807e-01
-1.866431019386844137e-01
-2.059353492279051290e-01
7.833018621271163884e-01
7.918637454907420103e-01
8.612581545435978869e-01
-1.147176647681051320e-01
-1.880883270439644150e-01
8.427565444781518478e-01
-1.909385625248225526e-01
-3.055394436029980620e-01
9.237304945031115100e-01
8.675419824863306317e-01
-1.277083065289419950e-01
9.115878556344503281e-01
7.399710420931757682e-01
7.392473077918033653e-01
-4.033868749306553925e-01
2.306694880994769048e-01
7.554676844742986841e-01
1.068630626904024661e-01
-2.051246170008603209e-01
7.172645007048032983e-01
-1.008954408942567826e-01
-3.162806764017255801e-01
9.131060844604931281e-01
9.201237729344420302e-01
-4.514996082274139177e-03
-4.863549089921398449e-02
9.147786153846608759e-01
-2.997820321704625646e-01
-2.667102466588367471e-01
-2.602889593197753593e-01
-2.571044243978089505e-01
1.486379279556471200e-01
-3.822496579105161829e-01
-3.422002565853764500e-01
9.195030336764902223e-01
-1.597897887766724367e-01
-1.955511003694236360e-01
8.309923125256040155e-01
1.508990310036400877e-02
-4.437563076172906795e-01
9.059644234914437932e-01
8.798104099748641493e-01
-3.997309882531666081e-01
-1.659580235813759297e-01
1.999999544253983352e-01
3.927672472944754301e-02
-2.722070633075999169e-01
-1.789242873489200192e-01
9.108603374122195007e-01
2.133664844808852989e-01
9.242571325700503770e-01
-1.625027954350556358e-01
7.107860686460717448e-01
7.276834920973362930e-01
