9.193405865685907452e-01
-3.366886360262204003e-01
8.753502683497805803e-01
7.274601506626150460e-01
7.132706067411843653e-01
9.267582856034897176e-01
-3.760221283580115204e-01
7.339722092633433892e-01
-9.456467712907141998e-02
8.864389438563547996e-01
-3.950682369121377158e-01
9.017061159450936447e-01
7.630243475081883719e-01
7.610184585488835030e-01
-2.079151289624389942e-01
-2.536938956756217278e-01
7.103922296154147054e-01
-1.182519406642404541e-01
7.914906968358665917e-01
-3.075441230756924549e-01
6.893708778333582643e-01
9.195343204681887261e-01
7.751093932285970656e-01
-3.295972653788503681e-01
7.607515540790067421e-01
7.675795405761785817e-02
2.218845571057278532e-01
9.183433061519993279e-01
7.769412744095053336e-01
9.116228762706815036e-01
-2.559770642734042201e-01
-3.259264710516581176e-01
9.252939573541271168e-01
-2.535355313639717778e-01
6.872876259722812131e-01
-1.004689966233057868e-01
9.222898030678854386e-01
8.031802807159212909e-01
1.743335607819802568e-01
9.047230321712429468e-01
-4.151337501674819963e-01
9.077790365229488900e-01
7.915269728985007136e-01
-4.132804606328945030e-02
-3.318911766765782478e-01
1.891068693407595702e-01
9.268380043735684470e-01
7.442000001800695985e-01
7.505591982738439860e-01
8.898391287272006123e-01
-9.103852754419106130e-02
-1.418427419571829939e-01
-1.454839704045337856e-01
2.150522187453747791e-01
6.802658940066506066e-01
7.186192262596098335e-01
-9.165155866591659373e-02
8.901258927492575745e-01
2.678580045562787421e-02
1.448219876199585143e-01
-9.786414769480115960e-02
7.156961806523953751e-01
9.214584553722063864e-01
2.425944975005807636e-01
-3.613946970824208349e-01
8.685459387121837738e-01
-3.090344571509850979e-02
7.189682414867226701e-01
6.127369013708760387e-02
8.009514737559848552e-01
7.586744978178108778e-02
9.295893161005817085e-01
9.193190725840291178e-01
7.336983283305797965e-01
8.963879896273366787e-01
7.197265835532111744e-01
-2.815096837720317824e-01
-2.694578845196631822e-01
8.948316511921026173e-01
-1.460698548108936567e-01
7.511091389769748439e-01
7.024628875190717103e-01
2.433668351950341591e-01
9.394894775507930396e-01
2.105716173408717085e-02
7.602495560586104428e-01
9.215884264918937641e-01
-3.493135771907597276e-01
1.497254545330934383e-01
-3.553151620438707026e-01
8.857733310309630070e-01
-1.410804317855790524e-01
-1.473188038859140625e-01
1.506159197600179800e-01
2.053887030239043565e-01
-3.539247071725077909e-01
-2.190168682252132126e-01
8.741182771719181455e-01
9.149494244706868340e-01
1.331547435455684159e-01
-7.203761204218378511e-02
-3.601834594971978776e-01
7.263590835134795531e-01
9.437114103326593728e-02
9.135725238032162965e-01
-8.868913655314364375e-02
2.566910007882811651e-01
-3.730009853378327689e-01
1.597060994087274866e-01
8.661704306903996731e-01
1.578499747871854875e-01
7.437279411999571099e-01
9.124656413907760166e-01
9.316700696610056287e-01
1.594730298436807248e-01
-3.293237560903529149e-01
8.952880595401784269e-01
7.123076490334527833e-01
9.244773439741862386e-01
7.834564587220869125e-01
9.478111219045477487e-01
9.092069131864148890e-01
7.152085695975165525e-01
-5.956742601954682220e-02
9.147254935763712291e-01
8.643879702210096605e-01
2.716201325989434645e-01
7.866610543549241719e-01
9.105293138679286802e-01
9.279777975192632367e-01
-4.269331960230174361e-01
7.959354776539961929e-01
-4.514636570511548763e-02
8.676747110063394164e-01
1.343721955989647665e-01
8.925615489327725083e-01
7.226517835532429990e-01
2.063163907911492664e-02
7.387508765634047680e-01
7.518573507018918578e-01
-3.946226647433310197e-01
-1.313323821161441751e-01
2.116337712583020725e-01
7.190688466752862551e-01
7.935782655041486722e-01
-3.914965675919116483e-01
8.678323569593840991e-01
-3.394456392481831064e-01
8.755236011123439521e-01
7.349208397638664625e-01
7.373371907861923091e-01
-3.386897739826114084e-01
2.202057161161949939e-01
-3.697689295520084074e-01
-2.422675453125729128e-01
-1.673854006584520049e-01
8.867449711552460867e-01
9.214121823603790284e-01
8.836264899147640017e-01
-2.802204719999990545e-01
-9.645128725773066680e-02
9.149579528179242471e-01
2.432671133920788209e-01
-1.104772873197362171e-01
7.703332127031798926e-01
7.316305294724627650e-01
-4.010682809551159855e-01
-2.815853100547815457e-01
-3.867404539859871093e-01
-4.815162188892371797e-03
9.266099416013320322e-01
-1.783955283127881819e-01
-3.832036670977201354e-01
7.786165662020311240e-01
7.038600628142650528e-01
-2.741785707362175972e-01
-2.525683572635560314e-01
8.972743902075447364e-01
7.661160669074743579e-01
1.332517042269849572e-01
-2.970413222360982625e-02
9.061589360312534147e-01
-3.129405100039304721e-01
-1.644086865678396903e-01
9.004617352536993247e-01
-4.168643843093806228e-02
-4.058349621656046069e-01
7.208791506622039824e-01
1.345260091173059586e-02
-3.366610402005633107e-01
8.833125817628375565e-01
-3.529687276327045375e-01
4.706717041451694006e-02
-1.866923118982521390e-01
7.628233030758777011e-02
9.283206147414453380e-01
-7.600509772568357636e-02
1.308897250998485029e-01
2.916739735612835505e-01
-1.367637168509896750e-01
9.174230910170406705e-01
-3.819418096397467766e-01
8.239910025953306461e-01
-3.598266575051100036e-01
-1.648776632441462664e-01
-3.250184475492522429e-01
-4.120548410942778128e-01
9.279330075140819478e-02
8.629729762750542044e-01
7.976522953905735847e-01
-4.279229122744974134e-01
9.064481349808134469e-01
1.259999553486873813e-01
7.835431296036712290e-01
-2.797177200639727745e-01
-4.339731613658386333e-01
1.211529977815829495e-01
-2.020999760320801170e-02
7.591732310810236362e-01
-1.395764583161828443e-01
-1.955777019888995938e-01
7.057118949843962374e-01
-2.931074687022070524e-01
-3.638959275686390882e-01
8.731425811681502447e-01
8.936124904565391214e-01
1.910470050923946395e-01
-3.054421311739334843e-01
6.760294578329519855e-01
-1.727871931935976990e-01
8.981563593789978484e-01
2.004399844254172447e-01
-2.815101139615186487e-01
-1.592979732635599333e-01
7.512360755940135082e-01
7.857095133755208627e-01
-7.501671207000161490e-02
9.531605338596002563e-02
7.649047502356582928e-01
-1.165708411792004406e-01
9.358336438872141283e-01
8.881035836581439025e-01
-3.881582083290232021e-01
-2.674177626516368589e-01
-3.973538134592800586e-01
8.698046036186052321e-01
7.792514082381423179e-01
7.243103436439510823e-01
-1.058902969641218189e-01
-7.897284597960321784e-02
8.965618802826442746e-01
8.738318614166994402e-01
-7.732694205623381889e-02
-3.231459056548843245e-01
9.863940974384788341e-02
7.417489439912154925e-01
-1.006112157310345978e-02
-4.473143736949372062e-01
9.241277444027827803e-01
7.643981677888620485e-01
7.741383681435964892e-01
8.972467362504974453e-01
1.349417373224039984e-01
1.055835944042420871e-01
5.694782071284691660e-02
-9.255814616364119174e-02
9.165923106058283532e-01
9.375238542318018453e-01
-4.285306700570037375e-01
9.222221269326675852e-01
-2.718993838744688807e-01
-2.801114914213730933e-01
-2.554926764688844054e-01
2.127752173316284912e-01
-4.435449368039119378e-01
2.129131147208090102e-01
8.130036798649127316e-01
6.937946868144513335e-01
7.819501761780505156e-01
8.261219411862962270e-01
-2.741160010362840849e-01
2.579854509660891027e-01
-4.067302469413720811e-02
-3.978465011256593353e-01
-3.076523232414408726e-01
-1.311881519256367229e-02
9.029499186699959656e-01
2.055004783710576988e-01
-3.602176254796509158e-01
8.267466200451398795e-01
8.928360215488020390e-01
1.762067527856717719e-01
-4.267284923339366709e-01
-2.104392968478251136e-01
9.342948962391918188e-01
-7.795172136621737746e-02
-1.611585764826323902e-02
-3.371306661930556503e-01
-2.800109205830454417e-01
-4.731654466375024848e-01
