2.647774506326476818e-01
6.969890412922132850e-01
6.271233773043907167e-01
5.937570769321891540e-01
7.577475111050451240e-01
6.647817430370011049e-01
6.750799222366086205e-01
5.856435352466509148e-01
7.420817137694583066e-01
6.581134870450127128e-01
6.509464502667909880e-01
6.614580951459907432e-01
5.347331200558220754e-01
6.946224031720156233e-01
5.416978963404571745e-01
4.228668791838027796e-01
6.918842059250170928e-01
4.668544446670258585e-01
6.407928944739607058e-01
-6.276469838114265287e-02
7.024094740719734054e-01
3.118970410856242159e-02
2.368977387894842801e-01
5.645655217629124145e-01
6.156670120418519243e-01
4.802628484648863716e-01
2.124868596828949352e-01
9.114951552077167340e-01
2.619668056890208097e-01
5.813808375512703464e-01
1.833618579909714053e-01
1.678419843145684265e-02
1.907668847133434098e-02
-1.806752390111360240e-02
-1.235531843526051048e-02
6.196384612354658566e-02
7.011323455933766713e-01
5.690310163339686866e-01
7.828060170820960728e-01
6.889000147834790644e-01
6.138313146624883032e-01
1.481104672283869994e-02
-4.185232123658497172e-02
7.141829405165505129e-01
-2.713109856994191937e-01
4.339107788898927121e-01
6.746690959491573603e-01
5.722736580784768545e-01
5.266980580609857687e-02
6.148452986850984070e-01
5.990888810473847803e-01
6.571565522385972580e-01
6.187991519788933470e-01
3.066320649844848090e-01
6.009560086581070548e-01
6.086413094204498053e-01
5.960047287596961230e-01
6.635636123149016852e-01
-1.758450451129743852e-01
3.528558336495283276e-01
-1.593404856675364190e-01
8.168554571426163147e-01
6.826230982971807082e-01
6.730762906114926558e-01
6.799696372770570596e-01
6.664586756675366930e-01
2.991484946257074728e-01
4.089809735723673456e-02
4.183678452697393579e-01
5.795185842486723082e-01
1.860204880746994804e-01
6.697564881456482544e-01
4.396839391719207235e-01
4.695219132911179760e-01
-3.597387076976615861e-02
6.182564908828962480e-01
3.288024394545323581e-01
4.912021545957782065e-01
6.335141231345334800e-01
5.183691765100416626e-01
2.199604597311042853e-01
5.632113627246516652e-01
2.742133967564691632e-02
6.410349134462185461e-01
3.451475236160587712e-01
4.123319149974768449e-01
-3.054445009251387511e-01
6.131369227978946679e-01
6.491671568372390233e-01
1.656067723333276565e-01
6.750577288029373513e-01
6.584427478118070054e-01
6.725079459134282178e-01
2.130452079840230994e-01
5.325439158552763841e-01
5.308751768901953660e-01
5.806604254172809121e-01
7.205911907027272301e-02
6.684032552440850594e-01
6.509904697875592561e-01
-9.576210923862910063e-02
6.538481808160974129e-01
3.187045143489066756e-01
5.231680966748654127e-01
6.653458046267020087e-01
6.785724779517786631e-01
6.912847742722639799e-01
5.794469344809690670e-01
6.695789581608276864e-01
1.372623314425689689e-01
5.981507790870743690e-01
5.712908012000306179e-01
4.073932633361712075e-01
1.984819278654468000e-01
-5.897167918453507518e-01
6.586552437584071162e-01
-1.240092289505315276e-01
5.936955084146866568e-01
9.318114590668077901e-02
2.499286813045872857e-02
6.335861929421338079e-01
2.919741218827665019e-01
6.680451776919912321e-01
3.165937926301254368e-01
6.592332720267758406e-01
9.461723547422559721e-02
6.777289956746423982e-01
6.901201299430556046e-01
6.472185996567763056e-01
6.882061435697410801e-01
4.571120268925244479e-01
7.107640748882735338e-01
6.904503224379248127e-01
5.110696716080559421e-01
3.670269262053332815e-01
3.917356512851368766e-01
-2.186366965507113014e-01
6.557838152655481867e-01
5.911668199975632643e-01
8.352248530044220631e-01
2.239795018350110301e-01
6.724019233911833204e-01
6.083269974861695850e-01
6.727774738504364027e-01
3.428014045094637252e-01
3.529793388584344105e-01
6.647771970861684476e-01
-1.414393685246775889e-02
6.929756301718830169e-01
2.888875133946660623e-01
6.849769077439267217e-01
6.263970280772805932e-01
5.762030248349896411e-01
1.951174435563307608e-03
-2.719843383688355654e-01
6.464995868835152759e-01
4.062281183571600507e-02
6.877971613047881849e-01
6.799086295679346303e-02
7.107852567019031786e-01
6.516026698668075934e-01
6.513264573825363613e-01
6.516945416957262704e-01
6.879705150185349005e-01
5.769819070756208035e-01
6.606870882175932547e-01
3.949057826550564920e-01
5.998823683506974147e-01
4.682378084650287153e-01
2.218286352137111006e-02
7.568249376364914738e-02
6.049059423491041088e-01
1.819999764732916359e-01
1.898164174428881856e-01
4.000609325952702022e-01
8.507769285890975919e-03
6.578076207161097644e-01
6.591682473392802555e-01
5.434550553329100531e-01
7.045629168586994284e-01
6.328346948030714181e-01
6.444578975998549453e-01
6.182913716619252709e-01
2.738578320339956629e-01
-3.736598873360018613e-01
7.623019481361568150e-01
6.602967684721652297e-01
6.920831306374448655e-01
1.824629002947239509e-01
5.640364001175851572e-01
6.687206755269026193e-01
3.896709957011955383e-02
4.325218448953439543e-01
1.494528430486069537e-01
4.392646572284780726e-01
7.033484912929396926e-02
6.222714604931458560e-01
5.109437672428912558e-01
6.633171992396073025e-01
6.313580342179703209e-01
6.767201042668891109e-01
4.062619403056991763e-01
4.319450824941297173e-01
6.354282323207472993e-01
6.834142833230993919e-01
7.115372223970491961e-01
6.650594447339833737e-01
6.481619200635063693e-01
-5.760706735678247092e-01
6.145100836952407386e-01
8.338199860411132924e-01
6.549596102532598829e-01
5.719766880454888458e-01
-1.767986712530091042e-01
3.329361121660859846e-01
6.565041442321583043e-01
6.816138573242050969e-01
-2.916504671924211034e-01
-2.098773356278493818e-02
6.671309164170144967e-01
6.791374467146515936e-01
6.588365226714011369e-01
6.542647473127721769e-01
5.168611386316740441e-01
6.799356756579812977e-01
5.485607625071915461e-01
1.164013351603065127e-01
-2.445077726260068418e-01
7.710806585682348224e-01
4.121843573372545033e-01
-3.173926704120023645e-01
6.545123493908058254e-01
6.323241456010547656e-01
6.591972030203310240e-01
-3.955766370069218052e-01
5.732191262137051879e-01
6.527251249960185353e-01
6.121344381769002752e-01
4.643140179102210330e-01
-5.668610665008759764e-01
6.762035194617891376e-01
6.795122773855426512e-01
6.615412273057366122e-01
6.528048384963963668e-01
6.505559715214175309e-01
2.238096005489859652e-01
1.260833809733541422e-02
5.942044942601334423e-01
6.952488174611479721e-01
6.758426769501115761e-01
6.788349162061151354e-01
6.818214796711559167e-01
6.569585354318280279e-01
3.134777582085797598e-01
6.440141239346277580e-01
6.871724105062649857e-01
-3.183668522927047828e-01
3.857916923756520289e-01
1.067452532190002468e-01
4.081063337693093818e-01
-1.572441361812964566e-01
6.527552880284401837e-01
-1.694379866354725483e-02
1.943731398768218099e-01
1.903387478376363240e-01
3.299688209857144505e-01
1.959710941795252681e-01
7.048719174610367233e-01
6.585670188817093207e-01
9.153443559884796299e-01
1.737816593542165500e-01
6.053664629344195358e-01
5.127014528530072779e-01
5.092481119933363054e-01
6.498968483600875423e-01
5.507497050105965020e-01
3.577900510616469631e-01
6.811956079335230729e-01
6.633643909423565521e-01
6.471046835800438046e-01
6.834820848482129341e-01
