9.267640379222342739e-01
9.704581450361329242e-01
9.717967624124257409e-01
9.519656351232055336e-01
8.195659337717722259e-01
7.857144028174032346e-01
8.094362715536467245e-01
9.677546051584235975e-01
9.646998262217707509e-01
9.720338267729247139e-01
9.662506097856659038e-01
9.291696048733251168e-01
9.679637844430071247e-01
8.676215814890450018e-01
9.494926979240960740e-01
9.458839562546363933e-01
8.722008107822363243e-01
9.620086537701995066e-01
7.957739450569918382e-01
9.757366235469702165e-01
7.772375070020340893e-01
8.996279643367213197e-01
8.526720155186602312e-01
9.359564464738390210e-01
9.628328004976894894e-01
7.548622577766402886e-01
9.598599627778483523e-01
8.321848417769082129e-01
8.010983360441621404e-01
9.081780057680476359e-01
8.800096037106017732e-01
8.515815487266735762e-01
9.480807943126167148e-01
9.466625758679867442e-01
9.715246066191625118e-01
9.458896648823437170e-01
8.043097634491866987e-01
8.068880206440485203e-01
9.561179125520666844e-01
3.682119131113006372e-01
6.288884444059017476e-01
9.556445926655575684e-01
9.863984900344984208e-01
9.396653708988154108e-01
9.763346741324758771e-01
9.154365327364233362e-01
8.432121589658991834e-01
9.355477285416025079e-01
8.113542305593753889e-01
8.261955712844026856e-01
9.697588857869263723e-01
8.543836759216167920e-01
9.585429115837489356e-01
8.302618652090010265e-01
9.332687080769592747e-01
9.705270772291374470e-01
7.763114642068205118e-01
8.271248810252779249e-01
8.622097609864309842e-01
8.029805179916731372e-01
9.629995486236375690e-01
7.970139491712080471e-01
8.000173920405917460e-01
9.364586722651608852e-01
8.010359134643245671e-01
8.027444823759242176e-01
9.611228675323313375e-01
9.817996128046915238e-01
9.719035617250945114e-01
9.672288156692196992e-01
7.762255282538873535e-01
9.167433289250274120e-01
7.504291357388306327e-01
9.306435805942352424e-01
9.233098311377898604e-01
9.654331171000546385e-01
9.611054469805911937e-01
8.532129144581075408e-01
7.421252207881205987e-01
9.699040554570292905e-01
7.213806533839803858e-01
8.792274715569455834e-01
8.594683831345846237e-01
8.329167344105217197e-01
7.587763013093716813e-01
8.140630413435543389e-01
7.509368504044713344e-01
9.468784958159384146e-01
9.453979430811565443e-01
8.566886033652936216e-01
9.678605708278797959e-01
9.321908569145457291e-01
9.533566169400183865e-01
8.573703448875112931e-01
8.730772000435622626e-01
9.655981933729040900e-01
7.846119303293904723e-01
8.340289182028602921e-01
8.548157713069156616e-01
9.467522418886037405e-01
8.942108694356686316e-01
8.506536455553728171e-01
9.392775587273344273e-01
9.578198372084925083e-01
1.639618929033356265e-01
8.305001152835949085e-01
9.232402492802517235e-01
9.538704133343853808e-01
9.480381646561877318e-01
7.388662970836197275e-01
8.887495174101401885e-01
9.533211347418804049e-01
9.639380226986798972e-01
9.645027952517206682e-01
7.889024722628079633e-01
9.380864768434475920e-01
9.304705933554098252e-01
2.054244755412725776e-01
9.712790092834295841e-01
9.128355615746469587e-01
9.307924032760452882e-01
8.144252794000327311e-01
9.690691793741641469e-01
7.904259400010527070e-01
8.780826531591866546e-01
8.714167908070302726e-01
8.328649162710506371e-01
9.653395703366993708e-01
8.225597735036742630e-01
9.300607186280465122e-01
9.690921478782459353e-01
8.290810190450943473e-01
9.812767411476372992e-01
9.643413658814452560e-01
9.685375239948252890e-01
9.648502418720112939e-01
4.774411215047920098e-01
8.695756684964802696e-01
8.469930507909579909e-01
8.507806270092670431e-01
9.685810341661891254e-01
9.340920178497228443e-01
9.512866891020834714e-01
9.685278156660935833e-01
9.402193890820051969e-01
8.261543795523671463e-01
9.615500380019501581e-01
9.708320724805931112e-01
9.519961796085087968e-01
9.292369113190717123e-01
9.416271064762751219e-01
8.476441330741525393e-01
8.441447231195766676e-01
9.623393996387642479e-01
9.171675365440283834e-01
9.675029714755223331e-01
9.670525843323216630e-01
9.374115080968417058e-01
7.897842590226655801e-01
9.677557599240420583e-01
9.357414206242726795e-01
8.164106336835830202e-01
9.083379636078441344e-01
8.530884816508471635e-01
7.588375467820445142e-01
8.569687220145632001e-01
7.913695160158914499e-01
8.931811911224896150e-01
8.752086723898959697e-01
9.131698990486981637e-01
9.381478400437932574e-01
8.556511341300333529e-01
9.660158650985932738e-01
9.558912882966048574e-01
7.899999785135843888e-01
8.215050302576054619e-01
9.531437116222784001e-01
9.544351680634119983e-01
9.633473635363115628e-01
8.960618705048675192e-01
8.245143860984585071e-01
9.707468006566970509e-01
9.305838366541583362e-01
8.165189329568409704e-01
8.964262096738685459e-01
9.529925038798228165e-01
9.364716761072785500e-01
9.742226914424998441e-01
7.765758194914047507e-01
9.429499896614910170e-01
9.632463188887707695e-01
8.460284961272890314e-01
9.700260184569758914e-01
7.912288371134161835e-01
9.663153766208534279e-01
9.315326344254242219e-01
9.298285987884298276e-01
9.496884322311591742e-01
8.098824611076047564e-01
9.717423276015089151e-01
9.461190885356841607e-01
9.751374709002476049e-01
9.186346124977665673e-01
8.122898321060878501e-01
9.553363496323870052e-01
8.485444094879501797e-01
9.709873805084400233e-01
9.028919008361659948e-01
8.273688926647457809e-01
9.578446660333729268e-01
9.466269701805307690e-01
8.969505485851336779e-01
8.232027057062358821e-01
9.598137825686650082e-01
9.434497154355683257e-01
8.416128618506786285e-01
9.549069984832389002e-01
8.674764216929667926e-01
7.747090222011077110e-01
9.236649791956507149e-01
9.739998694686901048e-01
7.771630875456749799e-01
9.538978771067758711e-01
9.627381630458186068e-01
8.759402871867632001e-01
8.583999847853892584e-01
7.794458303889075790e-01
8.978332684129465280e-01
9.631731927776778779e-01
8.845982342193073888e-01
9.219159396132634576e-01
2.295168913376690045e-01
9.662545759954463964e-01
9.130305930352009547e-01
8.450167277262043974e-01
9.428315677403142914e-01
8.325013612404992269e-01
9.456210801829836310e-01
8.172293960102796628e-01
9.669840183816436063e-01
9.363184140700946401e-01
9.746183425846988158e-01
3.685938822918182756e-01
9.440794394809373102e-01
9.241129459658525835e-01
9.668374422093670706e-01
8.284984374335560009e-01
8.549477861752459162e-01
9.532424069537410727e-01
8.296509031021745972e-01
8.564820273671795992e-01
9.623123732784537587e-01
7.601152004537771179e-01
9.640005880267242810e-01
9.721454747387689999e-01
8.096340475582990415e-01
9.727146903573448133e-01
8.015041335046153570e-01
9.615226984205449412e-01
9.230857656106958853e-01
9.131957477052805583e-01
9.316813268315332630e-01
9.611180157830943038e-01
9.575482906718052467e-01
7.670339275710575944e-01
8.749170654225560950e-01
9.540765261728413327e-01
8.529380206981722612e-01
9.722638463543999965e-01
9.621553318249267406e-01
8.315131602729555205e-01
8.432119587375573877e-01
9.685768313528392293e-01
7.992768913208798676e-01
9.831808143618288032e-01
9.842928226844597228e-01
9.731436655751920517e-01
9.714523419355831635e-01
9.523712284715731835e-01
9.709526192723725302e-01
9.682055786105268069e-01
9.688808714108454456e-01
9.336323652247709992e-01
9.689595241498338840e-01
9.632950107620721347e-01
8.833283028565976913e-01
8.197517981203074067e-01
9.545241047470510720e-01
9.235826549191831214e-01
8.087329833672555202e-01
8.144194617760016630e-01
8.841738534192227217e-01
9.667406800695427238e-01
9.255635107711157605e-01
8.511209505394728980e-01
9.562577636119438118e-01
9.646460734131732107e-01
9.486845622408379697e-01
7.547634169239010316e-01
9.705122244018333788e-01
