8.358746725392167676e-01
8.607911883495186767e-02
2.310699838532465078e-02
-4.137434868522829601e-02
8.796908145044642913e-01
8.401724202309730494e-01
8.735135817230113009e-01
-4.417384381202864307e-02
7.141678265161434391e-02
1.105108054387824168e-01
-3.632308092637256958e-02
8.414105973427434826e-01
8.387077322081224473e-01
8.653905690711998222e-01
8.521126370586429299e-01
2.200220777287756335e-02
1.716255518610285136e-02
-2.590622553830709829e-02
2.370418282367091345e-02
1.482189487056198574e-02
8.504176362749369389e-01
8.461723136011201074e-01
8.193548885894302858e-01
8.329274528694923241e-01
-1.563348666837991174e-01
8.432040894729849745e-01
-1.341913892284939958e-01
8.597373783982978912e-01
8.506792142479133734e-01
2.362586526517235219e-02
-1.260904763787024374e-01
3.670787329223181017e-02
8.262140638112536184e-01
7.307707658018623986e-01
8.702530073172842773e-01
-3.235144915602812532e-02
2.324350018985871236e-02
-6.906527652287330898e-03
2.575886608529134869e-02
4.037398180597952246e-02
8.379983281704781461e-01
8.720368769886588378e-01
-1.717671931587477774e-03
8.547792581830258030e-01
8.482414623476071114e-01
4.551124522746355372e-02
8.367503467377672699e-01
8.210532897523074025e-01
8.401160466062391752e-01
8.641025462201515905e-01
8.455602819421740302e-01
9.558730949272717381e-02
4.157803990048382359e-02
8.346111588788582836e-01
8.529561008512245301e-01
8.852729645968235306e-02
8.218169255542048246e-01
-6.399552613977858850e-02
1.630657565935236808e-02
8.182919573174588512e-01
8.484136588806818757e-01
4.756214924542015443e-02
8.711902286660536676e-01
4.753056414775111427e-02
8.564411909714402249e-01
9.417462018999480655e-01
8.464409075136523075e-01
9.112416041644846310e-01
5.400251990342351538e-02
5.759291468856997387e-02
6.336319347355802156e-01
-7.785028861300946623e-03
-1.363890021479402526e-02
8.356224151000399836e-01
6.232812979804293052e-01
8.427708166122507283e-01
8.598175599126548496e-01
8.420432681422376220e-01
8.228952922896765054e-01
9.978836367898649140e-01
1.645842808601771790e-02
8.507233526535656898e-01
-9.992456241689190444e-02
1.097648131678501116e-01
8.601252351033241705e-01
1.046782916182635026e-01
8.192666466815214932e-01
1.727038518714396620e-02
8.335672958760464990e-01
8.318538963252406493e-01
8.060125454593757288e-01
8.334375996001150977e-01
-6.869677796617201793e-02
-1.357487616288363674e-02
5.430938967303459985e-02
3.106119980943325420e-02
2.058855803185064004e-02
8.368153228023721413e-01
8.103261609339373894e-01
-4.563070004416260039e-02
8.334720623116439464e-01
3.228492303059637969e-02
8.285177262793526065e-01
8.470409487912796687e-01
7.689178343014345385e-02
8.532558155341171124e-01
9.663714564941777718e-03
9.433566910279149731e-01
1.156523661593356206e-01
8.313673019235598982e-01
8.706371220384925280e-01
8.767995337186168525e-01
2.545017094339332986e-02
-1.387694514363792542e-01
8.444814779721638853e-01
8.508069016525293682e-01
-5.251044724175968348e-02
5.182424641911960450e-02
8.236494668944801534e-01
8.383436173839861061e-01
8.218811418754776721e-01
3.137473956903330530e-02
-1.461559754211699813e-01
1.179633609663625904e-02
8.357415426550829363e-01
-1.446077483623976756e-02
7.886212880668368452e-01
8.467553136717941298e-01
8.110400604961147675e-01
1.694269535834358464e-02
-3.245959734797314311e-02
8.389768586771967351e-01
8.486836353706558311e-01
8.226848246565658940e-01
4.433131165104925442e-02
8.468232074173676072e-01
9.684827483177366192e-03
6.814538664199940032e-03
8.405270456888060959e-01
8.467023803707887097e-01
8.264267987655702363e-01
-2.595115202896441930e-02
-2.502141571612676030e-02
1.943408353451270276e-01
3.061809057281331126e-02
-3.041438874761842603e-02
8.370167994553645574e-01
8.362248365802280592e-01
4.209556422884379312e-02
1.644586615149383479e-02
7.465596262561891017e-02
9.291776795215731521e-01
8.363475074306585544e-01
8.799572257043646317e-01
2.307187454944031879e-02
1.083115188961264463e-02
-3.891782791894048132e-02
-2.035113698151450046e-02
8.314541919806783810e-01
-2.016857215781119039e-01
8.256637397843574755e-01
-7.561491159147384900e-02
8.475210755887973013e-01
8.737441001719363776e-01
8.677676071968016824e-01
8.294165843705920693e-01
-1.160533143446360882e-01
-1.920696078288165742e-02
-2.487477313532340806e-02
9.331135915636505906e-01
9.170436001269113846e-03
8.421801607429318937e-01
8.264960027271028853e-01
5.173283846791970619e-03
7.285607305378433152e-02
1.049850662787179950e-01
8.279797052518504952e-01
-2.271081492280620229e-02
2.272463964318834073e-02
-2.703804768091903898e-02
9.499166632220747974e-01
8.316559305904865917e-01
8.322640503148795998e-01
9.890290287908731770e-01
8.256717790226146825e-01
8.760985950450980719e-02
8.179386797297982792e-01
9.908686038068736934e-02
8.437341616661210297e-01
-1.052307454416617771e-01
8.392599408828007590e-01
8.331288159809929761e-01
-5.690633703881527172e-02
-1.745202849081571306e-01
8.345501912057173843e-01
3.334778458657378097e-02
8.487357150739207601e-01
8.589267622481273623e-01
3.941353287422005858e-02
8.223556874333055600e-01
8.349779168845135047e-01
-4.469428833882543861e-03
8.243469977256135950e-01
7.951770041320556093e-01
8.446880957644007371e-01
8.252271788144502906e-01
8.245251808921267855e-01
7.814809865146964130e-02
-2.524499603102679790e-02
-3.069980669232424964e-02
8.101236847149074771e-01
8.522404133857470754e-01
8.335790002057649195e-01
5.605459200083927340e-02
8.393528161173589019e-01
8.290652488116023733e-01
-6.678713373315894875e-02
-5.200179610068583758e-02
8.019222005768794626e-01
6.213547948624027484e-01
8.167929263928518091e-02
2.926909773505168011e-03
8.778856449627256975e-01
-7.005507289412070404e-02
8.731852381804561247e-01
8.174709001226700966e-01
8.361048154014268929e-01
8.673454141269937301e-03
9.627749225162782198e-03
8.396797077457006653e-01
8.388297122446560783e-01
8.215314683255805495e-01
3.339694680758013845e-02
8.238595687978284010e-01
8.277390683022525231e-01
8.405027656902237521e-01
8.379126961325369383e-01
8.193696676418575908e-01
-2.903209355725590302e-02
8.232873037357464341e-01
8.152512902455679722e-01
-4.182315874634438477e-03
7.206544085396549004e-02
-1.769418267352309559e-01
1.760996194650324420e-02
2.209571455623385305e-02
9.678546979752981061e-01
-6.375477334367052329e-03
6.658827142599491045e-02
-1.738894116499416220e-02
9.688110739803773575e-04
8.544792630593454064e-01
8.571640402205182863e-01
8.281720753194345974e-01
4.959125155226544457e-02
2.752750729328598545e-02
8.295966340405623862e-01
-9.098870333177200287e-02
8.399475773409603718e-01
8.660675552375369790e-01
8.402176043112786763e-01
8.319576600137950084e-01
8.346659428952061255e-01
8.185253330073263278e-01
8.439919056791296281e-01
1.798106868889987331e-01
8.417390867539189525e-01
3.105347827280389994e-02
8.450711885324514450e-01
-9.957243790844241826e-02
