8.523377617719151145e-01
5.437395968389768797e-03
8.129437519115657595e-01
5.712688694551382174e-03
-2.220843887690630847e-02
8.341170081385794743e-01
-3.642638539869844094e-02
-1.524756389798150036e-02
8.506879902565243068e-01
8.394937834170634883e-01
-6.787047525262646097e-02
8.459153100484447796e-01
8.412382879015776194e-01
8.218971592819339644e-01
3.974386454096112686e-02
4.915888073389909629e-02
-8.046895509655152545e-02
8.247876057090772761e-01
8.501663033564091920e-01
8.367224526003469443e-01
8.627270910172770702e-01
4.618517423567092273e-02
8.368764915754733913e-01
2.113738592741362665e-02
8.309641412045458697e-01
-2.390538213990608951e-02
1.682563002182521639e-02
-4.597993302032203633e-02
6.849729156670120167e-02
8.502439897837738014e-01
1.052002894932044796e-01
-3.612576820762289365e-02
8.415571692532822778e-01
8.053894452373440149e-01
8.632177583398912279e-01
-3.405036182369629294e-02
8.412576279607841823e-01
8.382435699553874020e-01
3.176577678946812533e-02
-1.364084327600599833e-01
-6.840874704084737301e-02
-1.956459406564567405e-02
-1.025956303519160312e-01
8.199110342143824948e-01
5.913373436581723097e-02
8.386411951819616739e-01
8.464692883138806856e-01
8.550956345829658911e-01
-1.209239745827999785e-01
-1.487188911877697362e-02
-1.447791796505414064e-02
8.537498046610010327e-01
5.312677325286721541e-02
8.409668896810802430e-01
-3.604182288471724505e-02
8.300195960409295637e-01
7.882747467859230195e-02
8.272711826087559839e-01
8.423064391353034530e-01
8.398090143271585983e-01
-4.802076862731752271e-02
8.280462445255609705e-01
8.242328685598055982e-01
-3.451335422585168067e-02
8.395600756498111661e-01
-8.084520280068689668e-02
-9.584680499493185291e-02
8.482315667722526431e-01
8.479313666592346310e-01
-9.021201210556077654e-02
8.401985049809087558e-01
8.360634661032289028e-01
-8.674344360158992018e-02
8.464205118966714458e-01
8.471115751153766027e-01
8.191015308957932950e-01
8.492606084208194073e-01
-3.761020707646775540e-02
8.423752102981318934e-01
8.491184794351755993e-01
8.383756659152172830e-01
-2.673817591032028040e-02
-3.676387502641528804e-02
8.304622326659923948e-01
-1.573146160756305201e-01
8.335025503377541112e-01
1.238637803127058679e-02
8.406894836719323028e-01
9.319192055418187848e-03
-5.903093064840318760e-02
8.602650880745634776e-01
-7.478933286935027236e-02
8.385715887449306516e-01
8.395263629532380145e-01
-5.741087294160203414e-02
-5.579617675636802665e-02
8.581319928090072047e-01
5.361399663081585498e-02
-5.520363680945261642e-02
-1.919975791352268590e-02
8.557889689473601180e-01
1.137981644923347635e-01
8.606018709917844234e-01
-4.617577115726455295e-02
8.549284620622463748e-01
8.372457180711538882e-01
6.507134177142964715e-03
7.511437462133771503e-02
-5.520231971371418467e-02
4.409415632997998324e-02
8.406212418895060434e-01
8.540517221721903862e-01
3.467048673745183607e-02
8.581223706827473263e-01
-9.647343608605921106e-02
8.309912945988082722e-01
-1.231124662735583186e-02
8.434969093130199047e-01
8.307030994403750146e-01
-5.810719725821179849e-02
-3.379392491355275030e-02
8.318750431412088586e-01
8.361788663610094652e-01
-3.279588000695922434e-02
-8.771469398875285373e-02
8.550829507968705778e-01
8.432499613962558538e-01
3.914326308863361192e-03
9.643747822518838886e-03
1.288177830334798213e-02
-2.784046112198243494e-02
-7.745357154544912914e-03
8.338744716484755015e-01
-2.830279281974680539e-02
8.321770212841389514e-01
8.620399241316750727e-01
-2.277081318351382999e-02
8.475995455049308847e-01
8.348606454100684360e-01
2.584490315913873237e-03
-1.714664219751915741e-03
-8.518409213091589216e-02
8.452825159054417892e-01
8.225854962688413652e-01
-4.610708281469196035e-02
8.537735822804273234e-01
8.609557240104732667e-01
8.550873541868679872e-01
-3.346208860257594842e-02
3.125688340511745267e-04
-3.340259005486684307e-02
8.341922769432236207e-01
8.622826047942319105e-01
-1.458020125538912748e-02
8.399804655389961905e-01
-9.532347558449143221e-02
-4.318150688808064519e-02
8.241011505595049469e-01
-9.740949158007938813e-02
8.039124345036309238e-01
8.529422530509913614e-01
8.347193945808207838e-01
8.352122775372945451e-01
8.523471853794406528e-01
-1.003897432659744543e-01
9.403604339606008722e-02
8.360439724760901914e-01
8.583874174244749966e-01
8.287680762982140292e-01
4.612611748168617132e-02
-6.625694676405759209e-02
1.520892791554287471e-02
8.565369049818049030e-01
-1.114932758218084990e-01
8.452189202825343139e-01
4.310347806700012829e-02
-1.262157184173669233e-01
8.620220645837286533e-01
-4.364218129423572123e-02
8.561510380605754644e-01
8.206678956246663548e-01
2.438463971614585057e-02
8.346091825093022720e-01
8.134858872397703333e-01
8.465865365559858136e-01
8.130463250033433953e-01
1.717385730247669717e-02
-3.676420671372554461e-04
8.326820092838429499e-01
-5.997432614525739780e-02
8.366189458807745671e-01
8.346294701441170361e-01
8.283340262319518477e-01
-2.807120245778564616e-02
4.615740752471259034e-02
2.133243097650606990e-02
8.365803522154147132e-01
-8.231449315414528234e-02
8.167716928222398254e-01
-2.750537539679016874e-02
8.441607546122176231e-01
8.640162017995938193e-01
-6.229431997028390955e-02
8.241584982718983543e-01
4.685580891791650548e-02
3.955708499056384553e-02
1.119506490982212499e-02
-9.813678498294722830e-02
1.039781776859121099e-01
8.352436451369307235e-01
8.430269725466762454e-01
6.146855330657841066e-03
8.216874447568954798e-01
9.481235396738975363e-02
8.301796608049957227e-01
8.297270311532746190e-01
8.482269040014344119e-01
5.059015211121363487e-02
8.481937684359780460e-01
8.421609588530629686e-01
8.347152480487775028e-01
-4.477128291897806978e-02
8.359680910132630816e-01
8.428704276669585216e-01
1.286246984770408885e-02
8.272139367078197303e-01
1.291565272869221181e-01
-6.545558821418945294e-02
8.567133772680520787e-01
-1.802829912075448737e-03
8.563387832075886053e-01
8.223613385341902449e-01
8.527181996105936967e-01
8.358999452041164790e-01
-7.558437596815723025e-02
8.306305520193640879e-01
2.320230314644995684e-02
8.340194305908642525e-01
2.441428832334108234e-02
3.781859018876861100e-02
7.255062765168181216e-02
8.517006219111198373e-01
8.439642251205988766e-01
4.894720549229102102e-02
8.180818972813265200e-01
8.459628572867420315e-01
1.076480355333683803e-02
-4.785942051863463498e-02
7.417416027167203496e-02
-6.902473440940291860e-02
-5.903156903438799841e-02
8.529813490687941924e-01
-8.320734121294831587e-02
-3.547845324265094802e-02
8.417423693164720611e-01
8.432870459616867986e-01
7.994370788423406093e-01
1.462733565152371518e-02
8.310151968991658089e-01
8.476206565863226849e-01
1.459880311207919223e-01
-7.615160863064011909e-02
8.323351601117671139e-01
8.293334865901959008e-01
2.432460968243087274e-02
8.439576948858543703e-01
1.584634633360443301e-02
8.380231252135028619e-01
8.651241751036330419e-01
8.321118348664957587e-01
1.536757774869595972e-02
8.365839461158717238e-01
-9.788814747564714147e-02
8.379176124619462929e-01
8.160557498419481748e-01
1.221683145534677162e-02
8.440762738297060697e-01
8.311472984997945179e-01
-3.049946987577084601e-02
8.415696812477473365e-01
8.430623304174038601e-01
-1.924340455996328969e-02
7.100558991551471355e-02
8.457627525726941764e-01
1.889589939565966548e-02
8.204226315565661398e-01
-4.487874098529705258e-02
-1.091326889386721732e-01
-3.769001811909894473e-03
8.639008669442540533e-01
3.574034983314573755e-02
-5.689521580527766298e-02
8.178742675763471803e-01
-3.396694522219259604e-03
8.211556062289711022e-01
-8.557446661874175409e-02
8.225009038288774166e-01
4.549433418235715454e-02
-7.963142343167696480e-02
7.114363874346747718e-02
