9.642638243093027972e-01
8.479322953458880985e-01
9.356726402458818148e-01
9.139041565557207702e-01
8.258643286018240159e-01
9.617996538368414061e-01
8.698540226199344971e-01
9.449168135762116005e-01
9.312334392941257200e-01
9.746051548453837921e-01
8.338369865481624066e-01
7.831239883707209470e-01
9.286633924099556570e-01
9.735544659474753004e-01
9.460610733549174034e-01
9.381269477613469743e-01
9.242223714758046604e-01
8.613254952442038759e-01
8.434838107252817796e-01
9.768024969866857532e-01
9.658311712528769855e-01
9.699094459043509087e-01
9.583247411347415312e-01
9.562337634299084010e-01
9.587165034244123918e-01
9.371445412774792594e-01
8.792045438210972508e-01
9.714100882931919756e-01
8.516008236784211594e-01
8.572016601319611961e-01
9.722269404352726907e-01
8.774311646001211606e-01
9.131781474471821758e-01
9.165972449465746852e-01
8.100257867345961316e-01
9.635080250126195622e-01
9.238121412264570509e-01
8.428451752468355540e-01
8.191885708570878499e-01
9.339357500630662834e-01
8.661848084609214959e-01
8.644022088615166410e-01
8.940374217365463227e-01
8.645512854978774087e-01
8.318904201878611904e-01
8.868410659510168603e-01
7.919968985638328185e-01
9.377205695237524896e-01
9.026999204667803811e-01
8.208070358613518414e-01
9.330941622489025145e-01
9.592594114256141058e-01
9.176007032967571364e-01
8.907375164681872182e-01
8.784421509355375690e-01
9.019117609297202520e-01
9.037850317193691918e-01
8.203480413709178798e-01
8.775490722799428323e-01
8.319214392311444772e-01
9.654718987820667397e-01
9.566428105948580063e-01
9.593533961132267862e-01
9.774421512647868404e-01
8.760139936935038563e-01
8.628399184711775805e-01
8.614147601987460767e-01
9.501778939528582324e-01
9.436783430932672578e-01
9.547330382750365274e-01
8.668766683160289421e-01
8.982018500747248613e-01
8.304604058160472979e-01
9.278617901031003257e-01
7.620666209097197719e-01
8.379912620150693492e-01
9.771793688398668909e-01
9.073592812616926295e-01
7.799115953676571955e-01
9.121809179835590475e-01
9.064896929125761948e-01
9.537400236500856998e-01
9.173166321412695723e-01
9.586591946334930281e-01
9.769987909979420682e-01
9.080580615353952556e-01
9.689316088860214782e-01
8.940410921929262678e-01
7.609601160740933068e-01
9.696406982368861449e-01
9.119625298507240130e-01
8.998167783917510043e-01
9.582350461033135591e-01
9.685731416797156434e-01
9.762768320397609001e-01
9.384527266787705546e-01
9.176604435386790382e-01
9.596645578511977526e-01
9.443740480227267309e-01
9.758810561827393482e-01
9.659863369762959895e-01
9.762760489789863438e-01
9.577461809878972110e-01
9.675937036674844283e-01
9.262888914816649333e-01
9.300749318510611596e-01
9.272957328203825789e-01
8.726760681835378231e-01
9.454301985195288083e-01
7.799119517403390045e-01
9.273992473215701970e-01
8.227325557442192183e-01
9.583823540169205124e-01
7.758383089389508935e-01
9.160390179132028576e-01
9.737869142111345022e-01
9.717207518069647110e-01
8.211304759881551396e-01
9.776048133001871143e-01
8.371107035712663791e-01
9.048102530596737747e-01
7.996554873197780910e-01
9.531410962860618064e-01
9.751817197990612085e-01
9.699188550155951605e-01
8.730118530528894194e-01
8.471764430170101168e-01
9.750676220737702904e-01
8.884733290405425477e-01
9.644761122026930256e-01
9.706692097567881650e-01
9.628810286671911634e-01
8.517868801744179486e-01
9.703802150188699516e-01
9.223127346405146643e-01
9.763876788382053196e-01
9.445800091528051556e-01
9.281426322464506606e-01
8.569099782558931011e-01
9.654379711741819525e-01
9.675269544301215996e-01
9.737185037163071932e-01
8.535881334928392405e-01
9.752454216279562438e-01
9.606166985020510030e-01
9.699039288210385967e-01
7.799500489876151077e-01
9.651774165578976827e-01
9.695278296504532545e-01
8.616296428007794717e-01
8.369866152326876918e-01
8.933030053765336209e-01
9.686031411385576106e-01
9.294552353398154443e-01
8.454900798468160117e-01
9.663989074042450556e-01
9.541753685913828553e-01
9.444038638870775326e-01
9.581872399502722182e-01
8.603917721580873756e-01
9.532170918307381058e-01
9.549149624959150096e-01
8.704126934132012661e-01
9.608115457388251013e-01
9.165153405768804440e-01
9.708117878313489157e-01
8.827225059512630034e-01
8.379108890929716225e-01
9.574159406174768128e-01
9.345684305999765185e-01
9.433543610908281529e-01
9.702927437089157170e-01
9.528313539271657806e-01
9.070548728591250054e-01
9.661404094522618724e-01
9.491759569705526811e-01
8.320671679838754775e-01
8.938382644970508384e-01
8.673449588161672441e-01
9.219390631095798483e-01
9.368668705110581030e-01
9.629280398956381326e-01
8.679048986037272151e-01
9.504153779062565199e-01
7.587175702089938856e-01
9.345649972057719079e-01
9.740261351081140884e-01
9.718413958082192661e-01
9.330259592553917791e-01
9.459775292378587164e-01
7.799900985644110385e-01
9.554156295559554923e-01
8.969817042478832603e-01
8.954432938227210315e-01
9.586376334804637134e-01
8.855753768030720785e-01
9.401687907254373533e-01
9.556217368767043752e-01
8.638617151618657175e-01
8.824183963732754599e-01
8.424684007019561660e-01
9.644213768056351110e-01
9.748640251317283179e-01
9.398551441571663112e-01
9.620447687045133867e-01
9.192870335773223323e-01
9.721414900102638423e-01
8.814844717487022585e-01
8.032284372832547703e-01
8.366238412306650218e-01
9.171266670960169787e-01
9.508671549320316663e-01
9.726559155005545243e-01
9.772344817082800894e-01
8.297786864394424144e-01
9.792804230584314373e-01
9.753735965528438356e-01
8.186886729126272577e-01
9.647264693995045715e-01
9.423691685858625045e-01
7.940956799823237766e-01
9.354191379902531134e-01
9.462444130060645442e-01
8.956991992595759733e-01
9.729182824007616137e-01
9.562781103987112452e-01
8.145588560631399355e-01
9.687163279732681209e-01
8.239109441346703644e-01
9.409942335963420446e-01
8.277449383923390913e-01
8.378081732195622466e-01
9.738749230952767899e-01
9.674163310715553354e-01
9.626147821104700242e-01
7.966694396960622981e-01
8.902642517264657274e-01
8.384649741429175407e-01
9.207380039498903601e-01
9.170884642784642438e-01
8.465273287658678925e-01
8.986328792965991852e-01
8.746377373816326406e-01
9.633458018197329498e-01
9.609196093220460089e-01
9.652589072772927992e-01
9.749290517340780671e-01
8.199416398708392340e-01
9.190964906579850435e-01
7.771609983342795402e-01
8.356243903648969962e-01
9.605366745083507851e-01
8.110263136152361385e-01
9.716892953684626022e-01
8.425893331310064793e-01
9.687643219590245103e-01
9.161452527004830815e-01
8.399056075419287781e-01
8.596120044609141253e-01
8.859798612352995928e-01
9.170527727767932014e-01
9.747177635130048756e-01
8.142628036216291720e-01
9.410147743120818031e-01
9.749986331426144792e-01
9.680273122235297789e-01
9.469232704224068708e-01
9.722927087734012375e-01
8.273301686361800300e-01
9.749792800301676499e-01
8.491440443387476833e-01
9.431685343155102874e-01
9.555375361349953689e-01
8.919152717449800871e-01
9.765666192507893584e-01
9.356645171009290163e-01
9.737455125720977378e-01
9.728901236544343911e-01
9.308761663346695192e-01
8.726958612629287515e-01
9.695394815925669763e-01
8.928396390778698954e-01
7.889502382122768331e-01
9.358147948358849222e-01
9.710980174464682868e-01
9.714739386810526955e-01
8.102376618846454104e-01
9.713331649061207607e-01
9.598121696631274347e-01
9.780795545067404451e-01
9.160451180360873469e-01
9.315971652879724285e-01
8.920339368887346687e-01
9.702684423481482412e-01
9.195645503997708081e-01
9.323891852625716403e-01
9.300744317472875444e-01
9.521136012830385686e-01
9.712650655471541938e-01
8.360357943971825634e-01
