9.542129789220279434e-01
-3.414179070370741420e-01
4.922831485918103406e-03
7.061790039208241110e-01
3.526333867337513861e-01
8.631847876456177904e-02
7.715353491568133215e-01
-1.106572427375963064e-01
3.081533282729587708e-01
9.549675927483056714e-01
2.841324708754272566e-01
-1.768135257275914030e-01
7.954578949910787733e-01
4.239176040544559432e-01
4.345097967741072820e-01
-2.444667617790044489e-02
3.485020591690889402e-01
6.006339289361651845e-01
1.080479235840592633e-01
3.026325546099232211e-01
2.970978363516664500e-02
4.591545138460412234e-01
8.062414344442480063e-01
7.588357842549657839e-01
8.058871983581966658e-01
8.431400681286619347e-01
8.511547638462741983e-01
7.870321578852292888e-01
8.367736816150179724e-01
8.000270177525750093e-01
7.474179640807887548e-01
4.419041489311647530e-01
8.684192067232512913e-02
6.920406722559453438e-01
7.557197209959491957e-01
4.366758154242790235e-01
7.204122917154203165e-01
4.159408241076263391e-01
5.332788821320996187e-01
4.314531155647050586e-01
3.750488031734970362e-01
8.538611304939545121e-01
-1.595082565984222711e-01
8.019695030019473592e-01
3.806514120691575354e-01
-1.611301162141289267e-01
7.408687622821078511e-01
-7.184725764763294498e-02
-1.883807685267426812e-01
8.207407391215166825e-01
-1.721998948783014516e-01
4.696483246794068145e-01
7.931634229251327550e-01
3.679169171822368467e-01
7.309992272803184088e-02
3.147164666148543066e-01
8.850682394432551892e-01
-6.488813495733841696e-02
8.233480861322798328e-01
4.566487829964145373e-01
7.170480405108409228e-01
9.445162831156519445e-01
3.493513576704121437e-01
6.429686979398717694e-01
8.779951681089889770e-02
7.207013023200870006e-01
9.081707284248745626e-01
5.235614852799845842e-01
-8.039340839989908560e-02
-1.992896284774464122e-01
4.003078599013059624e-01
9.007341558920456404e-01
-3.489908099094238825e-01
3.719659945034365367e-01
7.963177602263354915e-01
8.079377187928659110e-01
4.350109675121455743e-01
7.911720741303883420e-02
7.616793044256005007e-01
-1.055828988545118863e-01
6.798542926997801494e-01
4.454199989970299978e-01
5.144642783573932787e-01
6.872662897195978005e-01
9.625746911105570458e-01
4.816161669813590063e-02
8.062111092186625694e-01
8.964164263453251458e-01
8.185847811748230285e-01
7.562645471280320386e-01
-1.102851957069679173e-01
-2.038092337651632446e-01
9.018656961373395786e-01
-1.295438014724305809e-01
7.476508626918145772e-01
4.823774444329249067e-01
9.637410422796239828e-01
7.842110453643463819e-01
2.508946703037605308e-02
-7.625075847459306111e-02
9.154760771389051088e-01
3.585952117396481453e-01
-1.137037755452458554e-01
-1.286193798157568569e-01
8.142075409275545406e-01
-2.384657134758459418e-01
4.614497378260275229e-02
8.923437601735737523e-01
-1.190472616920321969e-01
9.267632389971729445e-01
8.230822707870237842e-01
6.627681952871619098e-01
-1.118803749196384256e-01
5.842864384179308201e-02
3.951063562383864136e-01
-1.044595606620581096e-01
8.289953410933252609e-02
7.650983419022667764e-01
1.370534011098158145e-02
4.735066664244157175e-02
7.502203327420642331e-01
-2.602827398622230559e-01
4.458967502396554705e-01
9.101451411311038964e-01
8.626642992422512979e-01
4.015043362000375593e-01
9.305128519325722714e-01
6.115242381373027225e-01
4.681693056508006157e-01
5.237462025786642217e-01
4.871663381294873973e-01
8.105068048937034142e-01
3.971463721165829908e-01
8.097921973916439864e-01
4.717468762438201679e-01
8.355699976599113565e-01
8.399633299039718781e-02
-7.256992105386114722e-02
7.469503158438972612e-01
7.224190333093993832e-01
6.074151355789330492e-02
8.004964585096465690e-01
6.979016769461319214e-01
8.731369281418692729e-01
8.221950489836147291e-01
9.248811494024657964e-01
-1.700516665220305479e-01
1.010215061640489798e-01
8.288338752584398783e-01
-1.181128594743485472e-01
7.707525310500811244e-01
6.980679312490178923e-02
7.654850520763878396e-01
1.008804115625179243e-01
-1.580706833995526028e-01
7.969626488539645059e-01
9.247214979720753680e-01
7.409759560363802233e-01
-7.062908853414620602e-02
7.861566272115594334e-01
8.501193358373217990e-01
1.229670374589457091e-03
-1.495313642876224258e-01
7.346332924348475402e-01
5.385499307304308925e-01
-1.829873115213614676e-01
7.648771250636496877e-01
9.249910609067952816e-01
-6.179520429757261180e-02
-2.189662312851899939e-01
7.337445553511359186e-01
6.683017538785482881e-01
8.206981810188253013e-01
9.188225048927259886e-01
1.151210222569013369e-01
3.487381810596246190e-01
-1.328672612101688133e-01
7.495240094774194839e-01
-1.247579290147637493e-01
7.621017815927031425e-01
7.404070537749702918e-01
-2.268680764855520726e-01
4.360020003407034661e-01
7.311485754603482823e-01
8.664409772060850390e-01
2.164977042898133253e-01
-1.250297970962948590e-01
7.542693410459639924e-01
2.356201908505211051e-01
8.785281021337132401e-01
1.228874833486839485e-01
9.490931144103711414e-01
3.764502772059535873e-01
-3.014502373352904718e-01
5.178780415697303852e-01
-1.951105373733156845e-01
9.324513287098769032e-01
3.733614184067463038e-01
-1.531674124593042086e-01
3.639191305370150786e-01
8.095513961314606544e-01
-1.594155676429059310e-01
7.966439110435477033e-01
2.357432892801923988e-02
3.187579668155684498e-01
8.297124822402139888e-01
7.242392194625502100e-01
8.827330048574377752e-01
7.894052870542969114e-01
-2.393080470034885665e-01
-5.995139861641680945e-02
1.263465582753344751e-01
8.946179833750875776e-01
7.605900077447163010e-01
7.979517518267957854e-01
1.486758901804048905e-01
7.739738506200463664e-02
4.301484865719809036e-01
9.979497310196552839e-02
-9.069765830434038667e-02
8.300170088670284496e-01
-1.111105211547800675e-01
7.102654318464222127e-01
8.714004561576821350e-01
4.913485164508209907e-02
8.966601087467004350e-01
4.785204755815671007e-02
8.311200537189287196e-01
8.111930913444869162e-01
-1.446927578152920335e-01
-1.369937695907432473e-01
-2.789861574253087451e-01
8.064656225702253600e-01
3.908336565430389764e-02
-3.399480313736230608e-01
9.585962829960942289e-01
7.865623602066715847e-01
3.225878875186412309e-02
8.804901656909396301e-01
4.547512229749808288e-01
8.265385400784415193e-01
-1.201324361280627917e-01
-1.908741491056219486e-01
8.574647093924595564e-01
-1.058394692133057813e-01
4.314260894583947237e-01
8.230810725766157798e-01
4.042256733657844103e-01
7.284430898656777398e-01
4.355380561879996781e-01
-3.399480313736230608e-01
2.180339975862142718e-02
-1.261437699919508715e-01
7.536070716624540533e-02
7.124883291090282622e-01
3.530364091741760579e-01
1.295168218333398180e-01
-1.407669967644362141e-01
7.452149269495873529e-01
-2.002702258261802037e-01
4.101446740858576412e-01
6.923285712491268340e-01
4.075753801401537091e-01
4.259437305131215656e-01
8.002881081243228278e-01
8.931682913429610515e-01
8.271551359142764737e-01
-7.606427884008171159e-02
7.784785849672136715e-01
-1.009154729833741382e-01
1.066544617025137753e-01
-1.298206292771288961e-01
-3.679539548004132771e-02
3.681208415081166363e-01
9.030578042602661615e-01
-5.312013730831718211e-02
8.566840555233792287e-01
1.793568544859324987e-01
7.098313337642718768e-01
9.161769863294506600e-01
5.107043937829491842e-01
9.603476220914397565e-01
7.316804230216844562e-01
7.070487320969935929e-01
7.254163063956344804e-01
8.590960629790558301e-01
8.461384654872639022e-01
9.749014794704962128e-01
8.039584402194389634e-01
7.238882137657973725e-01
7.385454099207351408e-01
-5.268447265302635130e-02
1.068183380682029698e-01
6.961706398797727902e-01
6.116178978008373068e-01
4.991142510121465703e-01
1.215381221740596818e-02
7.675252801329881525e-01
9.517679883380143480e-01
9.172249417705324870e-01
