7.507666412308289239e-01
-5.478732977091365086e-01
-3.550480266975390431e-01
9.036289168262023885e-01
-4.576926509591475734e-01
5.063907940489861259e-01
7.164481270296864102e-01
2.052220147148492435e-02
6.329797761672923961e-01
9.636085470326453128e-01
4.751799517689975771e-01
-4.558164790418588463e-01
-2.597031516616619129e-01
6.972430783563605683e-01
8.160539306194725118e-01
-5.024023952929914660e-01
6.426914698323831221e-01
9.837470293751884309e-01
5.983215849649845541e-01
4.759764301411059662e-01
3.329271967229546769e-01
3.305598259359422419e-01
8.953095962412782605e-01
7.291799110621641766e-01
-4.430686400991437068e-01
9.805394863834139274e-01
9.104474366215682402e-01
-4.934752888099556700e-01
9.464376042436454251e-01
9.151633711811584249e-01
7.225274292504968443e-01
8.753564182560299445e-01
-2.552980196594372697e-01
8.706404776811147439e-01
8.896060389946122138e-01
2.806470758005663590e-01
7.561263624096081770e-01
-7.712256633811855056e-02
-4.007673345417880895e-01
7.329997710012491341e-01
9.069298039176724169e-01
1.569992101955231811e-01
8.812879473608232761e-01
8.141596559756192342e-01
-1.702690779519011599e-01
-5.309363703557877789e-01
6.286236091497188205e-01
-2.613616802307011655e-01
-4.532454341007141618e-01
-4.470206667447565452e-01
-3.199820987940512618e-01
7.046376614128492255e-01
-5.028890748614940343e-01
6.173361724104751147e-01
3.015702372294466471e-01
6.825007835882378471e-01
-1.861306350619411076e-01
6.383401293748416361e-01
5.734720261086320159e-01
-8.964069076115044332e-02
5.480631255248471501e-01
3.374159338921475237e-01
5.815897229524680245e-01
9.000662775649785896e-01
5.793376203935929336e-01
8.722157191215673677e-01
9.073713031980039645e-01
8.529211066361981342e-01
-3.571111207935706577e-01
4.144378578766046428e-01
5.415906066173703515e-01
-1.187393633762785783e-01
-4.509384228331518862e-01
8.399105300332868618e-01
9.869475914897328783e-01
-3.445293901456608632e-01
7.649651959224612607e-01
-1.587392692131273098e-01
9.110031868920589471e-01
9.948544193992461260e-01
6.728432638006774935e-01
8.075198835848029777e-01
-4.019793886935710825e-01
3.070345063854110212e-01
3.345680389810226085e-01
6.096835851085309343e-01
-6.030587348620721766e-01
-3.116775872266158154e-01
9.330736825107293075e-01
8.181440420370365008e-01
-3.818917716988707856e-01
2.099262127737505645e-01
-1.509268558665377569e-01
-3.001126322877736285e-01
7.320154293290601633e-01
8.090604462125754459e-01
9.956255213239397772e-01
9.104398690196455757e-01
-1.792870849678680212e-01
8.944404769343730077e-01
9.826037374883807018e-01
6.039687203022405804e-01
-4.373536795445098213e-01
-1.124950302889592968e-01
-5.365591924055139739e-01
5.534187451490817367e-01
6.441508469345356147e-01
5.862437579577275404e-01
-4.714471575688259364e-01
9.961688366670757855e-01
-1.535754634478802561e-01
9.764807893440816677e-01
-3.059758521932177677e-01
8.990236446456096875e-01
6.553702678649577784e-01
8.115958079660442470e-01
6.918368184113102837e-01
7.542571183993351802e-01
-2.754154127466881263e-01
7.301475871830205300e-01
8.924031260366036555e-01
2.301056671794338149e-01
5.966060696493319382e-01
-1.817433753128517293e-01
9.488110504668344491e-01
8.204020622703702692e-01
5.348946687317448490e-01
9.066037812096034987e-01
-2.361640730388771536e-01
6.626133880113502794e-01
-4.155903594834534642e-01
8.119589466000614042e-01
8.589168970977925088e-01
8.364653930838858997e-01
8.070637840681122999e-01
9.929863073327378498e-01
5.584620449912958140e-01
8.175195687364403829e-01
-1.846138994097608343e-01
9.016199004414893192e-01
7.253680966030779942e-01
-1.732187314055232963e-01
7.162255054757127315e-01
-3.952154025137147864e-01
-1.952608393213909332e-01
7.042346078967902656e-01
-1.077888149615325586e-01
5.337728920930631116e-01
8.514345725875129833e-01
6.136672249282673075e-01
8.768942902846907916e-01
-2.922588772757246378e-01
8.999690366801127439e-01
5.834738944553925499e-01
-4.729304714118798270e-01
-5.798057862191082767e-01
-1.751287735726671235e-01
-4.676636220217855744e-01
8.435125809371371020e-01
9.968450576244780592e-01
-3.595604716592067929e-01
-9.233540282565050328e-02
-2.684698041907084276e-01
-4.148448244856016709e-01
-4.154278089097221405e-01
-3.620646667899513060e-01
5.406069458576198139e-01
9.776643713760041488e-01
-4.431502934997210152e-01
9.308316677344863344e-01
6.239704559094270131e-01
9.158480941697724198e-01
8.351506452837841321e-01
-1.124766924312460281e-01
6.955324473963709897e-01
-4.321165472021373244e-01
-4.788811174321252473e-01
6.526913079505380910e-01
-3.820484489870445977e-01
-4.787957680684138961e-01
7.176038422664721139e-01
3.393362585666683806e-01
5.735603460421225819e-01
-1.515401637453794026e-01
9.949685191627555270e-01
4.610450114487646966e-01
2.901952412931680381e-01
-4.574467022170880526e-01
4.808941511179451456e-01
-1.270835224504755778e-01
-2.448570929472254076e-01
3.027727385212795053e-01
5.337896202197793816e-01
8.201051036446409537e-01
8.510027787326013282e-01
-3.133707251016126794e-01
-2.264669765586538042e-01
6.619305361676879329e-01
-3.815242898054547749e-01
-4.385017405862228212e-01
9.828115751519104215e-01
-9.063689442288790088e-02
-5.951597688318832624e-01
-2.220225609105864195e-01
5.603852136848164189e-01
9.232194302451905976e-01
7.429751084742340916e-01
7.933473122809819866e-02
9.559590150495969052e-01
2.925353734101546754e-01
-5.170802967418868246e-01
-3.018470437733685591e-02
-4.489575533107542094e-01
4.916464301697366923e-01
-5.463903637485936216e-01
6.920658295580303099e-01
5.167825776450287734e-01
5.256890335537696135e-01
5.713410174114329498e-01
-1.887337479976377852e-01
9.809241047185927043e-01
-2.630049284756677541e-01
6.971738231621766868e-01
-2.254700124174132680e-01
-1.600110983640801177e-01
-1.686239908491776462e-01
-2.494545933395682646e-01
2.219937158182576364e-01
8.519087466675722142e-01
5.293971299678543740e-01
5.164152339854367613e-01
8.527574376185240723e-01
9.140088536690148535e-01
-7.943821261063369055e-02
3.433165344778681405e-01
7.471829485459672293e-01
7.324656999301857319e-01
-5.278205984005870377e-01
-2.072226254051919014e-01
-4.487672883603278651e-01
9.596843584865633048e-01
5.528402767942627305e-01
7.326414213119449848e-01
-2.182078268670024079e-01
-5.087066619578439752e-01
6.573779871239693318e-01
-5.655658483115140189e-01
7.767281754493478019e-01
7.477304580984638349e-01
-1.281676795713402317e-01
5.165562435602226721e-01
-9.685595686532263993e-02
2.283827399474189224e-01
5.744559598571693515e-01
-1.063889518924662769e-01
6.122464483357190623e-01
6.099818107267311884e-01
-4.232755031836531456e-01
2.993434487398272670e-01
-2.142808217079437139e-01
-2.590348411761803638e-01
9.078903875256565392e-01
7.147502073821968560e-01
-2.525090303419805782e-01
-6.251792974845973294e-01
7.384154803194939443e-02
9.590496865388419279e-01
-4.497345884136457750e-01
8.506125629888802164e-01
6.382126483170840192e-01
6.144817330951888312e-01
-2.786921844418984717e-01
-1.312801367858191515e-01
8.196528070942167288e-01
7.734145856566685406e-01
-3.692800886758946799e-01
-1.547197411773919840e-01
9.884157404514845036e-01
9.048899634511046175e-01
3.438971782512781905e-01
-8.396110220161001614e-02
-5.731473772108222065e-01
9.033213369298855877e-01
9.215945543280348318e-01
9.967688750944858622e-01
-1.458677315166007626e-01
8.572230413379267056e-01
9.795745913376070479e-01
9.231406113877012043e-01
-1.475980574253360489e-01
5.857937328521308773e-01
-5.948261709335757041e-01
7.798472603579434947e-01
8.797692162081676148e-01
5.446078398924703023e-01
7.333219420398595645e-01
-3.641134742675474767e-01
9.216345057046333444e-01
9.649347078248047271e-01
8.291872029055861182e-01
