-3.090796356977607573e-01
8.007015736607947520e-01
-2.529912233284786760e-01
9.475584989190490859e-01
8.217656437042464290e-01
7.330107371239538150e-01
8.834365321939599003e-01
8.231475467777958910e-01
5.872674659897416660e-01
4.829767655225153944e-01
7.672992608250309710e-01
1.752946981760397649e-02
7.559931053398158962e-01
6.020476828677386871e-01
3.346398252788326810e-01
4.809271763626404156e-02
5.419407080492553153e-01
1.854209027034308954e-01
7.580363799079681275e-01
8.009005024985622612e-01
6.914342561231978657e-01
6.861076586321754878e-01
1.506337933642901417e-01
8.890003668112431701e-01
5.461014627713489666e-02
5.475801357256333546e-01
1.302141315816141565e-01
-3.528415799410231611e-03
1.012445445927005611e-01
1.315882984899559016e-01
9.184692337674873475e-01
1.573542542078856521e-01
-2.562572302012456338e-01
9.671462855692989358e-01
8.618422309959681282e-01
7.064156283660334434e-01
9.105431836144839419e-01
-3.408684338842780659e-01
8.367293877321210216e-01
5.816783274454684349e-01
9.062132820718640236e-01
-2.347782662556402999e-01
8.322438681308782504e-01
2.752641457754460008e-01
-3.874730619443073065e-01
1.232465426768237365e-02
9.932589746141478049e-01
8.128433086555779674e-01
8.192966844088310774e-01
-7.533929470253230426e-03
7.676637821114260518e-01
-2.356527758182055260e-02
-5.964420422985510645e-02
4.978486801294473296e-01
8.415075390203548000e-01
5.560123583154319427e-01
7.365433972061131707e-01
6.420760399376371774e-01
9.252648643672914952e-01
-2.971221944230025835e-01
8.025662978162222405e-01
7.547032521563531438e-01
-3.200533117811420469e-01
9.494178697051167681e-01
7.263034742026813761e-01
9.878455251075641819e-01
5.393738674675496725e-01
3.121583139612730817e-01
-2.472908368645110322e-01
7.742884617062595343e-01
6.723156451663272470e-01
7.598151571578721786e-01
7.958047922917457218e-01
3.626011566960212207e-01
1.534616348056587753e-01
-8.311557993091718555e-02
3.389832199613588282e-01
7.337806206353418847e-01
9.328452253749655032e-01
8.475338972961696804e-01
8.315410461983607782e-01
4.125623320743510569e-01
8.409347324730995776e-01
8.169976493340030954e-01
-2.919581466987183904e-01
5.609977811310244977e-01
5.076804719644274766e-02
8.640416820321805691e-01
1.128465729107923504e-01
9.379093935817437444e-01
-1.438966588028434135e-01
6.814515373641540918e-01
7.169799349384060605e-01
-1.787388332031926985e-01
7.534641848051906177e-01
3.818886629346338601e-01
6.154342452065630908e-01
5.500214584434721665e-01
-1.458121483825441100e-01
7.227626737963501746e-01
-3.079793240111507457e-01
5.570024817713159493e-01
-3.091352846042743630e-01
-7.515114376846147859e-02
2.734354147862365358e-02
8.377792093042604193e-01
-3.004348027528600529e-01
-3.821249139408419704e-01
8.582803488218465615e-01
4.982807594046805844e-01
6.267620809045909569e-01
5.991179277977620732e-01
-3.093550021277352569e-01
-2.843420451438418706e-01
6.741469346461947953e-01
3.570642082722498278e-01
7.170611142491913892e-01
9.359857704166453241e-01
-1.899263480445164409e-01
-1.455659960635246331e-01
9.651422364856857561e-01
7.138759220599846245e-01
8.118712607057029240e-01
6.481197799168124662e-01
6.624840404204421773e-01
3.501022473878954155e-01
7.701874340549414999e-01
9.090567533368281161e-01
-3.423617564375457389e-01
9.937783007388781842e-01
8.484570155820907456e-01
8.902597377362628239e-02
3.036715733787712646e-01
-3.623535708948280032e-01
2.708575233851744923e-01
1.190326040698509724e-01
9.817884856180354447e-01
2.534942233661475752e-01
6.987599444941330340e-01
9.574171938643493140e-01
-9.218901507974380793e-02
5.830807204572947544e-01
8.585849996305667808e-01
8.428228097338603675e-01
7.088571921145243593e-01
-3.527585162025564935e-01
6.839361004722372961e-01
6.922284222474359705e-01
2.283588684563197246e-01
9.003721851598560644e-01
9.544763311519034454e-01
-3.140507632319207709e-01
8.369745606878487010e-01
7.308380742760410831e-01
-2.933105213436652536e-01
2.744945093027282429e-02
7.183658332166571459e-01
2.581375210441338997e-01
2.717132360605232222e-01
1.874331020342109300e-01
-2.624940821086121923e-01
-2.124203148224498294e-01
-2.814618268648982347e-01
8.289532607171413714e-01
7.863297847533230467e-01
-1.925402003402921780e-01
7.742457946073159070e-01
-3.236640636593952208e-02
-3.025150186695648169e-01
6.501871249830779576e-01
9.939572833497625770e-03
9.126607451494480605e-01
2.405330964420112905e-01
-2.484491775477891407e-01
-2.006767217005349102e-01
8.416585444305331176e-01
-3.502137458753448729e-01
5.454907131339359339e-01
-3.252045463725846686e-01
-2.574107683130404944e-01
9.442211022081046234e-01
7.247703008232159183e-01
6.391426335311245488e-01
8.096230210116202031e-01
6.357050920267208749e-01
7.722285421031684916e-01
-3.116895225553072413e-01
-2.391800639552642271e-01
7.443866350755368178e-01
6.275241865312489731e-01
7.825432515369060704e-01
-2.757540749021090143e-01
-1.847108753492749111e-01
7.826928199224588711e-01
2.990831255497306551e-01
7.107826153804379654e-01
-3.237055885590914284e-01
5.844828941979228754e-01
-6.487084877654894499e-02
8.367704965300898357e-01
5.777519026587466522e-01
-2.841911124132241728e-04
-1.454108682787673759e-02
-2.272175464956076585e-01
5.091524124402948548e-01
1.632518666622697900e-01
9.003398589499390647e-01
-3.259831882670111147e-01
1.204295678736446162e-01
7.243126547659901604e-01
4.983714356116580868e-03
-2.177816601287770326e-01
6.834800878189577489e-01
-1.212777884496857445e-01
1.108599157082085090e-01
7.605828827570764172e-01
7.499459009694687817e-01
8.055725458465846645e-01
7.917120267145147938e-01
-3.169278819329766628e-01
5.013743540613045946e-01
-3.562880257023247066e-01
9.502222232883428266e-01
6.282717816055495286e-01
-2.539687146905384441e-01
6.463979971727168428e-01
-3.884852851699730492e-01
7.660049469511047704e-01
9.900900008057376134e-01
4.715771571338374102e-01
-3.210123442697769280e-01
8.047637385558206180e-01
5.838880978105420727e-01
-1.628378383347344194e-01
7.356712869708299518e-01
6.265812010814237887e-01
8.166099530530768202e-01
-2.289536498440886692e-01
7.298990161078899863e-01
7.837281118237884314e-01
6.278836044266562499e-01
-2.679438873117002129e-01
7.314986567494518033e-01
7.694712393682052731e-01
-2.781084700908912355e-01
6.028960436142676294e-01
4.623624352722113112e-02
3.396769901338599351e-01
-1.931378509650076847e-01
8.166892644062986317e-01
7.916361297059272273e-01
-2.204225864794821521e-01
6.278194353931889626e-01
7.620058516818410954e-01
-3.257069398461152621e-01
5.953189006806698380e-01
7.881473859364969137e-01
-2.257277037367700634e-01
6.858832630957907295e-01
-3.641249121461198612e-01
-3.188037568225325913e-01
9.912581992197598835e-01
5.474353866748256081e-01
8.231882520180123786e-01
3.989826218563037596e-03
-2.678433978967988960e-01
1.368275221513488293e-01
8.459290825940839476e-01
9.176428107442564652e-01
9.015726304130443625e-01
7.771980502254383083e-01
-1.678585636998468911e-01
-3.762671756774085274e-01
4.344968949808440395e-01
-3.850674532616728540e-01
-1.717112854557692192e-01
7.866098869462156973e-01
5.320477486090171571e-01
9.198522316849901959e-01
6.658670658731135061e-01
-2.794495215169667812e-01
-2.210392831669794333e-01
9.616968345059524470e-01
9.747870495392614298e-01
1.145063308089389470e-01
3.834210453609350477e-02
1.665594397758440315e-01
6.156136352909680198e-01
7.490792367545405506e-02
3.811997011441795591e-01
7.101048180767952633e-01
1.293019231069732211e-03
-2.257057742546489942e-01
8.895689382182726535e-01
8.301695311270774758e-01
3.688963055563456162e-01
8.231209568694943801e-01
9.034114989427881603e-01
6.356602778522920660e-01
-2.881748157433561830e-01
