9.104923158318345422e-01
9.129619329538917194e-01
9.120657261681359707e-01
9.144979979524026081e-01
9.158613142581715216e-01
9.079866840496186864e-01
9.216289345616484052e-01
9.108036218764301584e-01
9.140507669572955907e-01
9.120492410488131307e-01
9.103559211968821341e-01
9.115314788800323864e-01
9.096026242931281036e-01
9.214676187603249025e-01
9.090474860908219767e-01
9.137684830740083752e-01
9.101393983340715366e-01
9.138577287777137625e-01
9.132888351132221194e-01
9.118936526456342673e-01
9.180062697243512870e-01
8.579626518167302596e-01
9.228789445347436171e-01
9.156283409082841551e-01
9.180343553502225973e-01
9.164246132212173768e-01
9.119416137496278996e-01
9.158971589360977994e-01
9.144512716075807734e-01
9.130205702790741285e-01
9.207849292852949841e-01
9.202483133574126395e-01
9.168478620423374803e-01
9.069435794146514240e-01
9.108531994852920866e-01
9.199835564909037977e-01
9.083881993412630251e-01
9.181965273340866318e-01
9.161817562623824074e-01
9.054688193461448709e-01
9.124279587911938716e-01
9.091661127003715093e-01
9.134462581658977509e-01
9.113646050984582914e-01
9.146598391667495331e-01
9.073210760446102086e-01
9.028226693228009747e-01
9.171197520706846351e-01
9.069124270424759882e-01
9.170491839997269023e-01
9.066743864962055754e-01
8.896055806307159308e-01
9.084602062418623003e-01
9.069124813299821453e-01
9.174757034503360220e-01
9.041307261898514636e-01
9.139400962057477873e-01
9.165075149377166497e-01
9.122782454562885501e-01
9.096367764856325699e-01
9.090827814372954840e-01
9.195421985872169746e-01
9.061215712079999651e-01
9.105073527987406212e-01
9.063553343636983062e-01
9.160316504702578078e-01
9.075364140727862905e-01
9.075164065560998861e-01
9.144438604902334067e-01
9.161263351522024312e-01
9.077890360048518348e-01
9.119540339706599941e-01
9.184318630620756929e-01
9.054887753430108654e-01
9.166019981567206099e-01
9.105623738508401566e-01
9.112744855041812198e-01
8.967579850342428660e-01
9.095878331703712849e-01
9.195436863254067283e-01
9.129411310862188822e-01
9.199902777267247034e-01
9.149314071520826541e-01
9.068269853245558565e-01
9.139960359196140915e-01
9.200162856002415124e-01
9.076535485476315834e-01
9.090075187149310176e-01
9.114753941049351660e-01
9.129444765213912127e-01
9.102746068828226900e-01
9.089153706010204559e-01
8.354833019508612901e-01
9.213844826955003287e-01
9.184819752832138473e-01
9.200539410253579797e-01
9.162748514396684696e-01
9.034126838265270631e-01
9.181516825671131032e-01
9.131883182299930235e-01
8.926723421666857838e-01
9.042277808427370278e-01
9.111177642559633583e-01
9.133967033801060342e-01
9.079188583866015794e-01
9.195195498775228238e-01
9.200604504951701568e-01
9.087655906843346010e-01
9.122878461198350442e-01
9.098751874060719835e-01
9.077506253213587506e-01
9.118629599740215586e-01
9.063484776382340069e-01
9.152200542032485897e-01
9.253086323798920265e-01
9.134052570905731860e-01
9.098515842366853290e-01
9.081050687775806818e-01
9.108518138987939938e-01
9.182450938387698436e-01
9.044788840235993277e-01
9.207485675587399054e-01
9.024267872344613473e-01
9.150380710140768592e-01
9.107927594209690447e-01
9.061820316748383508e-01
9.196548241527910950e-01
9.093810916824578428e-01
9.147712777176718602e-01
9.140782235295608071e-01
9.045173260928565107e-01
9.142842363150535112e-01
9.059666966781138031e-01
9.122407468345516968e-01
9.108592864044998683e-01
9.035830819418072535e-01
9.104913418608354680e-01
9.074295814220419976e-01
9.159171699546146961e-01
9.073691308514310050e-01
9.166954984996859013e-01
9.141616291999006272e-01
9.162479923967230544e-01
8.984838510539026046e-01
9.219324377392312808e-01
9.120095614683609853e-01
9.109100010726215446e-01
9.136739853141576662e-01
9.111649424852534818e-01
9.108587546745690045e-01
9.194087702593063405e-01
9.109541256741926496e-01
9.082368494872752329e-01
9.166252508280998690e-01
9.079544174306178883e-01
9.152863051640434122e-01
9.137196873959693155e-01
9.094452407125908078e-01
9.127892428333239661e-01
9.208618924981863962e-01
9.139496518653613677e-01
9.211989384643775036e-01
9.079909592199560953e-01
9.063965464453995757e-01
9.045703733180747719e-01
9.140201306609361254e-01
9.112569133718055880e-01
9.013301976022705109e-01
9.169734268058499227e-01
9.135619441805504781e-01
9.126250571212330964e-01
9.145021335542635743e-01
9.207461565612780063e-01
9.085915575652496745e-01
9.123394489862057810e-01
9.134188725830816313e-01
9.124168017994185309e-01
9.101482926950837937e-01
9.084398157827768827e-01
9.149910165547453511e-01
9.117053187074122267e-01
9.073449608241468400e-01
9.104573082003901696e-01
9.174154586120082389e-01
9.168945360684461754e-01
9.125470286279981913e-01
9.186476582109046607e-01
9.219810612773849945e-01
9.005364736154670702e-01
9.199272577775210458e-01
9.216727693775432773e-01
9.001325860702990012e-01
9.150484294597907020e-01
9.052390064968682815e-01
9.033163773628195559e-01
9.209748047132108040e-01
9.112084741032064894e-01
9.097280972154371259e-01
9.155938076584897445e-01
9.101707963087999342e-01
9.127946576980792148e-01
9.146199637711900365e-01
9.116178762315052531e-01
9.077202714495271607e-01
9.119743544318956729e-01
8.761999881616339136e-01
9.153713107161152163e-01
9.137781587828035512e-01
9.046815312436351508e-01
8.800317381342328549e-01
9.186288629019856433e-01
9.251378493033193262e-01
9.151023257981503178e-01
9.101499683607201518e-01
9.098088225997897904e-01
9.162877604753907335e-01
9.153793015624830387e-01
9.091313867226178402e-01
9.011054114232522894e-01
9.181977265813388023e-01
9.161519662732008351e-01
9.135665132264984001e-01
9.056141668293538061e-01
9.111460979471146526e-01
9.173048186776735502e-01
9.157544160836061931e-01
9.106381129185578960e-01
9.167675635245893240e-01
9.195711641716768359e-01
9.066697408622603760e-01
9.115613214112971985e-01
9.039961094214185033e-01
8.468586091774894520e-01
9.198805978310355957e-01
9.011477671151846280e-01
9.120391665772336065e-01
9.183694174041038272e-01
9.127471973418006534e-01
9.132572440810717840e-01
9.062552043083038633e-01
9.056447837439676185e-01
9.093004397660298110e-01
9.138146516384311191e-01
9.064140817996750865e-01
9.196491676956077832e-01
9.173639429877209484e-01
9.225424014104863790e-01
9.120703123046156602e-01
9.107888954385108260e-01
9.158882755602713033e-01
9.143072546886434893e-01
9.145907606189600525e-01
9.107913099001696544e-01
9.114819363063519919e-01
9.116576073306433825e-01
9.097192552875834615e-01
9.169348316654075681e-01
9.096588721623053431e-01
9.127484079487222512e-01
9.148432234641201699e-01
9.161134692735247720e-01
9.228731357222654808e-01
9.146347727877219835e-01
9.126803877650799812e-01
9.073159896252736001e-01
9.212191751682887730e-01
9.094595642379954548e-01
9.012118638741526411e-01
8.981793806669924329e-01
9.113037092791189675e-01
9.084685544776693877e-01
9.131473083694362503e-01
9.090741497047944986e-01
9.146583219559489830e-01
9.027471693277913101e-01
9.148972320949371184e-01
9.222540314860327992e-01
9.166680643025758579e-01
9.116814478424029033e-01
8.900113343426938606e-01
9.208321488404989097e-01
9.130279599470483287e-01
9.191862445148055727e-01
9.142344422041961405e-01
9.047820389426022292e-01
9.139791352133628255e-01
9.151015292554594005e-01
9.086149670534515721e-01
9.174370429445395381e-01
9.111610513415711043e-01
9.174164212159822140e-01
9.102920132505443185e-01
9.145473003544675183e-01
9.211021687640579270e-01
9.075686566150931167e-01
9.163033623515213222e-01
9.074485242788321582e-01
9.120760794803057792e-01
9.150610343074780939e-01
9.065311520673532408e-01
