-2.444226903935477480e-01
-4.188458159560469740e-01
-2.966238213517914390e-01
9.617856501373418521e-01
7.787520194407251406e-01
8.692509490761226587e-01
1.409070074671824394e-02
-3.349704415674239488e-01
6.544405195917203655e-02
8.034827502390452514e-01
9.344140056229900404e-01
7.154915352187705135e-01
8.393378638284252347e-01
-2.459890302289396702e-01
-3.994170634094765249e-01
2.379422652990272335e-01
-9.441728850061822942e-02
7.264812125999913217e-01
6.934178242127602143e-01
-6.660505036056491024e-02
1.547401333347311336e-01
7.311152193936749644e-01
1.413312036647741340e-02
-4.577797837466164310e-01
1.431973439638440371e-01
-2.965846427014144915e-01
8.805295997060209601e-01
1.154209949097921573e-01
5.814783849486540035e-01
6.380700291967378313e-01
8.813252047787574206e-01
7.516070044153729812e-01
1.665853064866949090e-02
1.350303565493433944e-03
9.403778943875595875e-01
9.062311357913626075e-01
-5.250736176837894620e-01
9.481520792185185176e-01
8.807131840918199783e-01
-3.265668917520520020e-02
-1.032962252114705548e-01
8.402472880846306724e-01
2.066254933241803704e-01
-4.078927691178410031e-01
9.540661906591968444e-01
-1.639530038121788519e-02
-2.573149183353620750e-01
8.343830205964843927e-01
9.093908799115859587e-01
1.090398845719431076e-01
9.070075382597557745e-01
-2.718042516226422678e-01
2.260305506388071706e-01
1.606165648411204960e-02
8.732178312176375190e-01
-1.863588675666222327e-01
9.548280430106333982e-01
-7.109631138859170973e-02
-1.886644807628927167e-01
9.604292908763534253e-01
-9.786143994548042457e-02
9.660473643472546890e-01
-4.977672448029052399e-01
1.687878188112823530e-02
7.243339391790473147e-01
1.641275280810863268e-01
-4.440856617974112686e-01
-4.447011704232050056e-01
9.221169554197415907e-01
9.252200400374281930e-01
-1.115375117640661773e-01
8.419838963164181234e-01
8.081351118486682639e-01
-3.126016654830096608e-01
7.920505046996588749e-01
-3.054640470181857470e-01
-4.819854242300572467e-01
8.359756749745240745e-01
3.781024108241592963e-02
8.668024235373545938e-01
9.245072824929425614e-01
-4.952323856354724496e-01
-4.766642915442357298e-01
7.785356195917749744e-01
7.609551353483168246e-01
-2.746438957814065218e-02
1.895524725100992125e-01
-4.638386404451224632e-01
2.071794772789809502e-01
1.577645146421248756e-01
9.308891129840136669e-01
8.018137707656139423e-02
8.783687844597589667e-01
9.446134013518209249e-01
8.086972152894519872e-02
-3.939197115320045572e-01
1.546633229397812448e-01
9.320234512271454719e-01
9.714802052172423208e-01
7.657586891619757585e-01
6.158710212582072518e-01
-1.277246897445939999e-01
8.679702445406214384e-01
8.999595296314164550e-01
-4.075647268776886323e-01
-2.045828152363288188e-01
8.435241122740906317e-01
-1.146638262209293824e-01
-3.815667880942286150e-01
-1.216569935453414852e-01
8.098777677898649774e-01
8.585764489445110170e-01
9.000609377413724133e-01
-4.820569860883074931e-01
-1.500667250236433631e-02
-3.538262829703921475e-01
9.451412052641698924e-01
-1.504998452555450505e-01
8.617966808315420391e-01
-4.784200464871617431e-01
1.245031119963197069e-01
8.560651403254523339e-01
7.459032133288928668e-01
9.568323542080763300e-01
8.269420734144167229e-01
-4.335549819490648327e-01
-4.712291699436366166e-01
-4.705814368436208595e-01
9.564126638855005025e-01
-1.596370940053385423e-01
-3.177618920600365771e-01
8.159970768726866330e-01
-3.271328635848040900e-01
8.788093357576300946e-01
-4.498073131688392623e-01
6.211200486210555205e-01
8.265169477783087526e-01
-4.149959439538770667e-01
8.756853849226424735e-01
-6.637263970308525385e-02
-3.901330672494799506e-02
8.945095430589586893e-01
1.529545576334109536e-01
9.064668234466028984e-01
9.046121515910205968e-01
-3.520440605331690564e-01
9.570836560461382092e-01
-4.394673896693639392e-01
-4.084421218716942636e-01
-3.290818359096836510e-01
8.575363287920259037e-01
7.933467124561792705e-01
-8.633784773223268649e-02
8.709209494315859335e-01
9.577740461706876207e-01
-2.567668353968644568e-01
8.631392040288790035e-01
2.143414954775361703e-01
-4.842318908836632518e-01
-2.567945238631854088e-01
-3.204024900425784805e-01
8.740883402416091963e-01
9.345871604679516498e-01
8.470898331330043440e-01
-4.012656064174392467e-01
8.531129941304504971e-01
-2.396410280536225845e-01
8.532346410527253955e-01
9.006877604276425364e-01
7.433169681921623084e-01
-4.165565670350390715e-01
8.568139742601624254e-02
2.011791216849035113e-01
8.837364200306071504e-01
-4.068214666834898963e-01
-3.438598775551242048e-01
8.811172094794182952e-01
8.597147901206598775e-01
9.222817797811846408e-01
8.661187670574128639e-01
-4.307760130113538199e-01
7.429214733111014768e-01
-7.603809476857048555e-02
9.049434009246664079e-01
8.439334028808294086e-01
-3.718784801456228445e-02
8.100417246808240268e-01
9.007666542330852177e-01
-1.493740302055990843e-01
9.335557114042873916e-01
1.459590832659143356e-01
7.203992487044497128e-01
6.879721582890365728e-01
-2.533969107377690433e-01
2.630935246110849279e-01
8.769532148513476955e-01
9.074358662359043315e-01
-4.421206452931580183e-02
8.819715755649872868e-01
-4.571579777503373965e-01
1.184190191017740756e-02
-3.465430707537259930e-03
-6.833503090590016538e-02
-4.422647776710298961e-01
2.190513739007490107e-02
7.684954178675708070e-01
-6.672246310486716625e-02
8.180536374097451269e-01
8.853503056000788796e-01
7.950685305784710444e-01
7.392343468358035796e-01
9.311526573934207907e-01
-3.410357865567033020e-01
7.121996420073573031e-01
1.957176675252590703e-02
9.297660693361702311e-01
7.875986142285447134e-01
9.475478833239908694e-02
4.990559102217811405e-01
9.294280063558391092e-01
-4.037664469537624035e-01
9.544994148541817713e-01
-8.198996314681418485e-02
8.895315698633124990e-01
9.561069911337998217e-01
8.494939904180709433e-01
9.215313555306809956e-01
7.456997297789067503e-01
1.330633475278003020e-01
-4.849019631004509723e-01
-1.412171235369605593e-01
-4.305048540568383042e-01
8.215372788408120686e-01
9.614287753503441003e-01
8.977953502988896828e-01
6.323485883034851707e-01
9.028690943515405021e-01
8.628495799246724829e-01
1.358582268679872640e-01
7.068444117694581141e-01
-1.501675552476268161e-01
-8.955074696163391190e-02
9.499552065816678770e-01
9.415235202831471195e-01
8.861655931964154131e-01
7.929141413120016635e-01
-4.900564663308246693e-01
-4.803015053355574326e-01
1.665100222299983196e-02
-3.901989768051051799e-01
-5.160490047920404111e-01
9.260510299508057930e-01
9.261562214276288785e-01
1.442393504319622877e-01
9.312854975838895655e-01
2.815429481253010902e-02
8.024243001537023634e-01
9.343763774913889097e-01
8.962263967418072630e-01
9.529389767043268122e-01
8.552751594206550179e-01
-2.302529804855195927e-01
3.875142702491077284e-03
-3.944998664204859562e-01
1.444229786113920000e-01
-1.504244113394696825e-02
6.792871616307804006e-01
-3.962046464898023590e-01
2.369799648391491265e-01
2.111121644858904300e-01
7.212121574612907482e-01
1.666342780145944891e-01
6.069659431298570773e-01
-5.076922095323658235e-01
8.602891059637116644e-01
9.317096606742267806e-01
9.212588214088694993e-01
-4.664510852647779648e-01
4.049795437580015756e-02
6.795213715276826605e-01
9.294050007709881989e-01
-5.195027634912160464e-01
8.461651127946823170e-01
4.453002163371283517e-02
6.363241857197892148e-01
9.573707479503417161e-01
6.358644855265039864e-01
-3.701754214950219724e-01
6.562202550084327290e-01
8.991265750979007265e-01
-3.458435287077429865e-02
-4.642103842259254209e-01
-6.560254015403839400e-02
-1.167714655448427452e-01
1.712933134269277458e-02
5.498762768226277409e-01
-5.108994386595144821e-01
-4.719830358529968906e-01
2.217906568229782160e-01
-4.823434703197867490e-01
