8.284838072660545283e-01
8.658105531400506205e-01
-2.603412963826062104e-02
1.469288537801902994e-01
-3.691896592032543056e-01
3.413813248086741137e-01
9.021361456445433635e-01
-1.762400656597242765e-01
4.027173222358215038e-02
-4.034213356199825573e-01
-4.441293094101937400e-01
-1.953568368642218944e-01
-3.013946837676394486e-01
2.540444166401862117e-02
9.133192378680744516e-01
-4.057373808730387887e-01
7.902595128479525943e-01
7.734707659712445338e-01
6.890611727701202449e-01
-2.139301013525116146e-01
7.779015274701457372e-01
5.413531707636777546e-02
-2.518003972028757254e-01
-4.616786822953388159e-01
-4.634657201991660425e-01
7.251939389605921438e-01
-1.372655109421923869e-01
-3.167757105334835233e-01
9.102153224815759947e-01
9.105306621968087821e-01
1.243117483621286323e-01
-4.574226526885312727e-01
1.394903995929997198e-01
7.272372652201010146e-01
-4.096187722769451534e-01
2.769616427993650820e-01
-2.280284398665109458e-01
1.093689437270905368e-01
9.323738921475196451e-01
-3.751820374490580368e-01
-3.461390397459293000e-01
5.644993208310251920e-03
7.769898229415397317e-01
9.241526810062774544e-01
7.118887144639877151e-01
8.923201625268982751e-01
2.848413771692865359e-01
8.892237618808132016e-01
6.844525565992795046e-01
-3.414615566609220942e-01
-2.456999456091162881e-01
7.069175395488358493e-02
2.735677026563830827e-01
2.506946359465388463e-01
8.203931134060373775e-01
-8.690862256687692522e-02
-3.864639593491676628e-01
-4.228356504148985673e-01
7.699245654900177538e-01
2.415523996843773613e-01
-3.917667429203747220e-01
7.302368071242065772e-01
7.130059650038547137e-01
2.729374253976619147e-01
-2.737393111599494278e-01
7.588130564362102204e-01
-5.102478088127714723e-02
-4.457770555996493078e-01
-4.038727372663568072e-01
6.823356389564154412e-03
7.137129203423397961e-01
2.470786772234188633e-01
-3.694843054829348716e-01
8.733144088067761324e-01
9.083049306818904434e-01
-4.121919622602274180e-01
-4.404951530080625788e-01
9.223801302510963307e-01
1.051813759698268236e-01
-2.392155179585420954e-01
2.208781519743856503e-01
8.525203536977250529e-01
9.140401066044581135e-01
7.503228170612907810e-01
7.783231232122683751e-01
-4.081158776478790440e-01
2.055626539520460372e-01
7.761585683041009043e-01
-4.708320763137021636e-01
-4.002668839136677148e-01
7.316238765644155206e-01
7.006812073583957856e-01
2.102215502902263500e-01
-3.848315677465308227e-01
-3.579833861559425512e-01
3.584220433756564739e-01
-4.903801702244773297e-01
9.266258316383809701e-01
-2.888492523627893549e-01
-2.530367460849014538e-01
-4.058631249028414878e-01
-1.645015363078473625e-01
-1.882107257667627598e-01
9.049459726683539706e-01
8.872028162489618008e-01
9.232961271895655520e-01
-2.799919004180287385e-01
8.815700464953597493e-01
-4.865578000407284609e-01
-2.725117025023657269e-01
-3.248737671144857897e-01
-2.554322592141941919e-02
8.893698935801783723e-01
-4.531387745302199455e-01
8.965522591524354157e-01
-2.939987123851813822e-01
9.143638695869760191e-01
7.948721982142648024e-01
-4.269869809708147779e-01
-1.447831692850695406e-01
2.130086740542750656e-01
3.438953801977395752e-01
1.772750890020504122e-01
3.745893777734426999e-02
6.988886416384412215e-01
-4.278888233515044659e-01
8.731759051830673135e-01
-3.605448853762846517e-01
8.995916393725924554e-01
1.295017023611878537e-01
8.546209104585489325e-01
-4.280299691436174059e-01
-4.769262191383099592e-01
9.347140635599335834e-01
8.759402685596280325e-01
-3.769042953542371954e-01
2.074848076012749398e-01
-3.989114205153316828e-01
9.207866802054177624e-01
9.218243204119458412e-01
8.914085552295526460e-01
7.722050873060400944e-01
-4.880899665565826551e-01
-2.378471384998446236e-01
7.150157613848917570e-02
9.208659985715160756e-01
1.368989515451334293e-01
6.749632995511529732e-01
9.262665067556248299e-01
7.510133107515478690e-01
-2.213853704662979427e-01
1.886257549330856986e-01
-3.338424380211403308e-01
9.171005265782737892e-01
7.873869323695539268e-01
2.722214070077424442e-01
-2.409254661729987312e-01
7.237386416443329917e-01
-3.152206686026274296e-01
6.743567819796145169e-02
-3.610113019436384518e-01
-2.750201538040464855e-01
8.970941914596669564e-01
3.137632771028934786e-01
6.945187615090104849e-01
9.296859510359143375e-01
7.779950642219486401e-01
7.455692397606674682e-01
-2.604781780977958316e-01
-1.477564876378257841e-01
9.152978325121488012e-01
3.093862849192374198e-01
1.682776616730462527e-01
-4.312459471477682604e-01
8.625921984648120544e-01
7.913599494938857726e-01
9.269458951074278641e-01
-2.653108922481151599e-01
9.211049928754290184e-01
-4.878430450002615992e-01
9.049153934803689792e-01
-4.450834690028280805e-01
-3.967241886609897961e-01
-9.671168288230160004e-02
4.104610557868467180e-01
-4.643746593290395963e-01
-4.006027593826062549e-01
-3.507490975462633775e-01
-1.806543914655869831e-01
9.011791233165159509e-01
9.153684372539335756e-01
-7.053952209536937246e-02
7.613298172161883093e-01
7.250761168506221210e-01
9.141520263080505915e-01
9.271875370622283397e-01
8.101156519479955076e-01
7.893401884811274138e-01
7.155369308746137857e-01
-2.965596464432007640e-01
8.054927236569566773e-01
9.166735634476392836e-01
8.992699906389366449e-01
-2.149230470758245193e-01
7.521359389136446083e-01
7.345091457758019526e-01
7.139265179592659827e-01
-2.497333402196758034e-01
7.885424351545842203e-01
2.318322273998485727e-01
7.357966299257503451e-01
-4.260740983660321057e-01
-2.860378752567444005e-01
-1.452559187649973549e-01
-2.083448685641447196e-01
7.940448701504424500e-01
2.079855674312183211e-01
-2.567598376152975814e-01
3.924692288041825017e-01
-6.612110674060323046e-02
-2.512269041361655728e-02
-2.893914664732156750e-01
-2.623065089937594574e-01
-4.088140418442740565e-01
1.695466123810360215e-01
-2.391537133295137951e-01
8.002432174184409552e-01
7.016774115322725880e-01
8.863652820879811545e-01
9.154200854433408585e-01
9.078039088410944091e-01
-3.863174234777836391e-01
2.441220119650835962e-01
-3.888367324724812946e-01
8.540942385400026593e-01
8.508339235852379057e-01
7.894243218762584391e-01
7.358928535898808798e-01
-1.516470536688669379e-01
7.830243952461392321e-02
-2.049331999837357698e-01
-1.905281148131476865e-01
2.617469211440185406e-01
-3.593925824721299622e-01
7.658230643788361824e-01
7.948784846786229874e-01
-3.617192939036837362e-01
3.286547903406764753e-02
3.212325325062442838e-01
9.095947508945365634e-01
9.009264294897976200e-01
-2.488184181614472856e-01
1.469512569758844867e-02
-7.474892916775283114e-02
7.680248905044110286e-01
-3.633510435266729677e-01
-2.520428079279078970e-01
9.006341849596243287e-01
1.752491288527381896e-01
2.733947241446629817e-01
8.358603400427112584e-01
-3.061181660165427920e-01
7.974870073339798138e-01
7.068115268655946748e-01
7.182492382474787718e-01
-5.022498193514112197e-01
9.943749111990304868e-02
9.174509274996740515e-01
8.301286400680996103e-01
9.204029815048968555e-01
-5.119722934210358539e-02
-4.205494076350237975e-01
-2.132667983088729347e-01
-1.637430084225131588e-01
2.256926494448354414e-01
9.075974354570278679e-01
-2.926663675940829878e-01
-1.729554941088351783e-01
-2.353258816426889999e-01
-9.838334783862250077e-02
-9.233197546399424249e-02
-4.148797688309213694e-01
-1.680489701536626301e-01
1.645231389690281765e-01
9.322396377856690952e-01
9.098839816527004576e-01
8.994731292188167249e-01
8.994796395116516630e-01
-2.087498775753429958e-01
8.808015501679050674e-01
4.054489375142807106e-04
-1.980263666097800690e-01
2.679722652546836364e-02
-9.608786520063439252e-02
7.459344488342624091e-01
1.911986186020584594e-02
8.950826180973054935e-01
-3.403551698499425182e-01
-4.617138720784804695e-01
9.048272232480438770e-01
