7.438959752813324444e-01
2.801221470512758049e-01
-3.937828989545967273e-01
1.938140102401237630e-01
-3.179364479035346469e-01
-6.845846653824541606e-02
-3.618122400420444862e-01
7.782130676386298518e-01
8.985859589138068815e-01
-1.232337555526027556e-01
8.978715709976355930e-01
-1.559255500818251816e-01
8.091842391814682567e-02
2.544435652990848507e-01
9.113950159950315877e-01
9.266914381446265114e-01
6.941870168147421527e-01
-3.094850395640626473e-01
-3.003625205473414717e-01
9.022397035722515835e-01
9.221221358499944731e-01
-1.421543007097220701e-01
-3.620857305261740433e-01
7.755892563457531530e-01
-3.242132302349212125e-01
7.232875579944466615e-01
-2.206902633622426224e-01
-3.431120627278042012e-01
-3.624978525035899013e-01
-4.273864579443756861e-01
-4.726675228740890855e-01
7.555895583204284005e-01
8.004655235222498666e-01
-3.610566990490967632e-01
9.192394445932625668e-01
1.025743317313375091e-01
-4.126621493168351473e-01
-3.569488221400821115e-01
1.652784514547858685e-01
5.166508786188474256e-02
-4.265604494725834805e-01
8.798830280311835672e-01
-2.421260145027346045e-01
1.188100833564273290e-01
7.249475046198239347e-01
7.484307134099498215e-01
-1.393038934517017505e-02
-3.228490228916595650e-01
-5.589855856837851189e-02
-4.639219224274457876e-01
7.667023139521409458e-01
9.328879706614430223e-01
7.398266531727399897e-01
-2.715742301785671886e-01
7.798001356035003662e-01
-3.694040484420744730e-01
-4.122183595824696623e-01
8.973780099639413477e-01
-1.081559517798665881e-01
-2.394883783592951509e-01
-1.082408570521679742e-01
-6.249669399139179404e-02
-3.293062137641666887e-01
7.192300172366878908e-01
7.989288238138138043e-01
-5.166720096033131093e-02
-1.771284074217474580e-01
-3.076407785292999963e-01
-2.581002924129174869e-01
-4.039774475355789041e-01
-4.535624989300178767e-01
7.460056463851805209e-01
-4.127772764728342425e-01
9.223201147379466169e-01
9.010306210121157289e-01
-2.395552643606110865e-01
2.269168132858739584e-01
-3.906744129903002571e-01
7.830111542829178983e-01
-1.975903522529869616e-01
8.189599441512840361e-01
7.894171805603921177e-01
-2.656678504852120759e-01
-1.311728124351790870e-01
2.910024305621853324e-01
9.224499254098548207e-01
-5.196495533448115128e-02
8.030513061810123920e-01
-2.514030466418038512e-01
7.703594945881289124e-01
7.316314490466655496e-01
7.729512080666749441e-01
8.349160966776887349e-01
7.752654322630885275e-01
9.118531769514867102e-01
2.174383987987268674e-01
-9.124784523438098094e-02
9.179667907886945866e-01
-3.989502466485553289e-02
7.698148658782807408e-01
1.744251091882345062e-01
9.017644532123260115e-01
-2.981038293123210448e-01
8.637735622326302432e-01
8.180265244970874594e-02
7.765553364354003119e-01
7.586294123387337107e-01
5.809097041270771394e-02
2.112338006850336958e-01
-4.018836819032996499e-01
8.972844014257360667e-01
-3.395798064672278516e-01
7.642402369529673889e-01
1.780045655256985160e-01
-3.742464342483071693e-01
1.298795652990518135e-01
-4.444103703113391202e-01
-3.439951882458397447e-01
1.773716996717850658e-01
6.861508947039978157e-01
-3.338029684023744448e-01
-3.395322141709269381e-01
9.083740868234262411e-01
9.152763966154203734e-01
8.526152302913397873e-02
9.065703832214611069e-01
-9.982727308480915385e-02
9.094594481754807447e-01
1.899008310019374701e-01
7.485829653893507629e-01
7.112857322466836774e-01
-4.371482826700363034e-01
-3.445132935489815251e-01
-1.093546257245440051e-01
9.146942149357215612e-01
7.303299233806838098e-01
-2.756970060223073449e-01
8.275111260650518386e-01
1.237677956361273035e-01
7.509515135359066118e-01
9.082343281409469560e-01
-1.520653021851524067e-01
8.925236280894724983e-01
8.965357604475729936e-01
-3.213038178987711047e-01
-3.251651941894055931e-01
-3.454151422540652216e-01
1.364907678540586422e-01
-2.066968866122070592e-01
3.184752067453325841e-01
-3.317492889129456390e-01
8.144774995735777345e-01
8.816061727407222826e-01
7.795389276476888396e-01
-3.932479141262169575e-01
-2.824311423188707870e-01
-3.672091464462724497e-01
1.700370402235985567e-01
9.203331238910128498e-01
9.160795815534045206e-01
-2.902006727367641981e-01
9.086410018907394859e-01
8.992071964249844784e-01
8.138273911235572866e-01
-2.907921089038382756e-01
8.847584512048213279e-01
7.523386417383701730e-01
9.051164369202547855e-01
7.674401091605210778e-01
2.676105783460328569e-01
-5.198101570233436552e-01
-3.505236936237279832e-01
-5.490925939453845939e-02
9.075740701022454449e-01
-3.798165611132954811e-01
9.180131834829181603e-01
2.599769598815990235e-02
-1.940628040721184555e-01
9.272279447176956513e-01
-3.667340910384097596e-01
-4.670696302180779025e-01
9.059195056919113753e-01
1.065048103564246451e-02
-3.258227645279707096e-01
9.035544574128656636e-01
9.361063769788601219e-01
8.863889119291925578e-01
9.175249534955974839e-01
9.002624242880716832e-01
8.914146024911768773e-01
9.041736871126073716e-01
-4.009850797319791660e-02
9.138251356860891544e-03
9.006075281123766541e-01
7.667880664996901130e-01
9.503439346281436495e-02
8.693987504165888724e-01
2.350494012488530404e-01
-4.215444296899007459e-01
-2.138029939631454213e-01
-4.990049670346600186e-01
-4.356456593793037735e-01
-3.178731590805866092e-01
-2.020535693928203480e-01
-2.361963750055576516e-01
7.284312089783474553e-01
8.716262286822653582e-01
7.217308409542253500e-01
7.453130657152638727e-02
-2.178291933089088195e-01
3.958267913500523177e-02
1.161714921357073493e-01
8.185061188830052847e-01
-4.723869016168500967e-01
9.112209865691921484e-01
8.870923674816139082e-01
9.168395682329648633e-01
6.855507588904190541e-01
7.756524875767191185e-01
8.890115554604349768e-01
9.114913664412354066e-01
-3.470025482937422745e-01
9.008898417828169469e-01
7.558558681658328338e-02
-2.861795778665742751e-01
9.009569139121484938e-01
-7.117180459951670535e-02
-2.538135699195676609e-01
-3.486002607578677637e-01
-6.612618721113336373e-02
-4.007436847067371022e-01
7.666474544265076130e-01
7.835296379068511508e-01
-4.170384236145532886e-01
-2.526845281401234877e-01
2.740886138292741511e-02
8.993684185792540919e-01
7.046575935804854085e-01
-2.692438760671789222e-01
2.303397450424933199e-02
9.090768459166181925e-02
7.326488116277811713e-01
1.126458801584941799e-01
-3.703908547068460178e-01
-4.527449913847432228e-01
-3.559051154133222594e-01
8.929950670181004968e-01
9.120103578720970550e-01
8.516624352061453740e-01
-2.269675482747958162e-01
7.698307960977757158e-01
-1.141593419883865090e-01
8.898127139064628821e-01
-2.509176786025872352e-01
8.093075105933410507e-01
-3.693354150976142503e-01
7.352245378131619935e-01
9.185523519183861341e-01
-5.257681885081483958e-02
1.627703729036902858e-01
7.531731999388434629e-01
2.216852533136811076e-01
1.425381288625105491e-01
8.935573175244929667e-01
7.388585126654920732e-01
9.458825412638367791e-02
-3.399462213065427285e-01
-1.456549011169287478e-01
7.656602129645307953e-01
-5.666650909931031377e-02
-3.728093466971650338e-01
-2.004063425130031550e-01
9.088998040573761372e-01
-1.335850688445625045e-02
9.239575821918789567e-01
1.007559946460040989e-01
4.603656388555461138e-02
7.372334845754494603e-01
5.491490904187457806e-02
-1.240340900205214036e-01
-2.684979640251451971e-01
-3.089658610473837164e-01
-3.450564661799832011e-01
-4.304047766592858926e-01
-3.298513077391477255e-01
4.281925856212102227e-02
2.023596444682419504e-01
1.540055213189724659e-01
-3.553205031182174456e-01
9.249827937788493992e-01
-3.638826218440830984e-01
8.356760283364498276e-01
8.701316601265951522e-01
-3.180195418727995160e-01
-4.212380905348354077e-01
-2.812302169717373901e-01
-1.917348036173161518e-01
7.449747847055122607e-01
-3.503034824895907007e-01
7.393268794476662853e-01
