8.878395861655036247e-01
-2.366763183363578341e-02
3.441473742882934506e-01
2.918968895923388374e-01
-3.730507424215223633e-01
-4.031401115927187306e-01
4.237927645981066638e-01
1.991394806151111641e-01
-1.421499523636465534e-01
7.661822161118562180e-01
7.530250054496295808e-01
-3.704492438555703759e-01
-4.311263945176964096e-01
9.159642852329397122e-01
9.010636362077230066e-01
9.239586696671986399e-01
9.309314966712516348e-01
2.219913327556688465e-02
7.633841413390735076e-01
-4.654227985532479184e-01
9.225477337938307043e-01
9.130183809437443232e-01
-2.645865520470193633e-01
3.775399056675037834e-01
-3.937732794979866280e-01
9.099168742870310522e-01
9.152229309616776165e-01
1.030903946217690687e-02
9.784431942880850164e-02
9.073293084990069479e-01
-2.391420690629586787e-01
8.057271309542836102e-01
-4.108190206764381625e-01
-2.003840742033813349e-01
-4.312500850863558721e-01
9.169424626157494096e-01
1.882837304351150653e-01
9.325560134574059079e-01
9.449498785343751761e-01
-4.688455496645535514e-01
-4.325153388097203178e-01
-1.098451627548088366e-01
9.169282784960059995e-01
9.098579192421204498e-01
9.080851407137859876e-01
9.134155495665423619e-01
-3.128448960135440382e-01
4.098949837570017851e-02
9.172973023765327305e-01
2.808486509804442588e-01
3.833605424580080467e-02
-3.709184746980057623e-01
8.135695962037075013e-01
-4.041399943235125525e-01
7.274321204095341997e-01
-1.267675774307336911e-01
-2.148036991182228350e-01
4.628780203696926387e-02
7.269265433341374205e-01
7.999697639186228448e-01
-3.889167673232956091e-01
7.158845022823356885e-01
8.656260467050720386e-01
-1.969858513917621123e-01
3.270557107240952555e-02
7.095342548295260343e-01
-3.724257088100761393e-01
9.305358247474627698e-01
8.064602092432748837e-01
7.275852292748757888e-02
7.748292638756070216e-01
7.434336299750156085e-01
9.316020235245713321e-01
8.930488255702523359e-01
-2.326352416325304373e-01
-2.255759081965573176e-01
-4.335951335955792740e-01
9.193770033116258622e-01
8.587628618732334740e-01
3.183896239249923155e-01
-2.813385188226399936e-01
-3.721107684526858694e-01
-2.217359151583214172e-01
-2.485780011438849246e-01
-5.785429258235951638e-02
7.843381403477984737e-01
1.494107324536390335e-01
9.110075842980337457e-01
6.905161231310208425e-01
8.813556474405248586e-01
7.240098401775028059e-01
-4.447542261456325918e-01
-2.360262445131334763e-01
-2.421045215497581171e-01
-2.414954365554989046e-01
-1.936677887729952585e-01
-3.375743274260204485e-01
9.120494213721789256e-01
-3.001880288201438929e-01
8.880213648197690102e-01
8.540913113933362721e-01
9.240248852618264674e-01
1.648016044119541001e-01
-1.942343829603159489e-01
-3.029812660876506913e-01
1.444242955474232815e-01
7.593967176007526687e-02
-9.016889145097853331e-02
9.209252552164600703e-01
7.485561180477009469e-01
9.167249724043957659e-01
9.231776133694409303e-01
7.407571081106865130e-01
9.041861593372785277e-01
7.821703262357948550e-01
-3.105402819052298646e-01
3.349388765496632003e-01
-2.121824117409749910e-01
-4.108301429784840808e-01
8.994965358971668268e-01
-3.148434240231434700e-01
7.444307673257732905e-01
9.065509847798839393e-01
1.579610322121945964e-01
8.587980646213821956e-01
3.032514187641545053e-02
2.630480980214405795e-02
8.012692276066335495e-01
7.458180186781552257e-01
2.286371709363749227e-01
9.166877445160006577e-01
9.173248351325365979e-01
-2.478161705543636961e-01
8.499546271777022044e-01
-1.609526525179389156e-01
-4.123489969207624894e-01
-3.883592868981994295e-01
-1.115662984010909742e-01
-3.657751298501077941e-01
9.459765080862606035e-02
9.151480873099291369e-01
6.542872482869738215e-01
7.072612664839631469e-01
1.309061645155397136e-01
7.460245912777432320e-01
-1.476701787494421603e-01
-3.813798299745883025e-01
7.979236032016685520e-01
1.544074873269269399e-01
7.863509329663547209e-01
-3.736211923888123621e-01
8.148039813208283189e-01
7.368481645710756034e-01
-1.549479027244187457e-01
-3.265614370683252443e-01
9.269269229339807126e-01
-1.210309684935960278e-01
4.197347912852379681e-02
-2.171787266522087756e-01
8.875754199690126800e-01
5.909864889354425610e-02
7.850030259571116886e-01
7.737766538685733053e-01
-2.364093140242775615e-01
9.030802298429535524e-01
-2.099523055367332469e-01
9.147117374749924590e-01
-6.997136522944175097e-02
-3.018222130930280356e-01
3.114633367812564835e-01
5.738636082702845698e-02
-3.751091458156573522e-01
7.789105886380875976e-01
9.098458775460265269e-01
9.221717239002155120e-01
-2.422154813133700277e-02
-1.925237880120075351e-01
-3.807564667032699579e-01
-3.492465652984588081e-02
-2.052450887503869115e-01
9.151061344267163999e-01
9.024825403927080325e-01
8.597689379244335406e-01
1.995941407871816287e-01
8.825659817730550083e-01
8.724949928063560067e-01
9.163327515001804535e-01
7.120198269046862372e-02
9.199309218499679419e-01
3.317079632251618976e-02
9.179096968250691768e-01
-1.832416755669116215e-01
8.539893658278963073e-01
-1.314764329326086889e-01
8.403742991794849182e-01
-3.953877715074388677e-01
7.565821140067995332e-01
2.659213120944560749e-01
-1.206079360160941250e-01
-1.478880224779756739e-02
9.119868055077875457e-01
7.969869038793149230e-01
-1.892002692639210837e-01
-1.799754067713597028e-01
1.868078185941484115e-01
-1.013492702943330770e-01
2.037081870454487964e-02
-3.597444875546849108e-01
7.731699050452990329e-01
7.348212652657971633e-01
7.361330968797835661e-01
3.197343529054941930e-02
9.195336200624362188e-01
8.519743721350863108e-01
1.849257990464129309e-01
7.309618605707185468e-01
-1.771504888053758442e-01
-3.114458431334337085e-01
7.756958894752710165e-01
-2.486229176670014807e-01
3.129295952438210238e-01
2.779179649765833870e-01
-2.658830428116524258e-01
7.367189624274868009e-01
2.430435260314313395e-01
-3.084532115157553323e-01
2.447307779338886990e-01
-3.937973573650446202e-01
2.151926859080631749e-01
-4.234915367912130968e-01
-2.069701573828111874e-01
7.340757065112547552e-01
-4.385122971110098633e-01
9.290954606981074448e-01
8.011842050282833583e-01
-4.181935690765878899e-01
9.303779904086555419e-01
9.151681429593909733e-01
9.354758136744557584e-01
-1.826105004169273349e-01
-2.409109858970671370e-01
-3.489242157829720581e-01
2.662030273793076218e-01
-2.634030642105160136e-01
-2.761220335267489667e-01
9.284909025088258216e-01
-1.716461435558630788e-01
1.612705638002497610e-01
2.181728142514554603e-01
1.857504759759086577e-01
7.887327449207467422e-01
-2.456470170094027239e-01
4.358065029689003889e-02
-3.053443690408393918e-01
8.062012940241445325e-01
-4.079055492399494276e-01
3.357407095991391532e-01
-2.359626112499471073e-01
-9.730178415321549812e-02
2.359847021476864926e-01
8.022234576508278092e-01
1.438594178311893013e-01
7.024149349739410297e-01
-3.015952432361059810e-01
-1.571835393347355003e-01
2.447954621317395552e-01
9.291512182413207421e-01
-3.169111626070401089e-01
9.169340531137812889e-01
-3.259137586993558489e-01
7.436331621013227977e-01
-3.712496397401700010e-01
8.679588292530659999e-01
8.839612737824004141e-01
9.225846364678225164e-01
9.166389298085947379e-01
7.002511281455953140e-01
8.104200199630981483e-02
-3.904739072990781601e-01
-3.520113991434668799e-02
7.786327717038739049e-01
7.900488612554026346e-01
2.358817564629911157e-01
-1.969374462568166950e-01
1.311706644387331810e-01
7.253394603606000413e-01
8.671041135492156826e-01
1.226354346181120075e-01
7.193975887849926032e-01
-1.608500869555804513e-01
-1.473011410237616281e-01
9.216972200103135116e-01
9.146540090260992795e-01
-3.249330419636511369e-01
-1.970988672735580760e-01
-1.989139173972913066e-01
-3.927098468540216047e-01
2.980548051014577648e-01
1.812507695401815722e-01
9.062004495915072511e-01
