-4.259866802244849926e-01
-1.832987579218782748e-01
2.704768528339997202e-02
1.843909861627441860e-01
6.161605601583245440e-01
-2.329231173461756566e-01
7.209357569264640553e-01
-3.559444097119709993e-01
1.403465756157084854e-01
1.977770659968681177e-01
7.863876718681975797e-01
-1.484390742960702836e-01
9.013859180385285219e-01
9.258630367198191768e-01
8.063274897496731652e-01
-1.766048481752651167e-01
2.870379534449830558e-02
-2.195324139823836007e-01
7.760155438025799490e-02
8.084939791207143012e-01
9.165566346064007996e-01
4.429723926907348786e-02
8.593647748756072513e-01
9.283033015858019876e-01
7.820276818997347057e-01
2.824742824131533658e-01
-2.532242783901660910e-01
-1.627931005879251491e-01
7.786296625890314349e-01
-3.730454301396426420e-01
8.883544205012122719e-01
-4.478572040715261826e-01
-2.492789334962961234e-01
7.316880629495186028e-01
-1.976035990588484795e-02
9.114298569179435372e-01
8.840665879617806144e-01
9.299184128638440239e-01
8.141133671303516506e-01
9.145630527762804718e-01
-3.898491669896257950e-01
7.023359221681900744e-01
9.079677092057026888e-01
7.271687340816357370e-01
7.535772872088271068e-01
-3.452245330880091001e-01
7.463943955036086431e-01
9.130132162064182877e-01
9.906005493274281509e-03
6.983438856224878366e-01
1.932670897701256885e-01
-6.778622427656613714e-02
-4.187447542478140439e-01
8.511692278554405799e-01
1.996788048227530685e-02
-3.981220813174101703e-01
-2.596829220606599042e-01
-2.814153015463864982e-01
6.929681951827407760e-01
-2.633409358483294604e-01
9.092005151994675405e-01
2.156044906405847617e-02
7.638371956328078929e-03
-2.701993090277265419e-01
-1.388648604426311883e-01
7.435906992991130338e-01
7.358149884823491638e-01
-1.776482662979124993e-01
9.172485192545319910e-01
-1.134749524101151541e-01
7.795033849319583652e-01
9.107983533099790474e-01
1.200050646016615069e-01
-1.630917502914618344e-01
-2.955909727712996773e-02
9.203770012312370574e-02
-2.921715867540843892e-01
-1.767635655196989619e-01
9.267047646488369983e-01
2.841721858233616782e-01
6.916722521609880436e-01
1.923026126637365080e-02
9.133969067973791711e-01
-3.505191581888099095e-01
7.464549618213192073e-01
9.174251686125733940e-01
-2.422150222315943568e-01
-3.692540693565188326e-01
-2.726590236790602528e-01
-1.423187283097016032e-01
-5.032632209529162154e-02
-3.895261176894940780e-01
-3.992902202983966697e-01
-2.207005981724264598e-01
-3.780140722835257372e-01
-2.727285967471025918e-01
9.150102040672655201e-01
9.076033992247144466e-01
9.290299261489435301e-01
3.637248220064431270e-01
2.243505533836256949e-02
4.797664690928882258e-02
1.939155080579325063e-01
7.348050919640708445e-01
7.959357561872715259e-01
-4.129030732322541142e-01
6.722495779868392640e-02
-2.830575162868559369e-01
7.117812021001932443e-01
-4.081760001716002173e-01
9.022529766659294070e-01
2.957106260711461210e-01
-1.439262321670879696e-01
7.264639255593264844e-01
3.835346203647955338e-02
7.631518935939913817e-01
3.522918997020813014e-03
7.114549805162321272e-01
1.180084709146507205e-01
-7.288454647711720136e-02
8.920165858455827435e-01
9.165583322682298029e-01
-2.816475308804189392e-01
-8.846016158299657706e-02
-5.725921198932262118e-02
7.253561103636902985e-01
9.096285457218793447e-01
9.027789025702758208e-01
-1.238917112215270622e-01
-2.202342963077407179e-01
9.058471086663483218e-01
-1.778698864064633955e-01
8.400035781055121831e-01
-2.500840934848481134e-01
-2.623072115026183759e-01
9.303568133117482430e-01
8.984191293303044334e-01
-3.040449995744342604e-01
-2.319689561951953083e-01
-3.107405512844544915e-01
-3.541617664869033955e-01
9.021009116677468631e-01
4.780838082930212452e-02
7.769121486514266595e-01
8.930574140509150993e-02
7.429881652060545960e-01
1.392860713001186357e-01
9.184748222105822979e-01
5.640481175628839217e-02
9.018045913248768919e-01
5.612571163694378418e-02
2.979307717776182307e-01
7.697804946604618337e-01
-1.352323214945941043e-01
7.297279304102788355e-01
8.816079856980002516e-01
9.170737974227601841e-01
-4.403701270140039092e-01
-3.356041755954886074e-01
-7.678877901996342126e-02
9.198684952793509950e-01
7.783509401653503357e-01
-6.521619432508796166e-02
-4.369564757185529502e-01
-2.221730777075712482e-01
8.308786888315854435e-01
9.178429937561443097e-01
-1.929379626037048268e-01
9.269712109256964538e-01
7.623510842833727819e-02
2.470284423337568147e-01
-1.969426355861360056e-01
9.846303590914619319e-02
7.909254091774549078e-01
8.283249805372805419e-01
-2.752023371605359925e-01
-8.262219833400481772e-02
8.200288781774535130e-01
-3.166026823069884033e-01
-4.024407960151624719e-01
7.195101840501323398e-01
9.635165196611855665e-02
-4.492100880205900093e-02
7.200238038827070364e-01
-2.572534366572985787e-02
-5.286582007397883087e-02
2.572769530342796165e-02
7.174573651127637008e-01
9.204250640375717385e-01
9.059294542317610777e-01
-4.057781435193773545e-01
-1.690954617937324156e-01
7.295932898521653165e-01
2.073365503374485497e-01
8.030645097159295753e-01
8.088724410812250243e-01
9.099613879595752630e-01
-3.922954442092453919e-01
-6.767995994883406474e-02
3.885429699945257276e-03
1.181071532184928830e-01
-4.023392885720515899e-01
-6.542440423608154865e-02
-1.431720068656360534e-01
9.235607833468834071e-01
8.485555312383544768e-01
-4.408344577360678862e-01
7.899026614367402610e-01
9.271071026602815124e-01
-1.964017069727881371e-01
-5.609149407791481912e-02
-2.951346454187706025e-01
-3.177038380182268806e-01
-2.670829499565764986e-01
-1.253456352265794882e-01
-3.488997540890339533e-01
2.680730580118306228e-01
7.454007811441719644e-01
7.655215275898464844e-01
-3.589555755757688482e-01
2.752554761844609038e-02
-2.670989682985102087e-01
7.070777690864624709e-01
7.075973281619282185e-01
8.686007810273834728e-01
8.024726436414894026e-01
-7.819216745653879974e-02
6.438437453708316660e-01
3.526827737292274612e-01
8.880483619151547936e-01
9.079810811038074858e-01
-1.784357334448791188e-01
-2.909782133291894946e-01
-6.522383033810563724e-02
9.012137399088445688e-01
2.006921754563708582e-01
-3.347727926355241190e-01
-3.926617443819032105e-01
-3.967955662532595129e-01
-2.653204006517455305e-02
9.194124609544807036e-01
1.681385988579282564e-01
8.671695780452859381e-01
7.474031434294313714e-01
-2.743108652256371141e-02
7.778585988180861666e-01
7.234483117393366580e-01
2.796747832733731953e-01
9.108885168746255756e-01
6.935210551816715085e-01
9.219662506883381514e-01
-1.863386690114498256e-01
1.079850529764258271e-01
8.079965797134814887e-01
-7.477389460041888869e-02
9.291651996763625743e-01
-2.702906241080638705e-01
-3.322460274097638888e-01
9.342750925293749065e-01
7.500118444500379900e-01
9.164164670255016132e-01
-2.099330491980676561e-01
8.325056569320958832e-01
-3.576090580002059260e-01
9.281565978216055335e-01
1.404531973920406518e-01
7.330588040787411330e-01
9.618249149773745732e-02
-8.978760931574956972e-02
7.230563864700355614e-01
-2.632684541582956395e-01
-1.233696695383009745e-01
-3.384874486290169737e-01
4.634218157130990529e-02
8.662864485721040175e-01
-3.655865674173682800e-01
-4.442060211506097117e-02
7.884692805989271802e-01
7.851388712845169815e-01
-4.146162133736747690e-01
1.295973088930525152e-01
7.637018120917955510e-01
7.763246576991900127e-01
8.797202987134368213e-01
9.002555190193196610e-01
9.235857966066350899e-01
8.428272218524931469e-01
7.593774031856640461e-01
8.185616510835577175e-01
7.540589847178422733e-01
7.988673975462513566e-01
7.763164078545548019e-01
8.621809441121371931e-01
-2.858023576943312105e-01
8.695592833471078587e-01
-1.770618393858264597e-02
-3.273172445977621248e-01
-1.765720387400381286e-01
7.541183368027817302e-01
7.104727882687886797e-01
