-3.367776520249717853e-01
6.953252689958191457e-01
9.211171077545833308e-01
9.274041722779816643e-01
8.942687850186308296e-01
8.565875231757146269e-01
1.714275351061911867e-01
1.338997992575099993e-01
-3.328814914707458050e-01
7.670092289295968868e-01
-3.208738068419678680e-01
9.373759939207190195e-01
7.775462412820987046e-01
6.926660542521124730e-01
9.328598969290855525e-01
8.342722243193959608e-01
-3.879895249098279097e-01
8.330861088864474073e-01
7.510339978800871785e-01
6.735986988236978279e-01
9.186761496791976400e-01
9.021878626491979247e-01
9.321837450569736561e-01
8.881456716292916997e-01
9.081260142073506181e-01
8.087961140061115106e-01
6.147350748596751568e-01
9.316296919962008261e-01
9.613862135026064737e-02
8.772559247262595727e-01
-3.355944553479963677e-01
9.163346800925598057e-01
8.755189561709059154e-01
-1.935625454361637743e-02
6.916031948627520132e-01
-2.613060648474812564e-01
-2.771677522829629203e-01
2.034836372359596357e-01
-3.875364209608386235e-01
-3.856735365864545906e-01
7.218787903406109763e-02
-3.300263776408738914e-01
9.272675051494172482e-01
-1.460776937505942619e-01
-3.634653112365531236e-01
8.481850051448635019e-01
1.214538629010350201e-01
8.441487900664619293e-01
-3.441074434746294042e-01
9.295127056813216049e-01
7.003916320134591089e-01
8.427666850562368639e-01
-2.799056390842400988e-01
8.150469239225923701e-01
-2.879334174696006055e-01
-8.601984049920585740e-02
9.381448067633274546e-01
8.611329237574126827e-01
-1.618159611137119369e-01
7.020864154724543171e-02
-7.033873645041724409e-02
9.002932714191393959e-01
1.646466574067088073e-01
7.559574363847592071e-01
7.079754664761093164e-01
-3.709338045192021038e-01
7.548969373156353413e-01
1.628570517116166572e-01
8.657048269657716677e-01
-2.573447707963826825e-01
6.847168035473327752e-01
-3.794614936859171950e-01
-2.537901152262887761e-02
7.731128781559273300e-01
-3.686485153584445618e-01
9.421636918847727804e-01
1.091315763919898651e-01
1.099210208593464910e-01
9.229550695845629704e-01
7.056893490055885509e-01
7.287487453108187907e-01
8.924404915742710775e-01
7.537073423085410839e-01
-3.799530223991745004e-01
9.296815002693085139e-01
1.656486799919151820e-01
-2.557044515041244082e-01
8.869257984112942361e-02
8.650803230918087117e-01
8.943283345988273236e-01
-3.455643348915217739e-01
-2.456939757363126309e-01
9.297508033358320434e-01
1.740328131738484718e-01
8.868400039011377078e-01
8.766269829393582569e-01
8.300677636021016603e-01
7.763228216258397651e-01
6.955860566070103390e-01
-3.875930626915394250e-01
6.699872291660477486e-02
6.672900382150090959e-01
7.813454054413693228e-01
-1.459067144022723195e-01
9.647558692595212260e-02
8.081050587137578178e-02
4.021627653010133308e-02
1.295188914898563470e-01
9.328254141722678305e-01
6.819264383908515414e-01
7.949427772161028471e-01
9.011730057461411203e-01
6.910985292610477559e-01
8.378566216429909896e-02
6.979125343271844750e-01
6.587015003705922744e-01
8.926096152512291715e-01
6.832823699176300281e-01
8.742988967459934813e-01
-2.772497449822030613e-01
1.754139800945116456e-01
-3.807055710695594342e-01
8.441837353052187298e-01
-1.229819951899706332e-01
7.860087070206365212e-01
7.740326672712493083e-01
7.304650781015105121e-01
-3.949952790699073346e-01
4.522829017357496428e-02
9.080282475860284030e-01
7.059583536333502440e-01
8.237306083544175817e-01
8.059407841738320810e-01
-3.735084523911958443e-01
-3.421451424368978644e-01
9.160486663645324157e-01
-7.470961164003002419e-02
8.793307480827475819e-01
8.294215545655388988e-01
-3.306194259873638241e-01
8.968358637343101791e-02
5.579784545515528715e-02
6.826178432344556235e-01
1.059090115191314019e-01
-7.312277110748451048e-02
-3.287668620022861643e-01
-2.777667567844936403e-01
-3.467726768942125948e-01
9.110099200882049164e-01
9.353252652542695111e-01
-2.193283159214629574e-01
7.771642331964383477e-01
8.119871887412960509e-01
9.365667695506498802e-01
9.332313544705812536e-01
1.009307359008824317e-01
-2.786151437981406742e-01
-2.578338603439877530e-01
8.094974184820444840e-01
8.525115215223424414e-01
-7.859602311127514285e-02
7.872654181654794581e-01
-1.114069142415099883e-01
-4.234833405839348308e-01
8.083915724924198853e-01
1.043186336108511969e-01
9.089152426080219227e-01
7.879427405473397039e-01
9.339740854818213700e-01
-4.848780835759353841e-02
1.247874354900952720e-01
-6.680856672123006157e-02
-2.232694488843030012e-01
7.255622808932591372e-01
-1.284208731789616420e-01
-3.013457701610269823e-01
8.508246240043317865e-01
7.559437329247369330e-01
1.341616628702247405e-01
-3.362002928875733043e-01
8.177698977011238490e-01
9.254420438214499001e-01
-1.059110750588621447e-01
2.301619787753869106e-01
8.591139590213638932e-01
9.228965262880132192e-01
8.573943385440668807e-01
9.199019047033145657e-01
6.275969566056183169e-02
8.735931015147577194e-02
1.731310730493303973e-01
8.970213271281798351e-01
8.250173290950144622e-01
-3.251172272272436214e-01
-2.521902404075560544e-01
8.552827548596779739e-01
9.279038119646721983e-01
1.019262110505456675e-01
-1.772053649335457448e-01
6.344862114716725010e-01
7.971666612541544739e-01
9.238465313002677259e-01
-2.894747965979592719e-01
2.282705430909003075e-01
1.528284273776256939e-02
-4.120965736383765954e-01
8.524602558085275783e-01
-1.810523837784183132e-01
8.130078879951134763e-01
-2.986475921656952526e-01
9.240992909719583093e-01
-8.497804502891748157e-02
-3.416778251492147422e-01
-2.392446691448545382e-01
8.733684520099154192e-01
-3.439222566411598292e-01
-4.074712690078036714e-01
-3.678271287515595400e-01
9.137979842405796749e-01
-2.518705213282913524e-01
9.352851473180493480e-01
-4.005871127309245106e-01
9.109503987862253016e-01
7.279716549371439971e-01
7.800813126687555776e-01
1.348702910008646103e-02
2.459840344725905056e-02
7.712646325680064807e-01
-3.583852902002733209e-01
8.045270770341098610e-01
7.173340697621430895e-01
-3.514338777113677481e-01
-1.673331646311817245e-01
8.914469863549294715e-01
6.264042267309886114e-01
3.231271009898464830e-03
9.051574810873986854e-01
7.005537860724683208e-01
-4.040071242103057680e-01
-2.389435705245790409e-01
-4.111264068859654119e-01
9.105615840960109564e-01
-2.893667083668983731e-01
-2.000912917564501847e-01
-3.756274125111610518e-01
6.573595569799155214e-02
7.085357224483092020e-01
7.983001280267408850e-01
8.679883208638168313e-01
9.415150919433692422e-01
-1.101118604117641703e-01
1.057859055043800511e-01
-3.608342433821133954e-01
8.568914528950504206e-01
-5.090075271529270751e-01
9.430959532838777415e-01
1.336921302898760600e-01
7.868618486629456177e-01
-2.231608942394409933e-01
-2.724598009223799244e-01
-7.230371016280748298e-02
-2.858843955685831384e-01
9.377569810304757780e-01
7.433236734150104885e-01
9.233532139110803838e-01
6.516412557622027757e-01
8.417751374768253081e-01
7.767095864645815473e-01
9.441196451079707508e-01
-2.261472332972554733e-01
-3.660282532097571262e-01
7.288341421380858387e-01
7.671905399198533093e-01
6.864383624106016324e-01
8.156079956898246719e-01
6.142045415735108982e-01
-2.962054086299968914e-01
9.165075971336837934e-01
1.486161993469897191e-01
9.333400176501081003e-01
8.843270610446624103e-01
1.214636908105534707e-01
7.440313322242125826e-02
8.591245238908541415e-01
2.856928439839043557e-02
8.135512711078773940e-01
-2.866918027673098779e-01
8.447952832774144882e-01
6.876362113967535716e-01
9.256681684857914760e-01
1.900237258779529093e-01
-2.879180675455281779e-01
8.671216451250414181e-01
1.382174705866928421e-01
6.450628378720563161e-01
7.274960210295737806e-01
8.523020463202560237e-02
1.477711715695381456e-01
9.157392248491809106e-01
8.246334589617927424e-01
