9.084734254441738655e-01
9.782207183197606515e-01
1.943346125956423587e-01
4.155097193131728206e-01
-1.194280292064055227e-02
8.670944426025251062e-01
9.643283789431174036e-01
9.551193036655553081e-01
9.544037533803404472e-01
-3.242988101901937426e-01
9.908066643768191906e-01
-4.128472903829972784e-01
9.306734492799884073e-01
8.795645796457016719e-01
9.806426509640355782e-01
1.796735112587292127e-01
1.769716340388469145e-02
9.503703879073772676e-01
9.195254010514017917e-01
8.666387930324588318e-01
-1.146036333918451916e-01
9.335179280164296323e-01
9.563717850713515656e-01
9.197368676067140258e-01
8.470449191774277464e-01
8.922339496212219334e-01
9.359246957492903807e-01
7.432863053877553083e-01
8.910345426611537833e-01
8.951562215047897952e-01
-4.682304432490723423e-02
9.131165452512408631e-01
7.284445789609692579e-01
9.818606942574941154e-01
-5.220533514191579016e-02
9.293939421290430269e-01
8.947823800857536147e-01
9.804882277323161421e-01
-2.557373146233326011e-01
-6.316080815709738949e-02
-5.159175911657686298e-01
9.575297851654474002e-01
-9.221612196112369264e-02
9.321981509067913674e-01
9.392107056345924132e-01
-1.613009999624491209e-01
9.336888147181005015e-01
9.130095287854582686e-01
9.813151727726626694e-01
8.123091090490276445e-01
-1.037595959570147830e-02
9.180774672212564935e-01
9.037244738857268533e-01
9.447774360265308591e-01
9.345324686316480722e-01
2.019444235853334324e-01
9.654436140478943607e-01
9.735692959207755681e-01
2.383067646114939847e-02
9.316385485272782319e-01
9.401852783397737223e-01
9.528800306024471922e-01
9.286383063884163791e-01
-2.705162277245327651e-01
9.003683081927349452e-01
9.589973448105977294e-01
4.901864298488929350e-01
2.888474093061182968e-02
8.921953454703990261e-01
9.215773410941490162e-01
9.259948226453694753e-01
9.840522245900936715e-01
3.261151574828785593e-02
8.945391558359623296e-01
8.803423275857696906e-02
9.876719282162100821e-01
9.899159826934043060e-01
9.492938969889960221e-01
9.538496835452630052e-01
8.946680132919622164e-01
9.739094697433131609e-01
8.874383554595927093e-01
9.119745987962328826e-01
9.149255298744900511e-01
7.439161134139298248e-01
8.825020462710535529e-01
9.229953324463433528e-01
9.791070903061132036e-01
9.178414806556252081e-01
9.614441166667385685e-01
-3.701066149232290492e-01
9.473498673996705310e-01
-5.105709704111861119e-02
9.789814789310553600e-01
8.734457285728896014e-01
2.007645647701065267e-03
2.993209297805671243e-01
-5.539076313906419191e-01
8.835945997852007183e-01
6.778055902114256126e-01
9.223432775389730498e-01
9.652781202202591615e-01
-4.049997329718121319e-01
7.114730005222607012e-01
9.359353621817975144e-01
9.193709947971906438e-01
4.615469498387606007e-03
9.754452383198892740e-01
9.743193883978090719e-01
-3.007640926946578835e-02
9.272127264438112526e-01
-2.471710018676924747e-01
8.808997663180080373e-01
4.449876639976724918e-02
9.169914802998786474e-01
9.649921918783761488e-01
9.701828373688641260e-01
9.528358333873866437e-01
9.548102496382291360e-01
-9.642663466845372011e-02
-2.590319102599252243e-01
8.606521174751569081e-01
9.175715785996506613e-01
9.861873766230857541e-01
9.382998703658576023e-01
9.588921888350655509e-01
9.763594938528767919e-01
-1.042914965790585624e-01
9.390049578927985863e-01
9.147957792903332885e-01
2.596729540257082525e-02
9.240341304294003022e-01
7.365841291193619966e-01
9.092792003271419343e-01
8.904992238273787830e-01
4.392589986385216083e-02
9.378766773169633364e-01
1.509004705863695173e-02
8.730277064050580016e-01
9.624292742762432518e-01
9.501658640523986676e-01
9.038581838481529740e-01
9.040078661891499667e-01
9.823656611135727079e-01
-2.000357790976494549e-02
8.996342322969044236e-01
9.476221940952400669e-01
9.685468846049629654e-01
-3.958865528498390352e-01
-5.221088037093621903e-01
-2.931973514334121345e-01
-1.070453999400687722e-01
9.265297117871327259e-01
9.095412170348964320e-01
9.737276628254183386e-01
9.581788272045623778e-01
9.700684957084688698e-01
9.304835186433093597e-01
9.242950034482503296e-01
9.282947653754480832e-01
8.333227246989033388e-01
8.896461214835205134e-01
8.793484670403497461e-01
9.780319071555230170e-01
9.326635069223498942e-01
-5.282253320542974473e-01
8.794821660610743219e-01
9.554876224259263306e-01
-5.939915249747740322e-04
9.430839567283618718e-01
9.563788719571484354e-01
9.274989956849316597e-01
-3.226862972592618728e-02
9.385350664630320860e-01
9.204492135706202616e-01
9.412319713666976728e-01
9.124146145457667778e-01
8.993310518835768708e-01
9.493871425788805718e-01
9.699302048568823054e-01
-4.764723464500526529e-01
9.681477405639122846e-01
-3.477855772820155345e-01
-4.000960206752350867e-01
9.336005871265946610e-01
8.880454895998370901e-01
-5.032645628800364035e-01
4.183953540157214768e-01
8.755988830305161397e-01
9.671473716340145410e-01
9.492169516599087142e-01
6.310485680221178395e-01
9.702977997163761970e-01
2.392194114023674795e-02
-9.677026598232642274e-03
9.049629184958465355e-01
9.275913264010138271e-01
9.601162480057983117e-01
-3.569231812268182091e-01
9.185463190216014429e-01
8.332608488070363251e-01
9.057492316654216502e-01
9.280564186638080582e-01
7.457015819791186217e-01
1.339491464962909439e-01
9.083356140417353508e-01
-3.566892397296115430e-02
9.378145692041923720e-01
9.755481245446975258e-01
1.007214784877168701e-01
9.207123801217542702e-02
9.465787023113989562e-01
8.835949681021151303e-01
9.554291774882018862e-01
-2.973915866704153824e-02
9.656200233900460450e-01
-1.253955013760195969e-01
1.812992952048974871e-01
9.571643532589354519e-01
-5.726076970977667102e-02
9.430225131645293413e-01
-3.914848435647582670e-01
9.590314753358311073e-01
9.634417989086678791e-01
2.799457301715505553e-01
7.245033713489112959e-05
9.483975491010590009e-01
1.824711179777012138e-01
4.820048787809358415e-01
9.029672918076583343e-01
9.215356753246088939e-01
9.095848369205332684e-01
7.266175099360736578e-01
9.729698751673351298e-01
5.847592214766509366e-01
-8.107389578034993050e-02
-7.182137717354986073e-02
9.553358497081452239e-01
9.719460429601924911e-01
9.248559109350998897e-01
-1.542620811799660929e-02
-3.714515066797504650e-01
8.863344106456452209e-01
2.231141048691880346e-01
9.821128436790771410e-01
7.528068600066848415e-01
-3.156476063693405137e-02
7.985872468232046995e-01
9.525208214024756259e-01
9.709867471428044183e-01
7.816088193779388016e-01
-5.955240961153611401e-02
5.370512912248721626e-01
9.477107577769903202e-01
9.408602614007705034e-01
-3.982637322775800515e-02
-3.913218970069508307e-02
9.565345703902002894e-01
8.908142554775037025e-01
-3.582842389625561230e-01
8.621650003056344769e-01
9.584861443088554811e-01
9.643069480858994513e-01
-4.332701713650548292e-02
-1.399020049451472035e-02
9.780040259776663358e-01
-1.517349404194151541e-01
9.455005235026553434e-01
9.296965416440332586e-01
8.964844909449299903e-01
-1.432787430098866194e-02
-8.588709180642056795e-03
9.232811973235129921e-01
9.595535589628645390e-01
-2.400452983650012972e-03
8.553225629222684923e-01
9.187995398909943878e-01
-5.407267538223323733e-01
9.612081457824124264e-01
9.889699038971849765e-01
8.457659443557373757e-01
9.951444058981127050e-01
9.042105149384458418e-01
2.265022170570810123e-02
9.841667288995152862e-01
-1.026060614274348637e-01
6.782651799709249474e-01
9.413032183576041101e-01
9.260081936374773282e-01
9.125091421472550923e-01
9.564157953592637984e-01
7.446523878197357504e-01
2.207805829010743848e-01
9.686272264437172375e-01
4.998946681107886980e-01
2.804508445610671696e-01
9.507931583237538842e-01
9.893573883114796796e-01
9.829455262587823983e-01
7.194577603305273295e-01
