8.416788129036765209e-01
9.628983744081253127e-01
8.376899458780311392e-01
6.528468362745463160e-01
5.593259889123760598e-01
5.995587126154384716e-01
-3.979707742209087629e-01
-3.129089004100046312e-01
-1.790786871021021187e-01
3.961381319837692372e-01
-2.492640839009758191e-01
-1.540337151385940129e-01
-3.663295986855888975e-01
5.995883479687574846e-03
9.610143168682482306e-01
5.768450064074506223e-01
8.576246575737784816e-01
-2.071585277490783361e-01
5.310706512882295005e-01
1.220514643269526439e-01
5.660592740680508994e-01
-3.693418053322746197e-01
8.690416747229285921e-01
9.514622523360676265e-01
8.742376703042712416e-01
1.224392113594924697e-01
4.317626700152545904e-01
4.086715578961051532e-01
8.374116801910493901e-01
-3.672785295229245017e-01
3.952223603775645300e-01
-3.704769995558413603e-02
6.655749028694892822e-01
9.536371975170356841e-01
6.189567862047784530e-02
8.667819950696672437e-01
1.815060557472469513e-02
9.298441257429296281e-01
5.034986947544648483e-01
-9.087819309487416009e-02
-4.738086182369302124e-01
6.308918820253359705e-01
9.510112439671619677e-02
-5.725882131736015346e-02
8.247903093626466342e-01
4.882174484331871511e-01
7.323150102430020514e-01
8.557911222435954368e-01
9.563014699760316040e-01
7.092072299228344701e-01
8.700479176580446783e-01
8.487386280965587559e-01
8.564711645387110828e-01
8.620807520288094050e-01
-4.065207001881998572e-01
4.357601288915973203e-01
8.427827869308107678e-01
9.471213279315741085e-01
6.481393751793278479e-01
6.090003721047961838e-01
9.620282335205211366e-01
8.418982303732240879e-01
-4.064765204176482016e-01
8.797512673393720339e-01
3.970677319618754475e-01
9.575967570880947743e-01
6.990969083769987824e-01
-3.190679725058950256e-01
8.256731940495239952e-01
8.433884732834449061e-01
8.903659710004403482e-01
-4.415009616802171299e-01
8.455395685753890334e-01
6.920824049233171849e-01
-1.871847552513786761e-01
9.517648577057540304e-01
8.892812258089495270e-01
9.722913418940233310e-01
9.479462565012475306e-01
4.762547307669555419e-02
9.233546846405398245e-01
5.794674011674258995e-01
5.761219618622436256e-01
8.798853010513281170e-01
6.604704109991230698e-01
1.705614970049883911e-02
8.973783218683925034e-01
9.380808816742060019e-01
8.561254697205906705e-01
4.418325336200267794e-01
-3.307321934214914050e-01
8.435426635961362773e-01
6.599836890794608113e-01
9.542428721989882900e-01
8.620203612420004324e-01
8.577289908573704214e-01
6.014228357459101559e-01
9.573090926809795231e-01
-3.937720307930019925e-01
5.589140612891878579e-01
-3.529545827313983475e-01
-1.314226528294866470e-01
-2.197200865449702445e-01
5.445689384288292523e-01
-2.816664790364727944e-01
8.486480884017577608e-01
3.949919860613833600e-01
9.465977899802335838e-01
9.595959830657581069e-01
8.847070352138028948e-01
8.263289915865785762e-01
8.283361199178778111e-01
8.769693024161026029e-01
8.292044297318224011e-01
6.043056354816408460e-01
7.607931837437641454e-01
7.882694622316164246e-01
9.412130469279071932e-01
-2.760403438144836130e-01
7.123246101387135099e-01
3.805372381677713522e-01
8.581771427115332251e-01
8.791205581790667578e-01
6.168699601810447852e-01
4.021867570334609621e-01
-4.549731052129691866e-01
5.027385422538335202e-01
2.282421449797471594e-02
8.729939918552829248e-01
6.189567862047784530e-02
5.762703966208130302e-01
9.459134927379280189e-01
6.746136047759319077e-01
8.555682027877029583e-01
5.500669464907239625e-01
5.625065512691986847e-01
9.409662902003352869e-01
6.098106529057629732e-01
9.559957424791476477e-02
9.620282335205211366e-01
8.457679909516637728e-01
8.654887785829498692e-02
8.476942684229755720e-01
8.801116346281164793e-01
8.358024194919469463e-02
4.650759462658598381e-02
5.592808777075876092e-01
9.620920332023421562e-01
6.401288577857231488e-01
-1.728314895228920955e-01
8.481831769735304061e-01
8.478360419690385008e-01
-1.602825557305074256e-01
4.723293009370560513e-02
9.545672203806280232e-01
5.038468070222328343e-01
9.456786687193168284e-01
-1.931829053055646450e-01
8.661246883124972262e-01
-3.482312996196172961e-01
-1.934639471616422801e-01
8.125230569665337077e-01
5.352488625693454516e-01
9.572129677091589794e-01
8.658508625774608003e-01
3.898049903670697813e-01
-4.241199744189965148e-01
9.601928263151591203e-01
8.654324526034428144e-01
8.509942358388291606e-01
6.287200363573104411e-01
9.539050245712585863e-01
-1.858491496056932646e-01
9.424835413601660994e-01
8.865971290636736057e-01
-4.230122343579063582e-01
6.733977783180232490e-02
8.757447259348676294e-01
-1.818568911732808546e-01
9.400791142745729134e-01
6.483670218337250768e-01
9.595337549204692174e-01
8.509943767427474715e-01
8.485024462883764551e-01
7.613816256536512506e-02
-4.715412900859871081e-01
4.431235616798668842e-01
7.100725683458649629e-01
8.623409549277306629e-01
9.453980942955177991e-01
-2.032506694035612627e-01
6.800836727673635895e-01
-3.383381836746539029e-01
4.445095013041133747e-01
8.503123966921135590e-01
6.631193187722604632e-02
8.623192333553217903e-01
-4.010963359914158088e-01
4.550044597519814493e-01
-3.107002306914136702e-01
-3.115273068984898419e-01
8.516963051889072656e-01
8.544452042861720997e-01
5.731079248068025045e-01
6.548600727708178137e-01
8.455705508068912524e-01
4.954151901775584732e-01
-2.728670678738465694e-01
9.561943922648106220e-01
-2.595823940534224827e-01
8.521256279346607343e-01
-3.792235804127902510e-01
7.706432672925658811e-02
-4.726377008341418606e-01
6.596859062100641768e-01
9.641721069614308526e-01
9.652389760783451622e-02
5.652970778607810942e-01
6.427251212721766249e-01
8.344738260685078401e-01
6.370967140234040649e-01
5.321960994564963743e-01
5.500669464907239625e-01
8.496384646689150166e-01
5.924864606966298020e-01
8.666660655278409786e-01
8.182551884415851795e-01
3.407946748911196144e-02
3.953989704305086450e-01
8.793815323549694085e-01
8.986465514129216015e-01
7.803213303905197629e-01
7.731546980829618887e-01
9.604673429562677889e-01
6.072960728882987880e-01
8.929094957759480256e-01
5.801212104653298285e-01
-3.408438819652828133e-01
6.576648146742443135e-01
-1.381434815416802964e-01
8.656372566965730986e-01
5.059041565965698428e-01
-2.088027267559005862e-01
5.500669464907239625e-01
9.538182139768802692e-01
6.154245312825422642e-01
4.197877909595454371e-01
-3.502870657796037235e-01
-2.620321657940642424e-01
9.588636203411196046e-01
-3.454070084071999558e-01
6.002488973974542397e-01
5.500669464907239625e-01
6.391461553038374488e-01
6.252650640366654855e-01
5.978745397834412945e-01
-2.637763717566575794e-01
5.228340487052438590e-01
6.309122716751938698e-02
5.693248710100103915e-01
8.733306914736441162e-02
9.450013789382639695e-01
8.528759540425180363e-01
5.188157846832026632e-01
8.401714275441317659e-01
9.416324829996380874e-01
8.620232654111911197e-01
6.214569557919467080e-01
5.266062443973633656e-01
8.138554857140356535e-01
8.684143847224372603e-01
4.967608269720439340e-01
5.798818955282107890e-01
3.955225845229367043e-01
7.506624429584995983e-01
-3.010596791844655229e-01
-3.177037225795705799e-01
4.143915519541990777e-01
9.551906596809556227e-01
9.572968447680759718e-01
-3.660730554234178369e-01
-4.110686263441559740e-01
3.073927366199710742e-02
4.420463866659728458e-01
9.573264287932474748e-01
8.467712939897967805e-01
6.343823082249755441e-01
6.344421631352012980e-01
8.670773560933887625e-01
8.581994006191000501e-01
-2.139273022553016546e-01
-3.076351354526857262e-01
5.891838768194683773e-01
6.166294865233886702e-01
6.443407282266713221e-01
6.167773161703493656e-01
4.301386103702845576e-01
9.421932645751893709e-01
9.611536658017196810e-01
-2.069701368439923472e-01
