3.957929990648607621e-01
7.342191238266824183e-01
4.020561443901990439e-01
9.410428276333766551e-01
8.283624391739639048e-01
8.040440087268427849e-01
6.892356595116664320e-01
1.353270595642630178e-02
5.026287305606019773e-02
7.917822698252178215e-01
2.211992862034233703e-02
3.526814023496620959e-02
7.600430546727472425e-01
7.125421684597837979e-02
8.533137605590324082e-02
7.350641663189705355e-01
9.460382007787395686e-01
6.376917435537206302e-02
8.063240682886576582e-01
6.614002009970683382e-02
8.245838345425771099e-01
7.539473395144224988e-01
1.132390597764565687e-01
1.331178258862307229e-01
9.192921562573149741e-01
5.710745939377904340e-02
8.016538351252755490e-01
8.084950287117220746e-01
9.235105404163579390e-01
6.931236039595618514e-01
7.986306439224275522e-01
6.735533857383370349e-02
9.809556403474730679e-01
7.877831744109414780e-02
6.269664583294573545e-03
3.779602245367960078e-01
2.849194999949643953e-02
4.377226108137705074e-01
8.110149192948221675e-01
6.040392588976394722e-02
7.241999383322315076e-01
7.628446324525099964e-01
6.981710662011125779e-02
2.200921463325710564e-02
4.241109182686345624e-01
8.104599867877222419e-01
9.456800657990993564e-01
4.474554389177317071e-01
9.219470683680841550e-02
9.771129303522170240e-01
3.759959206841269053e-01
3.787431504771314739e-01
9.285705313581861242e-01
4.069358673711575003e-01
7.685340812632668328e-01
8.157447574227986165e-01
4.458342120525647934e-01
-1.649394060850241026e-02
8.838951793887845909e-01
7.685682269689999568e-01
1.781320105691338446e-02
3.616953153217593586e-01
8.098511979257476678e-01
8.879640163807959174e-01
8.341156072430184754e-01
5.462204930913186485e-02
9.627711580880888853e-01
6.830699704140361095e-02
9.065124026799658008e-01
1.267330547206735325e-01
8.194184832322801704e-01
6.842411232901628448e-01
9.116249702919766440e-01
9.273619027469675036e-01
1.251998206446198192e-01
9.502330232781824870e-02
3.693078814035362090e-01
3.780587387678842337e-02
-1.617742965323585441e-02
9.930262576114237683e-02
4.995326361876716303e-01
7.327861468053123994e-01
7.378186781061510935e-01
3.428758714162509769e-01
9.369093069817002739e-01
5.100759568050103332e-02
4.338177526717871824e-01
2.798132687314934808e-01
9.516079262997676480e-01
8.207370979643415776e-01
3.914449914371460892e-02
4.214291499473102887e-01
9.829014140446528103e-01
8.314489992318390144e-01
3.278211413265749163e-01
5.425351097144748280e-01
7.150452053859187584e-01
2.947936941702389985e-02
7.905933378826210944e-01
9.540976664330035328e-01
7.016767750641603740e-01
1.860704750453618522e-02
4.124215385874677176e-02
6.589368839341687156e-01
7.124907876536665796e-01
2.713073363627652168e-01
8.267281217509714342e-01
1.232500954829182649e-02
5.095430044635562705e-02
8.409533629459249315e-01
4.290510459682834177e-01
3.345500686300707516e-01
9.119387696507826879e-01
9.300633798392528018e-01
6.357366600489799957e-01
6.860454077595887767e-01
7.065241036025677879e-01
2.834559456533675137e-01
6.848047546104938377e-01
7.594076132527762812e-01
8.229753945466586895e-01
9.025827742424966660e-01
4.545991934731928863e-01
6.211370363806525408e-01
8.171191262478827433e-01
7.350762623587732136e-01
8.106311380218300666e-01
8.641896354925625301e-02
9.142709784121334504e-01
7.673070033364658149e-02
7.440242437021293842e-01
-3.926989642050880691e-02
9.528754980807814245e-01
2.819805362928259340e-01
6.988537168013173595e-01
6.630875381800920287e-01
1.260472394920796879e-01
7.395990573057331652e-01
1.117632387229484658e-01
6.347691968920704531e-02
4.028518106744299332e-01
1.670696921360069476e-02
3.648813234374774783e-01
3.545977822887094177e-01
3.969301023647509724e-02
3.047624231486692481e-02
7.053485311375300437e-01
2.209065409960193349e-01
8.834249672013108068e-01
7.482847924728035227e-02
9.459681321600598158e-01
3.449194738055906262e-01
5.614501801195004305e-02
8.670407634125355811e-02
1.045119486114503421e-02
8.093761356065856116e-01
1.040667976770205672e-02
1.267195606007807951e-02
3.200956406402044041e-01
7.972617091061680039e-01
7.471847728949219114e-01
9.251955978730570518e-01
8.305790020819419084e-01
1.768214683860912587e-02
4.053000426172278514e-01
8.285080552243817564e-01
7.541230316293030533e-01
-3.221313330476098524e-02
3.048706089328319102e-01
6.389055856193057714e-01
6.605968153407562049e-01
1.525229799599095715e-01
6.201992434214312344e-02
-3.672368409613986640e-02
7.842143620965538187e-01
7.187977677182164626e-01
7.119120654511792989e-02
8.994047270271805505e-01
2.480491480690603240e-02
6.604523468737376335e-03
6.667871955924763450e-01
1.795869911088945892e-01
3.896320678308827223e-01
4.034496018712909748e-01
7.158993695210498498e-02
7.756318458889249756e-01
8.221401300398458734e-01
9.384919994539884236e-01
9.386981666254520240e-01
-1.732204741875791390e-02
7.498295528663618814e-01
8.633194267165780200e-01
3.264094942159088963e-02
7.985582672575002317e-01
9.022132379856488971e-01
4.651276792922445086e-02
3.670111745179346352e-01
7.776859128190978243e-01
8.105552169124894402e-01
5.126422511187197356e-02
4.557316127062472494e-02
3.390793617878425370e-01
4.300706589714679007e-01
9.627518912737805801e-01
8.929937119998164752e-01
9.318910323074994784e-01
8.463916829617925686e-01
8.451723419676165916e-02
7.150812220515691264e-02
6.344422443193842298e-02
9.170316055317756510e-01
7.806352028768487328e-01
6.941410546324955355e-02
8.121765876867541589e-01
6.746530199056667287e-01
-4.744066596942702468e-02
6.369889626338050281e-02
6.990564560981236131e-01
5.972653005672061699e-01
3.478682505666809144e-01
9.836764658674513884e-01
7.557874747056190223e-01
6.734327694381395668e-01
7.235488071051741077e-01
9.815574704886851354e-01
9.340061488398234690e-01
4.406978710610370831e-01
1.099200247090197646e-01
8.127609977009965236e-01
3.708791697625367645e-01
2.992084620298542386e-01
8.030820493011050498e-01
9.692003286013961549e-01
-1.806975273817639643e-02
9.775633666061422922e-01
3.568364848799172040e-01
7.157152452155430833e-01
7.309897972370178465e-01
7.194381556035855940e-01
7.686910060505858233e-02
9.174993594599689661e-01
8.330465453375867080e-01
2.525581201973014708e-02
7.292829970789905802e-01
1.679267161779891826e-02
9.606041412378472089e-01
8.057441250609230776e-01
6.050821686958611778e-01
6.676110796262099689e-02
3.268270715103289981e-02
7.741469230692645809e-01
7.515688025012734474e-01
6.619631683609594752e-01
6.991710536040174340e-01
6.041736124231824601e-01
9.576403535935744671e-01
2.652980046471955511e-01
8.236484250704646515e-01
9.359005746053045138e-02
7.990114432993988824e-01
6.080080991143109459e-02
-4.970868141949285474e-03
3.571785627643945249e-01
3.554394274745704130e-01
3.893071767886562284e-01
3.094091824902291954e-01
8.911783866368478968e-01
7.077907678490149568e-01
6.571317534676484051e-01
9.281166977232703230e-01
9.284318661965250685e-01
7.957785027821949742e-01
8.092260825890540410e-01
8.071644593885092256e-01
8.276402135065510368e-01
7.866419942077678140e-01
7.650019642786461960e-01
8.018706577790359891e-01
2.735313262906741705e-01
2.687978465469554462e-02
8.451149393476304894e-01
8.224921868401422476e-01
1.200439143124393399e-01
8.287327820656542610e-01
7.855332753268159940e-02
8.809366698124638795e-01
9.746696874041537173e-01
9.691688072084407857e-01
3.302661339052131995e-01
3.912090540547662476e-01
3.952465627948800742e-02
5.812634676891746677e-02
6.268668740333456224e-01
7.129652261239564082e-01
9.473692901388069965e-01
9.631975027431809444e-01
8.303859952242611531e-01
-1.123715586953719092e-03
1.175169118834733795e-01
6.635888651347709999e-02
