8.471642282107009203e-01
-4.116191132995458135e-01
8.656202062412912124e-01
9.127014934963915138e-01
-5.599223581216330459e-01
8.174070825637547166e-01
9.474617879241413743e-01
-2.612574362833423591e-01
-3.520622528588360778e-01
-5.602334304449312352e-01
-1.477938330131087774e-01
-8.227789671119820070e-02
9.438472248617236771e-01
4.762332894236616099e-01
-4.225458391702768823e-01
8.521855524801635884e-01
4.247532750530352841e-01
-4.108768065361192989e-01
7.916438602488796716e-01
4.810856624008627569e-01
-5.267837752002157981e-01
9.401133010594491246e-01
7.635584288719842183e-01
-3.288371542661799318e-01
3.824602904762733901e-01
5.957942081548336377e-01
-4.196412666296142069e-01
8.682760447013380123e-01
2.952726539572976261e-01
9.512855154841841632e-01
-4.867481937917040868e-01
-2.840453649364719779e-01
9.633510274476501101e-01
-3.549267537253391058e-01
4.661683335024282004e-01
6.252317231439814549e-01
4.940936766172778216e-01
-4.614908478745366471e-01
-4.164606312086555073e-01
4.751461963500266394e-01
9.871828315593744740e-01
8.484581223446070464e-01
4.834867306466101855e-01
7.630486361863608735e-01
7.420484074886737336e-01
-5.629129066054234798e-01
9.464902182952108500e-01
8.461124831415790526e-01
-4.343507156777177691e-01
9.471701436366872784e-01
7.611986313023895168e-01
8.670174594262403112e-01
4.029614783754625340e-01
8.804694738433397339e-01
9.543738252827913549e-01
-2.208737624219070383e-01
8.481693634314610986e-01
-4.043594275583560771e-01
9.983780062622521490e-01
8.705516645180235713e-01
-4.150239298322203618e-01
8.052094657808647193e-01
9.795709899297695422e-01
3.745399663259673106e-01
9.976369528569070111e-01
-4.819468113957413591e-01
9.941988618364483443e-01
1.924472232715541409e-01
3.889173671760506323e-01
8.438191697716239670e-01
7.267054128702937765e-01
9.669183800260851003e-01
3.859374206626365877e-01
9.856104259782687560e-01
4.430927442592846877e-01
-4.247052808210638464e-01
8.291187839741267496e-01
-4.909106309358888254e-01
-3.179498466164447645e-01
5.568401216808837040e-01
-3.599117302058859602e-01
8.434763966997909090e-01
8.474317352558379257e-01
8.257464514388530574e-01
9.920673777550333972e-01
4.184453965774058704e-01
8.463173223389119926e-01
-4.978690583561765637e-01
3.728864848131404064e-01
-5.118108846006427237e-01
3.502798501158694289e-01
8.204081838948098504e-01
9.902157980306683926e-01
-3.338704522781307804e-01
8.746090195574602877e-01
8.421797649054197921e-01
8.167864538702394039e-01
-4.241919297036492731e-01
9.319831071946678147e-01
9.121672687868440654e-01
9.289951069247569526e-01
-6.186960131100838201e-02
6.599850012058490201e-01
8.244867594756357665e-01
9.759303952022813089e-01
8.563799785677674858e-01
-5.291852807932113656e-01
-4.970136561695186472e-01
-4.196689314255507841e-01
3.468141536701941363e-01
8.552923100459983718e-01
8.162004471123754934e-01
3.803359302882608484e-01
4.033851524482444662e-01
8.710552984043489211e-01
8.672505793941351904e-01
7.331067818609959819e-01
-4.146009864519436539e-01
9.230056762568457085e-01
4.183706485993650137e-01
5.594496178616261695e-01
3.732039694043516320e-01
8.722757765297530774e-01
8.454793438554577545e-01
9.561801546457366907e-01
9.759303952022813089e-01
-3.877806581065209590e-01
4.925153452432814993e-01
3.894306460700571182e-01
6.029189928263773979e-01
8.517826288010365010e-01
-4.361847248126010657e-01
9.855501559638711884e-01
8.084851877142640308e-01
8.448896371562750751e-01
8.623954825619219999e-01
-3.779201933933117319e-01
8.221829021685138628e-01
6.283172023388727823e-01
-3.972257998275145474e-01
8.563048869531280083e-01
4.987271465625034983e-01
8.468796267048761539e-01
7.426005711267762432e-01
4.840023597300564528e-01
4.875002385245663095e-01
8.377667497877105962e-01
-4.346392740988825332e-01
9.792840809026290838e-01
5.723434590169926839e-01
4.015704709292944874e-01
8.719270281396872546e-01
7.235516811925811753e-01
5.305506551098182477e-01
-4.312280233222154369e-01
5.676762373524457672e-01
-3.293172334526962564e-01
2.261034895679071566e-01
8.790169217063498186e-01
9.244154492204093021e-01
9.508660363254259895e-01
3.773879025222325323e-01
9.219744959344798874e-01
-3.635412959003285760e-01
8.364370019068471107e-01
-4.832496782745542285e-01
9.759303952022813089e-01
-3.962508242795361735e-01
8.543001900721118869e-01
-3.995584768029090128e-01
8.380540818569276462e-01
-4.697422573380056199e-01
3.460306730047276735e-01
-5.171655259234593238e-01
8.430153578889886257e-01
9.037084122722700563e-01
4.444038407128251822e-01
3.452581497495024188e-01
-8.835145374503053373e-02
-4.244962556792125086e-01
8.475745364612453647e-01
-4.249781417983738985e-01
8.303549036983195464e-01
7.562464543532601002e-01
5.028584006578151744e-01
9.366097012721399384e-01
-4.422617779449784514e-01
9.965401843450540920e-01
3.427089279289086687e-01
-4.023188328020949056e-01
9.544372875275108914e-01
9.843324341357498897e-01
-3.811998620093099976e-01
-3.258810081869762398e-01
3.841721836368126031e-01
5.165624961618420219e-01
8.447172901067997453e-01
9.243933304622495850e-01
-2.535924806101210738e-01
7.630109934324116328e-01
3.245264508813650584e-01
7.705490351048572828e-01
8.067533439167510201e-01
9.373852663751767178e-01
9.943670466176977030e-01
3.694016123161875664e-01
-5.504217398347421852e-01
7.130811883675618468e-01
-3.161557899778721925e-01
2.951515139650316977e-01
3.484547160311382008e-01
9.759303952022813089e-01
5.373284363116689333e-01
9.462572310793944119e-01
8.435179371592589348e-01
-3.839149887608656053e-01
5.089645023355240383e-01
8.451926844008224027e-01
8.363781357670342365e-01
7.908746414601814934e-01
9.719679376081216127e-01
8.618151161994892506e-01
8.391122717841956735e-01
-4.691232372479078316e-01
9.717245397558131881e-01
4.180463079797432924e-01
8.361810826824662701e-01
4.679192840860771918e-01
-4.679631734560992240e-01
8.760065645202568252e-01
8.738910688847387753e-01
7.569249820388771477e-01
9.683090995650176502e-01
-4.514478288282646745e-01
9.604900226231236626e-01
8.060459658745235956e-01
8.476043507173984803e-01
9.504214980932788048e-01
8.431075500276780099e-01
6.337029682984638423e-01
3.938578182926404381e-01
-4.742570985533283157e-01
-1.347469936952097602e-01
8.661966982503930268e-01
-4.284030816649008755e-01
9.819024796907682706e-01
-2.898464024404169281e-01
9.767347539840218751e-01
4.211906431444994436e-01
-4.033203103229738851e-01
9.572932815175434484e-01
8.399479147490773734e-01
8.425142911557990111e-01
8.199575977242399283e-01
8.496590198312583553e-01
9.145065926697549807e-01
5.433319433540380050e-01
-4.712032194613329228e-01
4.146820500816655319e-01
-3.804220085738922452e-01
4.501894642920315492e-01
-4.686746066448184145e-01
8.559115141007165306e-01
-4.999389744146282011e-01
8.511276843958903715e-01
-3.715099386245996338e-01
3.759282661949855942e-01
8.303666515209849885e-01
8.483079635913532979e-01
3.577199117199826861e-01
3.798775822557919346e-01
-5.639648586643593031e-01
-3.915735571076215393e-01
-3.663846888637047883e-01
8.542248873256137465e-01
9.223266019275827565e-01
8.791857762964463419e-01
-4.956549004026287175e-01
-4.276420397433228215e-01
-3.872102436090943955e-01
9.375182912191291074e-01
9.596844335774066259e-01
5.792551112206960617e-01
-4.091630084000181800e-01
-3.067002175396955632e-01
3.777661088796913091e-01
9.986499517378562008e-01
9.654506232885685657e-01
7.292827635467620251e-01
8.292526211910500322e-01
-3.917899275634120215e-01
5.841653678026081931e-01
8.391562297344730137e-01
7.644292700047976563e-01
9.741988103560548229e-01
9.609313009822630924e-01
-4.312596493979001799e-01
-4.219465069287620662e-01
-3.670227788765516586e-01
2.419040572068343053e-01
