9.332531551832529138e-01
9.331968051870517256e-01
9.331105623826821960e-01
9.333896447045295641e-01
9.334592102814613934e-01
9.330919339553054304e-01
9.329992926415178189e-01
9.329936559519902417e-01
9.331648107403988091e-01
9.331866756105891003e-01
9.330670502313043180e-01
9.330323917998866179e-01
9.332467578708167899e-01
9.329635092211943093e-01
9.332674668299967280e-01
9.332634203922840488e-01
9.332291158879528759e-01
9.331527094036251579e-01
9.332145430410763165e-01
9.328351414909649142e-01
9.335750291254518718e-01
9.333037159323220866e-01
9.333385997446569382e-01
9.331718467869739575e-01
9.331214968344980765e-01
9.331719958589332897e-01
9.329942100632646618e-01
9.333334340351127079e-01
9.329752273460223400e-01
9.330839164153434950e-01
9.334450597622907519e-01
9.331212103754176201e-01
9.331582980491299750e-01
9.332830298751031428e-01
9.333434006319378806e-01
9.331011114827419961e-01
9.328064172934894538e-01
9.328984213956890148e-01
9.329377909581069162e-01
9.335595371706268963e-01
9.326585999417487116e-01
9.330186382225298392e-01
9.332748300762248039e-01
9.330898470546384882e-01
9.331038970902422180e-01
9.332002997847352876e-01
9.328794149329879826e-01
9.331101477638873432e-01
9.330655551094709788e-01
9.335423948417453932e-01
9.334626825009162410e-01
9.332388391963435392e-01
9.328531304409843905e-01
9.331082863786683834e-01
9.331407890050872345e-01
9.331097843250799606e-01
9.330118063704082587e-01
9.329721635022025783e-01
9.335688012701329752e-01
9.329894301279313407e-01
9.330641703479205518e-01
9.333196975964688225e-01
9.333588738691451780e-01
9.330355007505545251e-01
9.331629133450600744e-01
9.330197265542943263e-01
9.332245406854218217e-01
9.330926683930909071e-01
9.330917849136921571e-01
9.330830291426390755e-01
9.331507520714594772e-01
9.330825822462593955e-01
9.330963502243099228e-01
9.333075143422102649e-01
9.334321506961580361e-01
9.331973024901873970e-01
9.330882572345928772e-01
9.330188933610454871e-01
9.331206284496510461e-01
9.331027680369415878e-01
9.331818769471469377e-01
9.332856041644248535e-01
9.333221120410765126e-01
9.332889101678768506e-01
9.329794979435075408e-01
9.332778210301733157e-01
9.334030077268480330e-01
9.332469051123535309e-01
9.331604760250948871e-01
9.331135782138770818e-01
9.328660145760092615e-01
9.331042561026809956e-01
9.331961776946936515e-01
9.331672442482197294e-01
9.331650153990349583e-01
9.333272477014327162e-01
9.333529109879719066e-01
9.329555098527693158e-01
9.333400056389392629e-01
9.331295919969579966e-01
9.333438723469956733e-01
9.330935772532881201e-01
9.332069609983020264e-01
9.330541012406010637e-01
9.332840811382895341e-01
9.331567212896738628e-01
9.334741040618734775e-01
9.331224496946679547e-01
9.330099087403134206e-01
9.330643261524862453e-01
9.333572926067005282e-01
9.330432288303009969e-01
9.332698316004383043e-01
9.331906701236483137e-01
9.332328828788438724e-01
9.332984579936973724e-01
9.329098228843417662e-01
9.332664552531499957e-01
9.330925046511270304e-01
9.331551997955642719e-01
9.332414264031119178e-01
9.332953890588193691e-01
9.333294007324326458e-01
9.333302060479450324e-01
9.331646616172206699e-01
9.332881916310254988e-01
9.333364115054555432e-01
9.332816636971752455e-01
9.332108740793304547e-01
9.329763142620544070e-01
9.330414622596614471e-01
9.333231751218631356e-01
9.332023933756985468e-01
9.328809871651539964e-01
9.332732851644268690e-01
9.332118334723626951e-01
9.332276058372704908e-01
9.329629450778182953e-01
9.329868525378588462e-01
9.329413214241520924e-01
9.331026074239037182e-01
9.330184509226304712e-01
9.331467355312392797e-01
9.332068119612708657e-01
9.333944344941902393e-01
9.331986805241265781e-01
9.332519472455448328e-01
9.331897118752698894e-01
9.334065937504587573e-01
9.329730630945575198e-01
9.332274445766733928e-01
9.330222209713251447e-01
9.330830667970985148e-01
9.329915512531630206e-01
9.333223498490976766e-01
9.329581345513968671e-01
9.330336371003709051e-01
9.331591365031590701e-01
9.332268201300304433e-01
9.332273817627416701e-01
9.330637255772761263e-01
9.331406079039251678e-01
9.332402998519537807e-01
9.333028804654539545e-01
9.331462480563175177e-01
9.330624794234818609e-01
9.331678565911883938e-01
9.332878377574906903e-01
9.334140619272113248e-01
9.332012053296245835e-01
9.331429365832805134e-01
9.331880539130719132e-01
9.331506973941432470e-01
9.328262953781136790e-01
9.328807333158762871e-01
9.332032758769407410e-01
9.332530182158547127e-01
9.330281683979341212e-01
9.331492350965234772e-01
9.333175717105890445e-01
9.329129545879142338e-01
9.331532407651180749e-01
9.332461176457629293e-01
9.331107430188974039e-01
9.332175458129019496e-01
9.332785168099229089e-01
9.330845631419788511e-01
9.331253629347511236e-01
9.331014502669916499e-01
9.332003767636227742e-01
9.330392778519420727e-01
9.331425395853438776e-01
9.330359272047062946e-01
9.333331811200167305e-01
9.331581696363007161e-01
9.330515158958094801e-01
9.332394919240811770e-01
9.329647977431203554e-01
9.327713878315712082e-01
9.330094247872555702e-01
9.332352549320420687e-01
9.332405801377425814e-01
9.332798947700224890e-01
9.330906196196613323e-01
9.331249022939684945e-01
9.332404356747798779e-01
9.333594447100350688e-01
9.330972234181598157e-01
9.331344168375943493e-01
9.333168745960609414e-01
9.332990445271862612e-01
9.328610138181865352e-01
9.330638154147634644e-01
9.333277399455499612e-01
9.334766341615294838e-01
9.331324698267462470e-01
9.332549478017356792e-01
9.331418882635313938e-01
9.330812880173415813e-01
9.331328509604213117e-01
9.328855369443258549e-01
9.332113630135216997e-01
9.330579808293304467e-01
9.331012037222707889e-01
9.328892660944818616e-01
9.333192017994806911e-01
9.327969745093978027e-01
9.333107415817557539e-01
9.333821496788035077e-01
9.329913214715381820e-01
9.329960861962443008e-01
9.330667464274795542e-01
9.330643623102341522e-01
9.332414402848527857e-01
9.335104052562821497e-01
9.334576247895969292e-01
9.333539519142908247e-01
9.332692141839655786e-01
9.333679184049339383e-01
9.331129360252783389e-01
9.328570610272926000e-01
9.328408267933214759e-01
9.332082919026239987e-01
9.331888505347254448e-01
9.332952654216299937e-01
9.329423493665240930e-01
9.333692898766030588e-01
9.333362982679543896e-01
9.333134983140896068e-01
9.331037747131041282e-01
9.332294808260200858e-01
9.333226552270093013e-01
9.331935638403555666e-01
9.331977055242657304e-01
9.329509916180105389e-01
9.334076907615238561e-01
9.329773295223711127e-01
9.331376243773772394e-01
9.332269895562688156e-01
9.333127514087152798e-01
9.331205760237843982e-01
9.331591397712595271e-01
9.332116264916711090e-01
9.333685028122660210e-01
9.331737978634552233e-01
9.333618722961419811e-01
9.333534164416475987e-01
9.331456663473602919e-01
9.332947263778235136e-01
9.334102382696571887e-01
9.332470181314960200e-01
9.333729205349816649e-01
9.331771662005809986e-01
9.330345842650664689e-01
9.335367662280782408e-01
9.333300861973747864e-01
9.331257805003064787e-01
9.329103571210505264e-01
9.331049198632244135e-01
9.332837694385891503e-01
9.328820233785500848e-01
9.331838853091721786e-01
9.331498441278620604e-01
9.335960335413621136e-01
9.331858518805603575e-01
9.332462140572239662e-01
9.333856403357631004e-01
9.328922943898132480e-01
9.330489062846153425e-01
9.330577901113635830e-01
9.330224227670596004e-01
9.331828413555506296e-01
9.333240377090816775e-01
9.329796682485950177e-01
9.331788459031176153e-01
9.331753019760707923e-01
9.331415027342753188e-01
9.331375944919597654e-01
9.332253249879686186e-01
9.327651068439919424e-01
