1.522361422463684999e-01
3.615020260304550592e-01
1.046246854845978014e-01
1.087325148080346832e-01
1.093144205746753583e-01
3.692393326291593669e-01
1.856293053213627087e-02
2.780023859862269520e-01
1.971909574643949115e-01
1.629398725869196374e-01
-4.731520436922825867e-02
-7.861933588481581636e-02
3.115777126859001767e-01
-1.594306904387328069e-02
1.392188879545086244e-01
3.860133510834309195e-02
-8.062586483014572147e-02
-1.569762309273719236e-01
-3.845252165284890333e-02
6.733096791935511138e-02
1.370011653545196717e-01
1.165102428193652839e-01
3.802266466951694790e-01
2.937464714761202078e-01
1.989819326374166752e-01
1.526662282115886018e-02
9.664105399367989291e-02
1.165962999330454886e-01
2.226900063029862986e-01
1.986526228626097068e-01
1.883290443970020711e-01
-1.475853763586125189e-01
1.193284434579944542e-01
1.085765868687909169e-01
1.765939077027949278e-01
1.242827117380753132e-01
2.024501678857409670e-01
2.936146299187736286e-01
1.078741513876037839e-01
1.712784730681806977e-01
8.563028882372096529e-02
5.731746183173837272e-02
2.790855868970034681e-01
7.028512175822373975e-02
2.195033453648023158e-01
1.223991287101791614e-01
3.309145797160660263e-01
1.779285410614328822e-01
5.727125426218980520e-02
5.679278049132069350e-02
1.910752181015964446e-01
2.733043001785786380e-02
8.585068581741933658e-03
2.220759820726814493e-01
2.189076985177573209e-01
2.583694853858896634e-01
-4.089328605547503520e-02
-1.736287565479176578e-02
3.412609047591892431e-01
2.666407731932354253e-01
-4.070775301557746223e-02
-1.142498257671042960e-05
8.261227317036570761e-02
2.937244460682635339e-01
-4.402006556675580606e-03
3.492200773706298778e-01
3.144202245811275609e-01
3.550572327426577690e-01
-2.550044909409666938e-02
7.899581998684616913e-03
1.319173131755075057e-01
3.038267249979264006e-01
1.406770054810592072e-02
4.239049675663305039e-01
9.952400832953922985e-03
-9.487466880340114650e-02
-2.584567535386631670e-02
3.052804646536181332e-01
3.474255122361852299e-01
2.868807143541411420e-01
3.411979671636763967e-01
-2.035489609089045915e-02
2.855023787022505366e-01
2.574886041717916463e-01
1.751592044704290696e-01
3.637207818165332229e-01
4.434788638291358581e-02
1.157430256926929024e-01
-4.874534398807666563e-02
3.388934602240528116e-01
1.547669361996028073e-02
9.041932115094278299e-02
6.503891935575767391e-02
-1.117481292368798507e-01
3.064833061867388575e-01
-2.095134153028788138e-02
1.814225974278795839e-01
2.871968166978871029e-01
-5.914845809600252635e-02
9.759606473569899798e-02
1.460117732053543560e-01
-1.957928118815707719e-01
-1.260247255642996389e-01
3.832117149390586452e-01
-1.330482157205424565e-01
1.006599795073976900e-01
4.009324019178964749e-01
5.659085177557825197e-02
4.109339783226458043e-02
1.296387871102095968e-01
2.381450791476993900e-01
-6.244885775538377981e-02
2.246506465000322750e-01
1.389548933355783111e-01
3.709600208113801312e-01
2.922730630352631809e-01
-1.107462245725274880e-01
3.651467175442202340e-02
1.912973128553416280e-02
-1.917811300987849465e-01
2.469813670270221140e-01
3.436112331080087290e-01
2.046246697079073806e-01
1.487493105882397582e-01
-1.228630550302451940e-01
1.419717081213194843e-01
1.267519742459804477e-01
7.292086419855171864e-02
-1.692541034795561894e-01
2.550960556091669273e-01
2.323998919737078200e-02
1.207412221423121990e-01
2.743563083694157134e-01
2.348695311599174884e-01
2.665846003509387274e-01
5.474276621235396600e-04
-4.870648753580482382e-02
1.005944886097809715e-01
-2.347443195487575532e-02
-9.547105794341460838e-02
3.961047084917819761e-01
1.253544721529174510e-01
-1.638384382206626577e-01
4.161063198118341022e-01
3.225973352884334844e-01
-4.614818226087608749e-02
-9.474838151560013855e-02
1.590017323936595006e-01
-8.868314010861647056e-03
2.480181875859443774e-01
8.303899757896629485e-02
2.994196783966694975e-01
4.051101517617290010e-02
4.083674567549847589e-01
4.178191699152339345e-01
-8.464601556219294998e-03
-1.161317802661799709e-01
2.483101328063888891e-01
8.110171553397452215e-02
-3.448973162519651525e-02
1.219092152778342014e-01
-2.199467493535270032e-02
-2.125070084206354473e-02
3.848430013215545786e-01
4.599135847740024041e-02
3.368452151724269927e-01
-4.823815578788112624e-02
6.931737445937824482e-02
-1.629898406110628639e-01
-1.584311307131412161e-01
-6.464468683873314525e-02
2.985305404823593647e-02
2.925777319146964373e-01
2.141564241382530320e-01
1.619549548508508463e-01
9.206237106291131206e-03
2.590486988473006402e-01
-1.224738948547087480e-01
-1.799615361658420121e-01
2.905302028154390093e-01
9.035534907469656984e-02
-1.859497666045061837e-01
3.645489937793476298e-01
-4.483204581662048049e-02
1.906452359857456758e-01
-2.082682844526515809e-01
3.226141932190438322e-01
-1.029286903947953802e-01
-2.034605840786027006e-02
3.240632294975804295e-01
2.370802326748329691e-01
8.875781908914204266e-02
1.339880681242876792e-01
2.538015999707356474e-01
1.240652163386047058e-01
2.211096909371640662e-01
3.515325130851705282e-01
1.221024506926261244e-01
2.452692744189915661e-02
2.751857332802328249e-01
-2.280627491582574301e-02
3.416094047005825418e-01
-7.887836543795559430e-02
1.994901132237741626e-01
8.817225289785629583e-02
1.531772715710319477e-01
1.081809705036111957e-01
1.605183884263519101e-01
2.137921431436818898e-01
2.035316540820181486e-01
9.143279631275541552e-02
-8.088873070257894538e-02
3.093035443356039194e-01
-1.202970375212533971e-01
1.709444348982998574e-01
-2.074837237430423448e-02
3.397171089998492488e-01
2.319491076768841753e-01
6.668381659544045381e-02
6.333265417200358016e-02
1.478320531552100026e-01
2.806944561286778272e-01
3.661321748665486570e-02
-2.051086695861248366e-01
5.071729133461648498e-03
-1.035117620364339464e-01
1.364192819163823067e-01
1.424168446337358562e-01
2.248789843657481857e-01
2.730159373441636284e-01
3.842883483547194778e-01
-2.603385857132690592e-02
3.166492004114641601e-01
3.244694970940706913e-01
2.278468760795433201e-01
3.237946856862009698e-02
1.223286454094138637e-01
-6.289007024511625299e-02
3.775559344557735675e-01
2.132238282408868146e-01
-1.166065258557994755e-01
-2.847706211896235129e-02
2.979650805945034397e-01
-6.687365547793212850e-02
-9.656070964348981156e-02
2.541679053542955091e-01
5.084262705474082433e-02
2.328385983520163405e-02
8.031566482491936387e-02
-1.240433630378500740e-01
-8.071541080349528552e-02
3.494171263774911718e-01
-1.841811265819076615e-01
-1.696768186947908985e-01
2.417040076787186909e-01
1.146478485415387133e-02
7.601734219002127813e-03
-9.868917027130934272e-02
1.945319306647853574e-01
8.550315722045115363e-02
4.347009611421240316e-01
2.058099250928510926e-01
2.936022226822320724e-01
-2.322945229571229953e-02
1.786237682729675258e-01
3.172418361314315871e-01
-1.524519042364832488e-01
1.224924295854189077e-01
1.903501550745465010e-01
-8.323981759769356892e-02
3.290412397903326736e-01
-1.673010313905057556e-01
3.457883368364774168e-01
3.454125047861412168e-01
6.457593940996531057e-02
1.473715079004076778e-01
1.316476684790409690e-01
1.658712785776616516e-01
-3.402226211073619555e-02
6.200909773396344471e-03
2.999338416041944511e-01
1.958213789905394742e-01
1.769428900702960106e-03
1.889140758099769613e-01
1.259456502221996954e-01
1.613812971914483363e-01
1.344500124902898164e-01
7.806260735583074595e-02
1.505768990797863027e-01
-9.814540977644212183e-04
-5.987098214308998745e-02
-1.848655451402098915e-01
-4.680402803759010910e-03
3.860215348797501611e-01
3.522272404030488691e-01
-1.158438506514647137e-01
3.794657889162290632e-01
3.353280946466186685e-01
8.661803879917256976e-02
-1.058805347552365800e-01
