-7.816115985149993395e-02
-1.536796022322359928e-02
-1.189258048737255047e-01
-7.984986809327199175e-02
4.380676932510881721e-02
3.257602867545011938e-01
1.785662484034433728e-01
4.076234348266610241e-01
-2.317056488310247769e-02
-3.167607064233912695e-02
3.037144239507454380e-01
1.580980906605020109e-02
1.846990450441105269e-01
3.453064426694912314e-01
2.189773427454122165e-02
1.220619493867622085e-01
2.622559611605740915e-01
3.826975142832724774e-01
4.443537287986860651e-01
3.687382249324849259e-01
3.746762413513433643e-01
1.903742261056530216e-01
2.487645843207092200e-01
2.461564809826894407e-01
2.687697990563307771e-03
-8.934349473288430432e-02
9.426870511681151310e-02
3.564615730676938543e-02
4.001313812746798426e-01
2.278199082967009570e-01
2.126525233398547932e-01
3.805355646787103030e-01
3.881914537066858406e-01
-9.219244894295569592e-02
3.297019631522286609e-01
1.326048736801145878e-01
1.349291285416418518e-01
2.345415763441852652e-01
1.945757079756452873e-02
3.063623633541220359e-01
2.023788865092131517e-01
2.664688096582916443e-02
8.954999658947680741e-02
3.803169301843986605e-01
4.290843297101954584e-02
-3.818013646915231762e-03
6.189308768058182642e-02
1.862082916184253922e-01
1.731030628191697340e-01
3.467158483440337391e-01
2.164046592417073478e-01
-2.714498882616231401e-02
2.270542344003635346e-02
2.807955003240420466e-01
1.398999969804043675e-01
1.719680354378955445e-01
3.618197391163653354e-01
5.086449772557457560e-01
3.618982154932310902e-01
1.690888259984781872e-01
-1.683670268045234231e-01
3.791168610697955854e-01
4.131218114590532453e-01
2.703403281895606636e-01
-7.585206142566504328e-02
3.279446028152479542e-01
2.301495257027337815e-01
-2.021992469461308395e-01
1.477501993805341585e-01
1.000368052967866572e-01
-1.662387675939273335e-01
3.375098602183401741e-01
2.632108160280723919e-01
3.591978188246151005e-01
2.474742516647137347e-01
2.890764695927403594e-01
2.768543776718092597e-01
4.231457004377793818e-01
-3.796446069042399424e-02
3.794046331261588523e-01
3.289119818964137965e-01
2.375601584821898302e-02
3.333092654583806880e-01
8.903414501558834515e-02
1.003877156427248618e-01
2.174739684923989724e-01
1.141600524647675141e-01
2.184084127194160785e-01
2.851586209512511072e-01
3.638375278161163906e-01
6.681744230348694857e-02
2.402769705468799366e-01
5.843396004234976959e-02
-3.200443313905815268e-02
-9.369385219261675002e-02
2.617301924489832676e-01
8.466348576714109730e-02
-9.092315071708850782e-02
2.515003259232979627e-01
3.727594273677062864e-01
2.853498315020895904e-01
1.431827721077372217e-01
6.010667537217442846e-02
1.044265309218008475e-01
2.294345328002197482e-01
3.979160090736858640e-02
3.241014210661586348e-01
3.795697176730349065e-02
-3.434696570258483073e-02
-1.589466672569982142e-01
2.232345039132835884e-01
-1.168967431782159810e-01
2.898968931412457262e-02
2.059379110384876865e-01
2.857147664383435925e-01
1.197557593000345977e-01
2.482537032064133231e-01
3.686604505212295324e-01
2.309647295553477475e-01
1.517373248535912045e-01
4.144180494820917660e-04
1.933534138437572880e-01
4.870997358607666305e-03
2.816908966791759061e-01
-7.180000354627631698e-03
2.668716194698149691e-01
1.431284094598253009e-01
2.536357846775695868e-01
2.328843452222133514e-01
1.364601960765930155e-01
2.216669833908811171e-01
1.620342726434543246e-01
2.447018476771744833e-01
2.803030530320650970e-01
3.141233822354696503e-01
2.866083926818302485e-01
3.879250660008016216e-01
2.689520416789702995e-01
-2.077435896140523153e-01
4.004870719996986850e-01
2.794545881788786379e-01
2.430506290354653848e-02
3.808376643342181733e-01
2.841299134780486679e-01
1.455462231927296679e-01
2.964807264462467895e-01
-5.602187028970394972e-02
-1.104693275217248916e-01
1.780811347568908576e-01
2.413566343743253073e-01
3.851373292317293306e-01
3.596473789525975184e-01
1.631262290615448085e-01
-1.807056666379103782e-01
1.258401846765522247e-01
3.732335083111055218e-01
1.259903701515104335e-01
-7.934078241122911879e-02
1.993521200181564978e-01
2.691016153051821735e-01
3.615463096966814449e-01
-2.187423140662196341e-01
2.836022219753089879e-01
-1.505541124306049028e-01
4.125052210094866112e-01
2.654861004523806356e-01
2.169910165471103658e-01
3.128713772992187669e-01
2.587730550045830857e-01
2.433317959143422582e-01
-5.729312450745277507e-02
1.533874434270884324e-01
3.610720511019742118e-01
2.590626458505268515e-01
2.931855110265036216e-02
-1.740206635315599132e-02
3.701206215017041612e-01
7.585730101725296493e-02
1.251994032728714901e-01
1.525964444548570942e-01
3.694658068500615289e-01
-4.053264304179923089e-02
6.016707753349202770e-02
3.044577132867531954e-01
2.194742083832881552e-01
-3.714856184813127710e-02
1.786346116021611530e-01
1.158728031838427847e-01
2.924776152693787656e-01
1.955771022704755890e-01
3.471428813773347333e-01
2.522511371058269725e-01
2.544904794654739288e-01
3.729012893946225260e-01
3.397691680111270540e-01
1.170171285098992736e-01
-9.346127698089255753e-03
8.841964771775998044e-03
1.723598145673672366e-01
4.391241836609344196e-01
-7.445458404396375351e-02
-5.404288519334441571e-02
3.276195906119507284e-01
2.528064093079943064e-01
2.766706368200213539e-01
1.600151817401574694e-01
2.391253703778578321e-01
1.489485083684183309e-01
8.083641208130681877e-02
4.499988683635657016e-02
7.355708305651621759e-02
-8.961444819632104208e-02
3.720724518794424340e-01
2.124137616914228976e-01
2.422050786427850932e-01
3.530753127322512341e-01
2.666189186402467270e-01
2.670529736164535817e-01
3.360687300067058403e-01
3.156379970537833146e-01
1.714818474061689524e-01
-1.150873357324066343e-02
2.824550200619658780e-01
1.127914208762696574e-01
1.808189361005189122e-01
3.926898857540360721e-01
3.186148081571326118e-01
5.667596197889097909e-02
1.209565873674024461e-01
5.984272532322698623e-03
2.483022031218891923e-01
2.846266249385517866e-02
3.041580254343180245e-01
7.620867449695964413e-03
-1.044659187632009101e-02
2.037414313252011167e-01
2.430060663355313941e-02
1.387858644072981762e-01
-1.682395448881928712e-01
1.989361905024639721e-01
9.497236077057988335e-02
4.286410380594392611e-01
-1.715466232470926056e-01
3.467044738547816474e-01
1.955633574967222954e-01
3.492040365981485817e-01
-2.647666489955298463e-03
2.688995651896128880e-01
1.252252092987921617e-01
1.582536314318796211e-01
-3.091998770716715417e-02
8.633879204191570456e-02
-9.454904562145338698e-02
2.942814746998093645e-01
2.186736899097475872e-02
3.440754041965204402e-01
-1.620561449005365751e-02
2.889236108666312641e-01
6.505265648503658071e-02
1.127061251113704032e-01
-3.296852547477796547e-02
6.137964350335499419e-03
1.502704312760842764e-01
2.629738875310488333e-01
-4.285746323925046508e-03
1.276366509555723061e-01
1.644326523696259534e-01
2.796601257641358473e-01
2.264259419410024343e-01
1.727240022682398901e-01
2.928671052814052489e-01
2.829135126302172454e-01
1.678314806224854849e-01
1.200372460728283824e-01
4.460573277762172051e-01
2.627309497971279106e-01
3.027316743312468139e-01
-6.594224706551068960e-02
-2.552469888298088130e-02
1.001289490051184561e-01
2.437094251517510912e-01
2.499847593209680863e-01
3.117452402504894762e-02
-3.159270676658790244e-02
2.231035156718857715e-01
3.058202678864526194e-02
3.165417851939761884e-01
9.327048877597628185e-02
3.288971530954261091e-01
3.179146255342189531e-01
3.460928093479481160e-01
1.783623644236117384e-02
9.060247589008368907e-02
2.358403710895182193e-01
3.300232843047522513e-01
-3.195181846929841946e-02
2.374097532849390735e-01
2.524053735438543389e-01
4.466784766794480027e-02
3.987397513177490249e-01
