-1.118729328488109881e-01
5.024616974529212410e-01
5.335552611336282780e-01
5.110785861676367947e-01
1.441497986290024291e-01
-2.090539829181957132e-01
4.120112392708314558e-02
2.803492080201521949e-02
2.669575093730953697e-01
4.065576526313807171e-01
5.961065097244638844e-01
-4.492942388491485972e-02
1.932008866420388549e-02
2.741131022478253410e-02
4.874383248460859575e-01
1.623565237558118324e-01
5.174275062460893526e-01
5.659707685869019844e-01
4.338319076161853971e-01
3.430047826962273616e-01
-3.330323740724010217e-02
3.443873327668867668e-01
8.281701475972971238e-01
-8.921962862329832489e-02
-7.886784749665934346e-02
-4.343990372784031773e-02
-1.489187502537123176e-01
3.458067658099858166e-01
5.146234527018160587e-02
7.556481772141429021e-01
-1.073470073707022410e-01
5.003783445410118214e-01
5.002510169164313680e-01
4.312540267564503038e-01
4.066025526398611700e-01
1.533113501815429325e-02
7.711168660705343403e-02
-1.316619567827929660e-01
-1.538835219920854369e-01
5.026470378970715469e-01
3.855951328791747956e-01
4.928116816667726385e-01
-2.158654975667132492e-01
5.196082729248423515e-01
4.980106128304399027e-01
2.225970566667391515e-02
-1.734948083478944358e-01
4.747379686326737014e-01
5.046867507402852393e-01
-1.420400058082286754e-01
4.144966053641848669e-01
4.803501965515107885e-01
3.908676693790725243e-01
5.408933436597596067e-01
5.178405184332409705e-01
6.167079192838061941e-01
1.379682893236881258e-01
2.755364654327153717e-01
3.775946682066651516e-01
-6.561714419404490739e-02
2.031250951733075127e-01
4.313094592367027191e-01
8.798654727071125725e-01
4.808685692485659136e-01
1.951642890461859903e-01
3.708725405301217110e-02
4.411331437553179802e-01
6.783803633822635959e-01
-6.717719743917857644e-02
5.790642695532362272e-02
4.866175338662102612e-01
4.271457115029058116e-01
-1.657618574838885250e-01
4.944725874110710295e-01
4.960081674468146407e-01
4.827934607729604810e-01
7.784037760624665792e-01
4.576517121945256616e-01
-1.834202709313271229e-01
2.228770462288743870e-01
-1.995584549282611309e-01
4.665276826262353127e-02
2.949580811066923602e-02
6.231152433554898451e-01
5.116577679928637767e-01
4.322493065200422313e-01
-3.138128562702827140e-01
3.287418212929234251e-02
-2.925081548845249180e-01
-1.077353450471206647e-01
-5.835470397825477384e-01
-1.031981665380141272e-01
6.025821203547112592e-01
-2.340158503493936504e-01
3.811050627395103363e-01
-1.176579407844181580e-01
4.740215571451683596e-01
-9.238416438505189787e-03
7.341707598948823965e-02
4.885056004743000280e-01
2.612183883034846499e-01
-1.788437777319787370e-01
4.151988210062970142e-01
4.032956542534738564e-01
-2.205166673092013863e-01
3.850348416115506600e-04
-1.384978065295630056e-01
2.305039409785896165e-01
4.634133266501319626e-01
1.865005758976890082e-01
1.734400008789634962e-01
3.286028091876934121e-01
-8.088634706059487367e-02
-6.445171920263691179e-02
7.484425630116779971e-01
4.291768352738198344e-01
3.093921455537060328e-01
5.106841735028692097e-01
4.645115929049242753e-01
5.063760615990899883e-01
4.669138627266641306e-01
4.062348818960513364e-01
4.971050028693259071e-01
4.839740528903642147e-01
4.414004504080836777e-01
5.526192462231180880e-01
4.370676882324997514e-01
2.484882064548897540e-01
5.450293987189807066e-01
8.612322492161958443e-02
5.350250809009078345e-01
3.130005674607396760e-01
-1.493500571574482017e-01
3.784705622836440631e-01
-1.966187741519569154e-01
-9.511721956003110767e-02
-1.680789007819112613e-01
-6.736159920079902441e-02
2.704223662783570292e-01
-3.661444791134908783e-02
3.738484337649165545e-01
4.090831457766620494e-01
-3.173140332057654556e-01
6.576601944295486224e-02
-3.283638684588792711e-01
-2.088041556378187891e-01
-1.497750547246677888e-01
-4.779159844277871549e-01
2.485111270647942239e-01
-2.288291514398123894e-01
4.551217570724570560e-01
-1.037418843247988470e-01
4.931969243105024381e-01
2.407909810329143530e-01
-9.568443780377720864e-02
-1.764402047193006640e-01
4.458868615049802475e-01
3.062189997103775818e-01
3.603184961671870301e-01
2.256706469547942184e-01
5.806897120019192116e-01
5.407047076611397607e-01
2.824574508506310644e-01
2.461198718934394236e-01
-1.867067530194951863e-01
3.375895249124844510e-01
8.390422619595347964e-01
3.967877369845678182e-01
-1.015405961844452060e-01
6.252570461599342710e-01
-2.559794392246051986e-01
1.928827244676268315e-01
-1.974760606543540797e-01
6.320768607423892238e-01
3.744124527282330361e-01
-1.278288841150576616e-01
5.005975517604511760e-01
4.931866616150518134e-01
4.936874496121644862e-01
1.737966506370528519e-01
4.712101158405506696e-01
6.171233634559120107e-01
3.212151427253998048e-01
4.999858311469105310e-01
5.991370291041001606e-01
4.435227693500046198e-01
4.466549528039263639e-01
4.804465064370121441e-01
5.207703861305638116e-01
4.499743274052911968e-01
5.193444022723483489e-01
6.900288250206021434e-02
4.153751827489384763e-01
1.217095611861680748e-01
3.336968920321305987e-01
-2.568184851437008698e-01
4.737971161846680768e-01
5.660701879534713044e-01
2.792742215124660032e-01
5.886553564586625154e-01
-1.022074411317999421e-01
7.808316455028740943e-02
6.835376141225563140e-01
-4.849106015796067481e-02
4.537917437752495564e-01
1.553558298714390051e-02
-2.185742892816600336e-01
-8.756329975613125205e-04
2.033291285537395798e-01
5.143458957029253265e-01
4.457799660685469734e-01
3.802362303589535419e-01
-5.139214016712177757e-02
-1.242485839493234212e-01
4.596305097033900333e-01
4.171928417054540095e-01
9.515980327862194610e-02
7.431014555339456873e-01
4.605442126995907826e-01
5.118019710707746306e-01
-4.777524263755249939e-02
5.659216183187564253e-01
4.562836429993818443e-01
4.943480965726576581e-01
5.397044518067024566e-01
5.265639228250089676e-01
4.044913226548512708e-01
6.313122525664357498e-01
2.517577604031049354e-01
3.914318961628884264e-01
-1.790403377174116240e-01
-2.939712397997446547e-01
5.054707859064667963e-02
3.441487577400342279e-01
6.150538167412676893e-01
-7.560870375568620738e-02
5.486051105932809868e-02
-2.507453278363573901e-01
5.959583467251321487e-01
5.244895507155337144e-01
4.663092568173273222e-01
-6.156715314117194165e-02
1.855883211897417784e-01
4.806751123166588258e-01
8.327493659313131569e-02
-6.583265412914149350e-02
5.091176701729684950e-01
-1.285308144997055479e-01
3.084410645185322597e-01
4.004271268646608650e-01
2.862722390023126895e-01
4.896133374245229541e-01
5.353753426833365303e-01
3.687714408164030067e-01
-1.090216480332478893e-01
4.490228328677695613e-01
2.726524711845182414e-01
-1.798145640369089582e-01
4.107726499842023760e-01
-5.833496931699636012e-02
3.091819232360268899e-01
8.221216208527941660e-01
2.853559185668915754e-01
4.889071994525368003e-01
3.389840380088020577e-01
4.799230192835504116e-01
4.393398565897026486e-01
-1.126709043735627386e-01
3.960247740958342533e-01
4.806310777592087691e-01
-1.132810217852170676e-01
1.514842637534765390e-01
1.865945941527875906e-02
3.434169054635043405e-01
3.196119303264946532e-02
-2.440931962129907762e-01
6.077240470645274284e-01
5.224034920704310192e-01
4.093427757862896366e-01
4.495863639877742957e-01
6.763327942492070033e-02
3.599416367692963581e-01
5.499318778572227506e-01
6.630158693365240108e-01
