-4.223801703845438960e-01
-3.270262774417354579e-01
-3.099512279264131642e-01
-4.626731031407312900e-01
6.425225517529353780e-01
8.166328021510577129e-02
8.684807356694440594e-03
-1.316991585442577051e-02
-2.289841614216655830e-01
-4.005784989614770697e-01
5.902195575153437734e-03
-3.314332762180516312e-02
-2.984267462431378082e-01
-3.066624744082557807e-01
-4.363731868884058729e-01
-4.068883270293026655e-01
-3.306442110760129394e-01
-5.515455523781220837e-02
-3.819105126043673137e-02
-4.691748276908977444e-01
1.081272149468764932e-01
-1.169136524156545454e-01
-8.598394009701375296e-02
-4.264236941184345042e-01
-4.506884521724602854e-01
3.116831157123551299e-01
-9.262952696776036166e-02
3.712738436842499823e-03
-4.593687945535768757e-01
-4.645840696683077864e-01
-1.910801860436928956e-01
1.634207498203675557e-02
-1.561372197457046307e-02
-2.621223226511246729e-01
-4.551916452561999837e-01
-1.070264147022624707e-01
-3.976440363835834768e-01
7.937250950198759814e-04
-2.837754550428777112e-01
-2.254279043694698004e-01
-3.026285910583466077e-01
-3.287940175321198977e-01
-3.798112661093391296e-01
-1.340898292817772341e-01
-1.384062907598789249e-01
-3.234290772848098516e-01
-2.109109887820703744e-02
9.869293268707721167e-02
1.811132738907024475e-01
-4.783601068477441043e-01
3.166150990246519026e-02
-4.216995705386939464e-01
3.954920992959030657e-01
-2.080591612822915715e-01
-3.962813333634131463e-01
-4.776936946583910104e-01
5.596588075266379497e-02
-1.098328390106261404e-01
7.214743234830052476e-02
-3.345111168009944347e-01
-3.399994859011437054e-01
-4.615309564841415524e-01
-4.521024751865230229e-01
-4.642775513714369473e-01
-4.596722649881330169e-01
-2.512414388033176738e-01
9.216809903476730348e-04
-2.383951959225592832e-02
-1.156244751709348817e-01
4.263207821800570063e-02
5.604225862780332079e-02
5.241385899598565157e-01
5.186277603543780756e-01
-3.266445995298931648e-01
-9.516945516839035724e-03
-4.484534736747595174e-01
-3.419619506431342826e-01
-4.467074401417533425e-01
-1.208237376679193176e-01
-1.825902368056828151e-01
-6.481133502227193199e-02
-1.728209273530316170e-01
-4.185912176939918239e-01
-5.669405308654695136e-02
-2.364303241371779052e-01
-6.710465971656393025e-03
5.809709647946127709e-02
-2.517980927416030301e-01
-2.197374862394188555e-02
-4.179127104140942239e-01
-2.280705155919789118e-01
-1.414616442574038735e-01
3.340827086543181057e-01
-1.322383201255051266e-01
-2.457204215052604668e-01
-4.145227457748925648e-01
1.153692240988612172e-01
-2.290297045368931972e-01
-4.643897434777318756e-01
-3.958725774260031804e-01
-4.211668491076587806e-01
-5.937892822323517228e-01
-1.033690923669034478e-01
-4.559174918941525378e-01
-4.207418260065193261e-01
-3.180516288486988086e-01
-4.730321807547955282e-01
-3.600845967833035122e-01
4.964097936095566155e-01
-3.739332733524755592e-01
-5.475063326046061829e-02
-2.632924902277874457e-01
-4.425036912491062679e-01
-1.382636134230429692e-01
-5.755151070237066180e-03
-4.148659746677711424e-01
-4.494959219625881408e-01
-1.662028838622188198e-01
-3.158854494274614400e-01
1.862441888635854581e-02
-4.569150540045163744e-01
-2.859217770327360242e-01
-2.876780057266515450e-02
-4.261615514064481247e-01
-1.244361427628645628e-01
-2.583120942450679858e-02
-3.161023278628322108e-01
-2.902882222357419106e-01
-5.170416103810932668e-02
-3.717528440448836791e-01
-6.154526099114310256e-02
-2.093849219217718549e-01
-4.491890066040020724e-01
2.898598007439177893e-02
-9.955299417425358954e-02
-2.959198433800652728e-01
-3.404104064523025830e-01
1.188101890883177525e-01
-2.329395224003018294e-01
-1.351262864039160516e-01
-4.407706441039949130e-01
-4.605820589074706151e-01
2.079845784648791385e-02
-4.638919596067148793e-02
-2.971361461179661267e-01
-4.374520074237869816e-01
-2.977201689982300614e-01
-4.565299240527510016e-01
-7.932044410217999053e-02
-3.648258047804943116e-01
-4.400591269715834475e-01
1.841299588160083545e-01
-2.077936493893387526e-01
-4.500528368480473107e-01
-1.017662820075893593e-01
-4.428309817606810306e-01
5.463025561161868882e-02
-1.023734140427131900e-01
-1.320151352854342097e-01
-6.537572297641010277e-02
-4.482703790299410462e-01
-4.645938907708380139e-01
-4.407194168244837340e-01
-4.527227846955341195e-01
-4.557622694245230810e-01
-4.583723581193511754e-01
3.177323826512864491e-01
-3.885559301150983136e-01
-4.119201307664896450e-03
-4.225779373399203842e-01
-3.049873410839323284e-01
2.504575290946581961e-02
-4.753429781258903392e-02
1.679858696715164079e-02
-5.640829793264714315e-02
-2.420837124946464969e-01
-4.579480689291634543e-01
-1.882970480661123880e-01
-1.867791633925645900e-01
-3.759800917016909994e-01
-4.650055403405924381e-01
-5.882465278470971892e-02
-1.076440701973158803e-02
-3.653003842226339171e-02
-3.862163307594665973e-01
-4.513845826249102688e-01
-6.292394810099720404e-02
-1.894641807918544946e-02
-4.563134875007980873e-01
-3.222248983464544581e-01
-1.976136784439609384e-01
-4.518130919566399339e-01
-3.074515105123660358e-02
-2.056874631647659657e-01
8.580255672126638200e-02
-3.058837958386684264e-01
-3.186327414742213260e-01
-2.371170875772495579e-01
-4.488016713286071546e-01
-5.748651036786942004e-03
-2.116666029416612027e-01
2.164272726261889102e-01
-1.095338254824119173e-01
-4.613539763873919508e-01
-4.452566781550817976e-01
-4.068886636537297763e-01
-1.230587405531434475e-01
-4.521989795678742485e-01
-4.013365653750848305e-01
5.489422717202244173e-02
-2.832725582244334517e-02
-4.435192520923728621e-01
-1.857609091679804370e-01
-3.383430387833760156e-01
-3.605512467703702595e-01
-1.979403888767952702e-01
-4.931807891556423684e-02
2.493612825287533918e-01
-1.117458709433300917e-01
7.681532340932015757e-01
-3.655447110018643364e-02
-1.242541659851325309e-01
-4.696859447571219426e-01
-4.283104974581397051e-01
-4.238234543807000709e-01
-1.096274825072850595e-01
-2.608078576203355370e-01
-1.825573524293856997e-01
7.814109378876159251e-02
-4.604659881205899752e-01
-2.872195622721460673e-01
-3.926107140823447139e-01
-2.378950377717587439e-01
1.152145316793906360e-01
-3.309966592582850309e-01
8.212084654135188844e-01
2.435332164186881920e-02
-1.642627719158938349e-01
-1.655283425872557390e-01
-4.310971757577571062e-02
-3.803051627610326557e-03
6.947975485461246881e-02
-2.810624033183460879e-01
9.413210622956337537e-02
-4.187444218625553383e-01
2.760564850342311916e-01
-3.830682892453382560e-01
-2.989270810728824612e-01
3.719718952858500072e-02
-4.674147993304071658e-02
-1.076284969306904454e-02
-5.764392415482798987e-02
-4.139182744106805201e-01
-4.279671332895571556e-01
-4.525564707529112218e-01
-4.504420790730491175e-01
2.491578277603645475e-02
-4.677358188013067686e-01
-1.941567315129206495e-01
1.477863095533455406e-01
-2.126600763748813794e-01
-5.751552501494971992e-02
-2.050295232214106311e-01
-1.387551500901515467e-03
-3.206819727530786368e-01
3.123325311410641292e-01
