-1.230467957704197146e-01
-1.102832439717212065e-02
7.977212982324806134e-01
8.241717255113194529e-01
-9.652007866316561491e-02
8.550626276092734290e-01
8.584556396528637556e-01
8.638700269961263611e-01
-2.781502579568422007e-02
8.221276227795719649e-01
1.064699635656917581e-01
-5.043786555995093124e-02
8.630746991966573578e-01
-1.145457010148344390e-02
3.661832753656590889e-02
8.193788041648258913e-01
-1.269659406061693918e-01
8.094235032676989627e-01
-1.550845417866002496e-01
-3.622656507351210142e-02
8.259189819751486805e-01
8.749812003489736423e-01
-2.763422948839300286e-03
8.420671673877749841e-01
-4.874575552191898198e-02
8.219103740908354494e-01
5.631780246433436277e-02
1.919822998766394784e-02
8.487379176148073245e-01
-2.210302396951076276e-02
7.714278067577846620e-01
7.964832129707062336e-01
8.455821724024752406e-01
5.922422295815317483e-02
-8.080013497449947679e-02
9.013687489558886989e-01
8.201633583698826335e-01
8.745614320847531209e-01
-3.676776356776104149e-02
7.815173987417964874e-01
8.078944256303008942e-01
-8.395301462607897280e-02
7.545784241169445350e-03
2.081102623354244563e-02
7.830034323553878295e-01
-3.828595763520439843e-02
-4.838934608346617816e-02
2.777436838332879299e-02
8.387440236888996647e-01
8.293822668327116565e-01
8.080588973032144517e-01
7.870651748257493363e-01
-4.994502305984899193e-02
-1.498928985694582272e-02
2.324665215019069975e-02
8.283207786975135267e-01
-6.533932329954840468e-02
8.422554158846341510e-01
8.604567081420004815e-01
6.467958451302803502e-02
1.661154443920390134e-01
6.203055473245543128e-02
8.227318235652520961e-01
-1.062437004560783937e-01
7.955490690044835222e-01
8.397872566080981649e-01
8.094093189064220928e-01
8.522005652095678840e-01
7.912599268039509637e-01
-6.135307706060730282e-03
1.024827226857551177e-02
8.567782712572216131e-01
-1.513705457208086580e-02
-7.557077123618971548e-03
6.103967295389006731e-03
8.405027996133520585e-01
8.575123753633014934e-01
3.117624996699967788e-02
8.121064637307369161e-01
5.387299000663345327e-02
8.509681159183691834e-01
8.138861266459687105e-01
-7.404628372323358854e-02
-6.494379186580785668e-02
1.865934509840148636e-01
-3.919676583192394093e-02
8.435917863646772430e-01
4.134589038835512209e-02
4.150146993532749518e-03
8.596197068443883760e-01
1.371881873893492088e-02
8.336008792849374238e-01
-1.463489509049681336e-02
-2.653671400512215561e-02
-9.391967956298129250e-02
8.156757160280705410e-01
8.660393449667908028e-01
-5.276200245649925735e-03
8.359978270882649776e-01
8.229349460785785331e-01
8.334659580026239079e-01
-1.711472755392197398e-02
8.088260112780205624e-01
-3.204075907261308420e-03
-8.429531002184609267e-02
8.453038077806239725e-01
8.396922945438428654e-01
7.952107838163599007e-01
-8.105218639061329000e-02
-4.687762064305697751e-03
-5.429306191247257329e-02
-8.835624339096644075e-02
1.185754433811220254e-03
1.561509716664736813e-01
8.571377511475026800e-01
-7.044438643093936525e-02
5.570304129720440867e-03
-1.122164105389032579e-01
8.523947694343744219e-01
6.906186676683463699e-02
8.221268893628601582e-01
-9.666495175247910576e-02
8.743928850290413335e-01
-7.391541163194667585e-03
-4.914018741204301266e-02
8.469231628941387147e-01
8.508014913658681344e-01
-6.593779998608963189e-02
2.390566508062025308e-02
2.860184497553822092e-02
-2.225337634437807299e-02
8.282139743837666490e-01
1.955990630105973460e-02
8.115473834243188689e-01
5.944650981712644444e-02
8.777256250382964309e-01
8.170442654872809296e-01
-2.446478577378859154e-02
7.896671190312446464e-01
8.241197758709584154e-01
4.506604167073802181e-02
8.337564297736863583e-01
8.071267261771841728e-01
-2.177622107623530812e-02
-6.534813177836046316e-02
8.339295356435469930e-01
8.431481464703362017e-01
8.946876833241909077e-01
7.763480515289751249e-01
8.344866826222481215e-01
2.454149571894186088e-02
8.229753125758616505e-01
8.401514922810437991e-01
-1.076821809791173729e-01
8.552402849946327823e-01
-9.956944930471142707e-02
-2.057108417856698401e-01
8.121430618356396680e-01
8.429339585870967433e-01
5.738368991331782576e-02
-9.506268420475127989e-02
1.820403837161904959e-01
8.375016888144650729e-01
-1.287327100646176725e-03
1.265180025469885006e-02
8.451874709699156440e-01
3.786522600699462893e-02
8.737914349180035956e-01
-6.603468390907601959e-02
7.564859747269717660e-01
8.378217213828904608e-01
8.663018779185449603e-01
4.040902647075368670e-02
-2.769664817683541169e-02
4.946179539746753395e-02
8.454595325881202328e-01
8.117815041325573411e-01
8.799123518704345948e-01
-1.152794134048993890e-01
8.120097179518149799e-01
8.377732947382880990e-01
8.054021742132326800e-01
8.460549212735584135e-01
2.853123202131663261e-02
-3.731930942818854902e-02
7.469319024792329120e-01
7.991431494446000761e-01
-3.743116009836847113e-02
-6.091801809727223627e-02
8.188271964739867181e-01
8.082858857527900343e-01
8.319597871772651532e-01
6.367391018584883655e-03
1.284211693158475442e-01
7.867853969429531302e-01
8.253695175121747996e-01
1.089330099722581463e-01
-5.717701899982864655e-02
-1.682105658867086295e-02
8.266225642859313938e-01
-7.311336755451580682e-02
1.521451255573011696e-01
8.586435258532782999e-01
1.448166585259108574e-02
5.739998639416916959e-02
-1.317925655023941545e-01
8.175722811591979999e-01
8.269443989651510396e-01
8.008727859193234266e-01
7.119783190239162285e-03
-1.857891673004968824e-02
8.387969485056769869e-01
8.054758631162783900e-01
-4.737376633104029011e-03
2.082382224382672842e-02
-2.114702663998969945e-02
8.976666548471807783e-01
8.415846841392902178e-01
8.204504404063540646e-01
-2.653332339525439620e-02
-7.094811927762095793e-02
8.238988796229087530e-01
7.783325829480411961e-01
-1.530353090336232791e-01
2.997149281628057327e-02
-2.256313793497939646e-02
8.371178859731283062e-01
8.649256928105880649e-01
8.292558679895423168e-05
-6.394622674451663769e-02
3.965422281579739083e-02
-5.381721139606221449e-02
3.962856014873392119e-02
8.396921827651195880e-01
8.118827462325922673e-01
-1.544627997724365431e-01
7.983207500984316196e-01
8.473328012476647464e-01
4.040398622820953745e-02
8.158110112473833109e-01
8.193520799775869667e-01
-6.578835487981772590e-02
8.323994222097953477e-01
-7.295158266364951127e-02
7.506766472727891548e-01
-1.346103951291095779e-02
8.582146735495561618e-01
-1.187983742010893518e-01
1.593342879034101434e-02
-3.514409065744064642e-01
-9.271743878890188750e-02
7.520874810524635912e-02
1.590252475312108338e-01
-1.084445778091780443e-02
8.457535285350203935e-01
8.021198909093307794e-01
9.461097815896379881e-03
-9.455337028539127775e-02
8.355721622544982630e-01
8.178779080915951072e-01
8.045244515416540843e-01
-1.592708881026812240e-02
8.329877122632846076e-01
-1.757966203666795624e-01
-6.509113635712315826e-02
8.676536284078404382e-01
8.125519239919443137e-01
-2.868703553027010522e-02
7.840358030399262601e-01
3.783189553230667523e-02
-2.233628880978485998e-03
-1.659230129817811372e-01
3.140115035265778065e-02
-2.617094430474631306e-02
7.671643730449757559e-01
8.367449077248192424e-01
8.067278826118489121e-01
8.097011083645423435e-01
-2.385083910541807573e-02
-5.562082983945564052e-02
7.115866442563505145e-02
8.159544116365591293e-01
8.350448547215674200e-01
-2.392273472544691193e-02
8.266642679301674512e-01
8.617865740059738044e-03
8.401162772302847026e-01
8.477430981173106339e-01
8.333649225199608601e-01
7.451871170002904998e-01
8.679107437293809291e-01
-1.701348499551527116e-01
8.476952757565742180e-01
-4.635043745107539359e-02
8.488392229222582186e-01
-1.457646326829314942e-02
4.897052111398036978e-02
2.391251534465767270e-02
3.829422081965763724e-02
8.344211969696255782e-01
