9.511275326364893035e-01
9.484603006222573907e-01
8.531211384567982670e-01
6.841469100875681164e-01
8.790715089739693511e-01
6.935868622538672312e-01
8.735859052550958292e-01
6.297998639595372428e-01
7.014201088000993067e-01
9.006961686558577762e-01
6.388252506150851051e-01
7.610355780550435156e-01
9.475731158891205208e-01
6.978762597775211018e-01
9.342190120758387950e-01
7.103883774473822577e-01
7.630530192717404070e-01
9.472488439786521663e-01
9.638754588438536164e-01
6.751652596967857578e-01
8.960686884779587302e-01
9.266317815403817271e-01
7.298020476866888817e-01
7.225760051471791234e-01
9.439510125267396301e-01
9.356139952909778845e-01
7.468612162288069678e-01
9.452320726843639331e-01
7.317703131535409078e-01
6.996795488785843009e-01
9.498908025006391753e-01
7.374805323448005989e-01
9.472613059216845599e-01
6.926980657388436269e-01
6.744280997129192823e-01
6.761058157271131464e-01
5.792021560529465596e-01
7.443089069221733300e-01
7.142190638814376324e-01
6.074219060621455224e-01
9.273569974248375702e-01
9.501027157336479068e-01
8.393449386720752692e-01
7.171287046637824236e-01
5.631138584387669344e-01
9.423254851842726154e-01
9.461959489588733785e-01
9.429960917928739139e-01
9.398825224465146011e-01
7.034525587897417775e-01
9.394794004362527762e-01
7.061334352977290951e-01
6.925179885906419530e-01
7.541564556716641166e-01
9.423036935277349091e-01
6.963155315916350618e-01
9.464123755113121872e-01
9.324657264652381761e-01
9.623436440901792510e-01
9.405105650208793744e-01
9.450394955015744003e-01
8.715654143493437589e-01
7.215656003521960793e-01
8.023814926725696406e-01
9.593070382851801581e-01
6.497908807290833089e-01
7.076948126057532873e-01
9.526027502868348318e-01
7.164116155157863597e-01
9.079165696877764535e-01
9.505466242781321906e-01
6.610829917043408166e-01
6.961179321440796874e-01
7.066849419088524487e-01
8.674546597292068784e-01
6.731888679162809641e-01
6.650906709465258526e-01
7.009862676158127304e-01
6.814548129426545309e-01
7.238587859750633680e-01
9.550670415043283068e-01
9.331772694015958436e-01
9.643740788733087266e-01
7.016813357119487948e-01
9.540361276488785736e-01
6.723600653236219138e-01
6.512446132209295246e-01
6.482064334752715151e-01
6.737002148318660399e-01
9.275963322483267159e-01
8.954673094121312626e-01
6.818240279986771402e-01
5.898111698832524397e-01
8.384114918476490708e-01
7.100858051219796074e-01
9.538687031687074214e-01
9.360155741252582651e-01
9.487037684325656528e-01
6.612956813784773846e-01
6.473193210636853934e-01
7.732178569422614167e-01
8.674590189868428558e-01
9.456044638053596740e-01
4.799835019164619410e-01
6.668185601861851275e-01
9.456335042824146608e-01
9.369051412454817429e-01
9.413674443789289414e-01
6.977709438149944932e-01
6.149968015151311418e-01
9.487966981484239337e-01
9.526338399730326367e-01
7.894669813808079528e-01
9.414738258267035809e-01
9.409770010065792167e-01
9.447559224941164402e-01
9.581686036010035323e-01
6.745351757715052354e-01
7.508487964689087857e-01
9.131335013009964641e-01
9.502737375073377901e-01
6.509528303719217535e-01
9.512388280433334842e-01
7.573337682944665250e-01
9.542988638541354263e-01
7.277648667579454944e-01
6.969807181533682616e-01
6.477239844184743411e-01
9.383774769488625322e-01
9.491695817309107053e-01
6.894672345078669551e-01
9.323061139350599102e-01
9.493607973150297585e-01
6.406829677176281157e-01
6.634878383512748945e-01
6.728307523879619723e-01
9.202078368449113643e-01
9.367765391572948630e-01
7.066760586971851943e-01
9.666337258255242038e-01
6.931776416891635151e-01
9.528972100574149007e-01
5.961680720833744118e-01
6.075050138205797534e-01
9.412033474877723460e-01
7.026974393247379380e-01
6.632883390490414977e-01
9.360650580198386361e-01
9.394641245428217990e-01
9.515115144707926298e-01
5.297848539212810515e-01
8.263019455857467666e-01
9.389390411923022040e-01
9.442080075298053821e-01
9.567339381525653552e-01
6.926508122005523571e-01
9.519958674238825358e-01
9.539743502768156524e-01
6.729127604803774032e-01
7.622634440673792255e-01
6.409890534598730039e-01
9.459472811424907146e-01
9.462571752276141002e-01
9.470575625388579777e-01
6.668181249151781120e-01
9.516210118802914675e-01
6.545924851780435816e-01
9.275485384200052863e-01
6.661060377972652935e-01
9.387555690170282796e-01
7.245666275075196561e-01
7.370728918018751852e-01
6.768949172396745428e-01
6.933949000751442604e-01
6.076811382294282637e-01
6.772128366122398546e-01
7.024508725502545126e-01
9.422497113157777271e-01
6.682764645399327241e-01
9.499223382064699850e-01
7.386569848369621827e-01
9.328328085650556822e-01
6.188703727810433985e-01
9.449750728094974406e-01
9.462173802827335001e-01
5.675855917912947524e-01
9.543258939144991793e-01
6.610656187933040551e-01
7.224529905326178003e-01
7.325051901045872560e-01
7.027552731483956983e-01
6.953715688347703594e-01
6.560210878574954663e-01
6.601040030238515266e-01
9.182241912356758906e-01
6.198561325375950837e-01
9.534801450517259580e-01
9.184628794136073804e-01
9.418474534549516886e-01
9.311490914561664223e-01
9.314520967798467499e-01
9.405073010357488661e-01
6.785126370284118025e-01
9.451772238690046013e-01
9.397125903001863900e-01
9.419972281843069783e-01
9.402838208372212847e-01
6.904894935718162152e-01
7.340118532560410136e-01
9.413684674232881688e-01
7.156573493832470989e-01
9.564575280294630444e-01
9.603500323265017347e-01
6.482120669509743305e-01
9.469187354104515730e-01
9.503078283876893462e-01
8.997267025111923555e-01
7.548080366573499678e-01
6.117850455331079740e-01
6.354060767161019418e-01
6.836462268241123574e-01
7.711450152073695552e-01
7.003251685802304172e-01
6.690436085768912688e-01
7.245241353248094152e-01
9.177262381857993478e-01
6.015240994655259854e-01
7.055314491982108693e-01
9.630010688413179754e-01
6.598409583653885857e-01
6.852651253009377497e-01
7.235231428180920465e-01
6.539997555325794965e-01
6.215929630476664247e-01
6.219036288363893883e-01
9.222399497400720625e-01
9.514087369287635987e-01
7.094757985090891506e-01
9.337027814686614802e-01
9.385592055087484953e-01
6.860519527902151360e-01
9.586832817951080887e-01
9.528143082516722373e-01
9.395496494010516786e-01
6.238189612067173151e-01
9.468153847750679919e-01
5.525557509956571245e-01
8.789779305875053961e-01
8.890584709282436382e-01
8.547129981349257388e-01
9.463889835239950310e-01
8.348700953020931070e-01
9.634286191944257949e-01
6.976234106432548376e-01
5.801870224092204875e-01
9.442345071612482377e-01
6.760791791192293232e-01
7.479302151475311078e-01
9.377601104749724303e-01
9.643188540653852003e-01
7.193415470528118361e-01
9.546972174856117599e-01
6.800881122017219393e-01
9.476098518139237648e-01
6.734687773114821363e-01
8.629853985104514180e-01
9.384010783469100003e-01
8.661432992164632694e-01
9.415530536468237344e-01
7.066763377526883438e-01
5.607456387416249743e-01
9.080070705106763063e-01
6.649397897789121048e-01
6.610759005216592099e-01
9.197624859902373551e-01
9.599542802922881313e-01
8.071325957886772429e-01
9.673697820188242869e-01
8.526855557935499874e-01
6.624450265472463517e-01
6.827594990382086504e-01
8.612846986794653326e-01
6.988423724292991412e-01
9.543503304401554921e-01
6.249741237034676100e-01
9.435540953392425045e-01
6.859139872143281691e-01
6.555259629328180626e-01
6.689742311554957022e-01
9.449487155176885533e-01
9.377338500181026104e-01
7.074943307035863604e-01
7.540204167175403871e-01
9.538348159167345797e-01
5.729124092601650675e-01
9.401107087483501212e-01
9.486282837716126792e-01
7.414588307977656445e-01
7.154953531838880165e-01
8.389622410789503437e-01
