-4.391055549968541083e-01
3.028918033069949445e-01
-2.406878953733099513e-01
-4.198340303438325982e-01
-4.666305259322430232e-01
1.353991114558609488e-01
5.921040912559540764e-02
-1.485830372814761491e-01
-4.075505943466885550e-01
-3.926498049232580168e-01
-4.254950119300934253e-01
9.842301994722148228e-02
-9.575806184857628411e-03
-2.472643731413913248e-01
-2.422188807059204030e-01
-4.852461205524190024e-01
8.803640644532133297e-02
-3.575883276338487349e-01
-4.409963902644308265e-01
-4.206880952834351484e-01
-4.631647548678009541e-01
-3.846554605758657486e-01
-9.480748410225320333e-02
-3.593687640100826641e-01
-4.392065013144797470e-01
2.139850716105227424e-01
-4.649552174200854981e-01
-4.247666895458780956e-01
3.440380976972435417e-02
1.930465835193655999e-01
-1.861926112376993403e-01
-2.169644122390260721e-01
-3.658060333795632446e-01
-4.117249219849504760e-01
1.251333947198912666e-01
-2.584448085493142311e-01
-2.809958115083613928e-01
-5.309984610716468323e-01
7.795137201406143745e-02
-4.613769571551370463e-01
-3.080003096235319204e-01
-4.412107213347737367e-01
-5.387535590509909822e-01
-4.980906023346056699e-01
2.032408575556717001e-01
2.254514443721879480e-01
1.826720293571305054e-01
-2.723722640407362505e-02
1.160880403658078319e-01
1.071501218149225471e-01
-1.288792566603041978e-02
-7.461658013569676118e-03
1.949095325956131525e-02
7.779538730039500805e-02
-3.203672944313900595e-01
-3.107631430052264498e-01
-2.347573257906599431e-01
-4.376020439874269141e-01
-1.370388742498102330e-01
-4.638310452707126164e-01
1.788760343829955690e-01
-7.977069613390466718e-02
-4.935073579034936486e-01
-4.839523284648225010e-01
2.014212721018732444e-01
-4.445953308003735005e-01
-2.901414418109793947e-01
-6.173558263735130086e-02
-5.207702490581669341e-01
-4.577656106377788192e-01
-4.070816962036470366e-01
-3.969431644292844563e-01
1.195012335664571712e-01
-4.549643422305057472e-01
2.563077146242555282e-02
-4.664690345896639889e-01
-4.382209137064943527e-01
3.102726732217502698e-02
-4.743160782662740882e-01
-2.779465169929453694e-01
5.843738159784662989e-02
-4.756747254669040914e-01
1.116356695519875458e-01
-4.926524020369808521e-01
2.365256535146744998e-01
-1.932682808993162749e-01
-4.702201168795059338e-01
-4.673757886285418994e-01
-4.817561246915842976e-01
-4.570328568041959194e-01
8.333234128137917418e-02
-1.797109715690803078e-01
1.124448642884235128e-01
-3.619967216675378796e-01
-4.374921192270638248e-01
-4.797823664998258908e-02
-3.997113062373667813e-01
2.077437003752262701e-01
-7.151023188886931892e-02
-8.607522918043281068e-02
-4.085010636553433883e-01
-3.482924219412774081e-01
-4.266866332524935634e-01
-5.162108396770835883e-01
-1.641021791855119261e-01
1.383845598481581174e-01
-4.887978784816283673e-01
-1.240679669079414876e-02
1.853966951311999956e-01
-2.526981690018496041e-01
-9.989825369801105803e-02
-6.184631936714475309e-01
-3.692197696400745799e-01
-5.122283057879124524e-01
3.128512930807044179e-01
-3.375405333215928394e-01
-3.917361318129776171e-01
-7.002234774989510302e-02
-4.759857747157616309e-02
5.258006978072261167e-02
-5.612949797955673059e-01
2.673240361605998955e-04
-3.992504583856759659e-01
-3.948924480158871875e-01
-8.760923833857645060e-02
-4.850316613120845277e-01
6.143196411271618917e-02
-4.021356674254330521e-01
-4.026492564457327950e-01
-1.193753583789076284e-01
-3.642862939267970113e-01
1.183722988347141181e-01
-5.212659814906097644e-01
-5.810412321538072078e-02
-4.401478489767871594e-01
-4.525118201898745696e-01
-1.014346908135883574e-01
-5.130153195145135125e-01
-5.185131252534396218e-01
-2.484271387107633844e-03
-6.744849958206158846e-02
-5.442955415640252648e-01
1.053186088977426660e-01
4.025441630878195953e-02
-1.065795349339773712e-01
1.754230018248681411e-01
-3.446732858375127773e-01
8.392173390046496484e-02
-1.404925260811225596e-01
7.463201003712249815e-02
2.818664209110105512e-01
9.832529044007089214e-02
2.450186072333392362e-01
-4.964389168705612421e-01
-1.855014924021557710e-01
-4.368427811869314836e-01
-5.168343080346580187e-01
-2.086558701005729599e-01
-1.955592106380363293e-01
-5.229137667168903825e-01
-3.665234419978920938e-02
-4.859808825632482288e-01
2.592770478694295111e-01
7.664803167281132590e-02
-2.266273071209522552e-02
-5.003681045622551116e-01
-2.003394354846526337e-01
-2.572395893343746298e-01
-5.025600845894713231e-01
-4.613567445910607967e-01
-1.216627846374420396e-01
-1.864031350772205886e-01
-8.761577868197389929e-02
-7.154616563613870606e-02
3.026912063411981713e-01
2.161905965912551408e-01
-4.122465464866178486e-01
-1.797075713087256388e-01
-5.464932605694823309e-01
-4.392984517661712163e-01
-1.460851186159172754e-01
-2.628297955458625684e-02
-4.510826945547983802e-01
-1.875426413435196393e-01
-1.737282609635864838e-01
2.073681960533620694e-01
2.604591218229472260e-01
6.032106276456600941e-02
-1.517025139674154088e-01
2.478417843020981615e-01
-3.889457928330268821e-01
-3.594383567427465453e-01
-4.739010387586982676e-01
-3.712831454891103444e-01
-4.939529261239765656e-01
-2.958501968486992872e-01
-4.007295874978611394e-03
-1.543593028777143217e-03
9.531390181353280311e-03
-6.326764282179593579e-02
2.287743450884440477e-01
-2.067804081495618895e-01
1.951322131580735530e-01
-1.652664595689213312e-01
-8.618523968844438166e-03
-8.168843960645209845e-02
6.750466916632749670e-02
1.130082406184884369e-01
-5.127687043676303347e-01
-5.550000443636368685e-02
1.304625503397104092e-01
-4.666208351380982666e-01
-5.208318796676076889e-01
-4.379774628297418704e-01
-3.563334131905238622e-01
-9.836457635719589310e-02
9.335013365837188659e-02
-4.994809474148802220e-02
-1.053399782157136005e-01
-1.464950463313900442e-01
-4.352846135337764544e-01
-4.583271770653890576e-01
1.566100065037783207e-01
-4.584629574406285935e-01
-2.515069908983114666e-01
1.181161287867002752e-01
-4.336273940555143702e-01
-4.662539246357454426e-01
-4.819132832097408614e-01
7.474679569127032353e-02
7.964559241076496487e-02
-2.579692227043552943e-01
-4.053481128293200397e-01
-1.907424847149480351e-01
-4.643691885388880891e-01
-1.129793536180314917e-01
7.888458959737232323e-02
1.656942454590563593e-02
4.995423115015915072e-02
2.187188467504365130e-01
2.588028178736493518e-02
-8.791649624076273983e-02
2.221495619946984024e-01
-6.862288720470437198e-02
1.662235108239257242e-02
5.188967655876672302e-02
1.035597970940621976e-01
-1.609004034906656444e-01
3.116175447654083441e-02
-3.170425578494696084e-01
-1.313012732783850611e-01
-2.335421482835298435e-01
-2.213605756249723555e-01
-4.880300357966868008e-01
-4.351421773582893060e-01
-7.710953191813312013e-02
-3.807013533001226691e-01
-5.113237292021547420e-01
2.662329864194883933e-01
-9.010709103501440831e-02
-1.143854169723762804e-01
1.514385489470772284e-02
-4.558079963871701779e-01
-8.923797831972976602e-02
1.516938107718984186e-01
1.376075516433769574e-01
2.501702288718044564e-01
-2.198548619031040208e-01
-4.866431593021250390e-01
-2.046745690160771403e-02
3.230505085453373726e-02
-4.851169996109611082e-01
-2.568213921088176033e-01
2.159562102796787619e-01
-5.031117706863103001e-01
-4.007315828817637482e-01
-3.036618105563465564e-02
-5.405387361800825241e-01
-1.823665077003540080e-01
-4.708502320896549853e-01
-2.596271402409614654e-02
-5.238901319011144420e-01
-5.055078936196094608e-01
-2.352778359021605592e-01
-1.064406676385103862e-02
-4.721278285272269004e-01
4.120809449256097878e-02
-1.270268688349447117e-01
3.823493795363295394e-02
-4.850784553126364917e-01
7.365604446477828915e-02
-4.972487035049915072e-01
1.587452401113373379e-01
-4.377606503276169070e-01
-5.417464181726319161e-01
-2.365231979948636543e-01
2.495307604089656850e-01
-4.962447912617826695e-01
-4.446487950306008408e-01
-4.403471395563530733e-01
