8.751606976941384008e-01
9.632399316005717527e-01
7.812963137378732270e-01
9.236896126123222972e-01
9.348628518751401772e-01
9.116492986040207747e-01
6.916940464197867122e-01
6.076217798931061731e-01
8.122632882583924463e-01
8.370898119747135491e-01
6.054580294543664420e-01
6.489035639687814605e-01
8.457104067238413458e-01
8.885938452395013565e-01
9.026951444033273209e-01
8.556567506847143623e-01
9.085267325647572445e-01
8.196088998319683849e-01
7.580458530853021459e-01
9.124941342535169975e-01
7.864311671631976086e-01
6.859917467446137174e-01
9.051961444375357102e-01
9.354351642502942710e-01
7.522909750586082023e-01
6.525064787307999215e-01
8.213294035306734076e-01
8.954250013303057809e-01
8.151175833537049886e-01
8.159598641809467923e-01
9.248494652122997151e-01
9.359014645340262284e-01
7.088022097642072694e-01
7.258171385839695677e-01
6.396616351965881409e-01
9.643184619842828376e-01
8.123655368204286686e-01
8.271160971028976849e-01
8.241851852854454874e-01
8.118245399772818782e-01
9.461984021176470527e-01
4.714821338971950659e-01
7.226615292666584978e-01
4.603620187418706600e-01
9.466959225058023675e-01
8.238904046653470203e-01
8.244705508527128135e-01
7.328056291909910147e-01
8.941970282937674597e-01
7.476643736073025348e-01
8.125336086482436437e-01
9.034088377465854247e-01
9.398731433638116695e-01
8.203906228635912123e-01
7.715705881921636200e-01
7.656967269798071740e-01
8.172034547110390568e-01
9.368820543382396782e-01
9.011751077457070824e-01
9.079136286272571077e-01
9.555816943618088422e-01
9.039223012720151162e-01
8.815846744620345898e-01
8.880548328401373093e-01
8.537720228249495724e-01
9.422897193470696209e-01
9.684033598241719165e-01
9.382968126881535698e-01
9.566867177722826465e-01
8.369101199915098821e-01
5.557168678275395957e-01
7.837245813342461620e-01
9.297056442358335726e-01
9.213752688065315333e-01
7.422460933504422265e-01
7.482281386721232330e-01
8.813200406369268158e-01
8.359824670237632205e-01
6.114393226459547970e-01
6.945136905741721156e-01
9.191131126257692241e-01
7.709931873155173587e-01
5.461370606204303257e-01
7.961498476231005927e-01
7.109144994626823699e-01
8.489749380630201570e-01
6.623196277106870866e-01
9.355636028082109368e-01
8.066420923950282651e-01
7.561943463929159392e-01
6.996677264292552323e-01
8.970837362870131004e-01
7.028068571064035597e-01
9.494165037659404449e-01
9.483986354729853074e-01
7.875251945203640691e-01
9.496461204552699709e-01
9.578598160859153055e-01
8.833856349318685020e-01
7.748282460897817359e-01
8.601809584241062456e-01
9.287315067059074281e-01
8.510476692803541354e-01
8.599193659635258058e-01
4.220381025233301275e-01
8.497221201274831603e-01
9.309281019427486648e-01
6.542349024416946879e-01
8.601797458980442457e-01
8.651866960879572854e-01
7.054320227319336167e-01
7.762658529592200152e-01
8.552371838411418903e-01
8.149796703098636241e-01
8.059697825994249776e-01
7.312467078930922071e-01
9.350243220288446677e-01
9.056616192894126893e-01
7.965996430889201729e-01
9.031023605849826108e-01
9.223010570793602758e-01
7.742859990674787474e-01
9.589147004242354333e-01
9.359338526443168327e-01
8.937853243404738635e-01
9.325947975441467586e-01
8.456715927749085537e-01
7.529337195993932585e-01
8.756893969520789245e-01
4.953839091282115081e-01
8.849126777699529711e-01
7.246897207570494048e-01
9.101748424796173298e-01
5.868487195231472109e-01
6.957877543108941243e-01
8.398730379850596339e-01
8.137102351059728456e-01
8.014398537612885676e-01
8.543022007040309562e-01
8.037266617654132972e-01
8.064921853827338172e-01
8.923309824789873446e-01
6.916134057875285013e-01
9.013396651074152555e-01
9.401164600216525002e-01
9.083169116415849009e-01
7.024676490919068428e-01
9.233984862345372413e-01
9.556649108733282771e-01
8.297272831251781833e-01
9.257731969470346378e-01
7.771851697264686720e-01
8.060110751455102918e-01
7.732486612926352532e-01
8.862512259840162887e-01
7.805798890746236118e-01
8.514721301944733201e-01
9.358130150478718434e-01
7.858161721170450198e-01
9.419045202443127041e-01
9.311645789663178796e-01
6.229951304515586319e-01
9.239165057985934126e-01
7.977077900195506110e-01
7.939270733406387226e-01
8.731546214004568540e-01
8.416256919031617212e-01
8.693240026488681105e-01
9.481384729521542543e-01
7.293057123722548329e-01
7.981403770323776126e-01
8.554520070344195926e-01
8.418195957960934450e-01
7.692292032631691256e-01
6.984728530945147895e-01
7.583978970592871738e-01
6.141434752938230712e-01
8.652056842314337359e-01
8.354417052027018897e-01
9.243403099200274697e-01
9.511885814078891999e-01
9.507426404568152245e-01
6.354020581009158786e-01
7.413386136640991442e-01
6.625020434254769164e-01
8.976584838344298101e-01
8.053806016468141316e-01
8.080423477994413961e-01
9.288478015355562389e-01
8.529076205789551945e-01
6.928784647171906119e-01
8.969072492814571529e-01
9.540710319140828233e-01
9.373402463159621334e-01
9.299301314786176942e-01
7.288400750487377122e-01
9.302467494193845665e-01
9.536589863462130445e-01
7.759387824379674337e-01
7.715560358085018500e-01
9.572568707793684961e-01
9.199363098930826155e-01
7.706962668609531608e-01
9.254815247492814700e-01
8.651563861132827160e-01
8.629538616326106748e-01
6.975301876141070112e-01
9.372482713224500328e-01
7.585385494548902985e-01
6.423064450850097806e-01
7.434965664573077726e-01
8.136623029342204827e-01
8.615098326889296665e-01
7.164597399461327676e-01
7.007679621895264166e-01
9.451524256224484999e-01
9.398210569447313922e-01
8.693186961924440626e-01
7.161814450176977598e-01
9.533441461744215362e-01
7.707038994442962920e-01
9.014599396426061784e-01
9.468350590102995179e-01
9.493142756939890736e-01
9.528311499785266925e-01
8.992754530413065162e-01
8.591872170568632949e-01
8.276915862481597497e-01
7.729003714921756085e-01
7.642334157304685460e-01
7.458306905766397543e-01
5.866527150956837300e-01
7.854948710194777917e-01
9.585103355753135101e-01
8.846031562740909182e-01
9.322777276696749826e-01
9.260016223240222777e-01
9.504486998540375708e-01
7.616577017709538211e-01
9.457892261851973403e-01
8.940438591161974369e-01
5.848950500962634136e-01
8.396789763595298162e-01
9.337644309487656002e-01
9.486626398201705168e-01
8.216814729728341149e-01
6.928755983210088676e-01
7.773465877541627655e-01
9.124889517947337714e-01
9.217495173453191804e-01
8.065242828839528366e-01
8.063307556782574048e-01
8.916404962740889228e-01
6.159191439373447041e-01
6.222244553988564020e-01
9.555618865614069479e-01
9.178619135454763045e-01
9.060047932098751478e-01
9.280601623977369208e-01
9.580473535861639967e-01
9.008641687988427904e-01
6.496660978773532991e-01
7.805074625022421220e-01
8.603633078996331118e-01
9.075477303881624991e-01
7.517994580956315342e-01
9.526421786832623972e-01
9.544370630564582569e-01
7.881781437342492147e-01
8.499198286611657771e-01
6.971910127574371119e-01
7.548631868527848621e-01
9.294342324466933203e-01
6.219054437519095924e-01
8.979015658013123069e-01
7.362851469874406307e-01
9.551433902255961339e-01
5.875861263148109970e-01
7.475226900032800881e-01
8.659212094718036212e-01
6.748977277170413736e-01
8.154810465676919362e-01
6.971121282458287993e-01
7.106865816608423092e-01
8.116491770537623829e-01
9.144204917830969226e-01
7.147473677898957822e-01
9.539550126262981156e-01
9.293312147344802154e-01
8.207492390376710523e-01
6.334241261637303388e-01
8.184904476029654097e-01
6.578606431608740035e-01
9.430550917968891778e-01
6.066335244074730904e-01
9.410110631029051653e-01
8.744318877948377144e-01
6.396591467938033126e-01
7.817502083865842666e-01
8.133508041071000338e-01
