4.659511575931569172e-01
6.817196933071429932e-01
8.201474515231892415e-01
8.411131526796622460e-01
6.729601477163971168e-01
5.479044743083917313e-01
6.216474287645408214e-01
6.417187921168161502e-01
5.865243093695597931e-01
5.137297647268603829e-01
9.269819353372469317e-01
9.297631880042759311e-01
8.027269239823402458e-01
7.082863227658553473e-01
6.851773975389522375e-01
6.426991880709209681e-01
5.081116175762806497e-01
5.339515244733179511e-01
7.029677187064660160e-01
6.048614363543325378e-01
8.951193315775129999e-01
5.641864779138942021e-01
9.038481030625183932e-01
7.419913828200798145e-01
5.662431394052196421e-01
6.256695409136378005e-01
7.321369551428982270e-01
5.032301947776427475e-01
8.275769686128003899e-01
5.638141856919443029e-01
7.687275531365740378e-01
9.346958989289475550e-01
7.235188991351093613e-01
6.663065897997795251e-01
9.222606635017911447e-01
7.926521986126990882e-01
8.505298363354041324e-01
6.064372796944461630e-01
8.048301041570079528e-01
5.568272934162692422e-01
6.361937253741847265e-01
9.270406262807741049e-01
9.138462981176864730e-01
4.534575469949089221e-01
8.391448543869473031e-01
7.276673779155964361e-01
8.245370390262228844e-01
9.036235918611886797e-01
7.386000906038834302e-01
6.081590117513938631e-01
9.130097455383084926e-01
7.437656615333472221e-01
7.196062997727484811e-01
6.368236797325793619e-01
6.855530643297720328e-01
5.383098290311451040e-01
7.327983799817823218e-01
9.175619166907268420e-01
8.182687433926827403e-01
5.339971967044151446e-01
6.312638934471469510e-01
4.777246549579131640e-01
6.555194015375954697e-01
5.770476362604386456e-01
7.247092863561729326e-01
5.024972271575116611e-01
8.317428129379739188e-01
6.181542231490371186e-01
5.458019532843838562e-01
5.868273858394477127e-01
8.798732065484589082e-01
5.986311088062644670e-01
5.943201922681212723e-01
7.567457501192783598e-01
5.427479420684931943e-01
6.464355863042233752e-01
8.673584082350271895e-01
6.644505972741840960e-01
5.648572543901269061e-01
9.336964367762683459e-01
8.646614703782151690e-01
8.402618333642440929e-01
5.640758933456310187e-01
8.872284953601121682e-01
8.620316170730494276e-01
8.668848972629235039e-01
6.202210203319846737e-01
5.757264827297264853e-01
5.578550822977235146e-01
7.501007940391579698e-01
5.984469627170473371e-01
9.399844148600623450e-01
5.495252468967284365e-01
5.547840011836667751e-01
4.500363346930043584e-01
7.598219589676418195e-01
6.512152363271256350e-01
7.632188950761003010e-01
8.018098224378873429e-01
6.875222349111890230e-01
7.461307637244269930e-01
6.505648312428127245e-01
9.275173039046770151e-01
5.649726007971622721e-01
8.998461697871028564e-01
4.877137665779124331e-01
5.837495030548358610e-01
7.116252055281047095e-01
9.017098555574021290e-01
4.794627811409767348e-01
8.726053455365498923e-01
7.620588698204104894e-01
6.909700656935208185e-01
9.170875134919396210e-01
7.586822765507091892e-01
7.764971004573494318e-01
5.949815554715367494e-01
6.418856224860680637e-01
5.029965930433915045e-01
6.812429801626092019e-01
8.447978707031489343e-01
5.841769755939741904e-01
9.281387113094110575e-01
6.702893047590569031e-01
6.064378895749452658e-01
9.083620742655318381e-01
7.563998737104473680e-01
9.118660482031676340e-01
8.435795811048749648e-01
5.965358400789871895e-01
4.389728967665694759e-01
6.799349299663748347e-01
5.725664931705224392e-01
5.749539971872729138e-01
6.236323149482290162e-01
6.419581507174139112e-01
4.624929567467501168e-01
6.444437437931499479e-01
8.532176215533361363e-01
7.565974997303281935e-01
8.858384350055632517e-01
5.972862121934269242e-01
5.827300154305274926e-01
6.490390568376104286e-01
6.978999568303478895e-01
6.728164476815852169e-01
8.246206297927074491e-01
6.623992151222738434e-01
8.957688627770398204e-01
6.745880363245229105e-01
8.285864627165547835e-01
5.223429359500603164e-01
6.785319803303779818e-01
9.040325126737374095e-01
6.799774513341326765e-01
5.979240971091698276e-01
8.784151097199702773e-01
8.250020776340765138e-01
6.508044621962069121e-01
4.965077631772733535e-01
5.569801844197640461e-01
9.153208313809182428e-01
5.204544621080358091e-01
8.844988198801628787e-01
5.818315332031728238e-01
6.011217275329672205e-01
6.034366852958967797e-01
5.848243657043268318e-01
7.251717887920559047e-01
6.395964709194034148e-01
6.593223739829223717e-01
7.472795738562644230e-01
9.318789296403859890e-01
7.907095433860206191e-01
6.974479666938302458e-01
5.904036914732950780e-01
5.155657037888320415e-01
6.892392323024525425e-01
9.414608115600071603e-01
7.687649200614508072e-01
6.540049805495380397e-01
7.844644420790933825e-01
7.658852552014681070e-01
6.420021640858821765e-01
7.241904688515847788e-01
8.363668354598261523e-01
5.694645731738250394e-01
9.027898741165089058e-01
8.609800923007349116e-01
9.299070774689989216e-01
6.511262901408193526e-01
6.906228926161337434e-01
8.519981204902442595e-01
7.916529898937101350e-01
5.828187156707163030e-01
5.518106383807379611e-01
6.392988627259690304e-01
5.662766574105980721e-01
5.360570664181205647e-01
5.886141125278812058e-01
5.510506463803659383e-01
7.905398006023625079e-01
6.843580263271077380e-01
5.736806407551466869e-01
7.981888539292337770e-01
5.352548908516046033e-01
7.443236290583323811e-01
6.399357194283972206e-01
6.460511471756869017e-01
7.943569522085518475e-01
7.605116340623671034e-01
8.746803605323889563e-01
5.886035272348553171e-01
7.159096726967200119e-01
5.717425260027838574e-01
5.689751348215895677e-01
7.677725142986147056e-01
9.086360303364950930e-01
8.528765872121364389e-01
8.596245528161152727e-01
8.623115847591487082e-01
4.712243094193171999e-01
6.711057460921586726e-01
8.642396690144195093e-01
5.500121245003106729e-01
4.884166155428063538e-01
8.858986004502241718e-01
5.930133186052862770e-01
6.901898346254946581e-01
8.791095985785545297e-01
8.278725080537713277e-01
5.413476780756276696e-01
5.649718988296418276e-01
7.000270261832746144e-01
9.288389254365470027e-01
7.457296210360500055e-01
6.997609586111608326e-01
7.120077230658077294e-01
6.820407482356340978e-01
6.052993064536787982e-01
5.705512323512723638e-01
6.662725366070525457e-01
6.232127898440711355e-01
9.282310823471870975e-01
6.331835293616894234e-01
7.895694876810070983e-01
5.929031784829970064e-01
5.886743583510967159e-01
4.991094270175926439e-01
5.538746290348562917e-01
6.938859076742431853e-01
7.370936828026390941e-01
8.949593388942006511e-01
6.072691444065430044e-01
5.901989249869523668e-01
7.481646799211116861e-01
5.151322020683684055e-01
7.774194742245843504e-01
4.641024290569342736e-01
7.529081191513083970e-01
8.998385800487491704e-01
9.115098914372368188e-01
9.175947825046173456e-01
5.896669431340568757e-01
4.992104946716375280e-01
7.590115362033025281e-01
7.813289180139095791e-01
8.874068081217869608e-01
6.941608691176335277e-01
6.158446236885490865e-01
5.471172777569932588e-01
6.358111214605652872e-01
4.767582895741522830e-01
8.947530518893311857e-01
8.191485143043901740e-01
8.410699812894684158e-01
5.701720354905495114e-01
6.526571324029760701e-01
9.306042189361484196e-01
8.262166056769548739e-01
5.503236172943561932e-01
4.913663106591021346e-01
6.904726434489779630e-01
6.016302691219583831e-01
6.982885476174041095e-01
5.793586813825627457e-01
7.356439099712613894e-01
5.863760151083727834e-01
6.445997995798644631e-01
5.562477673410263224e-01
9.331913474897040039e-01
9.325873769930489443e-01
6.659815526929305785e-01
5.929821341200633977e-01
6.561285069293262273e-01
9.316793306312970424e-01
5.903729970826522289e-01
6.299009214688273683e-01
7.877221648902514861e-01
5.707616610386709866e-01
