9.587989103474607866e-01
8.731822575564232025e-01
9.507695061369429990e-01
9.440527408210833693e-01
9.194164917558280692e-01
7.946992464094717601e-01
9.645327839985736729e-01
9.473933043021585121e-01
9.511551297128835181e-01
8.292202406973223638e-01
8.884652426391126401e-01
8.694040441460679780e-01
9.472775711206028459e-01
8.478465922039164493e-01
9.488261211753578062e-01
6.722718477738331977e-01
9.267982482813387213e-01
8.411067657788768859e-01
9.218013289757021056e-01
9.512914775066130257e-01
7.605606948750499585e-01
9.528198016121265379e-01
9.104381927841207478e-01
9.443697608797194665e-01
9.211113548021709896e-01
8.341064928068941953e-01
8.914632486567108938e-01
8.125289147515737387e-01
6.989351669597285710e-01
7.812600160203096999e-01
7.866943785422957358e-01
6.353988111656584392e-01
9.357927140851001191e-01
9.474689004407564896e-01
9.556361570041382869e-01
6.565549911302065444e-01
9.602669160735542997e-01
8.772846380292744772e-01
9.118129371823193718e-01
6.894482814243412250e-01
8.542735250293034266e-01
8.181151268245495656e-01
9.568419846915394711e-01
9.188066573161253192e-01
7.173806414202108517e-01
7.927053058725000989e-01
9.491629334708968635e-01
9.555276049484331402e-01
9.094207553873281391e-01
8.765822480557178276e-01
7.499112359034991737e-01
8.683535218610302087e-01
9.564344449762637312e-01
7.968460033886219929e-01
9.262869851834790724e-01
9.626628610523612073e-01
9.193213788976561940e-01
6.518417557005735663e-01
8.785656048528578399e-01
6.611760863337453609e-01
6.781257528922419731e-01
9.497003785032896994e-01
8.321250226269056860e-01
7.951707592918320078e-01
7.834788917618893400e-01
8.663203769084794059e-01
9.214460168494587045e-01
9.496014740492509931e-01
9.169254988378322535e-01
9.567028853269943234e-01
8.827527325592268159e-01
9.479159554964740053e-01
9.390865274282047537e-01
8.649305123112454030e-01
7.859396213925495811e-01
7.043591387515176772e-01
9.234826721060166443e-01
8.553283506439034456e-01
9.500632221349754047e-01
9.580895716466972800e-01
9.337438518857632541e-01
9.379427810541822730e-01
7.631421252298811186e-01
9.427329566555809892e-01
9.682285687573009003e-01
8.175107068814255751e-01
9.564249561830924229e-01
9.283318479825597436e-01
7.606550311379737250e-01
8.529830180675115336e-01
8.879339352306330202e-01
7.003116661221874262e-01
8.778102398729549227e-01
8.923981701345253814e-01
9.635297111433505091e-01
9.410535895614275947e-01
8.963198823975142560e-01
9.545981239689077524e-01
9.425607156665578579e-01
9.279568805958624544e-01
8.309946830093984937e-01
9.410410966977711400e-01
7.372489869486591463e-01
7.739412934379681364e-01
7.472940612989056319e-01
9.234936618414028020e-01
9.418353240836048190e-01
9.193664907392016250e-01
7.245195804507963411e-01
7.117895504543136909e-01
6.275755384130836667e-01
9.599649135761917362e-01
7.477316259303304902e-01
9.180864758199592801e-01
7.252932668552847240e-01
8.726595072696052835e-01
9.449587094102014362e-01
9.440045009283208888e-01
9.612931861369405917e-01
9.604761576485640884e-01
8.855229496578880255e-01
8.168656924157317034e-01
9.482418429690120387e-01
8.421018525320707049e-01
7.340106996595234801e-01
9.000941377781062069e-01
9.505791378011332338e-01
9.560318980444968417e-01
8.300696370992906026e-01
7.970492677762055500e-01
8.197433358323271690e-01
9.513212072295893496e-01
8.915761504647709002e-01
8.193493284463160276e-01
9.472235743475162506e-01
8.335375061975143218e-01
9.487150078571489065e-01
7.809504729851513005e-01
8.766168670805293273e-01
8.854304099991934240e-01
8.883116265007273693e-01
7.905635260203025538e-01
9.429400422217091293e-01
8.876604353716615048e-01
6.616877914415499884e-01
9.312704883860085658e-01
8.738913367285054967e-01
7.379203737774235883e-01
7.219506532751045480e-01
8.646079557755718126e-01
8.023413829987756651e-01
6.468871349562489437e-01
6.818393628759975567e-01
9.030575151015759472e-01
9.523567578019987989e-01
7.812784766845735085e-01
9.344288485031664315e-01
9.188290956584235225e-01
8.609129697226408640e-01
6.622416137450001239e-01
9.501876589873956558e-01
7.258931092292127962e-01
8.849019806588074299e-01
8.422154935613330728e-01
9.623663394025576689e-01
8.186421429892255519e-01
9.228673284514499198e-01
7.971219761393342207e-01
7.398182232143855064e-01
7.700413692161809376e-01
9.040431795034556961e-01
8.600107975908174440e-01
9.116326066597419953e-01
7.055174009261004908e-01
9.674584256197917842e-01
8.789936159187161646e-01
7.866281791307778715e-01
8.774301798774039041e-01
8.012200274846669190e-01
8.278717921104181698e-01
8.527412705947913230e-01
9.269538076259329351e-01
9.173186133927220265e-01
9.508097564256925427e-01
8.658861682952454508e-01
7.235020416053039582e-01
9.412392025337951162e-01
9.486940116974345028e-01
8.891016088705253617e-01
9.183673869765160980e-01
6.923296271558334603e-01
6.698532811220737626e-01
9.654172333502361036e-01
9.748988910284822618e-01
9.361653375199940896e-01
8.496369526418230400e-01
9.481976506509468550e-01
9.509086299546485321e-01
8.188403973680196124e-01
7.509262011555704053e-01
7.799376988287554102e-01
8.817538313852524290e-01
8.878598133259876235e-01
9.243075889892025110e-01
9.557748706721549414e-01
9.205471017197429662e-01
9.539552917326733494e-01
7.422180871214613118e-01
8.105853043245059286e-01
9.433205213694315638e-01
7.000216470532882873e-01
9.147226427413628347e-01
6.142461701981177802e-01
8.879242695774871574e-01
9.522428647518179634e-01
9.275632382101308693e-01
9.345085973737755625e-01
7.093162285789015309e-01
6.581189283661409428e-01
7.738847944749827068e-01
9.504746778090527037e-01
6.296884078768084647e-01
9.655761914175715610e-01
8.770177113177939354e-01
8.847985466320107406e-01
9.025722926539231361e-01
9.671944487656414235e-01
9.280867999677664404e-01
9.250925164261729616e-01
9.423493509831766257e-01
6.317090145502946008e-01
9.409569276652109959e-01
8.486143190636548095e-01
6.259492182966135410e-01
9.249163978228571725e-01
7.504281364567393364e-01
9.628164195335668918e-01
9.583044548707704280e-01
7.993672706520689175e-01
8.500946003574822996e-01
8.246281356969616949e-01
7.256724434337011864e-01
7.330513571909063053e-01
7.367952148714160820e-01
9.109070928879463569e-01
9.636358027402270876e-01
9.441713754248370893e-01
8.213048823283084499e-01
9.407757033124486412e-01
8.630318345006883218e-01
9.447260793499496767e-01
7.377071247726280090e-01
6.881442403730774204e-01
9.216812316119898929e-01
7.537286900191654260e-01
7.441911605213851200e-01
8.829227106033845640e-01
9.374210011289149103e-01
9.570186920062573321e-01
9.329770877247969274e-01
9.365298216299176026e-01
9.101908342577409439e-01
8.725312628668456805e-01
8.547837318283730834e-01
9.609216036826251361e-01
9.663819405275839713e-01
6.818915385163381027e-01
6.585637475438144151e-01
8.731078213025640355e-01
6.314534467197336909e-01
8.817214620972113615e-01
9.465299750565429049e-01
6.988457059536771210e-01
9.312817021605331869e-01
6.812705492942816576e-01
6.850703599765962659e-01
9.392910163907709498e-01
9.487502679844460607e-01
7.476857525687820027e-01
7.740689872730771581e-01
9.044030956474822247e-01
9.062954156299226627e-01
9.397344433236349825e-01
9.510905242128908643e-01
7.737206623442995923e-01
9.056579023688866581e-01
8.205687778903898444e-01
7.892863770162303894e-01
6.204557843364093550e-01
9.567949169422518274e-01
9.617847128227617892e-01
5.344807253253072155e-01
6.562933977520181150e-01
9.650821746679554280e-01
9.221436612729139171e-01
9.415203565386283113e-01
8.696621644987871935e-01
8.485429617663213797e-01
8.655784217024626859e-01
7.294165513071596552e-01
