7.068223701682261328e-01
7.068223701682263549e-01
7.068223701682263549e-01
7.068223701682263549e-01
7.068223701682265769e-01
7.068223701682263549e-01
7.068223701682262439e-01
7.068223701682262439e-01
7.068223701682263549e-01
7.068223701682261328e-01
7.068223701682263549e-01
7.068223701682263549e-01
7.068223701682263549e-01
7.068223701682261328e-01
7.068223701682262439e-01
7.068223701682263549e-01
7.068223701682261328e-01
7.068223701682261328e-01
7.068223701682263549e-01
7.068223701682263549e-01
7.068223701682263549e-01
7.068223701682263549e-01
7.068223701682263549e-01
7.068223701682263549e-01
7.068223701682261328e-01
7.068223701682261328e-01
7.068223701682265769e-01
7.068223701682263549e-01
7.068223701682263549e-01
7.068223701682263549e-01
7.068223701682262439e-01
7.068223701682261328e-01
7.068223701682262439e-01
7.068223701682263549e-01
7.068223701682261328e-01
7.068223701682266880e-01
7.068223701682261328e-01
7.068223701682263549e-01
7.068223701682263549e-01
7.068223701682261328e-01
7.068223701682263549e-01
7.068223701682263549e-01
7.068223701682262439e-01
7.068223701682262439e-01
7.068223701682263549e-01
7.068223701682261328e-01
7.068223701682262439e-01
7.068223701682260218e-01
7.068223701682261328e-01
7.068223701682261328e-01
7.068223701682263549e-01
7.068223701682263549e-01
7.068223701682263549e-01
7.068223701682261328e-01
7.068223701682264659e-01
7.068223701682262439e-01
7.068223701682262439e-01
7.068223701682261328e-01
7.068223701682262439e-01
7.068223701682263549e-01
7.068223701682261328e-01
7.068223701682263549e-01
7.068223701682262439e-01
7.068223701682262439e-01
7.068223701682261328e-01
7.068223701682262439e-01
7.068223701682263549e-01
7.068223701682263549e-01
7.068223701682263549e-01
7.068223701682262439e-01
7.068223701682263549e-01
7.068223701682262439e-01
7.068223701682263549e-01
7.068223701682263549e-01
7.068223701682261328e-01
7.068223701682261328e-01
7.068223701682263549e-01
7.068223701682261328e-01
7.068223701682261328e-01
7.068223701682261328e-01
7.068223701682263549e-01
7.068223701682261328e-01
7.068223701682263549e-01
7.068223701682261328e-01
7.068223701682262439e-01
7.068223701682263549e-01
7.068223701682262439e-01
7.068223701682260218e-01
7.068223701682262439e-01
7.068223701682260218e-01
7.068223701682263549e-01
7.068223701682261328e-01
7.068223701682262439e-01
7.068223701682261328e-01
7.068223701682263549e-01
7.068223701682263549e-01
7.068223701682263549e-01
7.068223701682263549e-01
7.068223701682264659e-01
7.068223701682263549e-01
7.068223701682262439e-01
7.068223701682263549e-01
7.068223701682263549e-01
7.068223701682261328e-01
7.068223701682263549e-01
7.068223701682263549e-01
7.068223701682262439e-01
7.068223701682261328e-01
7.068223701682259108e-01
7.068223701682262439e-01
7.068223701682263549e-01
7.068223701682261328e-01
7.068223701682261328e-01
7.068223701682263549e-01
7.068223701682263549e-01
7.068223701682261328e-01
7.068223701682263549e-01
7.068223701682263549e-01
7.068223701682263549e-01
7.068223701682261328e-01
7.068223701682262439e-01
7.068223701682266880e-01
7.068223701682262439e-01
7.068223701682263549e-01
7.068223701682262439e-01
7.068223701682263549e-01
7.068223701682263549e-01
7.068223701682263549e-01
7.068223701682262439e-01
7.068223701682263549e-01
7.068223701682262439e-01
7.068223701682263549e-01
7.068223701682262439e-01
7.068223701682261328e-01
7.068223701682261328e-01
7.068223701682262439e-01
7.068223701682263549e-01
7.068223701682262439e-01
7.068223701682263549e-01
7.068223701682263549e-01
7.068223701682261328e-01
7.068223701682261328e-01
7.068223701682263549e-01
7.068223701682265769e-01
7.068223701682262439e-01
7.068223701682263549e-01
7.068223701682263549e-01
7.068223701682263549e-01
7.068223701682263549e-01
7.068223701682263549e-01
7.068223701682261328e-01
7.068223701682263549e-01
7.068223701682261328e-01
7.068223701682260218e-01
7.068223701682261328e-01
7.068223701682262439e-01
7.068223701682262439e-01
7.068223701682263549e-01
7.068223701682261328e-01
7.068223701682263549e-01
7.068223701682261328e-01
7.068223701682261328e-01
7.068223701682262439e-01
7.068223701682263549e-01
7.068223701682262439e-01
7.068223701682262439e-01
7.068223701682263549e-01
7.068223701682264659e-01
7.068223701682262439e-01
7.068223701682262439e-01
7.068223701682263549e-01
7.068223701682262439e-01
7.068223701682263549e-01
7.068223701682263549e-01
7.068223701682261328e-01
7.068223701682262439e-01
7.068223701682261328e-01
7.068223701682261328e-01
7.068223701682263549e-01
7.068223701682263549e-01
7.068223701682263549e-01
7.068223701682262439e-01
7.068223701682264659e-01
7.068223701682263549e-01
7.068223701682264659e-01
7.068223701682264659e-01
7.068223701682262439e-01
7.068223701682261328e-01
7.068223701682263549e-01
7.068223701682262439e-01
7.068223701682262439e-01
7.068223701682263549e-01
7.068223701682265769e-01
7.068223701682262439e-01
7.068223701682263549e-01
7.068223701682263549e-01
7.068223701682265769e-01
7.068223701682262439e-01
7.068223701682263549e-01
7.068223701682261328e-01
7.068223701682263549e-01
7.068223701682263549e-01
7.068223701682263549e-01
7.068223701682262439e-01
7.068223701682261328e-01
7.068223701682263549e-01
7.068223701682262439e-01
7.068223701682261328e-01
7.068223701682263549e-01
7.068223701682261328e-01
7.068223701682262439e-01
7.068223701682263549e-01
7.068223701682263549e-01
7.068223701682263549e-01
7.068223701682263549e-01
7.068223701682261328e-01
7.068223701682260218e-01
7.068223701682262439e-01
7.068223701682263549e-01
7.068223701682262439e-01
7.068223701682262439e-01
7.068223701682265769e-01
7.068223701682263549e-01
7.068223701682263549e-01
7.068223701682262439e-01
7.068223701682263549e-01
7.068223701682263549e-01
7.068223701682261328e-01
7.068223701682262439e-01
7.068223701682262439e-01
7.068223701682262439e-01
7.068223701682263549e-01
7.068223701682263549e-01
7.068223701682262439e-01
7.068223701682262439e-01
7.068223701682263549e-01
7.068223701682261328e-01
7.068223701682262439e-01
7.068223701682262439e-01
7.068223701682263549e-01
7.068223701682263549e-01
7.068223701682261328e-01
7.068223701682263549e-01
7.068223701682262439e-01
7.068223701682262439e-01
7.068223701682263549e-01
7.068223701682263549e-01
7.068223701682263549e-01
7.068223701682263549e-01
7.068223701682261328e-01
7.068223701682263549e-01
7.068223701682263549e-01
7.068223701682260218e-01
7.068223701682263549e-01
7.068223701682261328e-01
7.068223701682262439e-01
7.068223701682263549e-01
7.068223701682263549e-01
7.068223701682262439e-01
7.068223701682263549e-01
7.068223701682261328e-01
7.068223701682262439e-01
7.068223701682263549e-01
7.068223701682262439e-01
7.068223701682261328e-01
7.068223701682263549e-01
7.068223701682261328e-01
7.068223701682263549e-01
7.068223701682265769e-01
7.068223701682261328e-01
7.068223701682263549e-01
7.068223701682264659e-01
7.068223701682261328e-01
7.068223701682260218e-01
7.068223701682261328e-01
7.068223701682262439e-01
7.068223701682262439e-01
7.068223701682261328e-01
7.068223701682263549e-01
7.068223701682267990e-01
7.068223701682263549e-01
7.068223701682263549e-01
7.068223701682263549e-01
7.068223701682263549e-01
7.068223701682261328e-01
7.068223701682262439e-01
7.068223701682263549e-01
7.068223701682263549e-01
7.068223701682261328e-01
7.068223701682262439e-01
7.068223701682261328e-01
7.068223701682261328e-01
7.068223701682263549e-01
7.068223701682261328e-01
7.068223701682263549e-01
7.068223701682263549e-01
7.068223701682263549e-01
7.068223701682263549e-01
7.068223701682263549e-01
7.068223701682263549e-01
