2.844862550038479987e-01
3.126164475470050164e-01
3.561404727519493219e-01
-5.549066812272130944e-01
4.752953122156070576e-01
-4.662356560009617845e-01
4.385442826058544297e-01
-5.553108258998971092e-01
-5.145459000142881267e-01
3.206080008744425780e-01
-7.623883098196328201e-02
3.624816122797502316e-01
4.853525659382070256e-01
-6.957313690095875969e-03
4.735414366637736849e-01
2.819988141724744102e-01
-5.717241919371642833e-01
8.776311084684396135e-02
2.966686066966525148e-01
-4.601269959883459437e-01
3.210114052456656264e-01
4.675407540107777704e-01
4.237590692085493327e-01
5.152600970953875592e-01
4.180532892733626049e-01
6.629768147790342514e-01
4.818403049603823263e-01
3.613228559979239085e-01
5.625323513271804909e-01
4.844946590041794843e-01
-5.753131357503687981e-03
5.408077335397224461e-01
4.762734244778034642e-01
3.589594636487719592e-01
2.355498960569238354e-01
-4.582937551232819096e-01
3.190349566420623839e-01
5.095049281686574449e-01
4.881682634233081575e-01
4.267025961983999527e-01
-5.614690322133367717e-01
1.453771275653968353e-01
4.508920439728423268e-01
4.848915057663315542e-01
2.903554223338950524e-01
5.696830325191736266e-01
2.086033701961743647e-01
3.572850223862372721e-01
-8.607228862163308902e-02
5.105864184381252446e-01
3.072792486610532725e-01
3.826454245665928955e-01
3.047092783229705115e-01
4.089348832857817029e-01
5.420472867406683770e-01
4.183463176443817377e-01
-5.268227481979730342e-01
-5.620256531357692431e-01
6.357471505939817913e-01
4.988314508698687422e-01
4.591110015257113819e-01
5.218653300022695340e-01
2.887437172099219240e-01
-1.095281399910632003e-01
3.144634704331913388e-01
5.156268285291791820e-01
5.222423396194495471e-01
-8.587102651538603554e-03
-4.869378325959335396e-01
-5.690931778782872819e-01
6.279113192879692829e-02
4.145884004806966727e-01
-1.338470313552563851e-01
5.031056025555020739e-01
4.945675244193898923e-01
-3.839238511080030891e-01
-5.493438778433314962e-01
4.980264096619696490e-01
3.053783655321842261e-01
4.215613027959229653e-01
4.137109908914344825e-01
3.899325797447271702e-01
5.161649229749770695e-01
-5.678439954514008514e-01
3.711572956118742717e-01
4.034689474756156802e-01
-4.391170460949290755e-01
3.979744734837464271e-01
-8.327036480990879230e-02
4.709142989126228751e-01
-5.023643839821808621e-01
3.302132138494888736e-01
-4.553645964397794454e-01
4.323210823022510252e-01
1.122089318227247334e-01
-1.421524149893910183e-01
3.887850717959315805e-01
2.490356571475294545e-01
5.018408580130038210e-01
3.858621611584384103e-01
6.490521269532167903e-01
-6.070066509393050591e-01
4.020920775411276904e-01
4.833815195526526276e-01
4.764895461408427124e-01
3.817953909013185876e-02
-5.917015911635361558e-01
4.944206376604803332e-01
-4.771005370359644449e-01
3.819883536767177401e-01
2.622131822995866779e-01
3.650595203712085901e-01
3.841064847111946845e-01
7.598319859250510233e-03
4.518990195498736595e-01
5.721006900156777597e-01
5.806329177728335872e-02
-5.311093300222109459e-01
9.031569408907008656e-04
3.029894569502835644e-01
-5.677408834783486125e-01
3.119021329306238544e-01
-4.569420199437556063e-01
4.409839178461505416e-01
2.252156125107319593e-02
-9.071822641685806099e-02
-2.209291579815785000e-02
6.295301856521244854e-01
1.577425176949991681e-01
-5.534644711707147335e-01
-1.336634184670606740e-01
2.969989028550507615e-01
5.290802868789351576e-01
4.319314878575103434e-01
3.712579022253628125e-01
4.663682230783565696e-01
4.969148088846006561e-01
4.533200385728462511e-01
-4.738241007032304580e-02
4.321904771041615856e-01
4.994691309526289036e-01
2.862287725302279928e-01
-3.375023437900337431e-02
-3.900020627453339994e-01
-7.747578840070595829e-02
2.866735949753755897e-01
-2.533770558001856993e-02
-3.633426683569389998e-02
3.111100804183806190e-01
1.482154440324637834e-01
5.456833868430750467e-01
4.285187837340018735e-01
8.057824815075853575e-01
4.080025079930772458e-01
5.074914728290658150e-01
-6.749489080980008299e-03
2.896402726198365474e-01
5.255067572024629818e-01
4.067987623376221329e-01
-5.598423770932445809e-01
3.541207177951507523e-01
5.775483638597125324e-01
5.039060706993550021e-01
4.164113075242261708e-01
3.998283834192791764e-01
-1.362436223202434515e-02
-2.935792230488759036e-01
-1.043772041731975964e-01
1.124138564330124934e-01
3.897316334874355581e-01
-4.177827057115785503e-01
-5.916943839523653575e-02
4.825569846162477972e-01
5.715507965206205743e-01
-1.730737242728992015e-02
-1.821077691419984573e-03
-1.315511794414640501e-01
-5.469508453130884906e-02
4.698800704790704330e-01
3.199871063338803889e-01
-5.833019330654440893e-01
3.087729758282213854e-01
5.318256486722465759e-01
2.833564365384153572e-01
4.893109927618607968e-01
4.426137337923258808e-01
-4.798870543750070050e-01
7.787627093137433620e-02
5.707177862876587904e-01
3.227353888036962326e-01
-5.450867504760593674e-01
4.910069363279327970e-01
4.534967485333122467e-02
4.363029069389231518e-01
2.916970169812591052e-01
3.253986663684117486e-01
3.148566841681527118e-01
4.862915781021355799e-01
3.478852640828696829e-01
2.619637903287914682e-01
-1.029506740056528452e-01
4.344911912034112866e-01
-5.165125597090870491e-01
-2.233761322854918574e-02
-1.124225475483965342e-01
-5.646878020612687843e-01
3.387932034135123782e-01
1.074228245852066888e-01
5.059171995516360543e-01
3.880227925990842319e-01
2.495755170746873919e-01
3.529744103134586086e-01
3.376583691319542391e-01
3.432485560320739371e-01
3.418883959102785308e-01
2.343914642306165752e-01
4.602297358638379743e-01
3.476612755377549435e-01
3.892385413428511853e-03
4.964421764155257377e-01
3.821548735075877556e-01
-5.874795680848383661e-01
4.611124981326829575e-01
3.010557105016063995e-01
4.473561701438114047e-01
3.800064954828790142e-01
3.160364571129027633e-02
4.688554811398366606e-01
3.838436490637309184e-01
4.299701889150159273e-01
3.986071780016592347e-01
4.331672055162910651e-01
4.346950181841517380e-01
4.319906488817971679e-01
-1.806144787620840297e-01
1.778572018089467632e-01
4.533803000361233959e-01
-5.009858351845066782e-01
3.709847151868093662e-01
6.695638848730411929e-01
4.433633918388981687e-01
-4.714202205363073883e-01
-5.079704134014071393e-01
5.984529259101128984e-01
4.086193126429346067e-01
3.380856722800609226e-01
4.385614436050047638e-01
5.863737970521900600e-01
4.465892978281417736e-01
3.199359836195477258e-01
2.983306700870220762e-01
4.229382089412236922e-01
4.050778938960067910e-01
7.536245747241696047e-02
4.222651229173050025e-01
-6.066392476738870221e-02
5.458834695949617011e-01
3.105553431086163219e-01
4.264237183508138296e-01
-5.439826823650888432e-01
4.590423323377688103e-01
1.692892693962399497e-01
-5.135961057028075594e-01
5.161796999448067247e-01
-1.284392832074758850e-01
4.879199928531833264e-01
6.243577881477470060e-01
5.049005023717823004e-01
3.287236025320087185e-01
5.438231056569286376e-02
3.960528284487295769e-01
3.050953420334023836e-01
5.657115392255204211e-01
-7.536169784112511927e-02
-5.275609567629550023e-01
-1.233256570045122985e-01
4.230160380741406767e-01
5.059634312674420320e-01
3.980795447121511232e-01
2.704292164612430160e-01
4.798856043395017812e-01
4.801590083053631774e-01
4.515796450752931346e-01
3.119068297394969047e-01
4.474047498476216300e-01
3.183480973912887757e-01
4.530207346401908808e-01
4.955850710705648754e-01
-5.123607793296278690e-01
-1.712273120367003090e-02
3.251069917636291717e-01
-4.603421932206376299e-01
2.039579344579863784e-01
-8.762023402161278618e-02
3.695433262993615409e-01
-1.795315074511336650e-01
-3.619632531636960415e-01
4.172524863067843537e-01
-1.945697503896033909e-01
-4.977094789551722576e-01
