-4.898289269150060687e-01
-4.760167604047599865e-01
-4.884523254134102155e-01
-1.276175510707023425e-02
2.325276956562388198e-01
-2.687812751610239859e-02
1.540186498175169227e-01
-1.611794393360237443e-01
9.669889913637777501e-04
-3.953416459471273958e-01
-3.600691722181836862e-01
-3.830947771753572262e-01
-4.115455441430159733e-01
2.514833143314054720e-02
-9.070163812780816792e-02
-4.868475351897317283e-01
-2.441487724180348151e-02
-3.296759492881153331e-01
-4.846181966362796412e-01
-2.451002814347983949e-01
-4.099651076766577251e-01
-5.767311377650542470e-01
-4.055826360208636960e-01
-9.012337136417990224e-03
-4.644464198314808834e-01
-3.008624749595768533e-01
-5.666408065641184155e-01
-4.659191620986226079e-01
-2.869814762834458910e-01
-2.697100569292722461e-01
3.647899975741754341e-03
-1.481053796848718351e-01
-2.171464679077023674e-01
-3.923295809499523501e-01
-7.200004603641950440e-02
-2.862517702304357980e-01
-4.329573108884980925e-01
-2.706371176861777639e-01
-2.266620569915512307e-01
-5.351407422397545105e-02
-2.086436365129053505e-01
-2.716110665907552901e-01
-2.735000975207709795e-01
-1.848864355642189927e-01
-4.930711891775456657e-01
-5.218572711864052360e-01
-1.292927514099079800e-01
-4.700909418424961128e-01
-8.518961974344137211e-02
-1.964501153377049003e-01
-4.891221804031534726e-01
-2.765109800329269563e-01
-4.964835355857724619e-01
-4.930815473027098106e-01
-9.242358179690979281e-02
-1.243444487929193376e-01
-7.008807323622917584e-02
-1.248159334734537385e-01
-4.463037943341098823e-01
-4.691131098540207711e-01
-2.861986703968708023e-01
-2.792087788304867813e-01
-2.876435543404164408e-01
-1.129169692477460102e-02
-2.876410613376189640e-01
-4.839481600171046671e-01
-1.987086262284541716e-01
-2.676172657082875883e-01
-3.883564312081419501e-02
-2.948626295491684757e-01
-1.780007843453712546e-01
-1.159462637394507445e-01
-3.348250079690658909e-01
-5.436301618472781927e-01
-1.588184697913885834e-02
4.202399678898875029e-02
1.082700161710801606e-01
-1.214006136613396264e-01
-3.892240927584640353e-01
-7.433830746578463933e-02
-4.048656428300868582e-01
-1.397396942889929661e-01
-2.494235535887857069e-01
-3.150545838956955724e-02
-4.714935144914265686e-01
-1.587535316900264282e-01
2.948479176223092746e-02
2.312780289106187992e-01
-4.080121745888944801e-02
-2.558693905743341102e-01
3.510982635593195428e-02
-4.965117141872595341e-01
-1.590595262196552728e-01
-5.286918246484086925e-01
-2.024935829762378736e-01
-8.915823612991072289e-02
-3.992602541213806644e-01
-3.571538387726949648e-01
-6.076013169851169904e-01
5.845325717959293232e-02
-5.903518938116854020e-01
-9.404601104291571145e-02
-3.840769347276813961e-01
-2.384394213516104755e-01
-1.969206138902609426e-01
1.513125092296451757e-01
-1.429144436278944885e-01
-2.472443783380640636e-01
-2.155490182867963733e-01
-2.291331949731161277e-01
2.063168829822690231e-01
-2.122780185042502377e-01
-3.987869156643617519e-01
-3.280532235971188593e-01
1.764993100881549759e-01
-2.885282551152179020e-01
-2.917036106253931838e-01
-4.799228191126680976e-02
-2.328119570847991815e-01
-3.442933771167759893e-01
5.274750801799191202e-03
-5.033563167196065669e-01
5.277351508825847692e-02
-4.255557929294546682e-01
-2.726580968940220395e-01
-1.498752898321610016e-01
-1.472502749559666535e-01
-4.020743326466500456e-01
-5.587748601150180905e-01
-4.513756839346336203e-02
-4.063964442008264344e-01
-4.858767552946237078e-01
-2.393485501867996523e-01
-2.210670017486939531e-01
-2.549370396144697293e-01
6.435382217385579584e-02
1.400304099961591497e-01
-2.273969932832898277e-01
9.470670713687884268e-02
-2.440035742836458299e-01
-4.527113337135742488e-01
-3.898445837316197871e-01
-3.888459228847406801e-01
3.032452233989159363e-02
-2.856218006238564477e-01
-3.551884671796888271e-01
-2.001625395752898995e-01
2.048171796546002787e-02
-5.640840906714512659e-01
-3.690801812182081809e-01
-2.350924063343236559e-01
1.862862346086583132e-01
-2.912565667562885263e-01
-2.953173222374994022e-01
-5.940637967688897625e-01
-5.636869328921992883e-01
-1.791735715555253794e-01
-2.030163362303579744e-01
-3.937790346934808561e-01
-6.215278123304854296e-02
-4.258783576173441054e-01
-5.727947469001720693e-02
5.966436630115434792e-02
-4.937337080491267516e-01
-2.651674899431269439e-01
-1.210846008667257057e-01
4.184909645874389239e-02
-2.624332994976205646e-01
-1.324773718754653495e-01
-2.367131655224060660e-01
-9.291092726290889336e-02
-1.660164121076488919e-01
-9.243505169577174996e-02
-3.909260103242390150e-02
-2.830791548082529641e-01
-1.549426553930692563e-01
-2.525422928332857753e-01
-3.679523119884597904e-01
-5.511239102249272381e-01
-2.304852190680652391e-01
1.178434577976632258e-01
-2.289386171996022346e-01
-3.092311343789098943e-02
5.508152412999924724e-02
-5.548076587781128888e-01
-1.466635820844731097e-01
-5.279911454804481208e-01
7.452610086146091439e-02
-2.194072972610918160e-01
-4.503239275640330552e-01
5.466876129593720157e-03
-5.527743060310015277e-01
-2.402043641620535408e-01
-3.490626442120511319e-01
-3.308426956386234519e-01
-4.405817043707314085e-01
-5.329750884551840429e-01
-4.841796620076578295e-01
-3.880622740057212416e-01
-3.837103259084587159e-02
-1.178206724595918103e-01
-1.857509664227761648e-01
-5.682669798603092737e-01
-2.315426134526719082e-01
-2.153522892279348677e-01
-8.243360221952891753e-02
-4.716075165837117500e-01
5.776597602050488611e-02
1.862920627307053101e-01
-4.797110885593439678e-01
-3.834837316234704918e-01
-2.490840714020362834e-01
-3.714713069450747973e-01
-4.356815353092586274e-01
-2.526676901941243836e-01
-2.832086218329041283e-02
-1.588119808740020567e-01
7.669586011005620485e-02
2.534939625936624696e-02
-5.778060229754180543e-01
-3.532950426681054357e-02
-6.562200670689313786e-02
-1.133656587199804167e-01
-5.078474193051547569e-01
-4.229623519681167121e-01
2.273633996243465683e-01
-1.262523056654064613e-01
-5.464480973598917490e-01
-4.034813109324638658e-01
-5.126085366334973692e-01
-3.820571961833236774e-01
-2.442379863706597432e-01
1.098784502067730040e-01
-9.164665279433051315e-02
-1.761027559952498267e-01
-4.784223307851541152e-01
-2.308230733720584293e-01
-6.313227992477202233e-04
1.568898603726694430e-01
8.315342745953778480e-02
-1.919213404968854175e-01
-1.027251397775661018e-01
1.100806600879631753e-01
-1.370879056049973399e-01
-5.623253206277224470e-01
-3.638398159073131244e-01
-9.977188894940205999e-02
-1.265759872877091352e-01
-2.799894901912385325e-01
-2.469330830714193126e-01
-3.549884383674001276e-01
-4.482499187940308660e-01
-2.462093954093925730e-01
-1.650570562934498831e-02
-2.028074514840196296e-01
-3.871063626491210719e-01
-2.401980426583068540e-01
-4.242787556508845759e-01
-1.969448232509714292e-01
-3.365002000435794727e-02
-2.747507626436477279e-01
2.668178142546125953e-01
-7.111922750673178861e-02
-5.392986820373449897e-01
-1.551336011143167048e-01
-5.226455082341663338e-01
-9.549445093230583825e-02
-2.164016227860592612e-01
-2.799839388275343621e-01
-1.264632114090402659e-01
-5.492606456525238601e-01
-2.998334732499683408e-01
-3.991628812392028491e-01
-4.267221210007396404e-02
4.142945340353815231e-02
5.771053842052320526e-02
-7.158697963216889559e-02
-4.349444955268406687e-01
-2.403806363796093526e-01
-1.358429992297214006e-01
-4.004448264354232845e-01
-1.345418420546973803e-01
-1.662406933769873252e-01
-4.824050550945971905e-01
-1.394227318720018538e-01
-4.149516003855891477e-01
-1.703106150638313276e-01
-3.460614971842639886e-01
6.863980044259093694e-02
3.841986774315847564e-02
-4.866662829170487203e-01
-5.220048356451374438e-01
8.538993723335759622e-02
-2.651718910613504870e-02
-8.196272876895518977e-02
-4.071663251293041186e-01
-3.974766701765623800e-02
-4.083504658607576276e-01
-8.311805725186499627e-02
-1.337621556296338110e-02
