8.563975547372464359e-01
8.401449613926614823e-01
9.143989601402727763e-01
9.729006584179410444e-01
6.611450138050557479e-01
9.822373194040030508e-01
6.055372406720965772e-01
9.758961748128835989e-01
9.749108734315652391e-01
9.108232205294586326e-01
8.519429922107335518e-01
8.770334750132444679e-01
4.357782190802581557e-01
7.351303691569295307e-01
2.472674540000313892e-01
9.046494421247066597e-01
9.860306034540552433e-01
8.568746552284727258e-01
9.134037842058171375e-01
9.833879396210205570e-01
6.035250808172267778e-01
2.830981497602003127e-01
8.747079341470656022e-01
3.479045251816849649e-01
3.202367574852886811e-01
6.811328236300006056e-01
3.586520897342796443e-01
9.162105752831435357e-01
3.666693673819522159e-01
4.744495867970832115e-01
6.724863173872757116e-01
2.853613002596427917e-01
8.768343525182431542e-01
4.983975586139163250e-01
8.781027502298668352e-01
9.901565245180176111e-01
8.734508307788516612e-01
3.334420856557853141e-01
9.837988162794830682e-01
3.336545310728246116e-01
9.851161138457320554e-01
7.372609928836941773e-01
6.575894175346361781e-01
2.988858008833799595e-01
9.067029501220655874e-01
8.639022449508183543e-01
5.910243460375279589e-01
9.150145056950365063e-01
9.007102926702295065e-01
3.355658240412287552e-01
9.344695874372108690e-01
4.360570086125069578e-01
9.083996390918940289e-01
8.167255443885430566e-01
3.780235862442806738e-01
4.216906348732544219e-01
9.682263409144331590e-01
9.882127779155420733e-01
9.063493677516962777e-01
3.984052913177079658e-01
7.788186007137042344e-01
2.697738215346183743e-01
8.018304447404206448e-01
5.836576384135379048e-01
8.555046110731923115e-01
8.959736905119399797e-01
3.949103812365059585e-01
7.597036763362978729e-01
9.537977358075737655e-01
9.643877173096068178e-01
8.267665471716159065e-01
3.844024098760353558e-01
8.073186638090577016e-01
2.941995877136526771e-01
3.642659942306379905e-01
9.796238223698063852e-01
9.632032705692055163e-01
7.479429387662301920e-01
9.015062538066643816e-01
6.389259326788651050e-01
2.796421494598836377e-01
9.252841123140203017e-01
3.596301483881962913e-01
9.852730391549118227e-01
9.237525978930387627e-01
9.788631347139903349e-01
9.856433304571753373e-01
6.031590674910592975e-01
8.825980007210489919e-01
5.519551769324496648e-01
9.450216512140885428e-01
8.676578171444173648e-01
9.761601264474140116e-01
4.823045581392260694e-01
7.721730829837302190e-01
6.060190210699553104e-01
9.077009839947818293e-01
7.759047257738385106e-01
3.549312414496458845e-01
6.225155598298572901e-01
4.138815628909459643e-01
9.780609036570093728e-01
3.723682438165680786e-01
3.765016407020335132e-01
5.215753521577741747e-01
7.314641311643511612e-01
9.708281259925892748e-01
5.903779804430175915e-01
9.754167519728731417e-01
5.035342328344247775e-01
9.535693584561082403e-01
3.419883655578997428e-01
8.818777987087904613e-01
7.102069258354604120e-01
5.576511089564216705e-01
3.266933742727122780e-01
7.879393642541516751e-01
9.366260546709257451e-01
8.723372919203462583e-01
8.669192484269632182e-01
9.784577491201564836e-01
9.278303403584861053e-01
9.725338046670068959e-01
4.178654370547778552e-01
2.919625538440888679e-01
9.811060628323393651e-01
9.800470698247835122e-01
8.787754469329362994e-01
2.680765350650922696e-01
9.727864738491540653e-01
8.094227830687414915e-01
3.981762264209351976e-01
3.197711015897536369e-01
7.639390877408254177e-01
5.721650446253172539e-01
3.110848858811114948e-01
5.502520492848130829e-01
2.770343939952579770e-01
3.039433802639658344e-01
7.631948524329332795e-01
3.682407537788433549e-01
8.483406490475144945e-01
8.793510853271311323e-01
9.682788477777048985e-01
6.758956540502645272e-01
9.168728866531933308e-01
9.669753870719961508e-01
8.595766025493480900e-01
9.242201436138524073e-01
8.582561483989488149e-01
2.933545504435022266e-01
3.965042572084614969e-01
8.171824805804503988e-01
7.407607004947424079e-01
3.785180288332687937e-01
9.593279574419615319e-01
6.745129200627559829e-01
2.955084294767200692e-01
6.491579032571896946e-01
9.605454628855316646e-01
8.880808371377770793e-01
9.893294759147859274e-01
3.965190406148721425e-01
9.489136858792359686e-01
3.672840508978536533e-01
2.598065164880351552e-01
9.461082550467568852e-01
8.494288531767122397e-01
2.885816344879416073e-01
6.099220570761787474e-01
9.703516099744522450e-01
8.392297003504112229e-01
8.888115567181500420e-01
9.834512395909837945e-01
9.140549654340264230e-01
8.687506773801343396e-01
6.817703658363195585e-01
9.347251588192915239e-01
9.130707215645234021e-01
7.344690395054147558e-01
9.678302774859208757e-01
5.804676052947035370e-01
9.255498928872644138e-01
5.185341581626746743e-01
3.332124552838860998e-01
7.079861671436742387e-01
9.756635230013799287e-01
7.870739007563121170e-01
8.259457895972518449e-01
9.452222634280343927e-01
9.733311416022845108e-01
2.690158175978074051e-01
8.612981659496272702e-01
6.481174544341861132e-01
8.678350235667113832e-01
9.039852295081256539e-01
9.167085220927350120e-01
3.754023557528535227e-01
9.179168007155087405e-01
9.768732305353733381e-01
2.764741847964737875e-01
5.563389679180134051e-01
9.670176071354169567e-01
3.555940135492583476e-01
2.781712379948473313e-01
9.861927107834442818e-01
9.521309938143074358e-01
7.780298305716182306e-01
5.027861704389476882e-01
9.443787233328674313e-01
8.675334229987701207e-01
8.012290933209783583e-01
8.683655542869253008e-01
9.258928880789489835e-01
8.254465200984120177e-01
7.185795727697907864e-01
5.364788220460795509e-01
9.743081869982099796e-01
8.405649548121287840e-01
3.786188653838498119e-01
9.816827951330766577e-01
9.721520813143487150e-01
5.328945201257420106e-01
9.046523361570982802e-01
9.040285711854728623e-01
6.334171594590727317e-01
9.770334584047208892e-01
4.617888465649604424e-01
8.232143955361121979e-01
2.925679542502889197e-01
8.885810421594162456e-01
5.469048551994442064e-01
6.100064968898422091e-01
5.429838435383560480e-01
2.983118038019318963e-01
8.826953501496686005e-01
3.793446823972042026e-01
9.802346603497813504e-01
5.889180542181936540e-01
8.154160517177788670e-01
9.283361352597472305e-01
9.659265730713362252e-01
9.498786106001617657e-01
2.316377821401611192e-01
3.473991937710662059e-01
9.482018281412250005e-01
4.353825643160066927e-01
9.843437481569927705e-01
6.181204280495863346e-01
3.389654907368913062e-01
8.756876547450116455e-01
3.247230475110007286e-01
5.592630730942318440e-01
2.716441287296949558e-01
9.415663747685283358e-01
6.645463808906826308e-01
3.006119580596677276e-01
9.409053576050785406e-01
5.945660568592759931e-01
9.839250129025783886e-01
3.799489923185658813e-01
7.878339106526665025e-01
9.718016587571857157e-01
4.793060081884685797e-01
9.648909584860004829e-01
4.597350981735184305e-01
3.378495953568556587e-01
8.206981727831084150e-01
8.480645768578447541e-01
9.643760283693298963e-01
4.569921923098976269e-01
8.716531809801877362e-01
8.604959522432726882e-01
7.293789700227595318e-01
9.600204188930099303e-01
6.259481670120529140e-01
9.551276907230785707e-01
3.714083880104596114e-01
8.023219106583563409e-01
8.449667056481038330e-01
3.799741077886452656e-01
3.998182592463128682e-01
3.456022167134301659e-01
9.365474078762086041e-01
7.052446615134797536e-01
8.287502304813296750e-01
2.728197719916474195e-01
8.781925000941022130e-01
9.839126775243420830e-01
3.052243364564167782e-01
8.946725987616023223e-01
9.778815411738162044e-01
4.530317601822380080e-01
8.658127974857272591e-01
7.449342456181966554e-01
8.094097207425379192e-01
9.694511002157647495e-01
5.367235480338403697e-01
9.557036716511774221e-01
9.779407930690816597e-01
