3.108262074423112087e-01
3.644792558493795687e-01
3.056098519141500214e-01
8.385372041828149658e-01
9.344846522983736303e-01
8.320479972809874392e-01
9.540933350514839706e-01
8.350812124751907373e-01
8.325784033668932604e-01
3.602269233895103451e-01
1.361927793151008204e-01
3.238112412386116024e-01
9.132508664405695198e-01
-2.404215888376065036e-01
8.992266007091809232e-01
3.508825489090463545e-01
8.435616082711666630e-01
3.163671598631645487e-02
3.468464946290341633e-01
8.485468098979249696e-01
9.197233818302483765e-01
9.038161385190959241e-01
3.113463878063930101e-01
8.883615809202933811e-01
-5.451985653038473600e-01
8.426516886642891890e-01
8.924769102440877067e-01
3.476641865687504218e-01
9.046845407489938484e-01
8.979401572203542514e-01
-9.028671292798909342e-02
8.686020658815123419e-01
-5.426183104133007751e-01
8.875523617173104451e-01
7.993866817335281150e-01
8.451834284042692991e-01
3.390830146707060067e-01
9.063665810721073246e-01
7.972310573639903586e-01
-5.360369151104392715e-01
8.294238884050447735e-01
-1.059390101479742302e-01
9.326426709208561761e-01
8.909012951845183270e-01
3.604032520099785808e-01
2.110670219810817649e-01
9.196507529334874143e-01
3.395486344335573725e-01
-6.961645781660209809e-02
8.998234426664996066e-01
2.925161509109051594e-01
8.812634537659798095e-01
3.449457810531402213e-01
-5.291982316936922892e-01
8.911442935279225708e-01
-3.843460943276202912e-01
8.313418556165323992e-01
8.385950684923106913e-01
2.444466921445095919e-01
-4.986029612944612444e-01
-4.430623638606272507e-01
8.894165028440637055e-01
3.594097257949301349e-01
-1.594952877467023244e-01
3.151111277716571735e-01
3.166553979112516903e-01
9.055728038706223337e-01
-6.029732374911733750e-02
8.345913718817119520e-01
8.483939689191350997e-01
4.827521733024788819e-01
8.966216754464775285e-01
-2.509472661289859421e-02
9.109860704841287182e-01
8.850006316001284290e-01
8.285328658660991996e-01
8.481896207665454712e-01
-3.721072879628205543e-01
3.356801963510740450e-01
9.516415507757847170e-01
-4.943507532565148965e-01
3.579295504298707908e-01
8.957560368064909628e-01
8.320186625324932361e-01
3.698241410658021922e-01
7.970138079279412979e-01
8.257431291853882804e-01
9.471740745477632561e-01
-5.786350854902965607e-02
9.517403374251449666e-01
8.417515612101016398e-01
3.763910231687733754e-01
8.547233009922181601e-01
9.035482411029329697e-01
9.052481982197140287e-01
-1.208208082024533891e-01
3.561322217884536623e-01
5.935813192766142832e-01
8.835837441626870348e-01
9.071459252292092268e-01
8.813912956577560909e-01
8.510907364744287884e-01
8.822790522476996466e-01
9.130678580230335850e-01
9.501885379261800768e-01
-1.861228589682519252e-01
8.262771053695079360e-01
9.535355856165425026e-01
8.350308601365488137e-01
9.498116607827289393e-01
3.296754536584431960e-01
9.043762507786134996e-01
3.433796623332298625e-01
4.197864321180839325e-02
9.552782900617780015e-01
-4.915093958349953107e-01
-1.126589662207608811e-01
8.303442616157985512e-01
-7.130528010732560540e-02
4.543109656015172082e-02
8.269725606704434462e-01
3.550969296870499226e-01
8.275314829114273074e-01
8.920270336907512032e-01
-1.059915596630614937e-01
-6.600506900350051886e-02
-4.555180486274248292e-02
2.899840415062507337e-01
8.772587143582279978e-01
8.340149308031346020e-01
-9.925950747226552906e-02
8.917425168886830011e-01
8.939861505592909818e-01
8.531253249688581786e-01
9.089193919765308216e-01
-4.080262116978303766e-01
9.069216527830403773e-01
8.794346504514043428e-01
4.228573200933188891e-02
9.379793381291099408e-01
9.015050993666045009e-01
3.523771305365318574e-01
1.729772039988217158e-02
8.584376577626469107e-01
-9.607579197753648992e-02
3.500362295934161261e-01
-1.205211323269035489e-01
-1.303628161743512481e-01
2.982121740659497977e-01
2.048701458150088139e-01
8.775618205129924743e-01
8.864177383339421068e-01
1.634734927447317188e-01
-4.621895327334794024e-01
8.841046610244061021e-01
-1.260441659550563254e-01
8.762891934332588395e-01
9.061381009656586105e-01
9.125766139629227780e-01
8.454434333527334200e-01
3.532972967334043757e-01
8.408823571076027292e-01
-5.328031279702836187e-01
3.296084558319023472e-01
8.855848151850808092e-01
3.551541679099114446e-01
8.368366379989544690e-01
-5.850422852203574636e-02
-1.817076487112243288e-01
9.263904975608951986e-01
8.259061282379384084e-01
-4.731122757566147419e-02
2.981013224397300321e-01
8.413610996723185353e-01
-8.512002820748286458e-02
-1.987052948558037380e-01
-1.281240840602077824e-01
8.201815609980400712e-03
3.385396117083641077e-01
2.113792641382276072e-01
8.311845424917558844e-01
9.455833265056676762e-01
-4.770640474348463722e-01
9.286757691152891514e-01
8.671341016360677445e-01
-5.443775295983994678e-01
8.285861338233211359e-01
2.408418754362601222e-02
2.245890883153121853e-01
3.598724759040172194e-01
8.547470693334959790e-01
-3.978623697411788340e-01
-1.051914903044302158e-01
-2.702678828205402617e-01
3.621062713985153114e-01
3.522270844531322775e-01
3.532324918850887618e-01
8.941515068559240387e-01
3.457828712091018941e-01
7.303410849350343570e-01
-1.204994631374733394e-01
9.215921892413847516e-01
8.349730648956175116e-01
-1.697711946166350142e-02
1.364570340113198388e-02
8.323031740914088594e-01
3.704245995143969905e-01
-1.361402873854865303e-01
9.614539944720974507e-01
3.068128476973084884e-01
3.350251265067200612e-01
3.144629145606133713e-01
3.467459383635695946e-01
3.423627479354713898e-01
2.088850947755224730e-01
8.485513239375921390e-01
9.329824294145179220e-01
8.194357861621934802e-01
-9.698825296272360619e-02
8.892006021143097350e-01
3.217976292381028447e-01
8.292611323982128635e-01
9.632755055610912054e-01
3.604325175862134745e-01
3.311026008322199843e-01
9.054564826598283656e-01
-2.169015937627640500e-01
9.019550599479084774e-01
2.613613415176784249e-01
-5.385427911702236337e-01
3.605865012760759436e-01
8.998721366624582441e-01
9.613837283254191846e-01
-5.033003184525259854e-01
-8.502590494914269437e-02
1.817123717213816880e-01
-5.233522482827450695e-01
8.286860227459806882e-01
9.580140660704052902e-01
8.022129488271984021e-01
-4.184347478004056820e-01
8.292210085772491190e-01
8.344985898382706324e-01
-4.547319233969397967e-01
-5.059354430756211052e-01
3.382774875722385222e-01
-5.383599537324903483e-01
8.311702655575234910e-01
8.698067283679240536e-01
9.060078167014502526e-01
3.483465629094752991e-01
-7.039735061310922748e-02
9.459875005370246281e-01
-7.461799839352212249e-02
-4.381003502229318114e-01
-7.425495427300325690e-02
8.965303351693771905e-01
2.924229558030160270e-01
9.189339086604360052e-01
8.333926421372023219e-01
8.998073245075435267e-01
5.089887163571180650e-01
8.344528050202852931e-01
8.988786943790638695e-01
8.379488117149515025e-01
8.992821775514210358e-01
8.871701717798907705e-01
-4.189927001417578234e-01
3.070338566583889484e-01
4.785552497612529516e-02
-4.928155768546119697e-01
3.022296370692860723e-01
2.346510008773300404e-01
-8.207330057878609031e-02
8.236249914254799576e-01
-1.059458962226994538e-01
-5.028988749014661197e-01
9.035415859007256412e-01
-5.019976985572383033e-01
3.409074131673555108e-01
8.896316924763627565e-01
9.108468282810673333e-01
8.969498059919254196e-01
3.400442894799434734e-01
-4.164919748427645674e-01
3.443582696316640490e-01
7.495549331340911614e-01
3.085723285470615140e-01
8.334603876843533765e-01
-1.084298801478906921e-01
3.321398316776015269e-01
8.474557969114042688e-01
-2.988764865626661882e-01
-1.304979300032377831e-01
9.050113395357204382e-01
-5.526504098345483285e-02
8.329333336886011185e-01
9.538180047410745876e-01
-1.655356236689031757e-01
8.314023833128394436e-01
