6.861749005267613333e-01
9.468939915904377447e-01
9.359608941540229488e-01
9.457539654269435658e-01
9.480443698420211174e-01
9.459197083019107444e-01
6.926579588474102156e-01
7.131880629594620213e-01
9.465264506120236732e-01
6.753842718991269756e-01
9.488928174594895015e-01
6.733550461213417826e-01
9.442515365979744502e-01
7.075591312062652349e-01
9.543754859426150094e-01
9.503744613893336801e-01
6.636307340388564180e-01
6.766311303077887640e-01
9.459029322815557528e-01
9.297256964167974758e-01
6.937337094183955166e-01
6.119239228301150968e-01
6.754687011291301557e-01
9.505513425454235055e-01
9.515936935485371784e-01
9.519670775097519577e-01
8.568958445953807068e-01
8.611826513407787598e-01
6.667631974717653787e-01
9.493392630400286913e-01
9.485308873435037702e-01
6.320426095077272821e-01
6.632675897428538248e-01
6.285628604813527920e-01
6.717163468919078451e-01
8.336276100198154460e-01
6.421193357361382192e-01
7.030046667233118551e-01
6.327322247275570799e-01
9.439326881569566341e-01
9.467994463588860210e-01
7.275265686945755483e-01
6.791056757067788219e-01
9.464191710915932365e-01
9.483906998589392012e-01
9.205566011534751514e-01
6.363647660003954876e-01
9.473215533908103669e-01
7.005790555091673255e-01
8.468778056683845534e-01
6.937048333652333643e-01
7.013269112283119222e-01
9.174174596329318643e-01
6.632883986925786068e-01
9.480372288473702946e-01
8.726541142778262428e-01
7.825775103548906486e-01
6.581828975048963359e-01
9.453978453289473283e-01
7.406873762664201166e-01
7.006137383689108322e-01
9.460968293908814664e-01
6.902766921937635303e-01
7.042766764892754994e-01
9.477131544218336812e-01
7.164491190025161771e-01
8.082119466225856641e-01
6.859549631053608598e-01
9.335331472615389092e-01
9.444161071422403353e-01
9.495906206298050378e-01
6.856656972105640291e-01
8.253797200394770162e-01
7.068569430665887499e-01
6.954317475896762968e-01
6.986565457621281006e-01
6.579102122250937157e-01
7.151586289867520874e-01
6.671451641545965705e-01
6.875606316492783865e-01
6.929154802305084182e-01
7.220327962315978843e-01
9.480153709793142092e-01
9.421813493529459516e-01
7.524339478420863925e-01
6.861374844091931990e-01
6.821170988496277898e-01
6.670298869613834336e-01
9.295888981220838954e-01
6.078046163238742805e-01
9.433482637259604786e-01
7.306331182745990915e-01
9.382772213005281525e-01
8.705822479687328475e-01
8.793689641266869694e-01
6.988627987927353846e-01
9.452909844447801024e-01
9.409260994809163225e-01
9.467124712668403275e-01
6.903828182475826303e-01
9.468667680365377981e-01
6.809232494573386196e-01
7.856775922910368415e-01
6.955630612492441633e-01
8.670178562882571160e-01
6.970450831146021153e-01
6.876422188908618560e-01
9.470452122618040480e-01
9.534233572560573133e-01
9.412089211455174631e-01
6.787963484541833514e-01
9.474563123025342426e-01
9.398304514801458787e-01
7.361780231494365889e-01
7.053910888573764471e-01
6.803466184789674909e-01
6.929123300130615171e-01
9.438807608759414158e-01
9.430588389050013065e-01
9.544102880043026094e-01
7.056769288197505263e-01
6.732880382047328194e-01
9.454203238852803004e-01
6.958656238192207910e-01
7.050364822320965841e-01
6.959252431219551394e-01
9.511661680290628418e-01
9.314991354759514230e-01
7.024921853462990917e-01
6.201653190948673844e-01
9.481752207941308574e-01
8.758633008340278581e-01
9.130477122227982356e-01
7.121440372182544776e-01
9.477343838536484988e-01
6.900495529083896518e-01
7.474713299624855534e-01
7.065384245225430071e-01
9.327109990896113034e-01
8.394742965364174747e-01
6.103651469889441739e-01
8.689843309633185076e-01
6.729358135480821845e-01
6.418812858507427777e-01
6.715128411013698839e-01
8.125490620770272621e-01
9.154887601024158661e-01
6.790610508563466041e-01
8.059600712093420993e-01
7.171939507994293805e-01
9.479513266634459479e-01
9.422218948966341046e-01
6.533187773864449488e-01
9.474723158336436635e-01
6.805287522808588507e-01
9.467790704501528598e-01
6.360410968408798382e-01
6.729085622037717096e-01
9.418092836725275863e-01
6.430132452868153603e-01
8.876899248635043982e-01
6.981105727500112046e-01
6.558871558601899743e-01
6.923011148876700993e-01
9.455658022515753824e-01
6.589722241397030222e-01
7.014444638832728618e-01
9.044931173115644540e-01
6.587305538610220834e-01
9.475977784369451484e-01
9.055383906520253490e-01
6.612487280689112179e-01
9.461444535307448334e-01
9.486302725559216942e-01
6.355021449174800274e-01
8.291398784638944752e-01
6.687904907694963708e-01
6.356474617745418998e-01
9.463549539424556123e-01
9.460176266647178922e-01
6.860823952065738807e-01
6.856810262623402874e-01
8.978058047731756197e-01
9.294616837275697652e-01
6.740027099358616436e-01
9.541928054258976832e-01
6.211829734811458170e-01
9.358831898279265094e-01
7.018101589220333558e-01
7.416055356113280261e-01
6.807878089444765468e-01
7.030742953150524999e-01
8.820403786065582619e-01
6.929676584484092405e-01
7.156695099804109006e-01
9.488259421593492338e-01
8.466700683338688194e-01
7.016537448016439971e-01
9.355274979787739920e-01
6.723306176580796656e-01
6.870459302018097070e-01
8.080173191196653448e-01
9.421243255856336374e-01
6.981967832995898959e-01
6.851623435837135290e-01
9.455663423496786235e-01
9.448559067658047761e-01
9.499822728216975598e-01
6.554116841203566635e-01
9.473664254671112506e-01
9.240386974488616900e-01
6.862844317724452470e-01
9.391700080874042511e-01
6.918290713096696409e-01
9.507363275996282281e-01
9.576974186245281739e-01
9.501107518347770009e-01
7.523990888645493147e-01
6.853664838573375606e-01
9.497739500795649992e-01
6.770928950812050706e-01
9.324680774052945820e-01
9.441486930412332779e-01
9.380502122296751066e-01
9.519980752119581169e-01
7.017377183847265387e-01
9.438660084702789055e-01
7.040482250110731144e-01
9.457826087047989105e-01
6.963165547957073098e-01
6.846875237277112447e-01
6.984237677904940877e-01
9.400938456905787444e-01
9.477103777877160518e-01
9.157664285215709743e-01
6.891102929361916374e-01
9.431113677312831234e-01
9.337714897989285445e-01
9.339201350761103804e-01
7.087671492410134721e-01
6.588221564949183762e-01
6.909324193566557248e-01
9.517001531267412773e-01
8.785736365065490716e-01
6.762035144304483492e-01
6.995225934233681997e-01
7.161947799432225592e-01
9.426219209073887217e-01
6.885124932934746367e-01
9.445426244573996710e-01
6.757370778052937954e-01
7.940348650891595472e-01
9.486204623252517676e-01
9.439949717468982815e-01
7.350917906614844455e-01
6.741264354374973955e-01
9.425682424871312248e-01
9.477112661830150442e-01
9.444238540617353461e-01
6.877557898717039375e-01
6.796742723053463830e-01
7.053146465911005469e-01
7.192537499214900487e-01
9.503994464651359664e-01
9.445488619288990861e-01
9.426913283514531949e-01
9.414463972969796535e-01
7.076725123000973117e-01
9.450052042453086498e-01
9.424765030630772866e-01
9.261046136400568063e-01
9.148303684902432398e-01
8.326597542549137865e-01
7.097192451978603378e-01
9.394629446564264352e-01
8.806051513972981137e-01
7.006903704798771448e-01
6.883042643355190560e-01
8.988949860208572673e-01
7.060916843878610738e-01
9.378597847675800292e-01
9.479786172453164017e-01
9.549648863742317140e-01
9.476731694541429274e-01
7.012010209765088264e-01
6.681740059033661749e-01
8.740508073674158052e-01
8.389173345387930247e-01
8.198229707672468614e-01
8.210267386018491598e-01
9.342636537027608767e-01
6.511373502313394512e-01
9.477127951867541089e-01
7.687341959384954571e-01
7.205678416972109979e-01
9.155834225509884572e-01
7.538029128034611226e-01
6.650977239161128818e-01
8.171788593283569879e-01
6.485032750350510078e-01
