6.423114015321824688e-01
9.499443682046309068e-01
6.665566864438883243e-01
9.260444307341715309e-01
9.112599424301766060e-01
6.054473626403332753e-01
6.215004621933721829e-01
6.239692571678074895e-01
7.652141371990174301e-01
6.274709209701071488e-01
8.865429974561978010e-01
8.815960538138842839e-01
6.403667520963454152e-01
9.402762033037508349e-01
9.139987321472774484e-01
9.125123074095981002e-01
6.357066793283712158e-01
6.407432967889465925e-01
6.578220128699555636e-01
8.893873951131121558e-01
9.079203108520655929e-01
8.870312951094185827e-01
8.841180977552225428e-01
6.095163151938445267e-01
9.581035926836434236e-01
9.425363214780339005e-01
6.449152655462001560e-01
9.367234864089792890e-01
6.182534856045763805e-01
9.223705259596364225e-01
9.415526125213897757e-01
6.479407227240687739e-01
8.979492412725418315e-01
6.337221709441375195e-01
6.143627952080623622e-01
9.567686533646642122e-01
9.180369776367137691e-01
8.326098784984168333e-01
9.210370207290106137e-01
9.060902219880863084e-01
6.195526890539588827e-01
8.810858940805784689e-01
6.835330160534529576e-01
9.308128259899125512e-01
6.665495996269680257e-01
5.705720040734052478e-01
6.188341950621859544e-01
7.644419654456797719e-01
6.218089928943112410e-01
6.672568754986339945e-01
6.334413517181409770e-01
6.417113941663150634e-01
9.134441712875287500e-01
6.056998052639820385e-01
6.100160462573924747e-01
6.521464072833131898e-01
9.295936409399030431e-01
9.333841189090701373e-01
8.238609578404629818e-01
6.410986305531723994e-01
6.418715164106160165e-01
5.800929596033652658e-01
6.215101499574160471e-01
6.593563954390724291e-01
9.309477952158047298e-01
8.645300087821834456e-01
6.354312126909568148e-01
6.548194549987612634e-01
9.301056968896600496e-01
9.123543463415697552e-01
6.644570547106692926e-01
9.175773353840890323e-01
9.593864111378498372e-01
9.139296922787252253e-01
8.927129112159233326e-01
6.145774912651380539e-01
9.039651205024181735e-01
9.314026531298387201e-01
6.276585646014697373e-01
6.123334850770237869e-01
6.021625430603929630e-01
7.550061775217978832e-01
6.603438412219930775e-01
6.514034799680822330e-01
6.450230124329592307e-01
6.505704675569301543e-01
9.242356110095000243e-01
7.068887573981406103e-01
9.024630692512042307e-01
8.331866489995223279e-01
9.307771733687482119e-01
6.484169861042388128e-01
9.245490280737025390e-01
6.322556845388223046e-01
8.648401963049516805e-01
9.486339589035126529e-01
6.474243321644619353e-01
7.157729536417152261e-01
5.916623080414622482e-01
6.135875903654774977e-01
8.942495496240778774e-01
6.366735881612559655e-01
9.496993028654019398e-01
9.212133899200122267e-01
6.251379313068650134e-01
6.100520705257410636e-01
8.393268260353156096e-01
9.098945195321773705e-01
6.759624954354713777e-01
6.421136408617301727e-01
6.085670890396199795e-01
8.972633923813790879e-01
9.292808152670473110e-01
6.042841821996982610e-01
9.552384490116478943e-01
6.301532099780926544e-01
8.956154100353163061e-01
5.765832257260863347e-01
8.722997265261388522e-01
6.515768524368552583e-01
6.528146340307234841e-01
8.942792094425985328e-01
6.555533231066792421e-01
6.618594476373079738e-01
8.118828783651789172e-01
9.392647301928547243e-01
7.411564322993005050e-01
6.699705082809011003e-01
6.479639056339840941e-01
6.678312409798464744e-01
9.255153794446533411e-01
8.339080538324035174e-01
8.796396283052582143e-01
7.595335210481931609e-01
9.126679567047838448e-01
9.668290541002002580e-01
9.138144658738529547e-01
6.681311689590518910e-01
7.034459377924744405e-01
5.095504280214140369e-01
8.978102879213798460e-01
9.259344203125251527e-01
9.025286346657617198e-01
7.737127275661708214e-01
9.188647975116741584e-01
6.416620556492939054e-01
7.792994662425638541e-01
6.106833008214839209e-01
9.136408432894840281e-01
9.394092592245267825e-01
6.100656159652525501e-01
9.424749529961630179e-01
8.990991056329310505e-01
6.798973171929443282e-01
5.091167208974347602e-01
6.370258263172116076e-01
9.492706182544183857e-01
8.977937213088108548e-01
9.339853061693762504e-01
6.242932762104498323e-01
6.227430471462666040e-01
8.950330233302333793e-01
6.802887744407508652e-01
8.901900674146983050e-01
9.100746073084925447e-01
7.490091140127912439e-01
8.590598055714170345e-01
8.882600915389273766e-01
6.489626133831978283e-01
6.314287378812412088e-01
6.521693139882932533e-01
6.513850795388778092e-01
6.370312174493042434e-01
5.859261255683158032e-01
9.194931964946845282e-01
9.355986679827238417e-01
8.038921769065067169e-01
6.727249820777821965e-01
8.860364707176677790e-01
6.878734555414666163e-01
8.759287497247649767e-01
6.385032770893157572e-01
9.415161811102332745e-01
9.545272052088294990e-01
9.145396799048530756e-01
6.131603180713256496e-01
9.426342642408801487e-01
8.295019073861525927e-01
6.224783920355365652e-01
6.436466243547668276e-01
6.369972515787063472e-01
6.165947262695916642e-01
9.513866861983208967e-01
6.538142517805423104e-01
9.516871685456944618e-01
7.509572022060341245e-01
9.050577331484399579e-01
9.418418378164697957e-01
5.587445346345120134e-01
9.266591568021976810e-01
7.223294141415357306e-01
6.212041336380198508e-01
6.358217180301649618e-01
6.107614203666631436e-01
6.606865965906278948e-01
6.095778426274525152e-01
8.699741195056940324e-01
8.420166533974511314e-01
6.407528563618307693e-01
5.743347181368465559e-01
8.821959154144478621e-01
6.114604640669830671e-01
7.079782569504331491e-01
5.383587857865310689e-01
6.644199720682935073e-01
6.315556736714138530e-01
9.258681492108000732e-01
9.263509849680099384e-01
9.216276177147972870e-01
9.475372073084675772e-01
9.341461993167230471e-01
6.522556030734399934e-01
6.691714862681232834e-01
8.536125820387004959e-01
6.814702851881173640e-01
9.327966200975790212e-01
9.265238176694080563e-01
6.189490894802762710e-01
9.447349094225516719e-01
5.800766242934520811e-01
9.236216454729596625e-01
6.154440285037356961e-01
6.265679349184113400e-01
7.876553121558553805e-01
6.569003304605630644e-01
8.828793548499055399e-01
9.267253161011826945e-01
9.043247510536684963e-01
6.316983405963950693e-01
5.928791258580188295e-01
6.456026553401527091e-01
9.096609638855901458e-01
6.320655781334567624e-01
9.366911482641940845e-01
5.930085412193433214e-01
5.850607840385200209e-01
9.508082387132348323e-01
5.383022413799787298e-01
9.195946746095021718e-01
6.577611760343804459e-01
9.500184767136439223e-01
5.810252532535978842e-01
9.384656662221877443e-01
6.227247474717545472e-01
9.495617742651759619e-01
9.190491181808624344e-01
9.498184590809777283e-01
9.405094958227518953e-01
9.582251912913687386e-01
6.768218332346563892e-01
5.955703331273872747e-01
7.744979730586869504e-01
6.415998804742292227e-01
5.935082776245309555e-01
9.073157580027005897e-01
6.593746610735883307e-01
9.185525312976468015e-01
