7.223184956786483646e-01
6.677211462447024681e-01
6.388458543592359096e-01
5.627885071389444605e-01
8.270539136195521612e-01
6.087217177589873129e-01
8.238842482318886606e-01
5.288817424953438096e-01
6.482988867298360436e-01
7.789179737538106663e-01
5.191244360351247034e-01
7.525852889511076560e-01
7.378771245451873906e-01
5.451254188444047966e-01
7.197689642981763836e-01
6.834724271692584896e-01
6.233512761296999827e-01
8.407710096636172858e-01
6.851257073170775591e-01
7.432852401224584460e-01
5.412786038391083077e-01
5.507311431779982058e-01
7.228992435818439866e-01
7.006957143981149549e-01
8.221242072702402703e-01
8.136684494908102971e-01
5.522736683752516029e-01
5.147892997904273127e-01
7.466956443285714951e-01
6.464930214407179632e-01
6.223837710539508183e-01
6.407134666648856003e-01
6.389040519591089318e-01
7.334428180965016919e-01
6.723161986671917223e-01
5.000862141337465427e-01
8.156748234767725592e-01
4.919835143194314364e-01
7.570346047462798156e-01
5.035600941643959549e-01
5.311477737878382843e-01
5.935947178473950370e-01
5.767385646158605939e-01
6.776870933865031255e-01
8.030737225579657190e-01
6.106443001824695127e-01
5.324012452306782217e-01
5.340128786140313499e-01
5.299620350244862443e-01
6.887319189120753027e-01
5.461107889839151852e-01
5.702356776808064076e-01
5.614611183913957859e-01
5.828033086095099069e-01
5.096540903200943440e-01
5.962324831120029422e-01
5.395768912103025006e-01
6.061721164354435532e-01
7.876924685810351434e-01
5.957508206933191941e-01
5.105761992242432434e-01
6.184775998581224510e-01
5.019591080721750309e-01
7.778047236432229505e-01
5.831070881470303835e-01
4.970999217680334703e-01
4.767779631111734306e-01
5.956415013015717852e-01
5.879621345026703194e-01
4.986237332104604958e-01
6.146903844046514021e-01
6.924240903650576984e-01
6.172359942755545337e-01
6.959361806519003268e-01
5.360151806335855529e-01
6.618072868687633337e-01
5.006784577422418447e-01
6.763461626397232473e-01
7.486280791263878465e-01
6.516435143313953349e-01
5.137164958043993757e-01
5.652801472268066396e-01
6.891319915260947226e-01
8.304082368098837375e-01
7.420503785149938913e-01
7.672548110375972952e-01
7.509821381292236531e-01
6.123325592357617975e-01
5.974433097594940012e-01
5.500037886107964624e-01
7.515767727912133767e-01
6.744312715908671318e-01
4.612628812461566641e-01
6.020636811956046053e-01
5.416055284761596145e-01
7.096337772505058039e-01
6.251441820898913093e-01
5.137414235481655433e-01
5.531381539764530508e-01
7.244707916996457886e-01
7.002201510673201623e-01
6.456090314043279044e-01
5.908351223278289766e-01
4.785431877731362027e-01
7.260784191287332767e-01
6.326256602451958422e-01
7.931897459213832491e-01
6.307013826607668072e-01
7.204683724639486808e-01
5.322938381128300422e-01
7.200509854153872569e-01
6.133977244849920796e-01
7.145230033658217517e-01
7.161875485565037947e-01
5.241249962229331816e-01
6.145479057430870418e-01
7.587093384533614149e-01
7.332666650965788957e-01
7.806882084730346616e-01
6.763721279242072004e-01
4.893705082179335975e-01
5.059553460768596578e-01
5.551398230608610707e-01
5.645464019008580303e-01
6.194740633578493805e-01
5.412579924902358730e-01
5.370517589278422932e-01
8.269360392788658309e-01
6.739035564253260668e-01
6.731268390514678623e-01
7.939473384349700069e-01
4.775754805284864180e-01
5.225387009488111634e-01
6.648324807974077544e-01
5.894969796395383987e-01
5.638685659372703052e-01
6.569129394555767165e-01
6.082360319379375158e-01
8.207521904821180048e-01
6.501541277173076283e-01
6.782550096107919924e-01
6.124026036032790277e-01
6.596472040574127282e-01
6.395847142890884740e-01
6.098356960791038173e-01
7.182519867100707334e-01
5.578357766748018864e-01
6.526261402795141553e-01
6.146144942846257786e-01
5.866668774542074249e-01
5.052218328161287575e-01
5.016981296022545722e-01
7.437422045838323337e-01
5.136189127192913872e-01
4.612693168589476755e-01
6.238692756550066054e-01
6.619118493440826478e-01
5.194963916058169540e-01
5.182128478062903998e-01
5.301300026999973269e-01
5.919309174737823476e-01
5.719147622304355805e-01
5.976488684317543543e-01
6.383957253931797915e-01
7.343537587885637929e-01
5.065253250985586320e-01
6.095393700822725469e-01
5.031709977811812395e-01
4.975986892796121497e-01
4.880496160386137428e-01
6.290410703317372842e-01
5.467836332610770400e-01
5.466199760930626761e-01
7.071544415209521928e-01
6.533929576342452084e-01
5.593031705060165226e-01
6.095177583823484513e-01
7.519644942163702384e-01
6.143813863355330751e-01
6.351386098987525930e-01
4.965234693082255513e-01
4.934691569506256537e-01
6.704215692507582425e-01
8.078515021873906576e-01
7.784195400058231407e-01
5.419438326055737720e-01
6.361981242343821563e-01
5.831913288987063959e-01
6.478453676875246536e-01
5.879279268620017929e-01
6.285985380945252610e-01
5.958655082926186397e-01
6.848149103027607598e-01
5.067198207311174318e-01
5.779834212528127679e-01
5.358284293384878438e-01
7.209280092292693620e-01
5.867268856989493742e-01
7.763612810870397229e-01
5.609948183152284606e-01
5.605029141971842321e-01
7.074168439391692598e-01
8.140957615662819391e-01
6.876442400619506845e-01
5.218670164434712211e-01
8.495169837825071735e-01
7.642506963663534547e-01
6.473918452067625173e-01
7.207441934372712522e-01
6.420886735694113501e-01
6.355666085011282274e-01
7.624181602620855314e-01
6.765049433159797676e-01
6.261589113791580230e-01
6.559159270309753431e-01
8.326411474140359426e-01
5.945433661861114771e-01
7.668361081576989813e-01
6.626210293038121701e-01
5.508664062236309222e-01
5.741816975972499071e-01
5.066939254489537525e-01
6.224643670561843534e-01
6.640859219325284668e-01
5.639690527940257603e-01
6.639895637174039189e-01
4.935980409220150911e-01
6.802952702629095905e-01
5.938370863593862570e-01
7.204469904491938026e-01
8.159197652360572484e-01
6.416261158342546622e-01
4.955916884487878704e-01
6.943624689005372108e-01
8.340485265057928643e-01
6.161641292088237964e-01
5.558271996924220026e-01
6.214041795031632898e-01
5.664351351707110904e-01
6.473150956101192399e-01
6.070632401596594008e-01
6.906419484135404296e-01
7.441165929222901543e-01
6.485722196569578823e-01
5.496508610817537610e-01
7.605178094487026197e-01
7.766988221282816740e-01
7.204967638177403044e-01
6.494220762568196914e-01
7.477412364932721767e-01
6.155765695683066419e-01
7.644579738021954896e-01
6.249857049950227061e-01
5.747570171766923641e-01
7.167241195548628152e-01
5.858294089403112137e-01
6.050936603216257037e-01
4.943609975002297707e-01
5.686191178033764837e-01
6.381897760848067591e-01
5.406074991139392383e-01
6.329500127942925269e-01
6.373244124729661175e-01
7.054761286716697555e-01
4.940911438830738467e-01
7.851514853762332491e-01
5.268598292693336127e-01
7.240854705178285666e-01
7.235609390597205204e-01
5.750265364283165814e-01
5.847087531803702998e-01
6.216300060129071881e-01
7.931976216446434691e-01
5.683576052886493146e-01
6.102601949057508968e-01
5.455321345610112393e-01
7.532156657233007868e-01
6.771288593219446650e-01
6.229839383409445652e-01
5.080419745136345311e-01
7.182422914327390995e-01
7.434056885010211779e-01
5.250639119812283706e-01
5.792869007888100663e-01
8.437897259276336825e-01
5.197228586015297802e-01
5.668675245633985060e-01
6.005994114530103234e-01
7.552379319125201995e-01
7.219825792550647048e-01
6.043618155272041381e-01
6.964358938549239930e-01
5.655105328539793419e-01
6.067729501658939428e-01
5.303372389779719143e-01
4.999570644073685344e-01
5.985169871797064722e-01
8.620057762738971840e-01
6.155406436610945109e-01
5.447914706005514418e-01
