-2.744105229231978971e-01
-2.867235702885738702e-01
-2.021055488302868630e-01
-3.786280516712841604e-01
3.399233877113927993e-01
-2.537861791902059627e-01
-2.561229042218756691e-01
-1.730725671220107731e-01
-4.586832512243810278e-01
-2.463745094208549813e-01
7.644687604308423312e-01
-2.740413249358804593e-01
-2.504625242193821433e-01
-2.873607516590608868e-01
-8.150041184979762987e-02
-2.893085094678904956e-01
-2.803279563625459825e-01
-2.476905998412052556e-01
-2.598351652982783255e-01
-1.365470848312428098e-01
-4.685612578641134562e-01
-1.193266988784313781e-01
-3.231314321431872916e-01
-2.602122649325327441e-01
-2.516720309140488832e-01
7.371931524120489687e-01
2.465734076901032190e-01
-2.704361350198420944e-01
6.637346689597940497e-01
-2.406021414628888022e-01
-2.562208168521553642e-01
4.716427217684096562e-01
-2.805904611061796339e-01
-3.076362027237168340e-01
3.245834673743446808e-01
-1.806308443152643828e-01
-4.147091683105054716e-01
-1.372146383491446853e-01
-2.904956714064602652e-01
4.212807309949989087e-01
-3.702922074957881726e-01
-2.376085922924142113e-01
-2.643233809593268369e-01
-2.980187164985022008e-01
-3.231912102653494712e-01
-3.661086007589919866e-02
-3.489921940643760934e-01
7.978632297855445810e-01
-3.067538379014744798e-01
3.304014146450848788e-01
-3.801790253436567180e-01
-1.822125521211511723e-01
-2.582482527483227486e-01
-2.692262906424834901e-01
-3.374104134806564792e-01
-3.106839066116641179e-01
6.875565719142381349e-01
-2.574692010896061922e-01
-4.214670963877761301e-01
-2.516626786309272279e-01
-3.983765986074360166e-01
-2.906984654926608735e-01
-2.743778847787219366e-01
-2.372516200747459836e-01
-1.150770937246139991e-01
7.063344315867630119e-01
3.509369033237425550e-01
-4.572186455885253742e-01
-2.640818543263053764e-01
-2.687892762183237694e-01
-2.715544604452854727e-01
-2.805687050674816607e-01
-9.716815784110890974e-02
-2.827708441380523685e-01
-3.231524916255835156e-01
-2.868765555654579913e-01
-4.569192725615415784e-01
-2.626619815988947559e-01
-1.682213305348025378e-01
-2.577680894042152504e-01
-2.853421873316802637e-01
-3.234082013575096393e-01
-3.546026369126383249e-01
-2.807234464301145982e-01
2.319790037375812908e-01
-2.725927007819993753e-01
-3.231425750601892299e-01
4.701876198165375054e-01
-2.085259929645586485e-01
-4.341724178026216130e-01
-5.016075149978563297e-02
2.625747272897020479e-01
-3.942416815029398114e-01
-1.522314513805121117e-01
4.796791958758559460e-01
-2.670614840430626247e-01
6.336652830855326046e-01
-2.256826607705043342e-01
-4.172762080147096597e-01
2.160543595592142596e-01
-2.875585098238275239e-01
-2.191282308862948502e-01
3.875210711982289835e-01
-2.649308764721739484e-01
-2.815287636504281710e-01
-2.618698339706034273e-01
-2.968655095349364559e-01
-2.886179734262799279e-01
-4.256054124766355251e-01
-3.140043576961278893e-01
-2.914716659812592869e-01
-3.511947893141424970e-01
-2.255756773058544828e-01
6.858092759099131130e-02
3.784496485941611366e-01
-3.729656914311869631e-01
-4.659810114011461168e-01
-1.327123710328498851e-01
-4.378577477083561709e-01
-2.427598461916306849e-01
-2.604574274956510949e-01
-3.416836966517901031e-01
5.082445601264959367e-03
-3.038668473080580745e-01
-2.741090513006487761e-01
-3.417556864583056742e-01
1.234605730669966345e-01
-2.976307639634416802e-01
-4.062682827330210689e-01
-2.814096506155134847e-01
-4.127506695314340224e-01
-2.865067039297530815e-01
-1.290198305387068034e-01
-4.774649749718092306e-01
-3.058413011326716058e-01
-3.359522687195699575e-01
-2.498816556997084937e-01
-2.816358555206777692e-01
7.091205864325752506e-01
-2.729976377181581593e-01
3.201656519213249563e-01
-2.332569602875038117e-01
-3.778146427216024783e-01
-2.737819217797839988e-01
-3.584802272613449303e-01
-2.571372295249643170e-01
-2.729996708016265705e-01
-2.829902873755696935e-01
-1.374071892333750267e-02
6.577026927925158084e-01
-2.716273306762765349e-01
7.978346244345209115e-01
6.241847093598641427e-01
-1.782357065354093495e-01
2.555578797101365485e-01
-2.793535032337201018e-01
-2.081743183136029185e-01
-2.925159230837792168e-01
-3.207603767305594045e-01
8.363225215667574597e-01
-3.405857558887749881e-01
-1.697379047942535468e-01
5.845970020930500999e-01
-3.840567134002164096e-01
-1.608524463295905316e-01
8.269387136251402648e-01
-4.481481854143894439e-01
-3.317229167730961215e-01
-2.583552398253542437e-01
-3.168907463531759894e-01
-1.479694553424565628e-01
1.821545838844638165e-01
-3.576005246154628781e-01
-3.345814458184667162e-01
-3.088764371815288512e-01
-2.699741280796991716e-01
-2.829068006453997475e-01
5.096871064228865045e-01
-2.331163961084496139e-01
-3.477513872052978572e-01
-4.492463587075782860e-01
-1.865190517656310498e-01
4.692648089179839443e-01
-3.092027001381285611e-01
-2.345441409512074027e-01
-1.740172669189090082e-01
-4.181271882693553543e-01
3.558236576194966916e-01
-3.412767297794236931e-01
-3.773939603547311061e-01
-2.246672793144089963e-01
-2.895912925299932161e-01
-2.608661894398064951e-01
-3.134398773858270149e-01
-4.154416748282169780e-01
-2.898947553809101407e-01
-3.106146404523833504e-01
-2.836915738251316044e-01
-2.993376582497190852e-01
-1.443602794291146130e-01
-2.912594983949014504e-01
-2.566067814012586989e-01
-2.165112382759256660e-01
-2.851474698892145776e-01
-4.528248433029069542e-01
-2.645194441026014198e-01
-2.756329375222303368e-01
-3.609655413317758854e-01
-4.777375128277601135e-01
6.554168750159340417e-01
-3.263280031792634706e-01
1.449291189010430692e-02
-2.703569152504418649e-01
-2.689110128204353356e-01
-2.551821317250368981e-01
-2.314224149346261195e-01
-4.439104773364506151e-01
4.794165976300316379e-01
-3.852541469901369364e-01
-3.359343745190752073e-01
-2.298244208801389910e-01
-3.620371774790381858e-01
-1.950862398885879201e-01
-3.795583176270262982e-01
-2.971747548697646346e-01
-3.409077093023836214e-01
6.491452791334283434e-01
-2.939777730454490312e-01
-2.647816843734604464e-01
-3.400068846365419395e-01
-2.394161811137485718e-01
-3.202507845548682175e-01
-4.024367797079237974e-01
-2.370620816686906940e-01
-3.347457734992331235e-01
3.481214883168819441e-01
-1.353896239456703066e-01
-4.623495898985748864e-01
-1.800224281960847716e-01
4.638866291168058376e-01
-3.845093343164758259e-01
-2.415024202205427462e-01
-2.112894545837746274e-01
-2.834164432209197448e-01
-2.877834670520688087e-01
-4.143303960829993748e-01
-3.796574552473868658e-01
1.276538994199126753e-01
-2.538197053497691646e-01
-2.363301096064618356e-01
7.705666498329390990e-01
-2.835022524469210659e-01
-2.653896678052179436e-01
-2.225185357652684770e-01
-2.708811443333714042e-01
-1.518422829037267274e-01
-4.452475452966374037e-01
8.587619908394681367e-01
-1.473286999305759848e-01
-4.734642906904038551e-01
-1.699384120590358149e-01
8.057143334996507145e-01
-2.458998110946349902e-01
5.583053488115476970e-01
-2.594667608829420713e-01
-3.064842432836470953e-01
-3.178808692179563300e-01
-4.881915660476354724e-01
-1.982467578751170856e-01
-3.132739496535756341e-01
7.391740924001360957e-01
-2.987095263081761543e-01
7.111674808499438560e-01
-2.723021529904238180e-01
-2.406329271510695422e-01
-5.814660033160076735e-02
7.087569332062862437e-02
2.052604533563216482e-01
-2.282741505389421777e-01
-4.533016492315362633e-01
-2.073047028362806909e-01
-3.789690902528946581e-01
6.637116555400091045e-01
-2.746595384940447859e-01
3.933739409374923390e-01
-2.583948529745546674e-01
-3.769656456785973608e-01
-1.917380029148296749e-01
-2.126042071658155175e-01
-2.986600681837582871e-01
-2.624403241528781017e-01
-1.965682128589159583e-01
-3.252147150136246445e-01
-5.012277052109415099e-01
-2.153677049579897362e-01
-4.498166221856364499e-01
-6.790353572755819522e-02
-9.815945258762949488e-02
-3.201474146222925143e-01
-2.635525529054952298e-01
