-3.570320748790767329e-01
5.568005181938659454e-02
-5.582792817282342668e-01
-5.469059118377851414e-01
-5.518020241450367624e-01
-4.523232992983396983e-01
-3.380353626682373047e-01
-4.397397626084803557e-01
-1.627968624600978631e-01
7.991740105315497944e-01
-5.323585996362740769e-01
-2.056114065831627924e-01
-4.151621110757629518e-01
-7.616731430260020863e-02
-5.288827689697667145e-01
-4.781995940920069632e-01
-5.467690842506298665e-01
-3.358102260287048058e-01
-5.623944559369495888e-01
-4.785279760537156646e-01
-2.030007186418435472e-01
-4.540260980654194367e-01
-3.783026135504179432e-01
-2.419543320811707310e-01
-5.160844440984266868e-01
8.034207406726641132e-01
4.363276201931605702e-01
-5.592486043807149976e-01
-3.229138925389004600e-01
-1.987479855556917308e-01
-3.724870492662326615e-01
7.597703701169971069e-01
-5.522323929731247638e-01
-4.829318745674435753e-01
-3.841105732110890458e-01
-4.770559243355353973e-01
-2.789263716590489328e-01
-4.889619316257998172e-01
-4.500999313531505175e-01
-5.010749261231555174e-01
-5.466422152340670859e-01
-4.598974931012037581e-01
-3.795811492708943691e-01
-4.791067668125107426e-01
-5.604539385704476739e-01
-4.313828435064374078e-01
-4.127746340913694412e-01
-3.380668215835285761e-01
-2.792209298993532096e-01
-3.676489393122113203e-01
-5.523659100465019289e-01
-3.803767884846772640e-01
-4.571618993146421284e-01
-5.259786886405029005e-01
-3.435792712805063598e-01
-4.120499136696660347e-01
-3.587660701971764343e-01
-5.332776107558389045e-01
-4.741487278569530561e-01
-2.560494497965817851e-01
-1.772620545638974865e-01
-5.543308423157160547e-01
-4.355019640978029516e-01
-2.375327132186119683e-01
-5.257182063462103594e-01
-4.212481055444644573e-01
-2.297626474475485403e-01
-3.513690175115891101e-01
-2.133086676224688616e-01
-4.842443819736111932e-01
-3.211438617316784705e-01
-4.034974221243916026e-01
-4.098415371711214283e-01
-4.043498450370204278e-01
7.774557073285797149e-01
-2.609505624929929213e-01
-4.195808995111997564e-01
-5.346401306674156695e-01
-4.914267862149861443e-01
-3.722759928526038209e-01
-2.609841180364115276e-01
-4.185753874234220406e-01
-1.725889380671056239e-01
-4.230499735839692299e-01
-5.330850609390535011e-01
-3.431508671392980991e-01
-3.111616118429874067e-01
-4.614703757943843798e-01
-3.811247972942790607e-01
-2.291937866966427539e-01
-4.209203236018420613e-01
-3.416938911540619572e-01
-3.004005777488757412e-01
-5.385948685274934977e-01
-5.326290644494129367e-01
-3.656103124096861112e-01
-2.385628472411047141e-01
7.997931242214685321e-01
-3.825864665414497323e-01
-4.310239849355421704e-01
-2.754119609768261312e-01
-3.841776738227247745e-01
-2.954782253056834063e-02
-4.997900644080968124e-01
-4.973493025480170693e-01
-2.955039597851316091e-01
-4.908567041341154180e-01
-4.857942237895905291e-01
-5.540915346760237892e-01
-5.547590330948246606e-01
-5.486725094901057087e-01
-2.854063174912356837e-01
-5.125154032931402703e-01
-2.515228627078754386e-01
-2.527782879894664991e-01
-2.372943093927067648e-01
-3.603777003851944549e-01
-3.079617528047647879e-01
-5.346340588871723032e-01
-3.352223787713717318e-01
7.959866381191282869e-01
-2.464940860043228765e-01
-4.633499705114055844e-01
-4.852832892075756299e-01
-4.325645650503555650e-01
-3.069565804416770627e-01
-5.131856870000974791e-01
-5.525107655637581106e-01
-3.894089243520139632e-01
-1.393842108525452927e-01
-4.413823072274321024e-01
-2.083940728556906707e-01
-4.664721698563492058e-01
-4.427754959903406062e-01
-5.522721283732983100e-01
-3.191353182904660413e-01
-4.344739717926634492e-01
-4.587316687606445287e-01
-4.264536485682788314e-01
-4.768127323807758722e-01
-4.500614887188817970e-01
8.030699512179604316e-01
-4.584630687463171483e-01
-2.336464247454312915e-01
-4.482287221191485482e-01
-4.745433576913054563e-01
-4.520770328215774070e-01
-4.474756121374618978e-01
-3.321771172289347263e-01
-3.451582737209993312e-01
-4.243839823322577143e-01
-5.412960873562874253e-01
-5.042254805479088331e-01
-2.826313129566980775e-01
-1.931746818289037382e-01
-2.670178169442987137e-01
-3.578999135377972651e-01
-4.619441250911434649e-01
-2.936647269601126986e-01
-5.796198908977620023e-01
-4.928879909726776032e-01
-2.250029902671732973e-01
-7.282897136867103050e-02
-4.791340501007032016e-01
5.708111738264587398e-01
-3.535655913524940464e-01
-3.040208043810028737e-01
-4.305760440424877267e-01
-4.784944527686979532e-01
-3.067382018082291384e-01
-3.619346321208642414e-01
-2.229154987006958522e-01
-4.946664576322737927e-01
-2.077643868888390533e-01
-5.405848977080033313e-01
-5.352471242029921417e-01
-4.281203395473708317e-01
-3.744643165459501932e-01
-4.503194055179982058e-01
-5.120956367395224085e-01
-3.792571986321173760e-01
-5.419627200224947927e-01
-4.618843051171235281e-01
-4.577279332115172239e-01
-3.786531507371762029e-01
-3.317223298045783864e-01
-2.715278108718002237e-01
7.238345291731144160e-01
-3.331218844697205750e-01
-4.825330582554478998e-01
-5.125978880365995582e-01
-3.431456108533467164e-01
8.543171893009008366e-01
-4.124124579471524221e-01
-6.154311426031329468e-02
-5.650570406320020167e-01
-3.823517775340662395e-01
-2.808248390041899745e-01
-5.187753990285559613e-01
-4.506681889350100390e-01
-4.276398206003449998e-01
-4.705969776967610096e-01
-1.375306810393841506e-01
-5.398880355121081775e-01
-1.511874575952617261e-01
7.581192730917195588e-01
-2.679038640811565730e-01
-5.489656886396968583e-01
-5.186848017492164953e-01
-5.673418654414736917e-01
-5.494367321640818425e-01
-3.832258830966048802e-01
-4.798879727730586686e-01
-5.156105329646620827e-01
-4.826200908210338536e-01
-4.745614570862145554e-01
-7.733603137776025316e-02
-3.391116506713948153e-01
-3.127384648767575492e-01
-2.794287842455688287e-01
-4.942674210908696297e-01
-4.813714477684988280e-01
-5.630950446659646058e-01
4.503067290407882228e-01
-3.121028781114976725e-01
-7.418020990781676316e-03
-4.910001898195882619e-01
-3.983562115098038259e-01
-3.860103114926952683e-01
-1.348991649227699041e-01
-4.482569369322755848e-01
-3.926944054462514488e-01
-5.494533652837766402e-01
-1.242994131226576454e-01
-3.392119323248140583e-01
-2.573578475301305790e-01
-5.480158644049795136e-01
-3.210979764960407712e-01
-5.064714455563860129e-01
-5.322969839959751370e-01
-2.510362020563269292e-01
-4.644253114639882440e-01
-3.942800806181560036e-01
-3.635827770442657259e-01
-2.149266339873827369e-01
2.567874908408657730e-01
-5.256886610413579186e-01
-3.114432963658815279e-01
-2.883730529416094202e-01
-3.463424134096416140e-01
-3.661742712945376121e-01
-2.778558227812428782e-01
-6.109966574238154952e-02
-1.459097741709157181e-01
-2.545337501101552213e-01
-1.205369118363264352e-01
-3.933709106506023678e-01
-4.208455191640148030e-01
-3.759387757285156950e-01
-4.254042099650880981e-01
-4.496311808262843934e-01
-5.321651587680826800e-01
-5.051129594468203310e-01
-2.154734468180322937e-01
-5.276868035201024432e-01
-1.764410611834674458e-01
-2.432490337961986104e-01
-5.692986176882127713e-01
-4.925976891763803600e-01
8.127111105493226018e-02
-5.147280014963404593e-01
-5.026015488879416182e-01
-5.411692957430991324e-01
-1.013076714848207965e-01
-3.512149322267218432e-01
-5.562466352353196974e-01
-3.323868140779223102e-01
-3.689411366007140369e-01
-4.689867064939020058e-01
