2.229968596100027622e-01
2.229968596087914534e-01
2.229968596420200677e-01
2.229968596250611612e-01
2.229968596494609212e-01
2.229968596064174913e-01
2.229968596390665136e-01
2.229968595905643114e-01
2.229968596182310692e-01
2.229968596091497224e-01
2.229968596032008143e-01
2.229968596409613590e-01
2.229968596127059333e-01
2.229968596276378501e-01
2.229968596030775241e-01
2.229968596247052792e-01
2.229968596019025751e-01
2.229968596317356000e-01
2.229968596049680951e-01
2.229968596307425055e-01
2.229968596241334866e-01
2.229968596224491950e-01
2.229968596162537620e-01
2.229968596036549511e-01
2.229968596210218923e-01
2.229968596300067052e-01
2.229968596124861646e-01
2.229968596203160125e-01
2.229968596230312849e-01
2.229968596346520171e-01
2.229968596245616719e-01
2.229968596358948563e-01
2.229968596497355904e-01
2.229968596301435402e-01
2.229968596208454223e-01
2.229968596468961395e-01
2.229968596077073484e-01
2.229968596066410347e-01
2.229968596323863850e-01
2.229968596302068229e-01
2.229968596221752197e-01
2.229968596174377593e-01
2.229968596294742977e-01
2.229968596296598438e-01
2.229968596215504695e-01
2.229968596370920375e-01
2.229968596041812523e-01
2.229968596244160661e-01
2.229968596494682487e-01
2.229968596338741393e-01
2.229968596161693850e-01
2.229968596280983983e-01
2.229968596428405503e-01
2.229968596255076374e-01
2.229968596326061259e-01
2.229968596226080402e-01
2.229968596546024195e-01
2.229968596233069533e-01
2.229968596256079461e-01
2.229968596232022593e-01
2.229968596260356595e-01
2.229968596425201399e-01
2.229968595982480539e-01
2.229968596519956991e-01
2.229968596438383077e-01
2.229968596340721754e-01
2.229968596376998013e-01
2.229968596114136892e-01
2.229968596353633647e-01
2.229968596257351221e-01
2.229968596199961017e-01
2.229968596333344599e-01
2.229968595965677869e-01
2.229968596225589683e-01
2.229968596177930862e-01
2.229968596369450440e-01
2.229968596152915317e-01
2.229968596121806867e-01
2.229968596126624125e-01
2.229968596404490189e-01
2.229968596334925002e-01
2.229968596273762538e-01
2.229968596253432134e-01
2.229968596187005547e-01
2.229968596322642604e-01
2.229968596294650274e-01
2.229968596162943684e-01
2.229968596254852109e-01
2.229968596059450081e-01
2.229968596161410743e-01
2.229968596400516978e-01
2.229968596161112648e-01
2.229968596247551005e-01
2.229968596494431021e-01
2.229968596163059980e-01
2.229968596289993443e-01
2.229968596256090840e-01
2.229968596395609792e-01
2.229968595985106772e-01
2.229968596239103595e-01
2.229968596225753996e-01
2.229968596393128999e-01
2.229968596317902230e-01
2.229968596240664847e-01
2.229968596386469604e-01
2.229968596354765797e-01
2.229968596162686945e-01
2.229968596166590489e-01
2.229968596111989720e-01
2.229968596165057271e-01
2.229968596411414650e-01
2.229968596434094563e-01
2.229968596263730007e-01
2.229968596288233462e-01
2.229968596482830856e-01
2.229968595945657772e-01
2.229968596018372662e-01
2.229968595746942839e-01
2.229968596269978065e-01
2.229968596468960840e-01
2.229968596108845569e-01
2.229968595994528680e-01
2.229968596168109274e-01
2.229968596409770965e-01
2.229968596238870726e-01
2.229968596419333871e-01
2.229968596399382053e-01
2.229968596229119915e-01
2.229968596448808626e-01
2.229968596185971652e-01
2.229968596203023290e-01
2.229968596309268580e-01
2.229968596244275569e-01
2.229968595970274470e-01
2.229968596259467029e-01
2.229968596321835750e-01
2.229968596284923055e-01
2.229968596265109182e-01
2.229968596029681671e-01
2.229968596209369047e-01
2.229968596379797163e-01
2.229968596163671712e-01
2.229968596490394805e-01
2.229968596180015306e-01
2.229968596250704871e-01
2.229968596360634714e-01
2.229968595802739317e-01
2.229968596193748764e-01
2.229968596379553469e-01
2.229968596101714884e-01
2.229968596120496249e-01
2.229968596198332320e-01
2.229968596417605808e-01
2.229968596118222235e-01
2.229968596479258713e-01
2.229968595941614340e-01
2.229968596338016418e-01
2.229968596288636473e-01
2.229968596174402851e-01
2.229968596188048602e-01
2.229968596302477624e-01
2.229968596184503105e-01
2.229968596026281613e-01
2.229968595958908006e-01
2.229968596165946559e-01
2.229968596219372157e-01
2.229968596202003550e-01
2.229968596237129619e-01
2.229968596298992356e-01
2.229968596452306107e-01
2.229968596250513913e-01
2.229968596241737600e-01
2.229968596336349695e-01
2.229968596405460524e-01
2.229968596360974442e-01
2.229968596407777559e-01
2.229968596252615287e-01
2.229968596338900155e-01
2.229968596155842420e-01
2.229968596310295537e-01
2.229968596159767336e-01
2.229968596018681581e-01
2.229968596044639983e-01
2.229968596401261105e-01
2.229968596115992907e-01
2.229968596102731015e-01
2.229968596381842194e-01
2.229968596021356109e-01
2.229968596368652745e-01
2.229968596085030730e-01
2.229968596493175081e-01
2.229968596017914695e-01
2.229968596373002321e-01
2.229968596033814476e-01
2.229968596087990584e-01
2.229968596206981513e-01
2.229968596276766801e-01
2.229968596329168495e-01
2.229968596178319717e-01
2.229968596324062302e-01
2.229968596313979257e-01
2.229968595904728290e-01
2.229968596172236805e-01
2.229968596409100945e-01
2.229968596228396049e-01
2.229968596299579109e-01
2.229968596435550343e-01
2.229968596138398595e-01
2.229968596489682320e-01
2.229968596204857378e-01
2.229968596006313419e-01
2.229968596124178581e-01
2.229968596505712830e-01
2.229968596403754943e-01
2.229968596270025805e-01
2.229968596299832795e-01
2.229968595914372520e-01
2.229968596413837711e-01
2.229968596360910882e-01
2.229968596061400188e-01
2.229968596094854538e-01
2.229968595973281786e-01
2.229968596459941388e-01
2.229968595972887102e-01
2.229968596308643525e-01
2.229968596222582367e-01
2.229968596102189504e-01
2.229968596421493809e-01
2.229968596172018924e-01
2.229968595840031709e-01
2.229968596158906635e-01
2.229968596476415710e-01
2.229968596120789903e-01
2.229968596189920160e-01
2.229968596336395215e-01
2.229968596323419483e-01
2.229968596422496896e-01
2.229968596273345927e-01
2.229968596361038280e-01
2.229968596204426889e-01
2.229968596482334586e-01
2.229968596264154668e-01
2.229968596281766691e-01
2.229968596546213766e-01
2.229968596338827436e-01
2.229968596320187069e-01
2.229968596155383342e-01
2.229968596157399507e-01
2.229968596102062661e-01
2.229968596182535789e-01
2.229968596032924633e-01
2.229968596305473560e-01
2.229968596179360829e-01
2.229968596457880814e-01
2.229968596054994201e-01
2.229968595979665569e-01
2.229968596253591451e-01
2.229968596058048980e-01
2.229968596418391291e-01
2.229968596135972203e-01
2.229968596155447458e-01
2.229968596381282642e-01
2.229968596184123408e-01
2.229968595978920609e-01
2.229968596039697826e-01
2.229968596172446360e-01
2.229968596263509351e-01
2.229968596247542956e-01
2.229968596090383115e-01
2.229968596153782123e-01
2.229968596436212591e-01
2.229968595915993168e-01
2.229968596169257800e-01
2.229968596251009072e-01
2.229968596106929324e-01
2.229968595869949999e-01
2.229968595665101638e-01
2.229968596329532371e-01
2.229968596120190383e-01
2.229968596213379173e-01
2.229968596087325838e-01
2.229968596128327485e-01
2.229968596065651232e-01
2.229968596188555141e-01
2.229968596279350568e-01
2.229968596266632685e-01
2.229968596434757089e-01
2.229968596163418026e-01
2.229968596052578078e-01
2.229968596175943563e-01
2.229968596167847539e-01
2.229968596299218564e-01
2.229968596258778413e-01
2.229968596430566274e-01
2.229968596442622741e-01
2.229968596403710257e-01
2.229968596279633397e-01
2.229968596215570475e-01
2.229968596192888342e-01
2.229968596320903718e-01
