-5.334204171490363189e-01
8.652859557067573704e-01
7.682476185531861290e-01
8.064056871762946832e-01
-1.793369233586380451e-01
7.964699054922714794e-01
-3.525786521196898615e-01
-1.897474394939134001e-01
6.394555398310801664e-01
-3.257239792433080927e-01
8.361708644597721785e-01
3.041179462932842026e-01
4.772167112649647325e-01
8.062195552106423690e-01
9.269611216920392582e-01
9.128231166334396240e-01
9.155535870416224853e-01
-2.718192648703944836e-01
8.240571955418303229e-01
7.102354051112613753e-01
8.270980994721104373e-01
7.191546156262004219e-01
8.844319404147991115e-01
-5.692809938031779815e-01
1.810964884338396585e-01
9.178488104439972428e-01
9.119125313112320663e-01
8.666949272700265050e-01
8.882226443432343910e-01
-1.227643754598600201e-01
-2.840251460857337595e-01
9.103614114617094577e-01
-3.722353566434662142e-02
8.358393865532685041e-01
7.585726757611441773e-01
5.553890847822189336e-01
4.282209231521221793e-01
8.825676410287659479e-01
3.698089348032033152e-01
8.598718254252504245e-01
8.848890194472831539e-01
8.701936929716372893e-01
4.128908807057387609e-01
6.979157268033597816e-01
9.539710836206427569e-01
1.417882009947552813e-01
-4.714517860475672117e-01
3.452858731184844654e-01
-2.404436805346791828e-01
-3.028152654826897772e-01
9.303388875493849852e-01
6.900339876950329909e-01
-2.121577223781745403e-01
6.504987644562210125e-01
8.767817503963251102e-01
8.348573348016450346e-01
-8.328998559219213949e-02
7.762013186624006078e-01
9.037272649478979014e-01
8.966928412958873329e-01
8.795602516354569245e-01
-1.421865225426490187e-01
-2.155592273212040555e-01
-1.819276793685777882e-01
1.929386857430794855e-01
7.479115764983734760e-01
3.596346291671791429e-01
8.896667973100164106e-01
6.748095946806076384e-01
8.924341418213401766e-01
7.084159376703640376e-01
2.071933872965373014e-01
2.478005856165954590e-02
9.129632001452396839e-01
7.695244151214333250e-01
-5.929509838044366710e-02
8.872877690809221063e-01
6.083502092642248948e-01
7.026704761232891450e-01
3.031105243008737349e-02
8.567214451787348306e-01
-1.114668457263362777e-01
8.973063904667100132e-01
6.029965386096165503e-01
-2.923210454492286559e-01
-1.547952667874108734e-01
8.734525666732084748e-01
7.297183797256368010e-01
8.390130907932798199e-02
7.864243479625097066e-01
1.616983389536940652e-01
6.790867904637731822e-01
9.246835355780422816e-01
-3.517703845895870374e-01
8.885362624777699558e-01
8.732818000843824979e-01
9.051278851912676338e-01
1.655063335991138473e-01
-5.269144717081959417e-01
6.258851069207613804e-01
8.298840705735255341e-01
-1.620043661162593740e-01
-3.113871711211982363e-01
9.140699646089599506e-01
6.093340751053053506e-01
4.907559457440303086e-01
7.601893313794158002e-01
9.299952014441497106e-01
4.732324596649338799e-01
9.363377472785745503e-01
-1.105130408822437849e-01
-1.558150551608128154e-01
8.542339421645748221e-01
7.251915875777898979e-01
-1.845045325557756744e-01
5.389421552984162700e-01
5.433618205816663771e-01
8.164477002987441390e-01
7.277039303602592657e-01
-1.276967236511168946e-01
7.583669559462252741e-01
-1.838815108340989546e-02
9.087748512436135684e-01
-3.521028783320130362e-01
-6.719483160434527869e-02
-6.302352292810387002e-02
-2.244378362616806510e-01
6.733386857734759978e-01
-2.342478074146789324e-01
8.227694650745918103e-01
4.024098170915529349e-01
7.769623400880396602e-01
9.035233463192400283e-01
-1.369965909735300635e-01
6.985589535694656238e-01
9.360255124384739833e-01
8.268183045421007016e-01
9.078280792724622295e-01
8.943808603010710012e-01
7.164453629230492782e-01
4.150872700278742666e-01
9.031066905000453282e-01
3.581434028081149634e-01
7.602767083502366408e-01
8.301498752576641493e-01
3.131954566569059711e-02
-4.396145341840005938e-01
9.014682728323835104e-01
4.823317146652720266e-01
9.163376764084250059e-01
-2.078996463553469676e-01
8.584471747094852834e-01
8.195501875325990060e-01
-5.265760810738503439e-01
-1.944110136965221391e-01
6.933504665454705285e-02
8.961475120359331248e-01
5.875494767040411181e-01
8.898117026005452068e-01
6.445875515056775917e-01
9.237192734984898124e-01
2.188377091207603098e-01
7.715063657247394069e-01
8.124906791764283653e-01
6.665081863566234555e-01
-5.589166159265559486e-01
1.005142930161183612e-01
7.594174662978262491e-01
-1.538968314532820902e-01
-2.408136913100795695e-01
5.474697893779639779e-01
5.482567962374075288e-01
6.909629863237246039e-02
-1.249862459658771241e-01
-1.581470232878775528e-01
7.126005747171705318e-01
8.297249100010303247e-01
7.581972104527048284e-01
9.063705030562579923e-01
8.049901030941810642e-01
5.636004607910193309e-01
-5.002571396041474161e-01
6.747315076131235045e-01
6.032796618784332932e-01
4.179314411580085098e-01
8.820074024233111043e-01
3.430373602970874236e-01
4.612242607794757587e-01
8.861331092142556987e-01
7.198823656356818645e-01
5.739791551662958291e-01
8.722077722707641811e-01
8.820115803235293317e-01
3.389932527074396296e-01
7.841124869944877673e-01
8.993297755106819391e-01
9.039158702002675350e-01
5.104838520372300126e-01
8.978517072181345648e-01
7.773957134484763554e-01
9.085490713520273376e-01
6.266128077928523332e-02
6.233014843456301524e-01
9.003119862158377451e-01
5.328083946973123375e-01
6.997153013788166565e-01
-2.034904280633480222e-01
8.129202415998681985e-01
-7.242675807085120765e-02
9.149988215558071403e-01
8.777603500853770058e-01
7.314291015639711180e-01
-2.712658243707623540e-01
7.088524165896901152e-01
8.127988779939503416e-01
6.132644943770535484e-01
-4.707379524141424576e-01
-4.134830070317607742e-01
6.854871329617432396e-01
-4.225768843876106517e-01
2.517418046059328729e-01
-1.887416215895288407e-01
-1.959880664921437032e-01
5.742187658841431397e-02
9.198601982631640084e-01
8.434920385373185781e-01
7.704641702557897265e-01
3.730836162304557169e-01
4.959979440061546008e-01
3.709096639341080692e-02
8.774353569782054052e-01
2.507590326048213525e-01
5.399876663644816999e-01
8.800960960328642058e-01
-8.688245893959324617e-02
8.032473330910281373e-01
-2.432751344447661168e-01
6.479318848153798882e-01
1.343911945707140787e-02
7.558856051461928516e-01
5.113170713032699766e-01
7.430268105397282996e-01
-1.897641985209585491e-01
-5.881549597472653795e-02
-2.093316570550887157e-01
7.900091737403878156e-01
7.457622163152648476e-01
7.681503086462491137e-01
-5.044636468986125610e-01
9.251761322235472207e-01
8.564667953298870096e-01
6.459053321472916220e-01
9.013450413759555024e-01
-2.069030496829661336e-01
-5.383158579041660285e-01
1.001662115221563926e-01
8.925993902380464640e-01
8.145762062889396748e-01
-1.666965767633708240e-01
9.160412385505010135e-01
7.717387612818888964e-01
3.857379832681122611e-01
7.865291087843599982e-01
8.421631050642544025e-01
6.493755943702179678e-01
7.776755429228727756e-01
2.855419516719088779e-01
8.656687045322507545e-01
5.236852811598859125e-02
8.982838274870849071e-01
-1.658824687313050494e-01
-3.534739528956173937e-01
8.191829640014243186e-01
4.705754225192285145e-01
7.574735330517652354e-01
1.403878827089470871e-01
5.463837524719309391e-01
8.062625799071523325e-01
-3.052259814266304883e-01
8.320315895458921807e-01
1.188094014473179971e-01
6.332307075891552284e-01
-4.149285374366373236e-01
7.222586147992093863e-01
8.954445237664991897e-01
8.833629459189358268e-01
-2.462320395643616266e-01
5.628304880032746205e-01
-4.764831574710038375e-01
6.005541026796044068e-01
8.297123857385004797e-01
9.281796435327601680e-01
9.192041605843356278e-01
-1.845837524091445414e-01
-1.335882516814838328e-01
-3.184062643566827333e-01
5.911734274627866714e-01
8.614878258239391240e-01
8.769593016866292778e-01
4.941787469174074299e-01
