7.804111662784527503e-01
7.132237237656222639e-01
3.192175875850907785e-01
3.241364398725178342e-01
8.273009743663028992e-01
7.274912117348771856e-01
7.824558839223060280e-01
9.659558008274807817e-01
9.093246299017585521e-01
9.663169769819653920e-01
7.646032857097042612e-01
3.951082409673655205e-01
8.001237525426601049e-01
7.323099387168912067e-01
2.200471558756667001e-01
3.260914690859106901e-01
9.078522472656574971e-01
8.268928959020050984e-01
2.980661071287121766e-01
8.684166008812694848e-01
3.387003881442828823e-01
7.788425563684544528e-01
2.472377885370226624e-01
7.375468628055792397e-01
4.973190873651234245e-01
3.354842073544522796e-01
2.039339425632980540e-01
9.793985662985607021e-01
1.951539693865843583e-01
8.459076715671451918e-01
1.884599267717057547e-01
9.362214057918601950e-01
7.908923476887523840e-01
7.492766302862099437e-01
9.509842371882490930e-01
2.308462563247042354e-01
1.928636554754298293e-01
3.147557543432885074e-01
4.586968984567506569e-01
1.563299431627849512e-01
3.281170848950042407e-01
2.383087029985130889e-01
9.605468666615866180e-01
9.266651928701494789e-01
3.351685176354329276e-01
8.334956208041752745e-01
1.883230048172233329e-01
4.198276949901900701e-01
9.628867276841113210e-01
8.220656092579179397e-01
3.298774479610754873e-01
7.655870824549606546e-01
4.261803548236223760e-01
1.131911325152132469e-01
3.325699246537432985e-01
8.259836878763182622e-01
8.006469105738841519e-01
7.893626350807532166e-01
3.320396926642808499e-01
8.521588000804621865e-01
3.042762601690474078e-01
8.893907745054767666e-01
2.385280201716296344e-01
8.056867819850438428e-01
4.382364884291143348e-01
5.297026107804293088e-02
3.765190809300669739e-01
8.115436217373434014e-01
4.640211834686696069e-01
3.151666881653606422e-01
6.398345732983309886e-02
9.829421808369003255e-01
9.466076901360662710e-01
9.411819092869277981e-02
9.032941283169640956e-01
7.977272995978204051e-01
1.753714471708004430e-01
7.939925150541613519e-01
1.095082297031723662e-01
8.255509468830092290e-01
3.430539265397893889e-01
8.250278107230941682e-01
7.980515871967948094e-01
8.917005212928370561e-01
8.898186231763673959e-01
7.973786710572896563e-01
2.968401057873919502e-01
2.724450474149118229e-01
1.053266201001829827e-01
2.315619707013729656e-01
8.257581059496925668e-01
9.188609688648852192e-01
1.516808161352751205e-01
8.008131416464089325e-01
8.009292766056879120e-01
2.182618781941890740e-01
3.408560609096198957e-01
7.977563234062687858e-01
8.173731558236639883e-01
6.801015067205776199e-02
2.206661887055590965e-01
7.957929716190742520e-01
9.071878249512459469e-01
8.003860162757852059e-01
4.434873453313434855e-01
4.305564773072700913e-01
2.056618770697322685e-01
7.408344766660726055e-01
8.238568535760915079e-01
7.470462342262594868e-01
7.941767045259113811e-01
8.217861450346346519e-01
5.939414390677649758e-02
1.269750008207208569e-01
7.805673996423059258e-01
7.959397761008744077e-01
7.722745959648426028e-01
3.286062331805721937e-01
9.079565875780739592e-01
7.898034667668738518e-01
9.329002375452801754e-01
1.002014616855697177e-01
3.254599407559405355e-01
3.853106630065987470e-02
7.181620899676249836e-02
2.182093297380814367e-01
7.246754612054744360e-01
9.272189705757840628e-01
8.143217494758946406e-01
3.181640111285651829e-01
3.781958954589731414e-01
1.880136507999495277e-01
2.205117631846147397e-01
9.559266281841063417e-01
8.784730903646242872e-01
3.185698554306373165e-01
3.378128118680864822e-01
3.182543357463561984e-01
3.217802753430715756e-01
9.374142310682652413e-02
4.904026026421683948e-01
8.148140573513057427e-01
8.021140238391674115e-01
7.429150505035555518e-01
2.368619782761510473e-01
1.008651729210436193e-01
9.583527898520024513e-01
2.797196691756610454e-01
4.579227975939255124e-01
6.770416861083043691e-02
9.631248276008665954e-01
4.664117616197215044e-02
8.045338074243733040e-01
8.018042038077193290e-01
7.909293636802574579e-01
1.406222186393538132e-01
2.785244910049206046e-01
9.404578595307651057e-01
8.289794330696197422e-01
9.274302965289226153e-01
2.990125978569274645e-01
7.998125730517096077e-01
1.151406471684173760e-01
9.044270472441622299e-01
7.805695014163240852e-01
8.274617269971866751e-01
7.971833589902757033e-01
-9.225823076398129152e-02
7.847144339727463169e-01
8.349872024664230230e-02
4.311568479629058204e-01
6.518854998196980943e-02
4.086456953111515245e-01
-8.740855339869335605e-02
8.056036501226423452e-01
9.340348970062996026e-01
7.797231855724371385e-01
4.873253152102742236e-01
3.548018493066729118e-02
-1.001515841314822020e-02
9.094031587449576959e-01
9.069207944172473779e-01
9.041023223932500574e-01
2.118607128483076252e-01
8.175246475171769056e-01
3.217802753430715756e-01
8.011728202159431600e-01
8.052284198854662289e-01
3.140947117950654843e-01
2.367959719092092574e-01
3.304989968060428884e-01
3.095828756634524392e-01
3.190492225276015947e-01
9.396725143363644506e-01
3.217802753430715756e-01
3.217802753430715756e-01
8.098742647546932627e-01
7.973466387008979472e-01
9.389087509334288484e-01
2.138862095546465447e-01
8.243763049227709194e-01
9.736454558594660746e-02
9.067315717485606719e-01
3.333513484544056160e-01
7.596901023371410711e-01
1.282048102652495192e-01
8.042812947540090018e-01
7.417894859703805244e-01
4.169547470283593293e-01
3.217802753430715756e-01
7.561215241376686436e-01
2.036683516816766570e-01
8.052841376844719345e-01
4.030281212337334384e-01
1.311618558011400648e-01
9.270796952073501185e-01
8.342973730831815260e-01
8.020541322975527354e-01
7.881614040657243248e-01
7.381319622318827101e-01
5.302595759130070141e-02
4.347770929960921293e-01
7.998928258418664949e-01
9.835882569871094994e-01
5.061025232641551408e-02
3.217802753430715756e-01
7.961255617345273095e-01
4.332070600145750405e-01
4.312038266118352059e-01
8.069600397477334486e-01
3.217802753430715756e-01
8.165479324552457063e-01
1.593569340678610557e-01
3.708008483876868433e-01
-9.578896603925189657e-02
1.276135421013315507e-01
7.988677908622239254e-01
2.208501129947743891e-01
7.988677908622239254e-01
3.652937517847935078e-01
9.734939684955782324e-01
9.142936092972524520e-01
2.118762399126407348e-01
7.475200994436497215e-01
7.914343942150596778e-01
9.450456547563799159e-01
7.864156304409437581e-01
7.389126203241919155e-01
9.688840137404485242e-01
2.256453588321989390e-01
-8.173605768566673258e-02
4.297577329817431346e-01
5.119049947360720942e-01
7.561429583445806735e-01
9.391729937203158185e-01
7.714514069804425667e-01
2.689271387803463531e-01
7.321907190089061990e-01
9.726472035121823678e-01
7.403285550993796704e-01
7.759939856038206019e-01
2.221285534594140132e-01
7.531362208218849164e-01
3.055572674818651802e-01
8.137768978727812907e-01
7.773554662902144585e-01
4.429283622943241960e-01
3.062671423264968773e-01
2.325611610316328515e-01
3.217802753430715756e-01
7.988677908622239254e-01
6.673983356735180283e-02
9.657974275075094095e-01
4.994630252049945263e-01
9.923637075276268149e-01
7.659968704237534176e-01
2.380309119966125264e-01
2.403633932811624352e-01
9.475953683925499860e-01
2.347161379989425589e-01
9.514183836035272623e-01
7.722489790998166015e-01
2.027224168568112217e-01
4.005679360283539298e-02
2.124800261915437138e-01
3.133674124225301894e-01
7.921919349860118142e-01
7.953038539587797828e-01
9.794582587299677234e-01
8.935564778020791410e-01
3.217802753430715756e-01
3.184614234799473254e-01
8.124160958346572370e-01
9.784120165723285689e-01
7.941149336810637838e-01
8.201349882429930238e-01
-5.935247732521469616e-02
3.341597147013397606e-01
1.993429931491467189e-01
4.477508869496946708e-01
