8.864308168467909255e-01
-4.785346215178392093e-01
8.454133266930198287e-01
8.414938636383579862e-01
9.017027641481136779e-01
-4.331144470220619214e-01
-2.088891937641229046e-01
8.811916583032805006e-01
-4.416361062510186786e-01
9.260544143697393427e-01
-3.903902633345273654e-01
6.692996709102566610e-01
9.077028445286284830e-01
8.278300450928848253e-01
-3.487237059715229959e-02
8.389746722808126833e-01
-3.188354684985926779e-01
8.546856111975928982e-01
8.403334632893015854e-01
-4.299833185842130145e-01
8.473412094093797364e-01
-3.280338125959706974e-01
-1.278212243919712165e-01
8.699330564096070528e-01
6.971855782541980240e-01
8.285463808708448674e-01
-4.250502427330909994e-02
-1.692837146896368772e-01
-1.028827802003675906e-01
9.138685548035677675e-01
-5.855062086888757067e-02
-1.271044720341846790e-01
9.021515604120173837e-01
-4.423717112895966252e-01
-1.096106192030186360e-01
-7.074538191965235034e-02
-5.661472147613580419e-02
8.469964118096771077e-01
6.660743149650453221e-01
-1.155091646471623490e-01
8.502879168484398509e-01
-1.178052797642555327e-01
-1.140388207944540433e-01
-3.925572107670731725e-01
8.401413385262306299e-01
9.145177922827691930e-01
-7.967157979087844538e-03
6.870063073323628977e-01
9.087604968151328233e-01
9.625106122591178259e-01
8.435705579792115438e-01
-4.914643893553182208e-01
6.691057796115577050e-01
-1.450372293140894109e-01
8.474439835811586885e-01
4.669904184020775562e-01
8.094025303148989492e-01
-2.834460771800607626e-01
8.317667686808420946e-01
-1.569278445249590592e-01
8.410369685828904540e-01
8.914688875583121064e-01
-8.899667602001382072e-02
9.101554981745891837e-01
6.227859784373547258e-01
-1.879429222992053394e-01
6.358764948896811209e-01
3.957455838148089822e-02
6.424944739146087880e-01
8.307324591155982318e-01
-1.991182386702750329e-01
-1.051033535694642224e-01
9.415788685754469256e-01
1.967911999508864529e-02
-1.665694551160340486e-01
8.813462517502357318e-01
-4.121234594497745485e-02
8.982161960256902500e-01
2.787526974540230351e-02
8.063405762167450419e-01
8.440020738834712599e-01
7.653235111849781003e-01
8.484408271141048452e-01
-3.662955474866406713e-01
8.906865047543114366e-01
8.704408959116649580e-01
8.354833068257654372e-01
8.376993822298794967e-01
-2.475696080542362787e-01
-9.759841964146302729e-02
8.945701919229716026e-01
-3.569707532277486273e-01
-8.239922914996160308e-02
9.088765073060929289e-01
8.261584831567403420e-01
-7.371125026203440012e-02
8.264380392603636327e-01
9.067584325590882788e-01
9.100901388083459942e-01
-1.829438360476659253e-01
-1.082802295379207275e-01
4.132526043384564252e-03
-3.079683389323904508e-01
8.108967590311941809e-01
6.403497992296974806e-01
6.799372035792135005e-01
-1.287350928482571266e-01
8.417961333966059723e-01
9.082744672394249541e-01
8.242766059149675417e-01
8.101328583586915322e-01
9.097909689385557108e-01
8.275935751837337762e-01
-1.132676002560646239e-01
9.649175127490947634e-01
9.057635012941933628e-01
-2.825361790441316412e-01
8.443758419847016139e-01
-3.282533717995568256e-01
9.022233846497278442e-01
-3.453085450866152928e-01
-2.057566514622517218e-01
8.460167153577018428e-01
-8.047996058701509248e-02
-2.284998622756294340e-02
-6.497369216144083248e-02
-3.144351900402911903e-01
-1.761430891968023826e-01
9.095205126137444473e-01
8.405216567997597643e-01
6.374701236353521594e-01
2.359373731601712917e-02
-8.483387222476566902e-02
8.947649225562517294e-01
-3.924778233158962015e-01
8.299730869505931308e-01
8.523434898282544747e-01
8.419984567298155476e-01
8.449328701573680656e-01
1.951063193831432951e-02
6.767535971553576557e-01
3.914729830366146801e-02
9.102650732513635212e-01
-1.853013660723477618e-01
-6.213193510578175066e-02
-2.045464932781786427e-01
8.997129922080315811e-01
8.456011849145017578e-01
6.193509172368183435e-01
-3.634302853389985710e-01
-7.748034388296470842e-02
8.492450028217154445e-01
8.266135265358789397e-01
1.927787000813193652e-01
9.179703216949075539e-01
-2.261334915104838694e-01
8.550472437574598850e-01
-6.613421143836156757e-02
8.738710744440818523e-01
-2.050346899396189582e-01
8.450133464409258499e-01
8.614491838978874938e-01
-2.013110210534310718e-01
-3.063364291116631444e-01
4.585886940675596990e-01
9.512536961812014802e-01
8.875750734748499848e-01
-1.471609287072875860e-01
9.012541309367787523e-01
-2.042111165689352581e-01
6.512233409139898122e-01
-1.171786277023180306e-01
6.286202479175073687e-01
9.630931853865456471e-01
9.185373220675137063e-01
-2.713677429735634195e-01
-4.913098786650242356e-01
6.869603054683440790e-01
1.288909083910647069e-02
8.347010752556092150e-01
-5.994883159595598698e-02
-1.775499461385815769e-01
-5.501659444685982336e-01
-7.596782388640527239e-02
8.924613703077094451e-01
8.374544283604110628e-01
7.321384836364623894e-01
8.776378628813583660e-01
8.468599108942738152e-01
-1.155809857047538081e-01
7.178377039500443146e-01
8.546769583641002921e-01
8.317650164356125142e-01
8.765836129885599126e-01
8.299485584825747608e-01
8.502941634097640478e-01
9.028932810448730972e-01
7.893788803845860347e-01
-9.083396319947456554e-02
-1.468502137868560875e-01
7.853979353530851082e-01
-1.903552165354512327e-01
-2.703533971631925104e-01
8.495763850869078038e-01
6.365628359897840260e-01
-1.524436268865813071e-01
9.096860846042628124e-01
-3.028338815720850175e-01
6.144573573910803166e-01
8.418144125398270283e-01
-4.323099957168621832e-01
-8.361056802482932926e-02
9.195335858665203421e-01
6.600042455669092867e-01
-1.632439438494205364e-01
-1.686331870573967717e-01
8.776921108969808483e-01
9.656238217971913063e-01
7.033266254123274885e-01
-2.402318778940112920e-01
-1.448592202165027709e-01
6.400533187231649546e-01
9.447752522957841848e-01
9.152074039321780319e-01
8.300708121074433787e-01
8.474898780037989354e-01
8.856335633581529088e-01
6.495632762582075337e-01
6.428218177824150947e-01
1.069809122987511185e-01
8.432771469827864408e-01
8.169348073417208589e-01
-9.762801677789798016e-02
8.326571278883931893e-01
8.809838585318701121e-01
-1.080890881512350382e-01
9.816287099063734090e-01
-8.948795721701771622e-02
8.819204845968628970e-01
6.973193510766924064e-01
-1.101255183088994949e-01
-2.961566053023286238e-01
-7.768889078043124397e-02
9.438428923316870556e-01
-3.607314616689480391e-01
-1.066243308282355529e-01
-2.182575162290739945e-01
-4.094917799851128803e-01
8.903473071896910174e-01
2.553310913902888390e-02
-8.916038562408318269e-02
6.477924707995932341e-01
7.908825724732135298e-02
-3.473141175627095234e-01
8.785621146416757732e-01
9.822489693448757109e-01
8.389263751805707825e-01
-2.814087901805645275e-01
8.742896083994246004e-01
-3.893475705835604539e-01
8.724355806542005709e-01
-6.478466954339480444e-02
-4.671841038352871900e-01
8.359721763359495572e-01
9.047285680718148981e-01
-4.010052273665477007e-01
7.517939582859882730e-01
8.443899786805195706e-01
-1.269202675687629289e-01
8.481907751775994431e-01
8.931909051904586283e-01
-2.184444700369201353e-01
-1.666052469414373849e-01
6.510616712178620702e-01
3.440603027034735972e-03
-4.532823760621308429e-01
-4.462641978276112031e-02
-1.851889506022507542e-03
9.302782210300905019e-01
-1.626241037921837690e-02
8.933236588696003011e-01
-1.652506344059938292e-01
-4.299385290784268898e-02
9.299494735542053470e-02
-1.304752248816915816e-01
8.381051890273116811e-01
9.685426926395628300e-01
8.685349535697513002e-01
9.016170161559335927e-01
-2.847461556184780473e-01
8.357702041530779002e-01
8.385736979234956756e-01
2.742206307268026111e-02
-7.121323313349228745e-02
8.431270085253429469e-01
9.274788532957475296e-01
6.832195881405307425e-01
8.359827502828369727e-01
4.512042903815337638e-03
6.534998041657473777e-01
