-5.728237817308510227e-01
-4.903819797001345293e-01
6.880985954224719259e-02
-5.311310394533929474e-02
-5.920512756080955619e-01
-5.086983705601271222e-01
6.665652806668631580e-01
-8.571123979419961736e-02
7.399421085750919058e-01
-1.046744884853012536e-01
-4.162540297171276049e-01
8.515829674913690805e-01
-5.303817132810655366e-01
-6.771154872536497282e-02
7.133444484932727203e-01
5.234190946033091818e-02
7.303074582131333647e-01
8.748868411455390515e-01
-1.052203774224702848e-01
7.609258633466444710e-01
-2.609002948956996026e-01
-5.065240362294970433e-01
7.033811972084432762e-01
-1.188786392722696456e-01
8.143556074486326679e-01
8.700112108584158455e-03
6.826859645810515742e-01
3.601906127467331409e-01
-1.677122385117238157e-01
-6.157346289096556902e-01
-3.014486853159106250e-01
-8.127969468690775245e-02
8.839589678109183168e-01
-5.327835494302606278e-01
-2.067239925747625107e-01
1.589031815276117088e-01
8.972394485708513612e-01
-8.415582572270149941e-02
8.148852917417759301e-01
8.390103715658109307e-01
3.733244968424939692e-02
7.052548106650398108e-01
-5.059474456251826791e-01
7.325265958403193167e-01
-8.912024336065466068e-02
-6.155960711699595134e-01
5.747076346432262728e-01
8.356234523418039073e-01
-1.248156757633171049e-01
8.515703725117889089e-01
6.400173767798264524e-02
-1.487125655347066311e-01
8.033982860673047899e-01
7.091782420993135716e-01
1.748743695247154811e-02
6.385583401162606698e-01
-6.316779164600910823e-01
-6.043045864778184839e-01
3.859658489955511418e-02
1.663556816002602634e-01
-1.973038524336845623e-01
-1.352320878190354514e-01
1.849803580641168899e-01
9.272672883762658191e-01
8.712397521512638132e-01
6.861093612641924189e-01
8.765514300975544293e-01
-2.500353403240251349e-01
7.861565453067906883e-01
-1.955427254056624903e-02
7.257984633883921566e-01
8.049951922294046325e-01
-7.773109933517623193e-02
6.665652806668631580e-01
7.403999823870237584e-01
-5.805015071043302388e-01
8.451173195541514804e-01
-4.778648258835462848e-01
6.850333524830560794e-01
8.701611232195072265e-01
-5.820952725865864708e-03
7.133308096470480919e-01
-1.811458804158099789e-01
7.474809692084212198e-01
-8.491244860143383477e-02
-4.623618572248110459e-01
-1.119070044347051096e-01
-1.482161908676673245e-01
7.580346960981378945e-01
8.866407501982879191e-01
-5.736924951863431321e-01
7.644954161168994178e-01
7.051710734046748863e-01
8.522580236974739432e-01
-2.067328821072733358e-01
9.271281058362809135e-01
1.593770604393002655e-03
-5.555394178803448879e-01
-5.449033319383880247e-01
7.191197464994555366e-01
8.989728346130765324e-01
-1.901773196238449870e-01
7.304440814493118328e-01
3.922313260375238086e-01
8.866041539216695799e-01
8.400484035711388575e-01
8.908255079231461870e-01
-4.404077030951950023e-02
-5.740816598175646490e-01
-2.337698347104459964e-02
-7.280040864384239307e-02
9.160370333763835360e-01
-5.883195754032361641e-02
7.313363260792502540e-01
8.355594042468008631e-01
-5.553165359012491864e-01
-3.812664412186074214e-01
9.116786477271468861e-03
7.189513023138878189e-01
-5.313477772075976269e-01
7.191197464994554256e-01
7.821490472398334726e-01
7.160173371324471403e-02
9.064466799890749105e-01
5.229902120536495946e-01
4.403560918852447159e-01
-4.757075788065574518e-01
7.178146943698444638e-01
8.648205950539267217e-01
-7.125854270132850332e-02
7.651770160011620581e-01
4.035250779152065315e-01
-2.681265242044903463e-01
-1.512814159464115626e-01
7.306069909117802741e-01
-1.092607155678465974e-01
-5.298300235655856172e-02
-2.207074407923999559e-01
-6.662598361479857290e-02
3.272058983338153038e-01
8.419455440463241569e-01
-2.891201172458502944e-01
-4.884977405221360702e-01
7.152361771347321984e-01
7.876122046558747813e-02
6.780179760084149576e-01
-1.107464430181057391e-01
-8.588450242413658842e-02
7.898084975450596623e-01
7.362832723552257264e-01
-4.780936282162542295e-01
1.178949090521384628e-02
-2.025112959236062826e-01
-4.165895626880564695e-01
-4.478882088259146521e-02
6.914897389181002829e-01
1.453825519785091613e-02
5.176401326174975281e-01
-5.762837398072514494e-01
7.647868319087607336e-01
-1.171987652572149471e-02
-5.626002677996775336e-01
6.905022782787130220e-01
7.191197464994555366e-01
7.091493656173479820e-01
9.044374521266909106e-01
-3.406882114319211841e-01
7.326743005529759989e-01
-4.275704526620352497e-01
7.123459837576104903e-01
8.021131063096262892e-01
7.482603768979773085e-01
8.519185496014320957e-01
-9.832658733672772211e-02
8.841721552294653508e-01
7.056306481454382995e-01
-4.535719151821943074e-01
8.695754368881992713e-01
7.070126187839197440e-01
-5.827334586403096206e-02
-5.059415254814909613e-01
7.447474143190822016e-01
7.467710858730394197e-01
9.365920290669702553e-01
-5.276631387185001243e-01
-6.942277607441522946e-02
7.042028848824020137e-01
-5.213600258230888240e-01
8.669994777766015792e-02
8.933787494390224015e-01
7.130353463784022683e-01
3.905635339636617798e-02
-4.638474432169564093e-02
-8.770490270608313765e-02
-1.182447947268231922e-02
-1.443024717303158233e-01
-1.513172768629125475e-01
8.607626594356345695e-01
-1.602599394256051801e-01
-2.334278875774305484e-01
-1.535700383781634648e-01
6.924334886944305545e-01
7.423285417191824997e-01
-3.663929307800470325e-02
7.855413553264323223e-01
7.073579812407753131e-01
8.934995017828712971e-01
-5.379828506537612798e-01
7.984968549756158440e-01
1.486264627675569494e-02
-4.811908094717832762e-01
6.382342984764889371e-01
8.530300633193970139e-01
8.207237940378557806e-01
6.837220291502379421e-01
6.392073600748311435e-01
1.043672355877969665e-01
9.146564948734305922e-01
7.044579556278516286e-01
-5.675322254802672717e-01
7.370651467044021521e-01
8.698606756375315552e-01
8.959428706333154580e-01
-6.387247769850393220e-02
2.851454029121234385e-02
-8.767912311645489898e-02
-5.980271878180176692e-01
7.558604625096312368e-01
7.117363766288902216e-01
-5.106190590978489929e-01
2.064114424991451632e-02
8.744649068635148570e-01
9.079605815571272220e-01
7.242166085926772523e-02
-5.299523548572453446e-01
7.407873311175190434e-01
8.751353934261290046e-01
9.220387145426149900e-01
8.919680328246710754e-01
7.744675318287892463e-01
2.490929222171569812e-01
7.506531225175510080e-01
-5.453160341252299981e-02
-5.794888190586328092e-02
-3.817108347357086040e-01
-1.779690121125062918e-01
-4.639022045841234565e-01
-5.554436580047890093e-01
-1.042806694804500195e-01
-1.741665940392019829e-01
8.801287377080908580e-01
6.725167922331853898e-01
-2.704867903116024985e-01
-4.634784351681142667e-01
-8.814192048530111734e-02
-1.130474452512570671e-01
-3.810382026879718248e-02
-5.405983315535338729e-01
-9.115363722655916989e-02
-5.469169218919789355e-01
-5.007037662222671992e-01
9.438924528942174152e-01
-5.144677748317448840e-01
-2.096475785242110992e-02
-6.290964606098967682e-01
-3.718184817534724296e-01
7.810981817281501538e-01
-2.874888728930149323e-02
8.943390956247347923e-01
-8.848197480246686175e-02
9.278237532460167358e-01
7.491352539656267462e-01
-2.185730766573527606e-01
7.966635969473415679e-01
-1.255638533561336534e-01
-5.089867121486554291e-01
8.882393184517862750e-01
9.061781716696215572e-01
-1.275401059788486280e-01
8.930192293150948091e-01
-1.371075776076310648e-01
-4.761618850362609456e-01
9.245532307868765676e-01
8.106434198998309082e-01
8.801699729068620526e-01
-4.904283161803741492e-02
8.818994975631557764e-01
-4.986987406605414841e-01
-1.190427828566833351e-01
7.277620258296987332e-01
-1.533723380602235453e-01
4.904070460574366797e-03
-2.355184119316625080e-01
-5.300321362026596539e-01
9.025018868556585749e-01
9.195259310638626005e-01
5.488690029370772994e-01
-9.239031850594736639e-02
9.085073482494236963e-01
8.636456018990408268e-01
