-2.497590403171450757e-01
-1.372015422013754538e-03
-1.244900879935443572e-01
-2.412782901291775361e-01
6.102955258473942157e-01
-1.973157792740700966e-01
-2.329791094765642223e-01
3.012213179959736253e-01
-1.386541640564300792e-01
-4.442971000060674802e-02
2.811070244927598716e-01
7.168240532510264940e-01
-3.461146376451009615e-02
-1.585842421685630110e-01
6.289990212152574145e-01
-2.645586067472285308e-01
-1.750041369959085547e-01
-2.413377686691710877e-01
-3.297051962450140428e-01
-3.941894231739682120e-01
-2.127585079798571810e-01
1.497745438354343706e-01
-1.429341466546419914e-01
-1.035885316698255815e-01
-1.717470104355333094e-01
-2.147725482304638223e-01
-1.554463471272947150e-01
6.011601832751358732e-01
-7.235720584305560532e-02
7.341180045041830748e-01
6.548337321927439891e-01
6.789771513841053041e-01
-1.295463607830455166e-01
-1.462381095667792952e-01
1.981160191564725337e-01
5.618383912668908353e-01
-1.872118999313557297e-01
1.819375382943486663e-01
1.696852165332559531e-02
1.079876714220747713e-01
6.367711163341872593e-01
7.472983015374510263e-01
6.568841888754292091e-01
5.981824065343892549e-01
3.542100179622970635e-01
-1.875641225406961266e-01
-2.423119457223260054e-01
-4.778245923567825404e-02
-1.438846565110219189e-01
-1.650970007417341401e-01
-1.814131964357023064e-01
3.473010409317907610e-01
6.937915561654293128e-01
2.425750192686996209e-01
2.573331007936487391e-01
-9.339009700036911277e-02
2.441328780098923068e-01
-1.977582838245737218e-01
-1.479829542213923765e-01
6.661122946551401025e-01
-1.811897284905947259e-01
4.818054522276442597e-01
-1.962474240724765839e-01
-2.118160665481018390e-01
7.112242691771034631e-01
3.683890886716699176e-01
-1.486055965557527558e-01
-1.860332131893230601e-01
1.555624305058684875e-01
-1.446163393758219395e-01
-1.613680343550152885e-01
7.108049801154946445e-01
-1.459105512586702236e-01
6.573786348450940675e-01
2.287890311918413244e-01
-6.453042300407708931e-02
2.424138628333474474e-02
-2.441436905948503044e-01
-3.772759028574418916e-01
-1.756559912290815428e-01
6.864612899681559188e-01
4.797647160196805149e-01
-1.400126896434491508e-01
-1.808701720932857082e-01
-1.486292009074399179e-01
-1.785469398742587088e-01
-2.356932846339794552e-01
8.237212298576188640e-01
-1.643259516588113367e-01
-1.344575355968541386e-01
3.964383837211651884e-01
-2.380110415634544840e-01
-1.353509754456606873e-01
6.025791613047756234e-01
3.073075628341603860e-01
-1.397591363004445641e-01
-1.764907574862467909e-01
5.318061605054104080e-01
4.265332805260041438e-02
-2.661259045299437243e-01
-1.636222413570020406e-01
-1.654015754684825534e-01
6.278564593686873918e-01
-1.527284682815500116e-01
-1.986284339993595605e-01
7.471141930995126579e-01
-2.136649946818504620e-01
-1.878031635649514419e-01
-1.646030679762244542e-01
7.664587568284415564e-01
-1.394083681788932383e-01
-1.802551619946567707e-01
-2.059927823230347510e-01
-1.516563667294337781e-01
6.145097075668163322e-01
-2.503815790308245304e-01
-1.905354160145726894e-01
-2.714896235814928671e-01
-1.695980710250073187e-01
4.352793861626842731e-02
-1.957805827178875913e-01
-2.710611335174811787e-01
-2.491853586550851207e-01
6.781369022430261406e-01
4.908386160780498636e-02
-1.166894121956442709e-01
-1.825095823912485093e-01
-1.575688135066324047e-01
6.817476117000453861e-01
5.464280009892731327e-01
7.164679918914734769e-01
-1.295805256593542121e-01
7.808769409665392569e-01
-2.529084050892494995e-01
-2.450789251953179870e-01
-1.462480477554291558e-01
-1.691208601417998336e-01
6.013248659024260367e-02
-2.241544234210027797e-01
-1.951424093391632142e-01
3.770233268167038632e-01
-2.181095106707593712e-01
6.381458257463741290e-01
-3.202097954070925456e-01
7.401797454201848314e-01
-1.895771523829383742e-01
-1.698837854376514800e-01
-1.608614279973940853e-01
-1.899769451246916818e-01
-1.108110829829584421e-01
-1.216691462659331147e-01
6.932039007556852761e-01
3.362757434972524773e-01
1.162730458840321168e-01
-2.399454407655269017e-01
-1.628014062911453397e-01
6.695905629825783523e-01
-3.585796709959898632e-01
-1.747513776187243351e-01
-1.492697636596671540e-01
-1.935655036048733180e-01
6.775933593731665594e-01
7.448596074974280778e-01
-1.466491900244779878e-01
-1.184278375221163443e-01
1.638728064670908757e-01
7.128524479601938690e-01
8.270103997296156528e-01
6.687503528792795304e-01
-2.248055358587055241e-01
-1.219524842331202868e-01
6.324152643778535587e-01
-1.119783055221040269e-01
4.149251717041885779e-01
-2.309337089021499534e-01
-1.498299528043799955e-01
-1.737918102518168362e-01
-1.791316148870351344e-01
-1.798316048831945513e-01
5.690603731374977992e-01
-5.235643440937025328e-02
-1.565634955954355312e-01
8.016633170512859063e-01
-2.928370205345389721e-01
6.706966126692983643e-01
7.283611131598266564e-01
5.445095642491464272e-01
2.243547945296924806e-01
5.876237281503183807e-01
3.576725461228918990e-03
4.981423717179210842e-01
-6.329021662970146789e-02
6.463914838455694367e-01
6.545161373021414208e-01
6.816546365285194309e-01
6.063209057741711927e-01
3.252477162711105430e-01
-2.324384851336257218e-01
-3.115596464722859560e-01
-1.464924373351277898e-01
-2.851246810504979301e-01
-2.553281854324156441e-01
-2.379391180983391751e-01
5.200326314616670054e-01
5.986110437203135959e-01
1.584163836671146353e-01
-4.575475898418171483e-01
5.357935682767701602e-01
-1.418214337807983394e-01
-2.466689118735173880e-01
6.931585161921323124e-01
3.077160230786971096e-01
7.779307614027132223e-01
6.634757902149679420e-02
4.874637561659473928e-01
-2.357768125913785318e-01
3.486509463336581183e-01
1.164592797054140316e-01
-9.348612897638999830e-02
4.025076183751068459e-01
6.119127455025073076e-02
-2.048502782162004432e-01
-7.123220323131988774e-02
-1.868229781046205906e-01
-1.787187124518237746e-01
-4.279212111814001407e-02
-1.695440992859101326e-01
-1.768593806130687729e-01
-2.712675376655347415e-01
-1.210982692747761685e-01
-1.454993611494148353e-01
-1.797808508964466034e-01
-8.723986870849928521e-02
-1.074118042634836928e-01
-2.149328664389026922e-01
5.930908444876105134e-01
6.994201785260009130e-01
-1.640724084461832599e-01
6.621339612671023334e-01
5.409678780078499560e-01
4.280828068846504464e-01
7.312748232879406896e-01
-1.815135994955725529e-01
6.859604447922925674e-01
6.716561957863387278e-01
-2.207781425374746587e-01
6.219852255245513772e-01
6.058455753712128633e-01
-1.539422856598647305e-01
3.132016271869222379e-01
-1.079942479099618713e-01
-1.411734124782523525e-01
7.551223804954594332e-01
-1.538446883005326338e-01
-2.367484644719877185e-01
5.392245833343196626e-01
6.392162195179428297e-01
4.640565249499091216e-01
-1.696602408117978689e-01
6.530943010682602745e-01
-1.439690904828564710e-01
5.499775012632820426e-01
-3.106837625859098506e-01
-1.496315767126397966e-01
7.391667448264606088e-01
8.491783516225018813e-01
-5.676645020822379539e-02
6.447602297063479426e-01
6.715311503607706012e-01
-2.037316959153349372e-01
-2.165234835354222231e-01
5.252604819196006192e-01
1.604274753735550341e-01
-1.529602812148502800e-01
-1.444147419496231710e-01
5.550390493324337537e-01
-2.933050823968967880e-01
-1.245524669457160893e-01
2.528213847009516679e-01
6.746797894572290621e-01
1.559176594321399767e-01
5.356835281482573707e-01
7.943486218956865574e-01
-1.418521989009164652e-01
8.025262758942561803e-01
7.314237548446433923e-01
-1.643065424324323953e-01
7.284099569883670799e-01
-4.853093593887686796e-01
-1.875986634123546493e-01
9.722233619444327346e-02
-1.041655583879819713e-01
6.916026521834020002e-01
-2.109658322097979211e-01
-1.464293543692406496e-01
5.868545203222725881e-01
-2.309847864136015672e-01
1.444213493583885455e-01
