-5.930211253938191818e-02
-9.561292527079713610e-02
-1.231618092591259817e-01
-5.981003368002094089e-02
-2.139985725039245390e-01
-4.631622725174429078e-01
-1.050794825369192609e-01
-3.182318488055272954e-01
-4.899856264485153434e-01
-8.118593849662966710e-02
-1.528526071401013764e-01
-5.716222264274501974e-01
-5.576649069724162189e-01
-1.909136311949817810e-01
-4.960021292543784210e-01
-9.603996039352906411e-02
-5.040741723001204155e-01
-4.832596358340987552e-01
-1.670272000823406211e-01
-7.409056059210440692e-02
-4.783129365650598541e-01
-8.144045509625302826e-02
-3.624789728649336351e-01
-4.595647526456567156e-01
4.577160461345330944e-02
-1.209110977808075665e-01
-4.517611158670855054e-01
-4.933831687088361950e-01
-4.658508576988358296e-01
-4.421404529336409595e-01
-4.677164250174256632e-01
-3.588178473999140139e-01
-1.472143380454051242e-01
-2.053061162321304089e-01
-4.323533312725151845e-01
-4.858635675790047292e-01
-1.677166540297658215e-01
-4.200677152368165745e-01
-4.651005580072001822e-01
-7.839514125235379216e-02
-9.012356685176806104e-02
-4.751275910736428854e-01
-4.606509430812379957e-01
-4.161465736962102202e-01
-4.936528770127226323e-02
-3.101834326806291453e-01
-8.665598387187853358e-02
8.093378364457744223e-02
-4.420381659670451907e-02
-4.498890750841577635e-01
-4.599102332921977121e-01
-4.640087314257586026e-01
-3.242584091611750430e-01
-1.873897474833846610e-01
2.602593164406977883e-02
-3.695763745446972726e-01
-4.665900535535911775e-01
-4.165474358574917657e-01
-1.440665494664037649e-01
-4.480594444194768711e-01
-3.851129701421590612e-01
-4.737036637050883736e-01
-4.271102259866919604e-01
-4.067296895514158073e-01
-4.594169261433637685e-01
-1.902997211463262894e-01
-5.281339423807926980e-01
-4.795091843196427339e-01
-5.049733071888737879e-01
-2.390002757764530805e-01
-3.591337483265796271e-01
-1.969325589910763119e-01
-1.310058643473547002e-01
-1.492983088412902781e-01
-4.647220803459318206e-01
-4.389219202829713201e-02
-5.088535749857105994e-01
-4.602245113685261568e-01
-8.045015815953233951e-02
-6.039531465790984321e-02
-1.697661664265199821e-01
2.775601989646976908e-01
-7.632513767354709433e-02
-4.774522095340152927e-01
-4.826933795828136642e-01
-3.907131642124982429e-01
-4.644347653617938443e-01
-4.754172125951534600e-01
-4.377114446862541142e-01
-4.203584936430339591e-01
-4.693756330661061349e-01
-4.546981833202953238e-01
-4.860887283414212501e-01
-9.762160425678081954e-02
-9.808561750745871388e-02
-3.946675352055818431e-01
-1.497166875167504352e-01
-4.641946002183134912e-01
-3.426414751457824703e-01
-2.690106597731617422e-01
-7.905997663379164819e-02
-1.922045502421268481e-03
-4.803392471285539839e-02
-4.635593580673577629e-01
-4.898254207144944194e-01
-3.536816637050765322e-01
-1.414166646890818724e-02
9.621056427828930668e-02
-4.399995056808680971e-01
-4.244366520391574804e-01
-4.679978837521071022e-01
-1.125915341645629397e-01
-5.642568532506887780e-02
-5.110815621797509811e-01
-2.927419965890124542e-01
-4.582777473778720800e-01
-1.304441995087022577e-01
-6.746751325952543565e-02
-2.579223306392211534e-02
-1.102265053512397480e-01
2.977591280955320385e-02
-4.640249428562143175e-01
-4.553438228556418443e-01
-1.363075428034048880e-02
-4.702172136492080989e-01
-4.913041471552528350e-01
-4.892145097405160153e-02
-3.035895924534947055e-01
-1.634658679121590297e-01
-4.686152646237613517e-01
-4.824759194233478321e-01
-1.821606487357874393e-01
-4.823360195866758793e-01
-4.706426150434879219e-01
1.055550255654916225e-03
-4.597667158643081176e-01
-1.019339408089439958e-01
-5.059098390795246925e-01
-1.695517667712084509e-01
-9.567590413439347463e-02
-3.733398880146714394e-01
-1.420475652211267426e-01
-1.656993862145212382e-01
-4.697391526129446326e-01
-3.975909847955867021e-02
-4.773776829218899231e-01
-3.153192320055690501e-01
-4.686753590507433120e-01
-4.708430706912740404e-02
-1.184153970305541481e-01
-2.096531342940408105e-01
-2.570127770313204718e-02
-1.127028685137834441e-01
-1.845466946710089262e-03
-3.436125220346516462e-01
-4.739377246332671101e-01
7.294077871022347503e-03
-2.054615804584457028e-01
-2.145807482808239491e-02
-5.086926247653579258e-01
1.691920549070338037e-02
-4.871260440601483666e-01
-9.536645637113573548e-02
-4.719203910942441627e-01
-8.006712905773069600e-02
-4.496976897300609122e-01
-4.291377745898519724e-01
-5.705215306391726582e-01
-1.975278950596807692e-01
-2.124969414158923153e-01
-6.793980998997944942e-02
-4.464093930045253122e-01
-2.537245901535120085e-01
-7.624863487500933845e-02
-1.591595755971182136e-01
-4.924691633121845713e-02
-4.775995434435768017e-01
-4.696029195828206326e-01
-4.383412671344986133e-01
-4.332186460266218564e-01
1.396434084223074357e-01
5.774178982726990705e-02
-4.495927040709666866e-01
-4.534695775616825464e-01
-2.103523951363039934e-02
-2.118303143662685073e-02
-1.327986467872981913e-01
-1.066896485507408121e-01
-4.774611107355818396e-01
-4.554108948844215465e-01
-9.578568805951731546e-04
-4.512251295630534398e-01
-4.109762346376976683e-01
-4.668389888988079273e-01
-4.513570591950479272e-01
-4.670077784175188929e-01
-4.977949400317489559e-01
-3.846873929149805527e-01
-4.845073259845614211e-01
-4.754194757961227591e-01
-1.167714561612826496e-01
-2.379821089557490055e-01
-4.989789800148699550e-01
-5.632575372469837000e-02
-4.570629581597297486e-01
-4.950889654068079127e-01
-1.912856063319885447e-01
-5.431057480367702528e-01
-9.655082035737684587e-02
-6.893917004824487438e-02
-7.752975294167839537e-02
-1.389234936183657565e-01
-4.476164494566524099e-01
-6.174716067568142286e-02
-4.185458637754354561e-01
-2.983895709710635696e-02
-4.870877518385907656e-01
-1.335602570506615183e-01
-7.882060112330038781e-02
-4.208467190651747347e-01
-4.719949977523679729e-01
-1.773139190866697690e-01
-6.232106260841714651e-02
-4.762138450866020278e-01
-2.577827722851652043e-02
-4.770372673726406831e-01
-4.824673620494400739e-01
-4.762716996092558608e-01
-4.971266424452300825e-01
3.171936881862456870e-02
-2.682982032182731208e-02
-5.166909617146537848e-01
-2.415318144848826454e-01
-3.974912199466154594e-01
-5.024429853248103539e-01
-3.667215618221175699e-01
-1.489456244906670612e-01
-4.727114808764898979e-01
-4.371262291189265126e-01
-4.459363907175885045e-01
-4.862309786341119100e-01
-4.328260342951217310e-01
6.716393235619996793e-03
-1.384817549061166386e-01
-6.181800823507545284e-02
-3.556400464030672892e-01
-2.747090898693603789e-01
5.595023675660723561e-02
-4.608124219175077640e-01
-5.745118381383283734e-02
-4.590010124925341661e-01
-5.300173436996227228e-01
-4.917026093008970422e-01
-3.743690651693679095e-01
-9.187581652496487616e-03
-9.603036516837555603e-02
-4.504431435714347787e-01
-9.115074401003452065e-02
-2.371457405472958690e-01
-1.176579682711374475e-01
-4.002233386896923706e-02
-3.538789503534256475e-03
-4.717882131296727843e-01
-3.494597407246664150e-02
-4.546863979273045309e-01
-4.619881824899551015e-01
-1.427848462396352769e-01
-9.175065161567147465e-02
-4.562683257897782729e-01
-2.243882657331264241e-01
-3.707822046757066059e-01
-5.002588613795023731e-01
-4.745480264399612458e-01
-7.276380227326002814e-02
-4.945573782900721249e-01
-3.403450027430037772e-01
-5.971714625712005731e-01
-2.560582045119757510e-01
-4.345888421564354509e-01
-1.492012659973900868e-01
