9.489872331772297720e-01
8.461083671025182440e-01
9.735238747831473916e-01
9.084166343267977561e-01
9.619657222561854848e-01
7.294955124253073020e-01
9.573754347440467383e-01
9.419083967023862414e-01
9.575149130572808698e-01
9.293036610808582676e-01
9.567656232582122389e-01
9.637699215811188491e-01
8.780414302460263221e-01
8.344720631450126547e-01
9.745130002303596939e-01
8.432324308172232108e-01
9.740972568141119670e-01
9.636836900126114491e-01
9.123056383636432010e-01
9.418694223533214949e-01
9.561434697721551412e-01
8.520701835399560053e-01
9.625657706090866572e-01
9.720301891838191155e-01
9.599375365260656157e-01
9.382503749007251592e-01
9.719797236343388214e-01
9.782839985461481147e-01
8.902840656140487141e-01
9.789252070802121342e-01
9.686797019445132495e-01
8.899684821376407928e-01
9.722276516896611875e-01
8.926936600019974577e-01
9.221410587329653685e-01
9.417273274671125183e-01
9.603730022958480994e-01
7.910279308920721286e-01
9.578310587050282709e-01
9.792204115855429603e-01
8.152367975229259933e-01
9.655784175738364450e-01
9.803314396754754245e-01
8.911741674390090129e-01
8.919151171463751693e-01
9.805024386273556436e-01
9.425959461958276497e-01
9.448050581976829010e-01
8.842775709179595545e-01
9.477991685735729366e-01
9.784063991678382255e-01
9.205546390740597662e-01
9.493506382198153570e-01
8.602940580828543071e-01
7.111873496714326004e-01
9.614006299395642108e-01
9.198594704931356558e-01
9.064159595434819749e-01
8.671055824258184774e-01
9.609036274395950095e-01
9.600600263305402171e-01
8.070116693391036211e-01
9.800149784715259660e-01
8.534611997373585668e-01
9.635719815481295081e-01
9.744417442626853720e-01
9.307155396614852361e-01
9.597798407108419916e-01
9.050036657269180385e-01
9.698592227450955061e-01
9.525992357202145433e-01
9.545276969713902826e-01
8.578053278730961573e-01
9.244562434005519913e-01
8.988455970502566839e-01
9.747621877214438513e-01
9.746205910719312193e-01
8.235666236965608622e-01
8.030203662343013971e-01
9.619700254585696886e-01
9.631149226362663018e-01
9.563732176274784003e-01
9.353537632115820344e-01
9.516099070522521242e-01
9.438180241895588463e-01
9.639442210845681203e-01
8.999281569715679163e-01
8.559509598167007738e-01
7.385463718413187717e-01
9.427160828407721294e-01
9.752992186611013636e-01
8.380203548165501282e-01
9.607508223391276747e-01
8.978844047767988723e-01
8.701358918488382166e-01
8.678852797661914531e-01
9.557790448437590847e-01
8.213337649617182823e-01
9.773661535580646653e-01
9.577636623786225378e-01
8.981350977807205371e-01
8.521764756467772317e-01
9.648435930243252079e-01
9.747668594805689590e-01
9.522628522457343703e-01
9.740637263813162194e-01
9.720565763602895260e-01
9.811760606639998716e-01
9.080885218958894001e-01
9.392440471855703077e-01
9.196902144610695773e-01
9.809918345960522146e-01
9.675011687157547557e-01
9.240456471955655893e-01
8.849871355958776054e-01
9.363967958285315252e-01
9.512765887538814358e-01
9.757113967775046248e-01
9.732396074449470857e-01
9.788238842225857050e-01
9.745894401029867593e-01
8.035834794211887955e-01
8.594049211599659177e-01
9.033906077440274629e-01
9.092369170185300442e-01
8.651652220516090619e-01
9.784026902275522186e-01
9.641057772807197779e-01
8.665742617900621392e-01
9.092224411232145975e-01
9.660664510186700582e-01
9.759332265099929238e-01
9.230073263401820105e-01
9.281895214305515562e-01
9.112598051315748959e-01
9.372817069491110598e-01
9.581528319035861330e-01
9.561880435587079008e-01
9.622739966884457097e-01
8.721938678293166269e-01
9.697528148824989813e-01
9.065391359732994925e-01
9.751063813823861448e-01
9.533665175712973117e-01
9.634704031342056219e-01
8.731210484263108862e-01
8.735611841892543250e-01
9.756057381677476492e-01
9.188753957502131531e-01
9.451421032530118449e-01
8.004653562761055996e-01
9.274071523978837384e-01
9.738619339183771650e-01
9.296455873389335434e-01
8.956690725912770379e-01
9.807323257578761666e-01
9.633554084475828283e-01
7.886713978870700803e-01
7.818729933911217067e-01
9.559850720751321695e-01
9.213175143998428851e-01
9.072004187511720774e-01
8.747987711468552252e-01
7.677108475139418076e-01
9.822314321460556830e-01
8.969571493029042664e-01
9.793158148950547037e-01
9.769326329935741349e-01
9.341317307930691038e-01
8.868176075312934614e-01
7.955026949099626155e-01
8.111186471205854565e-01
9.292764225993166427e-01
9.719818276219331921e-01
9.734925232487501301e-01
9.025964031275079957e-01
8.948959234238386129e-01
9.686361111587167283e-01
9.493222973895744099e-01
9.234020805709816093e-01
9.557106508151187452e-01
9.766739676253467506e-01
8.489394138924122313e-01
9.560473306661665394e-01
7.803478830636225716e-01
9.758008944510375704e-01
9.248844235263808944e-01
9.628610600922967722e-01
8.969498277683110032e-01
9.653541031117297555e-01
8.521672800428914396e-01
7.829896935163234151e-01
8.161774133694761346e-01
9.023703110821081896e-01
9.504804866801079832e-01
9.499699337179512426e-01
8.584268862841171188e-01
9.341001311920331673e-01
7.976730990738654103e-01
9.077481393076076710e-01
9.595836951310736662e-01
9.166575449431024758e-01
9.655130046525972620e-01
9.317581341411000917e-01
8.333116247346156191e-01
9.464447273892742096e-01
9.101189220548600023e-01
9.717625045269555617e-01
9.457089267433193003e-01
8.812651196580679747e-01
9.508061588843925716e-01
9.694118781337900392e-01
9.641113037647710549e-01
9.416767290876808527e-01
8.728012151622344117e-01
9.427767988562314461e-01
8.564979570054020996e-01
8.721730645172971474e-01
8.986385265804130995e-01
9.693187146808082133e-01
8.851084363018031365e-01
8.757589526950669834e-01
8.867756042140798600e-01
9.638053905833776636e-01
9.095649890372824453e-01
9.607179573260467009e-01
9.648171519519568307e-01
9.011470210364291855e-01
7.479765062469372339e-01
7.851045043469389029e-01
9.668295310253454122e-01
9.312008779066742736e-01
8.118665664886643984e-01
9.536076110648166182e-01
9.538028949803574186e-01
7.367047623817960522e-01
9.439249145871142499e-01
8.746438701393727255e-01
9.111266657175831618e-01
8.279549049000030081e-01
9.716219159228907110e-01
9.563195118592053845e-01
9.360663775651801854e-01
9.308405840306768209e-01
9.073981305890492788e-01
9.734101126309576690e-01
9.634651188001857047e-01
9.551869207019169083e-01
9.712742502942245393e-01
9.773168701996421959e-01
9.625732761186964748e-01
8.364408802092225814e-01
9.710195670134134094e-01
8.415260841011202864e-01
9.354052658275647802e-01
9.549969838382116327e-01
8.986622271170630061e-01
9.519305986242950768e-01
9.646094077598759142e-01
9.569105519498254386e-01
8.853717632793782766e-01
9.124867275003747391e-01
9.169740660864357240e-01
9.787743773135879621e-01
8.417725432897549265e-01
9.327946037342353947e-01
7.748088134916317760e-01
9.766331286592417893e-01
9.583482404428420587e-01
9.511892649404761757e-01
9.220313236739074991e-01
8.168635838863286258e-01
8.841225142685258387e-01
9.583488860354880678e-01
9.716559595115051851e-01
9.747365441552410248e-01
8.671472833472571029e-01
9.524801395012110206e-01
9.689696224247672518e-01
9.556382585606784108e-01
9.674189962928190223e-01
9.408213893708007314e-01
9.112687273846424851e-01
9.653025112660662543e-01
7.894893686525541465e-01
9.678499895687479038e-01
9.331426900145710635e-01
8.848248750915026495e-01
9.732288243595834665e-01
8.963550078164188584e-01
9.514258721395836282e-01
9.748345803814710830e-01
9.321654951721128901e-01
9.817717188481089874e-01
9.791330432953566643e-01
9.410094600225031858e-01
9.551964976332796287e-01
9.717575906433788546e-01
9.759776843331748886e-01
8.739333764137963145e-01
