-5.081936458234309617e-01
-4.973602406782230423e-01
-5.292734267598437903e-01
-4.926686479140985897e-01
-5.437630493425058553e-01
5.447717257562183224e-02
-3.349136465927533557e-01
-3.554154317808273511e-01
-4.901299669834854877e-01
-5.044254197851254506e-01
-1.361674401584055671e-01
-2.624079646190103365e-01
-4.389236795254667367e-01
-4.450425593784806400e-01
-4.966201992849820224e-01
-3.851763966924152127e-01
-4.459121971672176388e-01
-4.221161171663857514e-01
-2.510142628389059327e-01
-4.955927683898407321e-01
-3.366675016394671816e-01
-3.351382855762347623e-01
-3.914775956168615317e-02
-5.006554777744867124e-01
-1.056910551677990306e-01
-2.747326823567055598e-01
-5.207090174758099987e-01
-4.989264169917045910e-01
-3.995341375279523599e-01
-4.687091840993722891e-01
-5.094636234867598867e-01
6.563332639045336980e-02
-5.001151402814206781e-01
-5.026904934463563013e-01
-2.597851521117139906e-01
-4.905762071720290440e-01
-1.226964591621378942e-01
4.967508131038463060e-02
-5.115652332613855879e-01
6.998662745506492588e-02
-1.611701320561149675e-01
5.333598479016632421e-02
-1.673285225043244506e-01
-4.641117545864874572e-01
-4.467183331243832489e-01
-2.513129732221918156e-01
-2.860060584797624594e-03
-5.031379349993229111e-01
-4.942925935859013853e-01
-4.017608025367785385e-01
-2.094553186837413428e-01
-5.081526548697761214e-01
-2.107449950053728593e-01
-4.259465747871637453e-01
-2.829183068196710060e-01
-3.239732456583649389e-01
-4.787106961324403276e-01
-3.456772394968415929e-01
-1.851762498194676199e-01
-7.435298939705414778e-02
-4.855118287686036593e-01
-8.731351755092750522e-02
-1.573032146744021975e-01
-4.369222686949696399e-01
-3.075345580785925348e-01
-3.399789604100513229e-01
-4.963309034611038673e-01
-1.264355236549950801e-01
-4.858113388844482738e-01
-4.033182077729594583e-01
-4.254822465121164132e-01
-2.767000912403919793e-02
-3.438227873306825000e-01
-2.976958923560446002e-01
-5.030092580894567345e-01
-3.511188724782549064e-01
-3.220475209795310434e-01
-3.100964850437981646e-01
-9.250319468390541533e-02
-5.004769464900075127e-01
-3.918956559124005257e-02
-4.371800988760322637e-01
-4.658290375077568379e-01
-5.456025661130781135e-01
-4.861033601127894288e-01
-9.434690616790411544e-02
-2.652795361663927709e-01
-3.146723728712416124e-01
-2.560283011736498304e-01
-4.787986457062475276e-01
-4.889184103291434047e-01
-3.791944058061137435e-01
-4.558055184478126409e-01
-3.484176423985672066e-01
-2.920679931786073213e-01
-4.294424359595049312e-01
-3.857528509792483851e-01
-4.946882572548284562e-01
-5.175112113037699801e-01
-3.083770461306708510e-01
-4.869291833467044861e-01
-5.095403483838029102e-01
-3.487382273279001632e-01
5.779037046512880416e-02
-4.509982432848615441e-01
-1.528271842113796963e-01
-2.988468426874715811e-01
-5.130101174802291775e-01
-3.312353583380588939e-01
-5.225051112335078463e-01
-5.053244685185889207e-01
-4.289804494707594174e-01
-4.235109277777654446e-02
-3.102760958221655874e-01
-5.254205971846256373e-01
7.220191614781032441e-03
-3.117040478803705938e-01
-4.762352164521216902e-01
-1.424849487942336790e-02
-2.292161963339470476e-01
-2.243639311037491924e-01
-5.255652415356608653e-01
-3.243104664280540006e-01
-1.772056827220070407e-01
-4.343462809862399521e-01
-9.622882919183441131e-02
8.301715213672905547e-02
-5.118387950738283454e-01
5.823606498664872511e-02
-4.584065087210494882e-01
-2.163689748884077002e-01
-4.654990397213945030e-01
-3.445973224080284281e-01
-1.187595675995959249e-01
7.491334994360808464e-02
-1.552677597067869952e-01
-4.120135660344699802e-01
-4.182975843838022678e-01
8.131738984682239380e-02
-4.410506776644950166e-01
-4.267990529594882232e-01
-4.135229398344621998e-01
-3.471148532077772964e-01
1.281038386038971799e-01
-6.711010822213037130e-03
-9.846351434196326524e-02
-1.678061154378942543e-01
-3.280896420198154972e-01
-3.706146241595477675e-01
-2.778875962182959514e-01
-2.360416202342469072e-01
-3.311864354554115986e-01
-4.726975858547707299e-01
-7.063496211937078662e-02
-1.808947687491684331e-01
-4.391579976227770743e-01
-4.871954535963686217e-01
-5.888358441042601532e-03
-4.325453187939589661e-01
-2.790880640706148164e-01
-3.910689566011253393e-01
-5.105428855660198995e-01
-4.404126322407728722e-01
-4.194360951107510838e-01
-1.700652206030746627e-01
-4.785808039960652849e-01
-3.499168371065808358e-01
-5.076318768188186059e-01
-1.405338836113359802e-01
-2.637571598028619624e-01
-2.506798109372377903e-01
-4.836170501254183351e-01
-2.509316470225019802e-01
-8.646298284813928869e-02
-1.001507882576898878e-01
-3.823229086134337096e-01
-5.004815490236829145e-01
-5.039985569705607293e-01
-4.866514771358586011e-01
-4.308316383814563832e-01
-3.106744198555845271e-01
-2.340171089529709536e-01
-4.458747596269953539e-01
-4.891434227171620464e-01
-3.320849824118932148e-01
-3.813681067243914202e-01
-3.714213168036321622e-01
-3.381633069248904944e-01
1.057608389839324869e-02
-2.864681160689472872e-01
-4.686548481412710632e-01
-2.498617092449946231e-01
-4.327965065681747547e-01
-5.149037528068247660e-01
-2.878583436531985118e-01
-3.304150514797800087e-01
-7.003438247406046369e-02
-4.375244736528847156e-01
-3.620867090492752016e-01
-3.485438513194895060e-01
-3.865727200219040149e-01
-4.637244805876309522e-02
-2.700746333101760599e-01
-3.365224886006641380e-01
8.349171911926792089e-02
-5.031741884283108535e-01
-2.824710338750048844e-01
-3.893957016886283595e-01
-4.981912029316827861e-01
-3.924335957873161806e-01
-2.530552828033417745e-01
-4.861012686508390801e-01
-1.785725871852036351e-01
-4.451373765523423121e-01
-3.894834429326161640e-01
-4.344150991993926958e-01
-5.188451267717235638e-01
-1.767190308689727263e-01
-3.836596200716875238e-01
-3.531503142122815464e-01
-4.496964186903719407e-02
9.809817187270447603e-02
-4.715972874554105188e-01
-2.601018166956948763e-01
-5.273104077512833499e-01
-2.428424456161768497e-01
5.741664178952923803e-02
-2.639989226317244753e-01
-3.494131978594772203e-01
-8.552006028487385558e-02
5.584055742301211045e-02
-3.284598007278129450e-01
-5.331667339400928407e-01
-1.935711116800095111e-01
-4.401144268951737715e-01
-3.002683101787110287e-01
-2.655199760662277364e-01
-3.049138395433880211e-01
4.010154339609313390e-02
-5.780380756181997814e-02
-2.082448170182461533e-01
-3.922004978228085803e-02
-2.319716011045050430e-01
-3.639014023427954991e-01
-4.456937561178071494e-01
-4.987300780112372545e-01
-2.466283284721531022e-01
-4.338454420335948747e-01
6.393367967328411616e-02
-1.842342444976873550e-01
-3.169905450417656034e-01
-3.343947847954321650e-01
-4.294991416018520414e-01
-2.267340729124069088e-01
1.002405458100840419e-01
-2.853711753970036291e-01
-2.756985075957900655e-01
-3.197794899853627082e-01
-2.203384883572384323e-01
-4.953911562218644149e-01
-4.231082086072471826e-01
-4.916393452475239512e-01
-2.777651159389535329e-01
-3.691241579490296965e-01
-2.804325558682174702e-01
-4.874525710955805446e-01
3.181975521601333734e-02
-4.806718381784408356e-01
-9.186700136462003230e-02
-4.997082295429102761e-01
-3.179438971317152252e-01
-2.276550345217917548e-01
-8.701226349446908315e-03
-3.579992120484095652e-01
-2.943511674157120450e-02
5.186237314745993643e-02
-3.225743100446356038e-01
-4.035023083343711181e-01
-8.594691854125083297e-02
-3.893782644814841043e-01
-2.940282927858948736e-01
-5.675496380352182402e-03
-2.421640409008238570e-01
-4.642110294884131405e-01
-4.755754855922248447e-01
-3.465181007238296029e-01
-1.974565779810089627e-01
-4.062417341565682793e-01
-2.221686871103120686e-01
-4.572154468074718370e-01
-4.605867751118219444e-01
-4.752985800467751654e-01
-5.054508459466608983e-01
-3.976739918342283575e-01
-4.168784617276539706e-01
-4.546148553965417283e-01
-4.660673925422167407e-01
-4.830160376950601853e-01
-3.715425796780862377e-01
-4.711095883389751493e-01
