-2.323079045899874295e-02
8.447448494939789887e-01
5.441461167176939173e-02
8.450569372223663001e-01
-3.467173615292359901e-02
3.274394037950678626e-02
-5.817361053942024518e-03
-5.891955188683170586e-03
1.422858698805065658e-02
8.386221607050530213e-01
8.783608905642870113e-01
1.941344322504120687e-02
-1.500379554145201411e-01
8.304955147532475657e-01
7.820079067884272428e-01
8.220015678729820641e-01
6.836823766150652848e-02
8.033463923872019574e-01
2.578928126652953179e-02
8.226115387179009364e-01
2.634840676621295896e-02
8.402158096728603587e-01
-3.392428354534973711e-02
-4.412864896999744990e-02
8.216977720340471469e-01
8.339372037966964468e-01
6.250687510193725371e-03
8.444475386057771482e-01
-1.107385517861686347e-01
8.479012396153733366e-01
8.342642046854418236e-01
8.328779175377523103e-01
8.476327847533049464e-01
8.118709687000145170e-01
1.903156706032568812e-01
8.335122536135122218e-01
8.480509175255612764e-01
8.463124630825983319e-01
8.254456074632178231e-01
8.363132225523465246e-01
4.672992222043376165e-02
7.728947245731058180e-01
8.447165998482664140e-01
2.333157717683848054e-02
8.385756720480015414e-01
8.419778591622947284e-01
8.331099734766793663e-01
8.417964949715610601e-01
8.539422359615992386e-01
8.222772077031973437e-01
8.506949576641201771e-01
-1.705040761840833641e-01
8.273650987527149114e-01
6.941237459524948750e-03
8.337480684420873756e-01
-5.856074691414560329e-02
8.567477065963682303e-01
8.071185452034688179e-01
8.509699340498256825e-01
8.399916116800021371e-01
8.389181246683152793e-01
-1.076913233985502261e-01
8.312233393025414419e-02
8.365407155888020529e-01
1.551052517761483673e-03
8.597936119092842722e-01
-3.343559871715140464e-02
8.537666309470136605e-01
8.385445312830566156e-01
8.241037409093455723e-01
1.503986541448196212e-02
2.037012116942378548e-02
6.733796375912719234e-02
-5.273886148645166860e-02
-1.542949363403709195e-01
-5.479316400491285322e-02
8.423932720889291126e-01
1.287475196521163656e-02
5.708616593774905323e-02
8.348062163964792282e-01
8.372561502753949059e-01
-4.484334258691369257e-02
8.411899050634736863e-01
4.985143619753421018e-02
3.597449752706580184e-03
1.869161909631987528e-02
8.444632880765865490e-01
8.532289511169814933e-01
2.817074484862233663e-02
8.391135568959504631e-01
7.990332783431836061e-03
-1.760198700183417120e-02
2.861986488950368779e-02
8.020085829174503633e-01
8.467482892997635346e-01
-7.727416244803832213e-02
7.903707719659807118e-01
2.406894757039029775e-02
1.054100522951486874e-01
-7.266365011929860895e-02
-6.356258084871030389e-02
-4.196558755363229976e-01
-1.586649120738692353e-01
8.097132535987136559e-02
-1.896679869418584352e-01
-1.134701060894149072e-01
4.892481470836802793e-02
3.056603844196045805e-02
8.508437690434846878e-01
8.476719385037571053e-01
-2.466701173378520184e-02
8.489086923318849287e-01
8.558385066729050639e-01
8.558711583992115735e-01
2.804774656306663339e-02
8.514127099884075678e-01
-8.342522588970381625e-02
-8.821627464448481004e-02
3.346098310011556831e-02
4.781669607167751690e-02
-2.298647627930172632e-02
8.522181444684890916e-01
8.340736977517591022e-01
8.126461523111505603e-01
8.299558022359752041e-01
8.432546565264098515e-01
-4.223730210885395797e-02
8.337108323438576774e-01
4.389849666778705695e-02
-3.880881327155812077e-02
8.569866211514005627e-01
4.806712563462926802e-02
8.287012642493331027e-01
8.356283436400006037e-01
-1.556586705075628518e-02
8.328000702558933099e-01
1.978466890971600223e-02
4.327620992425014468e-02
1.150530215806017248e-01
-1.146796907732663962e-02
1.214451633942225522e-01
-1.293733570603669836e-01
8.610164308448848836e-01
-6.735632010807063308e-02
8.373162988567655063e-01
8.316675723391179220e-01
8.106311253834622699e-01
2.825962327364270332e-02
8.324127008605506362e-01
8.553259980763385784e-01
-3.551888837177381852e-02
8.600889489820692235e-01
8.297106301622962921e-01
3.847929897377024011e-02
1.131443506328690674e-01
8.456649254811418048e-01
-6.959007988149121249e-02
8.017580612338981449e-01
5.597481128253284366e-03
8.119876900415119447e-01
-2.107594146220566345e-02
1.342090272717676169e-02
8.500268098355653335e-01
-4.643408050738696002e-01
8.417442892135410526e-01
8.350955939301208941e-01
1.363280857194191509e-01
8.490472578320173991e-01
8.467797882789104280e-01
-4.665865109417501322e-01
4.861516142255509210e-03
-1.498250106632455225e-01
8.152998088701580714e-01
8.387220910153441178e-01
8.211637250632570773e-01
8.554817040328545064e-01
6.506525526642155388e-02
-3.677105294484606102e-02
-1.489985347464978238e-02
5.401189107470507483e-02
8.391146924309178523e-01
4.424172102783437144e-02
-6.641849081407150135e-03
8.205521007752031304e-02
8.406937690571810728e-01
8.285666769638095897e-01
2.733827876763153530e-02
-9.796784751298458216e-02
-3.099201933500600470e-02
-2.272641756210576347e-02
7.030421903777130110e-02
8.398355604229238436e-01
-1.609798150501544345e-02
8.526747212703307266e-01
-5.186028800435697750e-02
7.071094853885560860e-02
-2.307469751672351355e-01
8.506718279765268509e-01
6.430094596211682889e-02
-3.636549564060789774e-02
8.019724555221976470e-01
5.799717387354394460e-02
8.493387526769436979e-01
-5.582887648638288486e-02
-7.059692284855567657e-02
8.413305064157883262e-01
-1.618092690702013225e-01
7.968775837774353388e-01
-1.121071636092314805e-02
8.357149861179603845e-02
8.230449527637245799e-01
8.344930932071839003e-01
9.417191112608858106e-02
8.539639962416769592e-01
1.137643363171206290e-02
1.050523506636912019e-02
-1.296950206319517629e-01
8.212650490729962449e-01
2.750930859633293757e-02
-1.559684376383573823e-01
3.325336672225893964e-02
3.861310068535028783e-02
1.534816792044833844e-02
2.936829977122167035e-02
8.428874504919339206e-01
-4.555037349993736329e-01
4.696574827197189106e-02
8.554280678800019189e-01
-5.907339253685790770e-02
-2.655585628539890164e-02
-1.713750238871706300e-01
1.733158346413611606e-02
2.772511546668614268e-02
8.552692099010228421e-01
2.118602386999557385e-02
-1.619875408911015946e-02
8.410171395981033138e-01
6.265617591473927883e-02
1.234632252560154131e-02
8.441155477037949328e-01
-3.677714483554549163e-02
1.050433826229979217e-01
-3.276844184232650670e-01
8.711981122518575038e-02
-8.228967941513391782e-02
8.246550982007890829e-01
8.208792804079775296e-01
8.333103536001807976e-01
3.147752486552887752e-02
8.444683750170991487e-01
8.403815282311745127e-01
8.403926273029023175e-01
8.432087667067317271e-01
-1.652212128895592103e-01
3.729064490350958438e-02
-1.001361629135737175e-02
8.410849474986300534e-01
8.301537973278376725e-01
-5.740402673384813192e-02
8.712217930023343770e-01
1.614779049657502630e-02
