2.314535991746231175e-02
1.312052242657506251e-02
-3.881127822320847853e-01
-1.901684472733831122e-01
1.123324488440935465e-01
-1.504543080968386015e-01
-5.654396711544122656e-02
4.174140472112700118e-02
-4.580566005414122288e-01
-4.720115385908453254e-01
-4.809846563725056479e-01
-2.362280370580406921e-02
-3.977037584366960310e-01
-2.670452329073851327e-01
-1.862743902709506905e-01
-4.277856849695906849e-01
-5.053875789142276975e-01
-1.121989542091724745e-01
3.377933732043290199e-02
-3.983755313243718676e-01
-2.037840405847907987e-01
-4.872802449319127982e-01
-1.104531028938636750e-01
1.022399624861284467e-01
-3.390787650988337232e-01
-2.105328122876073405e-01
-7.781671474864804150e-02
9.948330611015422653e-02
-9.008021158795501138e-02
-1.573453227205625915e-01
3.304742336759261545e-02
1.241042398903405980e-02
-4.775719775697389591e-01
1.031926838898293702e-01
5.769349692258751022e-02
-4.000222808650462092e-01
1.861273020740692591e-02
-1.961069663800929508e-01
6.837616424079986932e-02
-1.836237738296679634e-01
-4.161493614942355923e-01
-4.268675786531627159e-01
-3.423787855962225346e-01
-1.533764998882546915e-01
-1.578431885623564623e-01
1.831597877068572300e-01
-1.392689222543784244e-01
-7.666072913110204279e-02
-3.024397916273259268e-01
-4.391314595234308005e-01
-7.981107250525709684e-02
-4.888585995534102668e-01
-3.161400624895951972e-01
2.339443305619412217e-01
-9.826638489868187720e-02
2.338149126584123383e-01
-2.805660975397603063e-01
2.175043287602030917e-01
-4.794202293092839073e-01
-4.280339531591851321e-01
-1.988633497781639448e-01
-4.325488806342677184e-01
-4.623538253632372697e-01
-1.137992046166334953e-01
-4.568181862406975879e-01
-5.317762342443997925e-01
-2.226413642287630723e-01
-4.400807845016169173e-01
-4.720165630356120134e-01
-4.574035050207406750e-01
7.580161341307736778e-02
-4.617724420702594701e-01
1.036421261430317264e-01
-2.154969013058033733e-01
-4.436112417444998401e-02
-3.655800494004825263e-02
-5.080881561470612651e-01
-2.759142115024474928e-01
-4.891389918848745300e-01
-2.008244744126846393e-01
-4.765369936099579373e-01
-4.984456342153213981e-01
-3.846414033907320507e-01
3.694980936046253495e-02
-3.794311728208783485e-01
-2.487425220679558568e-01
-3.038591703903772423e-01
-1.115112223063031149e-01
2.918019369626393550e-02
2.422862039252192123e-01
-2.467221009324579717e-01
-4.508132021592929639e-02
-2.952284478050037353e-01
2.159808371594323928e-01
-9.696654842705146327e-02
-4.546921021686939346e-02
3.316946306285434853e-01
-3.032041955988234311e-02
-5.149503462320008662e-01
-4.859145708729482038e-01
1.662496136821916826e-01
3.629919727120868578e-02
1.580857148687428160e-01
-4.936325172489635649e-01
-8.300467174682575611e-02
-5.183372871816662730e-01
-2.528207498972572798e-01
-2.994570487997407215e-01
1.457984986249138970e-01
-4.891663854820930135e-01
-3.233789098817602681e-01
3.983853415555756866e-02
-4.458535735505144704e-01
-5.115982649943057181e-02
-3.700988435353640416e-01
-4.339094092708301598e-01
-1.965507578742780037e-01
-1.386190331745796311e-01
-9.764565599345839675e-02
-4.020130615437006449e-01
-1.178705778392321324e-01
-4.823321260809564359e-01
-4.584701352430121113e-01
-1.551229622460029434e-01
-4.902312698251972134e-01
-2.029348647629860281e-01
-4.890606687465013369e-01
-4.841403080975763551e-01
-3.800100091016098691e-01
8.390910773483764573e-02
4.820154576743367059e-02
-4.908796301049928035e-01
-2.246355542936660510e-01
7.641032940781544713e-02
1.390689531832610404e-02
-5.004630198518210671e-01
-2.383202386795017780e-01
-4.339645933000523259e-01
-3.193613898348757890e-02
-1.513512017322427572e-01
3.893650056778397844e-02
-4.476152118684468828e-01
-5.005476939197900377e-01
1.385829382425003975e-01
-2.216566506450570739e-01
-4.362504406155825465e-01
-4.579296747095508158e-01
-1.159538107091176162e-01
-4.907711557417164805e-01
-4.686241794184305975e-01
8.107198771468496212e-03
-3.595133470180705837e-01
2.440647151622527683e-02
-1.784088937255738361e-01
-3.863646423903409621e-01
-1.044118534035062135e-02
-3.463501759665823521e-01
-3.401013495941006270e-02
-3.358118088104355414e-01
-3.361513411798674467e-01
-4.111830125325020568e-01
-4.271821789563839955e-01
1.904337793824740777e-01
-4.955072312121653333e-01
-7.636108228191469671e-02
-4.903641502242842565e-01
-1.360063699029427364e-01
-4.689646682831783986e-01
-1.146945580694321010e-01
-4.298623231458816307e-01
3.730306877710174579e-02
-1.737807690411689310e-01
-4.736373292727543705e-01
-3.478384571712923590e-01
-3.353201499403586361e-01
-1.144021431184013837e-01
-1.235198129449934651e-01
-4.268248333855760857e-01
-1.294506083903670390e-01
-4.364423346928292258e-01
1.636283923992135347e-01
4.780523173394707892e-01
1.619026608703144909e-01
-4.795623308780634364e-01
-9.349431580898989735e-02
4.285502759607913437e-02
-6.363488972597391991e-03
1.715097392615966831e-01
-1.866680569024586345e-01
-4.214818788833795682e-01
-1.037348478435395904e-04
-2.477674354311877325e-01
1.128024940194762848e-01
-3.413997627094802478e-01
2.386644309187715279e-02
-1.773205923182908927e-01
-4.686837237885000396e-01
7.072982883669605425e-02
-4.329450544471484807e-01
-1.101363350555191051e-01
-8.487466530829614053e-02
5.344672567955074255e-02
-4.265833073625113214e-01
-6.863586926959538981e-02
2.079026643947989028e-01
-4.721356084200246939e-02
1.118070670072780076e-01
-2.160537560485301933e-01
-4.693420185597646510e-01
3.258345318251030798e-01
-1.436188039569314956e-01
2.714818239482367224e-01
-3.274394228357752068e-01
-4.803869383156892381e-01
-9.933859687800142280e-02
-4.976078994794669308e-01
6.121410182687650470e-03
-4.975494878429408407e-01
-3.857761439750889698e-01
-4.600458253258755126e-01
1.748963410286234060e-02
2.230111356886292640e-01
-2.524535766465579312e-01
-4.966784841450638810e-01
4.460516991533799297e-02
-3.700290674653246015e-01
-1.360205356685810774e-01
-2.389979121144844010e-01
-1.142672946587724031e-01
2.558590962733391788e-02
-4.366478032515596630e-01
-1.413645520961625823e-01
-4.810630118960907420e-01
-3.624539522908178102e-03
-3.390370743616352156e-01
5.753492881866825032e-02
-5.813499547712395188e-01
-4.642078596924991141e-01
-4.736506037246585032e-01
-3.322241773199225978e-01
-2.522861985107419103e-01
2.469425917246551722e-02
-3.852750098411811264e-01
1.070206654691616133e-01
-2.704155547583764890e-02
-2.142431053374553585e-02
1.491849400269428527e-01
-2.681457797970618340e-03
5.939787268393129094e-02
-4.694726919307384838e-02
-5.084487233073576862e-01
-6.742630278757168194e-02
-4.403586561204283489e-01
1.226263625176687022e-01
-4.362594618712231087e-01
-5.033134898493782927e-01
2.400307379695167387e-01
3.425436310637459125e-01
-3.536999184349017278e-01
1.137490109289296253e-01
-2.284163684290790308e-01
2.791456397622218422e-01
1.179625528887733310e-01
1.407531494818763801e-02
-2.616811004685830055e-01
1.596562066176365480e-01
-1.515633750012644609e-01
-4.768463663034636646e-01
-3.777003205016238874e-01
-3.967759376170192087e-02
-3.679643770493751798e-01
-1.404683926741024935e-01
3.751557890775114590e-02
-3.269628190178928140e-01
-6.279226260610586141e-02
-3.830815832119430775e-01
-4.043950211004184170e-01
-3.501787057350882471e-01
-4.770766127475481455e-01
-4.951365873339789170e-01
-1.106339560312179088e-01
2.663078892941277837e-02
-2.673781600947202144e-02
-4.318042686088832127e-01
-4.487922821700918719e-01
1.739709227063453434e-01
-4.893842861216376461e-01
3.349795996888572103e-01
-9.105905430957257629e-02
2.816394648331989048e-01
-1.598055087332418966e-01
-4.563874233689236837e-01
1.265472564548976164e-01
-3.752642685835660269e-02
1.496385125884379386e-01
6.196269132538227697e-02
-4.194394248612265952e-01
-1.486441909764825708e-01
5.993637134491020674e-02
2.358731618268448127e-01
