8.122567268262477214e-01
1.698424261576859662e-01
-6.780408925288980426e-02
4.297693697228560650e-02
1.008406748056486640e-01
-4.535177893034892938e-01
7.922550948723730002e-01
8.627226493851765099e-01
-1.982482150383130248e-02
8.557968885155382566e-01
-5.431824050124491043e-02
4.211511485443034108e-03
8.469561052782828003e-01
9.572719094351389568e-02
-1.021708947887671470e-01
-1.261057638768588174e-01
8.469319663101804174e-01
8.323483776715639992e-01
1.515277112197807585e-02
-4.480089421832099406e-02
-8.575101213203799311e-02
-3.932904302233000693e-02
-7.134726862383829193e-02
8.502746916878305417e-01
8.454348449941935240e-01
-5.155933117756844597e-02
-9.567259196629707141e-02
-3.484812920787017099e-02
8.045567774615201007e-01
-3.286537977742720606e-02
-1.074963654078019415e-01
-5.896435171753841575e-02
-1.552129555515700254e-01
-3.796184897823720594e-02
7.401369082496248031e-02
-9.196068982569144401e-02
8.280263954943835047e-01
8.026108057461928125e-01
-4.788006884438303357e-02
8.582207147839018280e-01
8.343843452359434032e-01
8.688520519797557906e-01
1.161129986423949656e-01
8.349219643901619747e-01
-7.258007749607960080e-02
2.213572011069607492e-02
-3.789905980478721070e-01
-2.519273157538584607e-02
-1.951930525323899990e-02
8.743544164159553489e-01
-8.233230532339270991e-02
8.223583299860072193e-01
-4.203015492172049172e-02
8.511361350729056419e-01
8.724130001902785647e-01
-1.674892808290301405e-02
8.383705387171260792e-01
-1.118041075243702415e-01
8.216686836807052252e-01
8.225371151992637575e-01
8.417366559652174063e-01
8.434718933511464733e-01
8.215995221733273235e-01
-3.903901644427079654e-02
-1.630031801819345483e-01
8.545708082203761213e-01
8.810761839899428072e-03
-1.044284882935603287e-02
-6.259587846121311694e-02
-5.889270320537030867e-02
-5.984815969755667708e-02
8.525630244722091911e-02
-2.867097944247108676e-02
6.296647554105199163e-01
-9.668340723793519831e-02
-5.841565818287913769e-02
8.511070308922453753e-01
8.012543039773571962e-01
-6.351667679832936897e-02
7.686204739501424354e-01
-1.915406332461906669e-02
8.336742342818409535e-01
-6.873541198620974901e-02
8.343587240379768399e-01
-5.226950733305733843e-02
-5.675254361863488195e-03
4.072515951462378492e-02
8.416774003101779034e-01
8.490493178625262427e-01
-1.026982299453988307e-01
4.390925958469431289e-02
8.518025574069790773e-01
8.572307867351903754e-01
8.293593301198749490e-01
8.445857939748668830e-01
8.379618579516620036e-01
9.505237728443185485e-01
7.709632707557214637e-01
8.253349277422291630e-01
7.994259697113837992e-01
8.574576808334777311e-01
8.188373018555843430e-01
-8.413944845505200165e-02
6.014561510003556266e-02
-8.682562187036864387e-02
2.136750830257212741e-02
8.370468851237258257e-01
-9.921213870857795158e-02
-7.485903413743166812e-02
7.547554725686042021e-01
8.527434382681664538e-01
8.346408667639869661e-01
8.490324158991630066e-01
8.523527362621359238e-01
8.346848120445553576e-01
7.285134052599717691e-01
5.825428824534202576e-02
8.210129286447481745e-01
-1.183791848528897017e-01
8.703260869320427195e-01
-2.032997289640597893e-03
8.827801353853804711e-01
8.248091845486591467e-01
-9.501264827533745239e-02
-2.443711118010311045e-02
8.487140271413865511e-01
-7.851010259464059893e-02
1.350146921946288880e-01
8.229203477504252184e-01
8.360345774447399680e-01
1.033844932837088004e-01
6.643491741503909642e-02
8.150152285338448932e-01
-1.829640465590419984e-01
8.477133711872296695e-01
-8.678221457595965138e-02
-8.923075177133905911e-02
8.531020975150440666e-01
-2.233943645931714406e-02
-9.470429539783500883e-02
7.263772766565048666e-01
-8.037429939710509508e-02
8.186761739871429855e-01
-3.473168012348926137e-03
8.779628496816960226e-01
-4.737638464176616160e-02
8.364387293167747650e-01
-8.362977166482042646e-02
-1.471064046936338410e-01
8.530582840566340863e-01
-1.031328462674155899e-01
-3.760438597963502994e-03
8.381765819960564912e-01
8.393854320838990413e-01
9.105572302617029878e-01
8.275765815374583889e-01
-1.117910958150568207e-01
8.586076095758797821e-01
1.503884934198388701e-01
8.130756414832167600e-01
8.406560854422392426e-01
-3.584839672031975288e-02
8.558205633611024599e-01
7.510577669320608329e-01
-1.926095243112023181e-01
7.422053739608396317e-01
4.085069188057260936e-02
-6.479660906467946124e-02
8.416495364168337101e-01
-7.242203263768492993e-02
8.122225498321368198e-01
8.642241742086870238e-01
-1.012639297845184250e-01
-1.081737991315709635e-01
7.905738594852940171e-01
7.948623084690433771e-01
1.842227517176593943e-01
1.452864505700565689e-01
-2.063685426689225444e-02
8.523636063446426991e-01
8.225337118492896948e-01
7.586865895987098263e-01
8.570486249751947394e-01
8.210071714377439323e-01
8.557772157758694043e-01
-1.482554619394897133e-01
-2.619723068099882868e-02
7.920048327406497002e-01
8.091503906974667482e-01
-3.982413656091617071e-02
8.467221780958588129e-01
8.694330678963280157e-01
8.168302445134901779e-01
1.942400589726189231e-01
-7.120576816044586754e-02
-1.948335754988730906e-01
8.772356563806616991e-01
8.590987105835364845e-01
1.452806063228898603e-01
8.472788323398596777e-01
-4.564150076125807198e-02
8.386940471865024227e-01
-1.161366335871970301e-02
-1.899564203435351317e-02
-7.389419616532416635e-02
-8.412026942550096531e-02
-9.931605300873760922e-02
8.479640334616229680e-01
7.410528389164533491e-01
8.456543522887738362e-02
-2.229565687285508524e-01
8.384155371665438228e-01
8.567018924120475276e-01
8.375675661281191120e-01
-2.369446698524096950e-03
8.459113035452682228e-01
-6.950162439668219894e-02
7.535642127850067373e-01
8.464142887844561258e-01
8.299452028630145417e-01
8.118595192708790709e-01
-1.039367285964236109e-01
-5.833411807896962675e-02
8.595485908211349946e-01
-1.454118126825797996e-01
8.561499540849399903e-01
8.346367142214188295e-01
8.443902146509326689e-01
8.564289483723519503e-01
7.235480027987640783e-01
-5.086667256558005668e-02
8.395343416138955073e-01
8.587058330754406832e-01
-5.584028444875373254e-02
8.532718028215375838e-01
7.985941564723602060e-01
7.985389603217017962e-01
5.977984599493695039e-02
8.351381687162735545e-01
-1.160231225253595261e-01
-1.040954559429466686e-01
7.652596832869547061e-01
7.638257407445807612e-01
8.155581437573220516e-01
8.631621986912227928e-01
8.523332383303853232e-01
8.173749681323343452e-01
7.912232633701263285e-02
8.424549886542224142e-01
-8.522692383796633131e-02
8.503556014621005410e-01
8.164612237319865962e-01
3.008983393114887661e-02
1.930052627798448106e-02
-8.330936990127667252e-02
8.494820044060753528e-01
8.574863022921216937e-02
-1.643273607192357808e-02
8.451872381380695076e-01
4.625426719348339766e-02
-1.343637530871992503e-02
3.315629719974783063e-02
8.310809797046302405e-01
-1.059349325064634639e-01
1.316628752848538475e-01
-4.829003844519078048e-02
7.731852059347361639e-01
1.423261743815334157e-01
8.345737864569787723e-01
8.197120532229826839e-01
-4.372072445442923283e-03
3.716683535515685755e-04
7.845688538104544918e-01
7.869137245783121015e-01
8.232613195363563952e-01
9.269749069533655961e-02
-8.125952417595756760e-02
8.666399272584544011e-01
-4.273394667065745500e-02
-8.427022337365376592e-02
-8.981614191596028196e-02
8.885345125371805208e-01
-2.212672408467132590e-02
8.679552339548765039e-01
8.628017934902715291e-01
-9.068346303940866271e-02
-1.026934048159568597e-01
-3.429629146687265817e-02
8.033429757135031046e-01
7.869527459989612561e-01
1.331599654601692828e-01
8.370361697830759340e-01
8.477148424880243116e-01
-3.633235113904320635e-02
-8.879638979061982296e-02
8.039911589631617561e-01
-1.510901601213828771e-01
7.865001077858115863e-01
-1.182199627809129155e-01
8.539357373400771056e-01
