9.206125968832129525e-01
9.260247965294359229e-01
9.089706680521862925e-01
6.716663707681402862e-01
9.302179379853476870e-01
7.668511518367212565e-01
7.998011648423648534e-01
9.125341946982254981e-01
7.213464033877614590e-01
7.629556995172882550e-01
9.338843440788797690e-01
7.804826118609694552e-01
7.542643464108933493e-01
7.389220727519354437e-01
7.592292321824507528e-01
8.278835243323512394e-01
7.968617150361754220e-01
6.710966953230654841e-01
7.566446928983328046e-01
8.771380613957804329e-01
7.094836611436221574e-01
8.919583348004165302e-01
9.011219816885158718e-01
8.384533624214138836e-01
8.667080273400178392e-01
9.416251571676117482e-01
7.152416653222913867e-01
7.480835186426217920e-01
7.990360226220725171e-01
7.865431438980700074e-01
7.507554224874870563e-01
6.799478746380788197e-01
8.768980032459416929e-01
9.117357282812937891e-01
7.422348634673008316e-01
7.234612708355026012e-01
7.847134670224824582e-01
8.925056143371887796e-01
8.168404095966181888e-01
8.127153492127716650e-01
8.569673105621622433e-01
9.197338682376532404e-01
8.660618414652383468e-01
6.755283891558008236e-01
9.265237872590379453e-01
8.331345756830519367e-01
6.952642674573010773e-01
7.614875129902520801e-01
7.056233009335737272e-01
8.942191325278017189e-01
9.426539675369695059e-01
9.175141506167627803e-01
6.642283465094198647e-01
7.701875177128416627e-01
7.089252164444367343e-01
9.472868876552935635e-01
7.899861660242971650e-01
9.416021175364441831e-01
9.322171593630932396e-01
4.848801549191372184e-01
9.185136855109972132e-01
6.855849360727617192e-01
8.911604552518218592e-01
8.640141398599965328e-01
9.298163636496710183e-01
8.441906581382225827e-01
6.832152182077412261e-01
7.992340784840833434e-01
8.170060519346200589e-01
7.172173323057402516e-01
8.013503893802820244e-01
7.523717537522678356e-01
7.028024066108692347e-01
7.748765957685722627e-01
7.088310882277878422e-01
9.373769257708612912e-01
8.965478224289205045e-01
7.409897198907700044e-01
9.372618007530451045e-01
7.951503772571291151e-01
9.401054334117363576e-01
7.607151316353121251e-01
8.722903897363039061e-01
8.070976837964386474e-01
9.237078178319975130e-01
9.013296476427263837e-01
9.110699126615653398e-01
9.234588049559493417e-01
8.521806754518005400e-01
9.292032543885756501e-01
9.063222803222763524e-01
8.821966041373625611e-01
9.601881300867828317e-01
7.373541457485259798e-01
7.491004258479156963e-01
7.136391446360037527e-01
8.743623535069304786e-01
8.749334799368264637e-01
8.585477004919732646e-01
7.711997802551997516e-01
8.349122098253043411e-01
8.650331405361993964e-01
9.070190657938589363e-01
9.254475655480672858e-01
6.692101636233458439e-01
9.099714387124229198e-01
8.382880778030925573e-01
7.045685897710073364e-01
9.118395954329927555e-01
8.569605886178894849e-01
8.889249781338522949e-01
7.091499233045743811e-01
9.566499359240743239e-01
8.367682059286022378e-01
7.793273888683198702e-01
8.747721757900899231e-01
7.230629607919583091e-01
7.471646021556569428e-01
8.243835404887568385e-01
8.621326950108472165e-01
8.538521382156439854e-01
6.691469023191168874e-01
7.651673801495894045e-01
9.504569523671160258e-01
9.046189360422904890e-01
9.209088880971172397e-01
7.480326392125636881e-01
8.307709419420884478e-01
9.333442039150301461e-01
9.360568790721357502e-01
6.948758666125147698e-01
7.353098376598878883e-01
8.265622152416974844e-01
9.565551529978939538e-01
8.280369834431994258e-01
7.725118226578364666e-01
8.842535000607436579e-01
7.877405597043365404e-01
8.198900855542441413e-01
6.855935860162643003e-01
7.525827459106633199e-01
7.348633618121607203e-01
8.911650816434675271e-01
6.788469284460648678e-01
9.018636040549756760e-01
9.068746710329691485e-01
7.535489582176391199e-01
9.429520045587627131e-01
8.739842600189740018e-01
7.854119881333947450e-01
7.027759165649695161e-01
6.525746869148019158e-01
9.220752953496923476e-01
9.456809713181730803e-01
9.432017744867113862e-01
8.193298483969035928e-01
8.982652823007333254e-01
8.833114493781731857e-01
7.412299857923674296e-01
8.143040469947959714e-01
9.096226863616638791e-01
8.592471825807042052e-01
8.951197585315874283e-01
9.374877682116031785e-01
7.257527841189349571e-01
7.621259975136394083e-01
8.058629049006368339e-01
6.791875859517094716e-01
9.178523333166925813e-01
9.503620879008747302e-01
8.961955591283817801e-01
8.502017640729877535e-01
8.796467285797133773e-01
7.419028281282241677e-01
8.669286677803509367e-01
7.047218610801084804e-01
9.253049425920787385e-01
8.376152838920313259e-01
9.046407132362446202e-01
6.982638444916102749e-01
8.729047870827166822e-01
7.586435365830022093e-01
8.984391128206499211e-01
7.022914700125385545e-01
8.630127832845456703e-01
8.251206271903446243e-01
7.337794969788424826e-01
8.284269511750770310e-01
9.065685271677006440e-01
8.200662085018461944e-01
7.635080906777877985e-01
8.958651447440845184e-01
9.144541642154350169e-01
7.539816470794459269e-01
9.094410279095729299e-01
7.395802098017330017e-01
8.144793739385520759e-01
6.521050563343984141e-01
9.291189379412684302e-01
9.005015987322997351e-01
8.384898811307899269e-01
6.928794276124021767e-01
9.395601655626673043e-01
7.387832374730356477e-01
7.725329835307535031e-01
7.379533538011537885e-01
7.992620942345420865e-01
7.252860422987954525e-01
8.841663587859249773e-01
8.927337532973752543e-01
9.231350233397788152e-01
8.769932871692815990e-01
6.782174318250988598e-01
8.836244618909461224e-01
8.222544484751738159e-01
8.852820947668607054e-01
8.987179429279755771e-01
8.329689951039357387e-01
8.025934023905006987e-01
9.073927431864541315e-01
7.202047636295810795e-01
9.032726852927832617e-01
8.871469812658014931e-01
8.857664626204229119e-01
6.766915976815846001e-01
7.296710090223106349e-01
8.545965089480003218e-01
9.644093353492058096e-01
6.338164089905586884e-01
8.341458964519571362e-01
8.380954550745225440e-01
9.215189345457790449e-01
8.302611006409692518e-01
8.486836643803985503e-01
6.923739995898725574e-01
8.643206410073378532e-01
7.012915655264304604e-01
9.252605169117884554e-01
8.769840530887813568e-01
9.029664009358584487e-01
7.089815170682486345e-01
9.289001907895715338e-01
7.446794510023596603e-01
7.137528346094452747e-01
9.185619791324238781e-01
8.831868217809532018e-01
9.449815059469610645e-01
9.103134847686364939e-01
7.885160919431770665e-01
8.290996871075626551e-01
7.558747352596029145e-01
8.324185281944649351e-01
8.772822259570597359e-01
7.533793911700459311e-01
7.881085328120123190e-01
9.373882454591390134e-01
6.014654138304907915e-01
5.898727018891954943e-01
8.424260107881372805e-01
9.441535149731078436e-01
8.782462098341973222e-01
9.306447441960421507e-01
9.091465147032475880e-01
7.442457147277192764e-01
9.458456197300586510e-01
9.446127541802822325e-01
7.205875096706670924e-01
9.160778882340653295e-01
7.267155422146449606e-01
8.583402481596196232e-01
7.922665499448677817e-01
9.183894434616950431e-01
7.527533747137515885e-01
7.939977096376904520e-01
8.750683223923488852e-01
8.597189321408962304e-01
6.774546425016279017e-01
8.323282787776309366e-01
7.529826340595829892e-01
8.712381800356210348e-01
8.892408937823954584e-01
7.706242591562808553e-01
8.874751036141131921e-01
7.859927189759507993e-01
8.919570583567441036e-01
7.859959803334909401e-01
9.467834167626453246e-01
9.509373374803515855e-01
9.363240524505973550e-01
8.589116249291119942e-01
9.202621791944556318e-01
6.836767700921344559e-01
7.464035186988711157e-01
8.918690990851008138e-01
8.795464459078885522e-01
7.033224561981035183e-01
7.514353740611721122e-01
9.487201984238413655e-01
9.528309554021840988e-01
9.309323914044513870e-01
