6.600032049920487309e-02
-3.006048517672323950e-01
2.602375877769766976e-01
-4.120850057357491880e-01
1.746518684490455942e-01
-2.399458881860358772e-01
1.466857149264325089e-02
-3.161444071908837972e-02
-4.048909746362648610e-02
-2.849326950313759155e-01
-3.467192692432891077e-01
-2.287635010363751192e-03
1.495666744578452723e-01
2.090819160429932544e-01
8.391903182842758158e-02
-3.111353077208297568e-01
9.519393840597455136e-02
2.904801428001050345e-01
2.900920693793957589e-02
-6.428059504090832821e-02
2.323030555229595728e-01
-4.356855703537903524e-01
2.510192292879483839e-02
-4.465819495808766582e-01
1.499340010029943104e-01
1.604938489599476437e-01
-4.238113067326474970e-01
-4.858119072342634293e-01
-4.388622195868803200e-01
6.503226461754839371e-02
-3.377827813922923417e-02
-4.666965372441485016e-01
7.459989151012483277e-02
1.621724097380166096e-01
1.713423111652782049e-01
1.243218600499099852e-01
3.577636898421547862e-01
-4.392933708476189913e-01
2.715120326679352769e-01
-4.964834717274574372e-01
1.080349494138636429e-01
3.441415908600775619e-01
3.535726451912317714e-01
-1.431299455611395599e-01
1.843295650708619005e-01
4.056173314824802756e-02
2.590687015080983535e-01
-4.377272453230920402e-01
4.098483182395055713e-01
3.390258066448816887e-01
-4.600246784113822263e-01
-7.100802150363974552e-02
1.744382123339610902e-01
2.551375139643568546e-01
-2.196866169190754559e-01
2.342914050530666148e-01
-3.011140752700004058e-02
-4.065865366501417721e-01
-3.216550675778897528e-01
-3.750716080587278567e-01
-1.369069451385670211e-01
-4.636102882246750378e-01
-4.199149273389975456e-01
2.819414797514359639e-01
-3.798731296655655232e-01
2.946399474283267067e-02
-3.785827313639900105e-01
-2.990953477794755511e-02
1.161474367543681857e-01
9.299215710238310784e-02
3.293492682115736203e-01
2.204375469702485324e-01
1.329526747771621609e-01
-4.178055722602032618e-01
1.822872709815428760e-01
-2.343130156239388653e-02
9.483679392501984107e-02
1.296531816110602954e-02
-4.326204918073416339e-01
-4.303408403612830613e-01
1.457499660869363001e-02
2.940027094697917898e-01
-4.013385739420975984e-01
-1.371468248270403811e-01
-4.188737777787578942e-01
-1.431853713797500982e-01
-1.502636665728159515e-01
-4.140606955937955469e-01
4.722672878656011125e-02
2.040562478944774050e-01
-3.851684192122699080e-01
-4.418942449053049892e-01
2.393113655255546535e-02
-5.599262404989099884e-02
2.603632565748526528e-01
-4.631982942173928364e-01
5.021386448293100463e-02
-1.125863208601654009e-01
-4.503879812505456326e-01
1.878935929301733532e-01
-5.148720424034913812e-01
-4.021571675531905310e-01
-2.362649331988523893e-01
1.329280305647423943e-01
-4.267789275123080039e-01
2.095095392298947645e-01
7.745914037056401968e-02
-3.201175442798897541e-01
-2.820470041125485161e-01
1.444322444384454895e-01
-5.057997754289350612e-01
-3.639735434740366538e-01
2.919363929363076940e-02
8.102543360397800043e-02
-4.081357896673772911e-01
-1.522090335027050795e-02
-4.548347877648026283e-01
-5.178461597845978037e-01
1.642417097142485627e-01
-4.315217758981261253e-01
-4.468728505038913612e-01
1.668719547054430818e-01
-4.229808461097908645e-01
1.476918024005835772e-01
-4.339055646177448211e-01
4.536622178715518650e-02
-2.233529644786552693e-01
3.058802734028669146e-02
-2.433371936672331926e-01
-4.234164193908419027e-01
2.654988522520946442e-02
-6.689613191507046142e-02
-1.116276658733954819e-01
-5.205675103949451987e-01
-4.104637941231198961e-01
-2.263457657012597490e-01
1.598041171932245708e-01
4.969643108799271652e-02
1.664416436688848089e-01
-3.656026657252293144e-01
-3.675641781913561168e-01
2.065994842086342487e-01
-2.907272134665351837e-01
-1.729564422298370541e-01
-3.904476643857904827e-01
-1.847188681576543423e-02
-1.559070500195770120e-02
-4.437986079397772121e-01
-3.912248102330641575e-01
-1.124788246947539677e-01
8.525130167672673176e-03
-4.856963492758252787e-01
6.449905139112556418e-02
-4.083676858222336503e-01
-1.654727216938060574e-01
-3.637112822920676725e-01
-2.033541719961494132e-01
-1.005681767346205679e-01
1.578920260349195026e-01
-1.362047413462044165e-01
2.095197294163047008e-01
-4.028237979980319738e-01
-1.349890739212440682e-01
-4.244404815273743470e-01
4.658873757703368285e-02
1.132704543494558735e-01
1.640612901251694428e-03
-1.428988006346700312e-01
-4.198390055124843201e-01
-3.049028074884801293e-02
7.837036673274855314e-02
7.190502435609393006e-02
-6.346401533292590769e-02
1.698118768442136994e-01
1.983993275383384991e-01
-4.442964683366479872e-01
-6.986390416977152074e-02
-6.078779473517005594e-02
1.062266272607601120e-01
7.243649538597564386e-02
-4.434661900568614978e-01
7.326806580939776437e-02
1.676777718214997881e-01
3.077148864907264247e-01
-3.655889942408095949e-01
-4.574690566158611249e-01
-4.347495922104296362e-01
-5.149373798842205030e-01
-5.392125404662855281e-01
-3.936237265171885213e-01
-4.135511942622722703e-01
-3.894275410221112455e-01
-5.130333151179069517e-01
-1.652995107169934474e-01
7.305911781786475490e-02
-9.003360750066075058e-02
3.115977212711628641e-01
-2.955155686690895123e-01
-2.918243386761612546e-01
-5.445967820399134213e-02
-3.415397949445477810e-01
-1.661656390788551763e-01
1.070165616499235417e-01
-5.446799312070068483e-02
-4.709621353881053296e-01
8.395466919694030694e-02
5.984208511609135500e-02
-5.008945952946295410e-01
3.214791053626950973e-02
-4.878912808806757373e-01
-3.242052511488084932e-01
3.200931409399759286e-01
1.612409588727044540e-01
4.371567985294234626e-01
-4.691095108981816475e-01
7.257165826050318569e-02
-4.246314621094286479e-01
-4.749166565518670446e-01
-7.106851595253467491e-02
1.399840093835633126e-01
-3.715027209944901099e-01
-3.811337257423244029e-01
1.458750866774945754e-01
-2.367664370543075547e-01
4.113125146134349180e-02
7.399878223772951569e-02
-1.946025406838084726e-01
-9.608343065910121550e-02
1.308771437728636217e-02
5.907908595163452459e-02
-1.782441044870697322e-01
-4.607554323020714437e-01
-1.001669364199057749e-01
-2.056584274045548943e-01
1.974357011914874005e-01
-1.332845000570269667e-01
1.141951333787534495e-02
-5.137431713870213024e-01
1.640789624869273544e-01
-4.079686779104009231e-01
9.417833451125971755e-02
-3.730954628629487568e-01
2.944325568699982520e-01
-4.292039918138422228e-01
-1.121173253730303604e-01
-3.760599421827626743e-01
-2.885277160879883285e-01
-1.297137237995314163e-01
-4.487071102549845536e-01
-7.656135651431877909e-02
1.731930260131286925e-01
-3.698643127511788697e-01
2.056517264975343262e-01
2.429770289406530392e-01
2.226659739014989481e-01
-1.597392651250124640e-01
2.781614886554823474e-01
4.787954166828888025e-02
-3.482219983814944797e-01
-4.685591209792793199e-01
-2.811329914501480703e-02
3.258068070899431956e-01
2.621381581715771097e-02
-3.391566213522000939e-01
-4.829019817509581092e-01
-4.384614418359514265e-01
-6.530921661244561138e-02
-4.248410648055921113e-02
6.260145036920584938e-02
-8.994400748334137330e-03
5.915912648157142101e-02
-3.818374394875760913e-01
7.526948297324680126e-02
-4.347642073515873840e-01
-2.341203503553163645e-01
-7.115325320420522182e-02
-7.664590308481004921e-02
7.321774953407366587e-03
-3.966564714311585083e-01
-3.948602216251123065e-01
-4.344004257360880583e-01
-4.615487422610757839e-01
-3.553972412657666058e-01
-2.967703360619726449e-02
1.953661142010559848e-01
-4.651748843680209577e-01
-4.359953905039761213e-01
3.082696155595075482e-01
-5.740463006419710412e-02
-3.848190550744311489e-01
-4.826037631025381636e-01
-4.439917979311107099e-01
-4.747666208005522082e-01
6.752592795895658029e-02
-3.980119852633716149e-01
-4.656584485200083723e-01
2.693290539647791859e-01
-4.586442711893217727e-01
-6.498906592622887002e-02
-2.020256766679446037e-01
