1.607991143801088540e-01
2.892075841476304254e-01
4.050723962149247459e-01
-2.780984787864579366e-01
2.133256854492866783e-01
1.982380118383680889e-01
2.089414147301537905e-01
3.622316847517626504e-01
4.756329273370528132e-01
-7.938316215379636817e-03
-3.607086739798381902e-01
-9.993288704009092860e-02
5.067185350655495357e-02
1.431283326158327707e-01
1.102770941759752543e-01
2.608495603104442340e-02
2.374054651598207499e-01
2.387480933578282616e-01
2.702312656711188255e-01
2.049433093443095710e-01
4.575785208608959542e-01
-3.793226038101549236e-01
-1.536052033456070942e-01
-2.105769633082015813e-01
-2.598884309213351229e-01
2.139129081543327815e-01
2.960549099349723545e-01
2.787449094299597196e-01
2.740998142535421289e-01
-2.100723120361430718e-01
1.449464336553649702e-01
1.848680694271011282e-01
-3.627239182568001152e-02
-2.232696733398377709e-01
-2.034489333741318906e-01
1.454567644685486050e-01
1.206336369481661452e-01
3.751506867527570899e-01
-3.311681859408084905e-01
-5.647776867887273344e-02
-4.266448732971105801e-02
3.296699952878070494e-01
-1.367150616921052053e-01
3.505182425662725643e-01
2.646299676433709336e-01
3.043528024342892491e-01
9.877893562425149598e-02
-2.195204066940389387e-01
2.748187798058505105e-01
5.334604187356725702e-02
1.808019422154909794e-01
-3.985748265749260999e-01
3.422468258562785248e-01
-2.905901718579179671e-01
-2.827872471496924445e-01
-3.129520996098228425e-01
2.273015835763640968e-01
1.857309082255578225e-01
-2.368519403791941730e-02
1.087340501015480881e-01
-7.750226508505099476e-02
4.387437779218095746e-01
-1.755447641313713503e-01
1.523906129216625049e-01
1.973402044559364743e-01
-2.931238434317684494e-01
3.962412361171350206e-01
3.372242219737345836e-01
2.089774124119679888e-01
-4.563326713479479158e-02
1.309588994820739538e-01
3.318463827876445005e-01
1.309362592058598285e-01
-2.913802420754561529e-01
-2.508008446340679876e-01
1.859328954076868712e-01
8.025619556850342728e-02
2.760000090727072197e-01
-2.128907144544645302e-01
1.986858098558437202e-01
-1.497548019154114896e-01
2.929433322441691787e-02
-1.817967237427796645e-01
1.408571675763846121e-01
9.804209428022069017e-02
1.375529720318955651e-01
1.346482893374242595e-01
5.129332955094168672e-02
1.762369132221384416e-01
-2.118300501851186068e-01
-2.875049775659493378e-01
-1.444232235257970343e-01
-3.656941902415009604e-01
2.244869045417308973e-01
5.766503572484647094e-02
3.992652509523254012e-01
-2.224043758176448837e-01
7.626531639856050371e-02
-9.633326077500670159e-02
-3.539171400318567584e-01
-2.971187246163518592e-01
-3.597930742927266112e-01
-1.189170889035311290e-01
3.238680172121879419e-01
-1.408807424049737800e-01
9.627881951572167876e-04
2.851656792420017572e-01
-1.938477244388907283e-01
4.624584017745885789e-01
3.126441656227863519e-01
1.362792268639491655e-01
2.123864036269938471e-01
-5.012612634494317820e-01
8.533314019733012623e-02
-8.145844301292080869e-03
8.905186155656771851e-02
1.986184775401308722e-01
9.516181244432697639e-02
2.010304733273058364e-01
1.502700908564597038e-01
4.823998462902734374e-02
-3.791790743979949196e-01
4.241058503448523753e-01
1.627548081705984251e-01
-3.175424721029955766e-01
1.683126541065908255e-01
1.125978653970328147e-01
-3.669909737300512953e-01
1.853829124884686097e-01
-2.013989581553553981e-02
2.127516072820495874e-01
1.538141977599759291e-02
4.472271423657373651e-02
2.998650179692918250e-01
-2.737852905873090492e-01
-3.049130238255257086e-01
1.739787240791323131e-01
4.027752883835021835e-01
-2.399529028670440989e-01
5.220893669679014387e-02
-3.834969868875272581e-01
1.338448012923033059e-01
-5.081644635851687020e-02
-3.929227041956895317e-01
-1.578774297811894600e-01
-2.420150642702353638e-01
3.281449267892188049e-01
-1.073472961087783423e-01
-3.471686125965259273e-01
1.511691337087490983e-01
4.387223072719818179e-02
5.729242005228731699e-02
-3.817204886979558287e-01
2.524379819069744180e-01
2.651173655239700069e-02
-2.713106720168073638e-01
4.612522763183958263e-01
2.876958956642976517e-01
3.523701657566005174e-01
-3.863737640263626427e-01
3.096406947447378766e-01
1.691665777615884991e-01
-2.926857909050762929e-01
-2.401800847540434269e-01
-1.509731673292807330e-01
-2.393976030102983321e-01
1.737636515372457113e-01
-8.074857414280935120e-02
-1.574251605044003077e-01
1.997506235144286268e-01
3.303173997249119198e-01
-3.054875691548636918e-01
1.547080760503033725e-01
3.588813099793197736e-03
2.137909427121410522e-01
3.631530172754068309e-01
1.000696777710789742e-01
-1.220237434231311729e-01
-5.193865553170230742e-02
-1.608917910171601684e-01
-1.054447080191743824e-01
-2.935234918258519121e-01
1.612790550944278034e-01
-3.431822011425749164e-01
6.804582973976580629e-02
-2.741529220012579593e-01
-1.972368651010849433e-02
2.207411836818210238e-01
4.073319902624299438e-01
6.437468730196969913e-02
-3.646886414534096787e-01
-3.363022695822316943e-01
-5.647881906833511489e-03
1.919185143944814875e-01
2.378223332181994276e-01
-2.151325578667317717e-01
2.499799223529535208e-01
-2.094541798940819377e-01
2.493566483746783302e-01
3.721784029937479366e-01
-4.259891438334860170e-01
2.582506026524585829e-01
1.869174991906020211e-01
-3.856788570205522126e-01
-4.839217063141985908e-02
4.832049967956784653e-01
-3.506309571162116168e-01
-5.014438584999773851e-02
-9.677041349964003031e-03
-1.342243754687512391e-01
2.239273005903192892e-01
7.434018366561415125e-02
-1.205745182895089779e-01
2.158595753061102462e-01
-1.743226678912187522e-01
-1.846258203224467875e-01
-3.241354936917599794e-01
6.217708818533931175e-02
2.158679718882698106e-01
-1.977329747335025700e-01
-4.197645482779679971e-01
4.109057417929461442e-01
-1.137790840086690819e-01
-2.426535432631413136e-01
1.430168546776851290e-01
-1.205250634066573900e-01
-3.497504447050954202e-01
1.115549513625001543e-01
2.962291982365145016e-01
2.015887267248507864e-01
2.654183519276019920e-01
3.559972317007794457e-02
3.180102500790928793e-02
2.529681410685130638e-03
-3.359455256896403119e-01
3.110735147415453206e-01
-2.387351613119743088e-01
1.704703509983010179e-01
7.033609115715253046e-02
3.797302610286136804e-01
-1.704520607346529937e-01
2.087905129948271210e-01
-3.997267511701040332e-01
-1.928276040581778650e-01
-2.723071017118340875e-01
1.846098657478013882e-01
-1.892954763720361422e-01
7.580708217624695933e-02
1.987954563933016228e-01
1.287552843143217052e-01
2.928865337766026755e-01
1.111256496417516448e-01
1.941062756089405317e-01
-1.421681639751670168e-01
-6.764984445936927937e-02
7.649029350834332663e-02
-1.974240934262259661e-01
-3.130320104570976092e-01
-6.902735470674845053e-02
1.458687473052820427e-01
-4.465504799002896763e-01
-6.831790553553072215e-03
-2.177699632506454597e-01
1.274286183697104502e-01
-1.726637301778130573e-01
6.492765263460099912e-02
1.730390050432033533e-01
7.444164506165909523e-02
2.275513415356500424e-01
1.518679583231311025e-01
-7.694710818934512309e-02
2.321408011821771145e-01
-4.289136905610784201e-01
2.400347330489818465e-01
3.127074046268351615e-01
-3.759640888616164189e-01
-3.798098342443622100e-01
3.899943334668280470e-01
3.671037415648080726e-01
-3.770163174675338763e-02
1.700205891624346211e-01
8.642968390517161148e-03
-6.063814673717533854e-02
3.972738416337522338e-01
-1.769732338465611621e-01
1.571601891304744980e-01
3.327876230654833734e-01
2.292728453399681121e-01
2.794270587930829386e-01
4.075413310007746648e-01
3.426645222480151909e-01
-2.373318509021873635e-01
-2.047256026769221082e-01
1.495241941192380353e-01
1.119292319718849932e-01
8.035677013161521276e-02
-3.214124262366804818e-02
5.277191253282438321e-01
3.357070031315760317e-01
1.042726787826389057e-01
