-4.736229207784821149e-01
-4.190853008709422706e-02
-2.726467769030817001e-01
4.962088578757539725e-01
-2.243526111075483942e-01
4.294495379693945014e-01
4.406581008574184111e-01
-2.285568370919777714e-01
-2.041616621109190455e-01
-3.066216139711024913e-01
-3.449265430493224094e-01
4.176179610264179054e-01
4.134559628216504801e-01
5.796383945868754939e-01
-1.144648473602988686e-01
-2.074598080929030419e-01
-3.940743488080936108e-01
-1.586931398319633979e-01
-4.012553954114383425e-01
-3.790238747048317869e-01
4.221994098690537989e-01
4.130830434052705780e-01
7.505239715719874694e-01
4.581134926723527956e-01
5.600001974741146693e-01
4.600441377561227396e-01
-1.688363455851932260e-01
4.598426233085525228e-01
-3.017689434067043486e-01
-1.949925437400936157e-01
-3.562019319865634692e-01
-4.448144318077115744e-02
5.841864419135979203e-01
5.915754067350249557e-01
5.078796674482912721e-01
4.569648788566582631e-01
4.279821316737962289e-01
7.888312274019085302e-02
4.420050165362492400e-01
4.197807830343631696e-01
8.283988021171484473e-02
4.212006343413607912e-01
-1.008345075908090027e-01
5.790178446420037872e-01
4.698787048423086476e-01
4.864192608017300357e-01
-8.777196646022634996e-02
4.367231372628306851e-01
-2.558834388952682670e-01
8.306114674553140009e-01
-3.408978107413319636e-01
8.143120589750117988e-01
-3.032771203711586705e-01
4.889631523189672535e-01
5.492954631654396458e-01
-5.050842632886794192e-02
-4.485674820498539161e-01
-6.143070262199538251e-02
5.088833688129030808e-01
-3.020647015693467274e-01
5.646597653508454995e-01
-1.713621205633619193e-01
-2.915659195949841243e-01
6.008406043820159192e-01
-3.234850698644137768e-01
4.519883975664541476e-01
-2.701352847182936223e-01
-2.418292618433809382e-01
-1.713616727584853783e-01
6.015602036482901038e-01
-1.631515700535163538e-01
7.518384996478646443e-01
5.597831936651392892e-01
5.308900505457033736e-01
4.323085175456620188e-01
-1.933851811791086062e-01
6.228174733752162018e-01
-7.512629292284726812e-02
-3.360258604943954786e-01
-3.768431402731321489e-01
-4.552907474563422929e-01
5.459219944124833468e-01
3.849251160049881881e-01
-2.444938637696697503e-01
-2.677429259809083750e-01
-2.865465551884181505e-01
-2.975967649079833688e-01
4.963843281181290479e-01
-2.116268309920590340e-01
6.375215880959431702e-01
5.715555809775910712e-01
-2.021182782993558580e-01
-1.643960670845550365e-01
3.920480573025772464e-01
-4.928678615129695323e-02
4.742171374058535838e-01
-3.667022735852459858e-01
-3.845510783730250459e-01
-2.108776522296483269e-01
-3.825130050059437625e-01
-4.563221465896758477e-01
6.748915384671342332e-01
9.681979789626593558e-02
-3.058532027689426780e-01
4.491839936371868625e-01
-1.670507518035794225e-01
6.173935209172497496e-01
-3.090046460659878758e-01
6.923236133271380988e-01
-2.217104363613109919e-01
-3.810921423496725358e-01
-1.189613910300195976e-01
3.842840830471544455e-01
-3.606126561504828798e-01
-4.288379948728677227e-01
7.042649789512914760e-01
4.608631486560433865e-01
4.629627509151207909e-01
7.285849397612722544e-01
-4.314515314378203903e-01
4.933716089493194179e-01
-1.876790106615996434e-01
-1.421809186302377959e-01
-4.730715136564721257e-03
4.278035675685268879e-01
-3.590087814139014677e-01
4.757092589515076186e-01
4.807719009622543060e-01
-9.383935639386890848e-02
4.415875254041201625e-01
-3.412723527954082403e-01
5.030735167835960198e-01
4.268172651437524556e-01
-4.902758755174425054e-01
-1.540008275406468397e-01
-1.767320404167588843e-01
3.973967539236110680e-01
-8.927285845978766288e-03
6.410407663190764715e-01
-7.810924200696481301e-02
4.120506655233923121e-01
-4.104838712145421620e-01
-4.290071549915512872e-01
-7.647191615954948563e-02
-1.653829498097753037e-03
6.463548791760989065e-01
4.436808168442601397e-01
-1.209623031072705190e-01
-3.236078659181436668e-01
-4.308295377976626428e-01
-1.894343141464719382e-01
-3.004403108707160430e-01
-3.692070851763235018e-01
-4.049497836892032021e-01
8.187256433213061513e-01
-4.440598999610461672e-01
6.579807003626501061e-01
7.796714111078925091e-01
4.985084387793168870e-01
-3.823762005605163550e-04
5.471657321467346957e-01
-1.388898024441781731e-01
-4.561012445132864856e-01
4.462098915052581383e-01
-1.792042336019727955e-01
-3.849807735128144559e-01
-2.415385240999700922e-01
-4.099092609664679865e-02
-2.046569107505420981e-01
-3.097138935896837086e-01
4.399578673253407013e-01
5.857950119491767138e-01
-4.712899730741991755e-01
4.575481955098799070e-01
6.895851210048076219e-01
-1.624464966464007898e-01
-1.651356703731043374e-01
4.813793984799360492e-01
4.402669445450501096e-01
-4.111006286569327539e-01
-4.729459625068757056e-01
5.178189866374085515e-01
4.334646781815192362e-01
6.393295941181648123e-01
-1.055559476104378225e-01
6.916269366460368051e-01
4.746100999966702538e-01
-1.876621438562399991e-01
-2.281801940388945849e-01
6.964723388694630257e-01
-1.762474011571723287e-01
-1.087603799431692275e-01
6.160798114773964329e-01
-2.489981480723641449e-01
-1.071696394163575150e-02
7.393857868821295254e-01
-3.792053145377874412e-02
5.997534208182174753e-01
4.646080753868323532e-01
-9.382606757046016432e-02
5.528328595192787409e-01
4.988341486294720073e-01
4.275185454503027671e-01
-1.773879555455813162e-01
7.506055865568738161e-01
-6.986045679588505364e-02
-3.786683352272076086e-01
6.957770756977209592e-01
-4.399464447334494044e-01
5.648963012902739056e-01
8.142577242060335951e-01
4.466880055769709701e-01
-3.586215556461159748e-01
7.309928925292268342e-01
-2.772884699896783212e-01
8.397103109046031300e-01
-2.170311682054032465e-01
4.409793383121851651e-01
7.685857723010841580e-01
5.922328084096631917e-01
-2.292622067198963332e-01
4.720132975731652358e-01
-3.308295134443480778e-01
7.977119636502485456e-01
4.220445205472332928e-01
-3.423122773459101320e-01
-4.483784035948797930e-01
-2.867207086077815936e-01
4.966654839649002895e-01
-2.128516570911494488e-01
4.378753090334884801e-01
5.047546729412937250e-01
7.599600214735511283e-01
4.434949999713176938e-01
-3.501404234231362406e-02
-3.520036235178117257e-01
-2.745873399321570041e-01
-4.048902385309463003e-01
-2.604835312655582880e-01
-2.003628242664152737e-01
-3.235213552160298711e-01
5.041783643593725772e-01
-3.180827521031289740e-01
4.145941416163783089e-01
-1.812244382164914791e-01
7.194158274597222125e-01
-4.662882264371882024e-01
6.434352452806237910e-01
4.159169187012107249e-01
-4.431054000141555760e-02
5.218572093437201520e-01
-3.888860347441264742e-01
-4.386358426628378382e-01
-3.432974622693251709e-01
4.922388361225463749e-01
4.681820796303722693e-02
-1.552170358656346782e-01
-3.231480010857121776e-01
7.578571189373595196e-01
4.130310541991401574e-01
-4.094128834904888770e-01
-1.025558049318398834e-01
8.703527822380399126e-01
4.907077691405218323e-01
-2.440038298472154144e-01
4.411637551962055426e-01
-1.396044965348983147e-01
-3.374854090116148342e-01
-3.142562272902622023e-01
-7.591428561542033771e-02
-2.363987744533534996e-01
4.577106108646188387e-01
5.500769695562579553e-01
4.587591869421212554e-01
7.917985344042955953e-01
-2.627632432673587815e-01
2.235389942276842512e-01
4.452114861256369904e-01
5.251885109142231389e-01
6.570560159137183165e-01
7.656564059178447845e-01
4.707947195474623814e-01
5.226632030994057265e-01
-3.163462767560324407e-01
4.427636144203550561e-01
5.094776886039107389e-01
-1.933911355905451046e-01
4.854956645782003699e-01
-1.993109728490008448e-01
-1.708037140793194908e-01
6.264989212810517794e-01
5.140429861716693249e-01
4.201139479062452331e-01
6.572861633558911842e-01
-6.867598722399137490e-02
5.924335056078484651e-01
-2.292444854649077768e-01
5.208875301903601596e-01
7.586244232294442336e-01
-3.369696055812430036e-01
