9.454083241370566659e-01
8.869028816071584664e-01
9.078842176781294349e-01
-4.023024897736461325e-01
9.185425247833147733e-01
-3.641114609679462766e-01
-3.657770621002708333e-01
8.608442938420021173e-01
8.668300986828345600e-01
7.056908224617111092e-01
6.184190953264931956e-01
-4.170218965615431483e-01
-3.251025348793888381e-01
9.115211912912205561e-01
6.514156000889391729e-01
6.352543195738106219e-01
5.960264368214733821e-01
6.258193710026893619e-01
6.065128618421832263e-01
8.037190294557290393e-01
-3.592291878613657063e-01
-3.475069408377908231e-01
5.047081124325817347e-01
-3.806245872507370009e-01
2.763206445137593725e-01
8.441054637913675274e-01
-3.346010534411619775e-01
8.936300292659234978e-01
9.197392625913030084e-01
8.275141139564154980e-01
7.296462478705417753e-01
-3.386339496639081958e-01
-4.187890731835738900e-01
-3.914539867150790275e-01
-2.895817667140682672e-01
-4.546247426128310343e-01
8.676336718258488290e-01
-4.454164633318992150e-01
-2.660556319050847440e-01
6.500364841691218531e-01
-4.158901343014451690e-01
8.264338770773521636e-01
-4.624353431446137641e-01
-4.202196813174663981e-01
3.765683310675750350e-01
5.865309017208738540e-01
-3.900721263164075858e-01
8.175888017967490873e-01
-3.158497010007303984e-01
5.708730236810148906e-01
-4.370666849515965624e-01
6.432380539700626176e-01
-4.175645702599218856e-01
-3.976427584427124073e-01
6.948793255874677888e-01
9.095636662319316335e-01
9.028586688509750990e-01
-3.450603389734048232e-01
8.471069132747596209e-01
-3.778881852070739011e-01
7.433288259674221132e-01
7.643622223626099776e-01
-3.912115872139366735e-01
6.218866059277431413e-01
-2.294492061649174020e-01
6.663670493998550270e-01
9.381154441808808864e-01
8.750285189703730371e-01
-4.671988131653657672e-01
6.288215354171122762e-01
-3.981989267813054179e-01
-4.899555521344542974e-01
-5.302218520752277620e-01
-2.038547759776488388e-01
9.253123911079998987e-01
-4.005041607082145960e-01
8.584985260617541414e-01
6.336901806388413050e-01
9.239626339877093919e-01
7.845717958993576602e-01
5.316920814154374453e-01
-5.230963027505491914e-01
8.974524994865276106e-01
8.253841108488291223e-01
6.841858935278745113e-01
8.897218402849588204e-01
-3.725644610783821475e-01
7.342082061227179768e-01
4.616351512200546070e-01
5.791995276471412213e-01
9.105077009479130012e-01
7.356029056427015878e-01
4.879347877940078959e-01
9.532764320646196499e-01
-3.912181382804311713e-01
8.646161436541773826e-01
8.484260468236920483e-01
8.344287521976525568e-01
9.020273081700882489e-01
7.291904214480863233e-01
-4.184005192362950654e-01
9.140634564519162231e-01
7.594923431801394731e-01
-4.536496181148169660e-01
9.507897108494687277e-01
-4.267059707303318405e-01
9.403239781419159282e-01
-1.405827963759593846e-01
9.274161418404198720e-01
6.577890387411287065e-01
8.943955105153290619e-01
-1.876358402850547002e-01
6.821830592016685513e-01
8.869460857488080663e-01
-4.069967514103750572e-01
4.202641202642160012e-01
-2.674285569977041810e-01
-4.229658400400460039e-01
8.113021587370012888e-01
-2.633797096610015487e-01
4.185546329105348518e-01
6.331860414188844599e-01
7.666885821295312820e-01
-3.652482122374855478e-01
7.801841383167342769e-01
5.326429152065803585e-01
-3.985641482363466159e-01
8.035421164468858901e-01
-3.806085391851019573e-01
9.403390307764563083e-01
-2.146094384957925039e-01
-2.837811863183257732e-01
9.398475005480437794e-01
7.307347810272287747e-01
5.041769004086671391e-01
-3.561867856728417325e-01
8.415131996694509287e-01
-4.500217537092235376e-01
8.068707518965476666e-01
-2.652003641219698449e-01
9.460928980271583466e-01
7.767708062554971038e-01
5.973509587644326713e-01
9.214880975165858912e-01
4.411664449065769711e-01
-3.887775002593664153e-01
7.821405960089838905e-01
8.620761696895344883e-01
7.362528684015609004e-01
6.361033194960414860e-01
9.475429503225802907e-01
9.387842227158589292e-01
6.946742926035888166e-01
-4.457749757959946768e-01
8.158221588098752974e-01
-4.418250427638985012e-01
-2.379434883879675555e-01
-4.058682843874872881e-01
8.089050632561941567e-01
5.902592111016737864e-01
8.414006954290578211e-01
8.558383726893347143e-01
-4.460609119898366060e-01
9.392043071252083042e-01
9.135154605227077118e-01
8.550852071579609914e-01
8.041714602856890881e-01
8.419372408767062943e-01
9.215777477519712102e-01
-3.224903330252653633e-01
3.510382461692357348e-04
8.886889745363808490e-01
-4.243387588644053632e-01
-4.273883348250347991e-01
7.283792741668307924e-01
8.394371558097228903e-01
-4.224554406244847016e-01
1.159120699829410545e-01
8.247010204232620989e-01
9.364429217853135201e-01
-4.559477828846069669e-01
-4.091861863378130071e-01
-4.054550596393391437e-01
8.534038176538198961e-01
-4.636293439622174439e-01
-2.468760968087650998e-01
8.142616069927486322e-01
7.953841627588873475e-01
-3.901820242007816297e-01
9.486694808306215254e-01
7.825526981238513091e-01
-4.137904820117624394e-03
8.996877702047263448e-01
9.324232003149066639e-01
-2.464905719289245678e-01
7.940785526643855397e-01
3.954870224095570208e-01
-4.344544349029923480e-01
8.894317438732586290e-01
2.547810460025918267e-01
-4.091509793529898298e-01
1.234843862352450611e-01
7.349642120706616488e-01
-4.463285530401894796e-01
6.577005844954009195e-01
8.340430320628600125e-01
-1.765679459416871766e-01
8.971344598284605176e-01
-3.297067950694565486e-01
-4.415005957704027373e-01
-3.873648668753587598e-01
7.216810947380161156e-01
-2.248867929317327485e-01
7.882351252625836580e-01
-4.338684133680817401e-01
9.387791883329825726e-01
-4.037659044767527572e-01
-4.633133341048963350e-01
-4.273455788859172877e-01
7.652528666209416075e-01
5.571520072162361448e-01
7.878529434743689608e-01
-2.484022974921546445e-01
-3.983057463445592861e-01
6.351676178756928692e-01
9.255574470469432047e-01
8.940264386683141051e-01
-4.823598089263677058e-01
8.463617168457160389e-01
-3.580036775500970991e-01
-4.276292339845823576e-01
-3.894595970221989556e-01
-1.438918181254959516e-01
9.055936332311018688e-01
8.986626003613562563e-01
7.805554568008349348e-01
6.544496205772982744e-01
6.164145884378321449e-01
8.532372662089339199e-01
8.131721490534278285e-01
-3.684514203169585445e-01
8.056238710261167668e-01
-2.382661392148448798e-01
6.757482344914478301e-01
-4.759137474417240998e-01
8.986521711274892965e-01
4.866291738967936098e-01
-3.555429595484795313e-01
8.966735038206026243e-01
1.691500785645367599e-01
9.232243094592997856e-01
7.776890417611905804e-01
8.112867347470172907e-01
-3.959821295934028429e-01
9.363599831375528648e-01
6.682762725307067608e-01
7.641707788338153451e-01
-3.505728212683822398e-01
-3.772232248685748468e-01
7.478464428254736340e-01
9.358888009616821435e-01
-4.011602399637188565e-01
-3.335574150025313878e-01
6.405824044437160580e-01
1.737777927536346134e-01
7.181228162608024324e-01
7.371323148360606758e-01
7.362214969801237352e-01
9.300806320966069629e-01
6.702444493290682370e-01
-3.558349044999011834e-01
-4.161302425927712600e-01
2.419364090707138149e-01
-8.675365943420047798e-03
6.784521021393730145e-01
8.415865484823163989e-01
-2.237145269255714219e-01
-4.388309891995812451e-01
-3.716312959228415536e-01
5.716684119167371181e-01
-3.859540189631899265e-01
3.255719336446399881e-01
6.682468514581338948e-01
-4.631061171657007147e-01
-4.435298342532854599e-01
9.151910378920524725e-01
-3.785789093944033623e-01
6.378533172570638454e-01
7.011116610540442107e-01
-4.296311144318801789e-01
-3.914923898108008116e-01
-2.877833329899695536e-01
1.719872909749948220e-01
6.420694288258399496e-01
-3.108464426279695658e-01
8.981162064529397693e-01
-3.980564568659740732e-01
-1.194016856586005426e-01
9.415048517774396997e-01
