8.348344292283242929e-01
8.525879136393157420e-01
-1.672787840307601859e-01
-1.360941485105710558e-01
7.793115630870112165e-01
8.316183473460305731e-01
8.558156885741423636e-01
-1.440059863859516343e-01
8.569261307122445492e-01
-4.266117148961362515e-02
8.514475161162635697e-01
-4.195041425016252101e-02
8.226191401523395008e-01
8.286336919196752859e-01
-1.468928622821737973e-01
8.683712355674573224e-01
-4.285728359734131132e-02
1.031215776094578374e-01
-4.289461876629417636e-02
8.596052673905869579e-01
-1.060526508396243822e-01
8.241340748164955876e-01
-9.604598175893666601e-03
8.537292387451522746e-01
-1.432713449569378017e-01
8.284730569754462648e-01
6.741381254635059328e-02
-6.186642608571225888e-02
8.331646286906780885e-01
-1.909241101725677459e-01
2.969064888577360728e-02
-6.835674105756245345e-02
8.259101140682328923e-02
8.269781641716551501e-01
8.227376442998158845e-01
-4.909123267639167731e-02
7.758909530670954346e-01
-4.631406605206721261e-02
-1.473381285665456841e-01
8.523317998279927865e-01
8.364054294704945658e-01
-3.227090690689859986e-02
8.442905507328327674e-01
6.415808564600240793e-02
-1.263501092942059256e-01
-1.320434854226603671e-01
8.481278747755075509e-01
8.237017095939707101e-01
8.447335087676056675e-01
8.293574857326051486e-01
7.988256605264726362e-01
-2.203037597514388712e-02
-1.172319212373305330e-01
-1.464538518349354224e-01
-5.750588100346787357e-02
-8.016155880398716238e-02
-3.537926141234974675e-02
8.474161915614283336e-01
-1.510392484515011569e-01
-8.227721001353312247e-02
-3.210748865183614409e-02
-1.201893444919948234e-01
1.766661828966943626e-02
-4.882715285803741756e-02
8.681609379235846191e-01
8.523401002955641736e-01
8.701044649603911774e-01
8.482935642917227570e-01
-1.022727387652234560e-01
8.493274384333564520e-01
8.692249707114430013e-01
8.275234096567893882e-01
8.608604658079077598e-01
8.507789217896102318e-01
-4.877885196946898927e-02
2.100758704553154499e-02
8.594615365041519128e-01
-4.102769267385177054e-02
8.653759548240040900e-01
-1.291147805469131382e-01
-7.921232046922289938e-02
-1.693923516725839851e-01
8.430935303461633001e-01
8.223135056918843278e-01
-1.273475584633044222e-01
8.306291000894467924e-01
-4.610671727484061400e-02
8.536822593720889696e-01
-7.483842085790938514e-02
8.382674452046142699e-01
7.910665945500177099e-01
-3.419580987429018948e-03
-1.473467155976539711e-01
-1.451594069773926299e-01
-1.448387454433568422e-01
8.474691855820272179e-01
1.584961889607379437e-02
-1.233690835630505134e-01
-1.161720263707405332e-01
8.286148704166643730e-01
8.325350169499390329e-01
-2.051966855183220972e-02
-9.224521368208730976e-02
8.460000387920892928e-01
8.458015838866090874e-01
2.135007831150156354e-01
-4.575336292292117579e-02
2.685466021256202596e-02
-3.722740052317841108e-02
8.260904550524293954e-01
-1.341334402162285000e-01
8.110455184148795960e-01
8.521083188082682058e-01
8.320674861633611252e-01
8.391606861429619091e-01
-1.221106574150352952e-01
-8.857883051412067388e-02
8.202229699008007913e-01
7.596750744369370478e-01
-9.772670773832671520e-02
8.434947063192377303e-01
-1.148230950148039775e-01
-1.031327034162019263e-01
-6.399237873505807250e-02
8.670382867144471595e-01
8.651818909758370868e-01
-9.644032013695894023e-02
7.926904967001191515e-01
8.498004326690939969e-01
-2.504431054359508857e-01
-6.432661791824646758e-02
-3.413110474616373735e-02
4.039123712689836332e-02
8.163124339941399965e-01
8.501038413479052869e-01
-1.009077612111507899e-01
8.514754021876260737e-01
8.190959122178035345e-01
-1.126538314953056674e-01
8.324821102576969167e-01
-1.328859428109298302e-01
-1.235235928700247204e-01
8.143713034011487162e-01
8.278700199609049237e-01
6.706673559228701342e-03
8.593959052125001996e-01
8.535308375660154434e-01
-6.499839646813788951e-02
-2.009711572220997111e-02
8.484210035457901977e-01
-4.871600789899874218e-02
8.349294163689262582e-01
7.666784937207742345e-01
-1.533224586494859043e-01
8.329337181938325507e-01
8.365000652518440605e-01
8.246346452569218721e-01
1.214516271297358396e-02
-1.464499417277060900e-01
8.489539915363008005e-01
-1.133445284003367776e-01
8.289583883275358778e-01
8.455281838370263259e-01
-1.189272120756943441e-01
8.379173213769695039e-01
8.555819314048445090e-01
8.553119996941093151e-01
-1.206333809919703515e-01
1.482209464706995550e-01
7.682238037228945604e-01
8.321999410273640541e-01
7.933642291166016491e-01
8.563044241339419216e-01
8.338510098535449888e-01
-1.502634014263256323e-01
8.150013697442405336e-01
-1.160358786395744857e-01
9.749920343006590606e-03
8.623030076673641187e-01
-1.986777258751360742e-01
8.669791443761620808e-01
8.181904304882461343e-01
1.510592403279079066e-02
8.097967491833031328e-01
-7.918616054615300326e-02
-1.007968203094335574e-01
8.424487799251689779e-01
8.279774755862514546e-01
8.296824314163160352e-01
-5.826622927308994226e-02
-1.150607586090271472e-03
2.816906639209762475e-03
-6.443282958273244265e-02
8.253983161556616155e-01
-8.042070340950799312e-02
-6.853073207619438112e-02
-9.373491419912011180e-02
8.487218893302566070e-01
8.411311182883135507e-01
-1.076057138428284377e-01
8.384836805704389828e-01
1.342752036693110884e-02
-1.152610007605219672e-01
8.217336968673388808e-01
-1.656393852539546352e-01
8.469210465425236478e-01
-9.238825078663158441e-02
-4.446426060516861511e-02
8.363600233013064322e-01
1.413637691501762328e-02
7.806100191921848674e-01
-9.942432421530131292e-02
8.543332009154092077e-01
8.246403154602639507e-01
-6.154971431010897165e-02
5.290155718059588730e-03
-1.071033985890473689e-01
8.419225526819711369e-01
8.432695485394247070e-01
7.585995758053264426e-01
8.174869118511634003e-01
8.383599603503905096e-01
-2.409108528972523366e-01
2.392030560601828004e-02
-6.318501999621836673e-02
8.093714031701614298e-01
7.989331090290737736e-01
-6.404043338646657479e-02
7.988855184388291564e-01
2.590349333092026307e-02
8.490969208154925951e-01
8.284462556318200610e-01
3.321715907712267934e-02
8.341035522360302767e-01
-1.500527408218425285e-01
-1.462680052033175360e-01
-4.639360698596896315e-02
8.430813998201905912e-01
-9.401225034475847731e-02
-1.135368966158629839e-01
2.506953368322101250e-03
8.332989960997903012e-01
-6.422083611140440296e-02
8.108537809789342354e-01
-1.042830723306869684e-01
-5.904154408621743733e-02
-9.714258921835712546e-02
-3.518269646638970405e-02
-1.472820509714982407e-02
8.195286381932667119e-01
7.825394733237910350e-01
-9.465721816718022930e-02
-1.922688336444232093e-01
8.388350009604527147e-01
-1.360036227973537293e-01
8.145415279544713227e-01
8.477149997577901885e-01
8.459301709656601442e-01
-1.194143763745289799e-01
5.639380720582692907e-02
-8.106137019767607754e-02
-4.485596458007383436e-02
7.743092496647903111e-01
8.153782968759937244e-01
8.656563870232560909e-01
8.345098652019133922e-01
-1.393677463426400975e-01
7.203148361026050495e-01
8.410113861928915080e-01
1.946405634005200780e-02
-1.393681964166244014e-01
8.310201766040908877e-01
8.630190047642520845e-01
-1.021470634010424039e-02
3.622627918525404833e-02
8.589184403550407243e-01
8.462237641128276255e-01
3.021161728511961853e-02
8.332239490736077503e-01
8.032898269863653073e-01
8.507286281687258533e-01
6.315506486704162981e-02
7.899031659044326581e-01
8.367100857060882912e-01
8.055024188360342396e-01
-1.206471637123244789e-01
-1.469224720974566800e-01
8.422690337783097503e-01
8.737651263694523607e-01
8.215050753214309109e-01
-1.138091061330622350e-01
-3.327367599498226580e-03
8.450220008387421267e-01
3.440818926418356960e-02
-1.216372598155869011e-01
-9.235294327237475454e-02
-8.022117828445365917e-02
-3.801072606218020011e-02
-5.438601000868902025e-02
-5.937994634364691937e-02
