1.178596501390417467e-01
3.518002570866008566e-02
4.921236107253898484e-02
2.979338268412649038e-01
1.921584812623407523e-01
-1.080615830597657645e-01
4.818497913238775077e-01
-2.802400919591893080e-01
2.799738836508644871e-02
2.230673474949361745e-01
2.681945569591802081e-01
4.666783149494210803e-01
4.289336401806607135e-01
4.036532451976284630e-01
-1.354186034897031377e-01
3.560296107358853490e-01
3.782960715200112123e-01
3.909892914014123644e-01
3.771403022332059929e-01
3.559406891717172700e-02
3.877467300761961444e-01
1.438443928809827466e-01
-5.118009466815966885e-02
2.296150070677956401e-01
-2.310254169995262785e-01
1.932373856243468635e-01
-1.453635732465709540e-01
4.467934983817952732e-01
-2.786721654537375192e-01
-1.248370032720547418e-01
1.461819270519002789e-01
4.287961297773950076e-01
6.815330243261044640e-02
1.248398046054031429e-01
-2.442440456376516189e-01
5.049468604321063481e-01
1.503524224120436070e-01
3.182767138732075507e-01
3.145928306777920902e-01
-1.412604004861330032e-01
1.849062754801490405e-01
-4.984359613136571387e-02
4.300772916152952319e-01
-2.512904897831597095e-01
-1.804584437479437586e-01
2.262710827548378711e-01
-2.565179051746788175e-01
-1.292818977497631194e-01
3.589311332891303996e-01
2.375739711336790350e-01
-8.845540307499910604e-02
3.845868091087169538e-01
4.142201774515982260e-01
2.929694998380006354e-01
1.236724028350068283e-02
-3.192519475067688295e-01
1.355167823880467637e-01
-2.673417014903829991e-01
1.477599717347839181e-01
-2.212232918078022859e-01
-1.962227980136629912e-02
-3.044724597063694360e-01
2.477156023039882304e-01
2.858808460518166839e-01
3.193683038710868338e-01
1.377796284619937639e-01
4.198242592702913223e-01
3.740640838759771158e-01
4.272314983911638664e-01
3.338784940702437254e-01
6.122281867001762301e-02
2.572301441941649003e-01
3.915863590498500080e-01
2.327626166288112031e-01
-2.192661562651678775e-01
1.639573372514081528e-01
2.672902376065181551e-01
2.518082724347963097e-01
-2.032569774492408443e-02
-4.766492264282469471e-02
3.638174463150274374e-01
-2.053026743107839169e-01
1.592274338371249820e-01
3.246118525761836904e-01
1.328159773872672755e-01
3.388220797891301483e-01
4.004574212230935792e-01
2.259980406058429980e-01
3.115457899274782783e-01
7.867251929104458752e-02
3.701214603841478934e-01
3.070687543284556509e-01
2.927606957134850085e-01
2.029238010844307549e-01
-2.059552052251724108e-01
4.436107713897721738e-01
4.489620195972843786e-01
7.880929797562423456e-02
3.670530752805633568e-01
3.715084294078038751e-01
-3.438613248472264239e-01
2.387640373618344913e-01
2.767698391535259872e-01
-2.509517151873802976e-01
2.628332227649590180e-01
3.997501537896287482e-01
2.026643965809841741e-01
2.928366556397788978e-01
-2.185845142326001134e-01
3.584697517738942296e-01
1.080642229941674026e-01
3.857157448211815387e-01
4.355278097371120816e-01
3.078587669550617023e-01
2.083934452948302818e-01
4.514638229805650327e-01
-1.649155623380360591e-01
3.692999387532343025e-01
3.656023425198750010e-01
-3.103453590415929386e-01
1.335607515205695095e-01
2.057527429271818753e-01
-2.682353899104081840e-01
1.557797198845864151e-01
2.428359366555745691e-01
2.440147586055478601e-01
3.186580515389300094e-01
3.699074601105853399e-01
3.953714450357208032e-01
2.281020724885332307e-01
3.323643338448184492e-01
4.525151831673828728e-01
2.657547085532825371e-01
-2.357912460826881440e-01
1.030958657149355362e-01
3.893607240986166618e-01
3.260231174706413326e-01
-1.176405207809848169e-01
-1.185739245096839034e-01
2.215243190727533562e-01
-1.752556744079840911e-01
3.940358819931936152e-01
9.243188807917465666e-02
2.140908449885503273e-01
5.730510125077609151e-03
6.592009805167234338e-02
2.848807093760958864e-01
-1.156179592440046006e-01
4.974078092062520495e-01
3.250877627452649077e-01
2.552893997315342500e-01
6.299495829815207615e-02
2.169855257955134731e-01
2.732892752975685235e-01
2.404091643847900417e-01
1.882069935256368010e-01
1.865454152717404557e-01
8.693448354704726155e-02
-1.786372704500737985e-01
-3.464442400823122825e-03
3.953342821140369279e-01
-7.004757855653900855e-02
1.743634234761520796e-01
2.377544950574897453e-01
4.711436947465210690e-01
3.989386835566692269e-01
4.249596384018460848e-01
4.316036596545433368e-01
-8.914313978303312069e-02
1.483527130688741535e-01
2.436810586777692356e-01
2.659746131564106331e-01
2.841319446224723766e-01
3.141067552351112235e-01
-1.311315834717536877e-01
3.028001942181198988e-02
3.204554877726091822e-01
1.261337582590197348e-01
9.130020749765133115e-02
4.715700395508126697e-01
3.286209359042785438e-01
-2.245628030469775105e-01
3.484380458423981253e-01
4.547314184518453928e-01
3.731476033018893412e-01
-2.019669745959197515e-02
-2.951772458030281210e-01
-2.126964022479907179e-01
-2.308010432853879745e-02
3.035125449058642677e-01
3.073675224015534058e-01
3.033989780247335344e-01
3.442827613394626729e-01
8.117316563531187801e-02
1.001446163930727190e-01
2.724348751497155385e-01
3.322310695429452343e-01
3.523185575516163959e-01
-5.376006911978502972e-02
-2.175248454403121978e-01
-2.237981621276682320e-01
2.879191887033138997e-02
4.696533654854180839e-01
4.020692719650581504e-01
1.101829617540733830e-01
3.863610880807964443e-01
-2.991596483405317697e-01
-2.281865949516757308e-01
-2.101328170821689101e-01
-1.123855698267287873e-01
-2.566575721535897525e-01
3.514171521801310316e-01
3.714695838842692055e-01
8.744636153463705708e-02
1.307878389381433859e-01
1.802007315963535250e-01
3.071990374229850718e-02
7.289234680370514086e-02
3.617471066963616200e-01
1.006788192977564611e-01
1.653074920177080576e-01
4.414833457638917547e-01
4.311484954416595211e-02
3.399398063348527677e-01
3.003731895628548587e-01
3.435342583745552014e-01
-3.455935306727324074e-01
2.884581629186489526e-01
2.353579622847470076e-01
2.624211362564084493e-01
-1.857098096248888108e-01
-2.605152407113225377e-01
3.861907889234469371e-01
4.830814414155243375e-01
-1.581568293519352020e-01
3.665437852785777828e-01
-1.802288561218392815e-01
3.664852762999861735e-01
4.108427099849860653e-01
3.009356867888879350e-01
3.628154630109039491e-01
3.595521171766959956e-01
4.460862953225964711e-01
3.529949432239363333e-02
1.622264713038201744e-01
-8.807433802621961183e-02
1.482829200780295953e-01
3.344844080154785737e-01
3.794930042389890179e-01
3.664816490786431125e-01
4.226750373935252436e-01
1.071000544982388669e-01
2.950525177701813218e-01
3.739993762611191208e-01
2.738402097799751411e-01
4.067410807454466815e-01
4.490676327759446362e-01
6.386253594099500219e-04
-1.736061587699706532e-01
-2.044155311205513026e-01
2.567812504709625077e-01
3.027358011689528783e-01
2.916287332857899761e-01
9.889375379396309063e-02
4.595177772765097757e-01
1.863210820757426472e-02
-1.610057304214580487e-01
1.860414633923453964e-01
1.626559499216466143e-01
1.799472139732926912e-01
-3.433118403333814683e-01
1.684298667130170735e-01
1.033358392945699089e-01
3.832784882457743736e-01
-2.036151739680156780e-01
1.482743445084907519e-01
2.845276818160206722e-01
3.435622709684448273e-01
-2.386259344650272229e-01
-7.891282746302102913e-02
-4.391116551640550369e-02
2.803982438191896520e-01
4.549162761173962122e-01
6.750711777094933752e-02
-1.948348598036634405e-01
3.241139962882220726e-01
2.771038195143267213e-01
4.175521196686955427e-01
4.217858077071294509e-02
-2.274439330066597154e-01
3.664079693871647586e-02
3.867000932681706193e-01
-1.688221469841859057e-01
2.366637978588681523e-01
1.568324451133455699e-01
4.177456063877137415e-01
-1.892894348858935594e-01
1.509303449886195136e-01
3.920082452753033686e-01
4.034003451502396476e-01
