4.570042303068467260e-01
7.615196612322412406e-01
4.908086960805088661e-01
7.606814643454956615e-01
9.016898948553979665e-01
7.244459085496526285e-01
8.957272416482466859e-01
5.218524581631647230e-01
6.937682763516296314e-01
8.954072948856615088e-01
4.531148582468463304e-01
8.997416737074956927e-01
8.668610070376823185e-01
3.306802937114127205e-01
3.106909453567548440e-01
8.374785428365406625e-01
8.903955041618688560e-01
8.630909881693928920e-01
3.426862538046038242e-02
2.235933041439089330e-02
4.491844808372036923e-01
9.141030837682893040e-01
6.225521821791849542e-01
8.791251638952115588e-01
9.009040752383247197e-01
7.206692670157189839e-01
9.050135342620140300e-01
8.866305796979011555e-01
4.715235686018136585e-01
4.583569527888184947e-01
5.563533842033148158e-01
3.581279287578935100e-01
8.841953026634267188e-01
9.036458506321229933e-01
7.292725695900191818e-01
8.923522685838709556e-01
8.827854701164741247e-01
1.035194777874998973e-01
4.537368115314632244e-01
6.591867001784529334e-01
4.790036478152419619e-01
8.800572955200347547e-01
9.240781123668653230e-01
8.653335209658048477e-01
2.980815615305102972e-01
7.320822600135010738e-01
8.887962568890139803e-01
5.933842953409491638e-01
7.414314094574722125e-01
8.931081202915871486e-01
7.437452677236606746e-01
8.662299119606391429e-01
4.312164876947157666e-01
9.037988093888462693e-01
6.184106924148644602e-01
8.860400769244585195e-01
8.401811306009774327e-01
9.160392728969019016e-01
8.848911700038359918e-01
8.846060833521443012e-01
8.907976213485910844e-01
8.733213353801333456e-01
9.787124872820621158e-02
9.088393604460515141e-01
8.565101437699884634e-01
7.753607770308381664e-01
5.485864919680429885e-01
5.406030349232382459e-01
6.892591365368415657e-01
9.336695807424509885e-01
9.005427893722016686e-01
5.670977444539267998e-01
6.433468512632759539e-01
7.877675378113292437e-01
5.668290932942210425e-01
8.866100388032491786e-01
8.946448649893599114e-01
7.215096005452242833e-01
8.897217685510278029e-01
5.655521588226591900e-01
8.447623326611297667e-01
6.269717089386639408e-01
8.753130228766657916e-01
6.814180343444208310e-01
8.847266470377623815e-01
8.710191394143007582e-01
6.499742624670822311e-01
9.038967228169588752e-01
9.117901137810869860e-01
9.061534998526195039e-01
7.077976364586864300e-01
8.148093204832469461e-01
8.680752030423224408e-01
8.825984748640171018e-01
7.632579239785310943e-01
8.850036825595586354e-01
8.768153810991000663e-01
9.348020984486542506e-01
6.006760253546096218e-01
4.584949358798044994e-01
8.796049987648232316e-01
6.239978971447573963e-01
8.988792689720740414e-01
1.732879228318565390e-01
9.131186686911609840e-01
6.109018943481188124e-01
3.992616252447057645e-01
9.000039421786621974e-01
9.109687587638115591e-01
6.735737704108832880e-01
5.509890301721728223e-01
9.030696610138341240e-01
8.275907961399114887e-01
8.301989774996130222e-01
8.868806695635008674e-01
7.414899052466016327e-01
8.883405322669997162e-01
5.004721759203286657e-01
8.395505749870717516e-01
5.713669277463514495e-01
1.912305442021277613e-01
6.827597713227091525e-01
6.583158296895477157e-01
8.965115646192379772e-01
4.207108425389146644e-01
3.172529098074988174e-01
5.588606158130973167e-01
8.047701586637060478e-01
9.530453685259330232e-01
5.314721734830405442e-01
8.743356082978159804e-01
8.463006597064052228e-01
8.949009003867328671e-01
8.825829310824681029e-01
9.057636291504369552e-01
4.194492472080724177e-01
5.458514618251164574e-01
8.772503258066816079e-01
6.466806260534657680e-01
7.444846778112738095e-01
8.909775051309629657e-01
4.944625875269951232e-01
9.011123939816518824e-01
8.691191843604215705e-01
3.574178976204492875e-01
9.150421671563253589e-01
9.114929695182418801e-01
8.781518867253687022e-01
7.620065096138941563e-01
8.512719616083344043e-01
8.651155270282789855e-01
9.012920086391122965e-01
9.223957510324605202e-01
9.204856477187542962e-01
5.706904503596322842e-01
5.090290862686309703e-01
6.961098662706513007e-01
7.584869631580547500e-01
9.208564182975438328e-01
8.026457986270005840e-01
6.963589836067037853e-01
6.545137193229930705e-01
7.394306544525474090e-01
9.269095429633698036e-01
4.237854861474572576e-01
8.538239982029531827e-01
6.946777480727561738e-01
4.552063858767735338e-01
8.755723015721805780e-01
9.271581640313586448e-01
9.016585761981873448e-01
3.666924088401638526e-01
8.813881846784912266e-01
8.486456192006297528e-01
7.220497206475289254e-01
7.492129194787535695e-01
9.225916866625799573e-01
8.399584917737015211e-01
8.872132450984213659e-01
8.998205440673945343e-01
7.515632756264326586e-01
8.623731751704087900e-01
7.896566982342888563e-01
6.879114584193913862e-01
8.034164885320751459e-01
8.694215284631464646e-01
8.669754239211354685e-01
8.777813543159338483e-01
4.095480730139517966e-01
8.625967471262393493e-01
5.999220638392455118e-01
8.932539507828820557e-01
8.479131083562657656e-01
7.563497130141259017e-01
6.011981470329601507e-01
9.180035009212986763e-01
9.312067189912615062e-01
8.945214796748062192e-01
6.594135693704427092e-01
8.181525085028880095e-01
5.873715232374451256e-01
8.816865679765196750e-01
8.944550553205542487e-01
8.765185157058822396e-01
8.687474889729145389e-01
8.813671747452409555e-01
8.805641545205195042e-01
6.457633938251169381e-01
8.919133739601201594e-01
9.017500335615972196e-01
9.240920615972452179e-01
6.670060706219701485e-01
8.789915894255051487e-01
7.636190716619344343e-01
9.125283780763531194e-01
7.590045687308499822e-01
9.419928906949226466e-01
9.046778618597283161e-01
8.931615471026104203e-01
9.301912798365581381e-01
8.942396854392192784e-01
8.158525939390173232e-01
5.633152922572024490e-01
8.709801007230372205e-01
9.174437092266818361e-01
4.421820806353519151e-01
8.704351580102231978e-01
8.317614057868255584e-01
9.029433557458610426e-01
9.104567772642663259e-01
6.702817727080129240e-01
8.915455902487785522e-01
8.740959580923004513e-01
4.029075034743664352e-01
7.420118153962047547e-01
3.488399683443373922e-01
8.877397052849214099e-01
6.932124345490233708e-01
9.096083218871631182e-01
9.241822105999765169e-01
4.240292320911996371e-01
4.111441306974725762e-01
2.565855288266490897e-01
8.786184142407262865e-01
9.076009492613070773e-01
6.104675664656890044e-01
7.911264771611212776e-01
7.562825245422747367e-01
7.502973628687088503e-01
6.656846552813175943e-01
6.507096555590374809e-01
8.843696194967283208e-01
8.241150198139961525e-01
9.044746560999422647e-01
8.772598225159414786e-01
9.224526284587342140e-01
8.949752803972225168e-01
6.343418970502412435e-01
8.885078827005834512e-01
5.234137187733032270e-01
8.912477785490335869e-01
-6.812664682658953197e-03
8.854386378749633524e-01
4.781992305495248452e-01
9.176714240400147826e-01
9.013578816755486445e-01
5.469321119287904320e-01
8.738984250209863580e-01
6.249641354880739463e-01
4.606187235525093238e-01
9.399703050546672767e-01
8.694080660633777269e-01
2.174438935607838630e-01
8.283075219163579250e-01
9.285329263978143732e-01
8.699942234357875837e-01
8.920325108510693823e-01
8.719635095972869676e-01
4.692073730898906891e-01
6.165947228228009225e-01
7.701120488568041766e-01
8.981211031413801615e-01
9.008604742497475781e-01
9.191216526175577384e-01
1.857271619006206631e-01
5.173948740132353619e-01
4.328858810433113824e-01
3.872702482663985535e-01
5.538926592214854505e-01
8.196251232811017085e-01
9.237004022996992969e-01
9.454424222100578090e-01
7.238872088529683113e-01
9.052454468236471596e-01
9.187086610254214802e-01
6.670730296731979259e-01
8.800353449173058396e-01
9.130599978619965418e-01
7.832335562196921508e-01
5.636407462847160543e-01
