9.459213464312252739e-01
8.122186581729788912e-01
8.437758394421943642e-01
9.439052457173786603e-01
7.869404006754689984e-01
8.827331769845386811e-01
7.188525487169397099e-01
9.657809646623332078e-01
7.379519097442092113e-01
7.342119942968607926e-01
7.000951594990066917e-01
8.746570953818155747e-01
7.465533854698487293e-01
7.549451264614472912e-01
6.615622463520350882e-01
7.976970244163072987e-01
7.868960632780948039e-01
9.613036155151215567e-01
8.188462657424477875e-01
8.256351172484028833e-01
9.136961917540522560e-01
7.862892703276329609e-01
8.792447090730165504e-01
9.083902469691154113e-01
7.014786744933696472e-01
6.684556687148565102e-01
8.284386650327080215e-01
9.366226304760860710e-01
9.161521029135705207e-01
7.900435237597074334e-01
6.508741005255576084e-01
9.075305676141676159e-01
7.977545755004266104e-01
7.962593602091025957e-01
8.376418564545007328e-01
7.002904796212320315e-01
9.412326290573198584e-01
6.928355879482410717e-01
9.242778195461242019e-01
9.492970238365852076e-01
7.494222696375761883e-01
7.957547821024444357e-01
9.193980270749714245e-01
9.147343625266214362e-01
9.331890390760398946e-01
9.299703571029585003e-01
9.510335284012283452e-01
8.237092994744761310e-01
6.641096874414862405e-01
9.387621386690090386e-01
9.320860325949735792e-01
7.666953320690316209e-01
9.142486019738538250e-01
7.497568654432013036e-01
9.435341958277179142e-01
9.440978206195118627e-01
9.544582410176745135e-01
7.394339540249337261e-01
9.211931789032874462e-01
9.034415299509975794e-01
8.415962339889765387e-01
7.100966172764998641e-01
9.486354467761082265e-01
8.020593183768387480e-01
9.296538846591617666e-01
7.570362064753464182e-01
7.679008753831606526e-01
8.377387112116836398e-01
9.157788489460129133e-01
9.518116014946506054e-01
9.193962024257082977e-01
9.324854760081711103e-01
8.582739259385577801e-01
7.779601274647467424e-01
5.948964297512833177e-01
8.151833943139110694e-01
6.564807848060397744e-01
7.088358492249223763e-01
9.653472341039790461e-01
9.305819745812093924e-01
7.578208604292142603e-01
8.166907838468766556e-01
6.612859086008091580e-01
7.428026570460199984e-01
9.514547212824364664e-01
8.083269350787887220e-01
7.226996579886473260e-01
8.533819130909547912e-01
9.526047399332019383e-01
8.511132267349368341e-01
9.147448972979060899e-01
7.789344075709665471e-01
8.531126288876177410e-01
8.814231417403589619e-01
9.539545661952555378e-01
9.571699672359736955e-01
9.346546076233972489e-01
9.595696263941411175e-01
6.985554684110441004e-01
7.681699536640451687e-01
8.454696860990801310e-01
9.418968988237069739e-01
8.020491257429146481e-01
9.585835999163837551e-01
8.813624388359877493e-01
7.813023034745498752e-01
8.011112747964528324e-01
6.543083183302454975e-01
9.434273338118677188e-01
6.280350843803871319e-01
7.539396021078802468e-01
9.141308099048680580e-01
9.521684610159180107e-01
7.825449185132515861e-01
8.086850231928579547e-01
9.549924875086153175e-01
7.063263553574897768e-01
8.934325918399207422e-01
9.137808962361803067e-01
6.496777008935596953e-01
7.857105633725194327e-01
7.647621438067672139e-01
7.707441602860232166e-01
9.518905695928797650e-01
9.562284468501058843e-01
6.994622625151984963e-01
9.080173920171406010e-01
8.676625380987050828e-01
8.677000960197781554e-01
7.856818445269232454e-01
9.544604006613139902e-01
9.466457844780556963e-01
9.053098962442599484e-01
9.564799518396098765e-01
8.234750083952950828e-01
9.089094251548504033e-01
9.550785345369589008e-01
9.422177045124177086e-01
8.159451628803300327e-01
8.295095651721663410e-01
7.827581351277146382e-01
7.925168789043903761e-01
6.253141901380826484e-01
9.730482784270779728e-01
8.084628402849055595e-01
9.389959516335464329e-01
7.191810089721253352e-01
9.317781099253679145e-01
8.711367714057263179e-01
8.479976012044796452e-01
7.621170919450206416e-01
8.092461633719734149e-01
8.176309776854080447e-01
8.288420182168332317e-01
9.412900454164115915e-01
8.178676448856272430e-01
7.930398685054298458e-01
6.130611817303991407e-01
9.303143666240804022e-01
8.411606757504432874e-01
8.287132702662810546e-01
9.374602004057646099e-01
9.601546351614429486e-01
8.757700887987147631e-01
8.607928168949228187e-01
7.711068797399317498e-01
6.346362960964927469e-01
8.876500557272863912e-01
9.625101680401076942e-01
9.316383529567193733e-01
6.394909039316718502e-01
9.502502313893371744e-01
9.382248230114784704e-01
9.440222537743881981e-01
9.033505104377527184e-01
9.216181246073440470e-01
9.217946344445615559e-01
9.593905085183137560e-01
8.491921737062715358e-01
9.461779314593079526e-01
9.117066731851214412e-01
9.678182341860839255e-01
9.321183224002027590e-01
9.543124012914523391e-01
7.710204371871423046e-01
9.639188263108142696e-01
9.650855018911510541e-01
5.856625023488415405e-01
7.175309725090358581e-01
9.608965946102747679e-01
9.468731118790660872e-01
8.107738611081065638e-01
9.541227049410208050e-01
9.636786070796070636e-01
6.899772459866220231e-01
6.486057410256418354e-01
7.389983468564420566e-01
7.586459471606916694e-01
9.654166512515887089e-01
8.974483455316342173e-01
8.149273141811609333e-01
8.124756242408817108e-01
8.657589873645641365e-01
7.735674128024020435e-01
9.390836767320994705e-01
9.475564976479431412e-01
9.691439625917148692e-01
7.836235985610986443e-01
9.292096824567355196e-01
9.628012419247293785e-01
8.902115076170729058e-01
7.180482634826728106e-01
7.848293139846183042e-01
7.875070381981250645e-01
7.902581406428923483e-01
8.681430804739027618e-01
7.333263026385091754e-01
6.963776023752585864e-01
8.719895506686354825e-01
9.588733344046461715e-01
8.134491730512313223e-01
9.435390019705778286e-01
7.720829188645020880e-01
7.935269796773630757e-01
8.127636586955138132e-01
7.562008907030354221e-01
9.413440334945948340e-01
8.589369018240934350e-01
9.517673637966875821e-01
9.325214357711109070e-01
8.100253500332007528e-01
9.692367523161562470e-01
7.278642560019518148e-01
8.329591557619993036e-01
9.143295971205236405e-01
6.100876426111474515e-01
7.704650587677795981e-01
8.129611452340080868e-01
8.229029670275629371e-01
5.951898982231875745e-01
9.499726946671666061e-01
9.314920137712312531e-01
9.566926463780451861e-01
9.313022860471666942e-01
9.303801086105254470e-01
9.300801512673739779e-01
8.983188217281559140e-01
8.173331657111069237e-01
7.326519042992467590e-01
7.673526623302286964e-01
9.315342894241143146e-01
9.003349087665235562e-01
7.020421881770761985e-01
9.454893045396983720e-01
8.429774045904714352e-01
7.064249760153071822e-01
7.469744869079786298e-01
8.544553381985429130e-01
9.190879014811030867e-01
9.143412495080690539e-01
8.547403302995701946e-01
8.278877816925293009e-01
7.407034478781227005e-01
8.372720322146449679e-01
9.168288375553099723e-01
8.597150321564763775e-01
9.279814370400210066e-01
8.701760033974137443e-01
7.742429000405466333e-01
7.479859324375826013e-01
9.236592517031506633e-01
7.336898238251782223e-01
9.578163750462644899e-01
7.228270257679015875e-01
7.707286850757137930e-01
7.304147109162697493e-01
7.692753731506603021e-01
8.224859807618338792e-01
6.638820802280016586e-01
8.858962778991564813e-01
9.524567434022359613e-01
8.103834562223857230e-01
9.363675792296906053e-01
9.461672459737623386e-01
9.443213623041819549e-01
8.124553402185934470e-01
7.994874896272327058e-01
9.264451031893565780e-01
9.607078940388817934e-01
9.312678784121417586e-01
9.490155954220815815e-01
7.957605424876592615e-01
6.702221051776870997e-01
8.545591499656459700e-01
5.945150950357527275e-01
8.775238409382698501e-01
8.989744750452038913e-01
6.838769001812973203e-01
9.329782997622342311e-01
8.502550694285604393e-01
