-4.994114670486065610e-01
-4.889406242968568073e-01
-4.064396060135763156e-01
-1.327331746054419004e-01
-9.502998579370301735e-02
-3.412043493694447704e-01
-4.165298178560984388e-01
-3.299027313799877681e-01
-3.514729574816585211e-01
-3.832678177589899926e-01
-1.573659629449388475e-01
6.792017726089642771e-02
-2.917151431957778485e-01
-4.721614348469315159e-01
-3.940811219581409897e-01
-1.077227553821701045e-02
-2.340239686732954461e-01
-1.406568619215998184e-01
-2.119682702178533884e-02
-4.804770653342807507e-01
-5.033138549064561929e-01
-3.772434485273683524e-01
-2.618342643070060705e-01
-1.406372482102511701e-01
-6.106573332680814009e-02
-2.829113493646698840e-01
-4.419150608094966071e-01
-8.910964016024726375e-02
-4.825932075384778974e-01
-4.938139358338999307e-01
-4.580653040282084421e-01
-5.645853880147806703e-02
-4.618565259009721480e-01
-6.996463889921586410e-02
-4.584033025639609460e-01
-2.374295045240593371e-01
-4.859197136940183182e-01
-2.424567290241579354e-01
-2.673835046888337758e-02
-1.410405255765042609e-01
-7.462738649161183846e-02
-2.504450335605990507e-01
2.524304199389394709e-02
-2.025774286121427847e-01
-4.366119600588925231e-01
-4.364797154284883463e-01
3.799204940792499929e-03
-5.285787509488817371e-01
-2.457895473976630663e-01
-3.569725310924397599e-01
-4.452778988739656274e-01
-3.203260944700030977e-01
1.209192380678958817e-01
-4.489673856669491037e-01
-5.341322771087771981e-01
-5.058008489689397313e-01
-2.835130890827948225e-01
-4.603890545843770665e-01
-4.606576137513259672e-01
-3.357409571899092615e-01
-1.368716473412793233e-01
-4.808648620066667545e-02
-2.288798846885086447e-01
6.135434079717906608e-02
-4.498101401290937051e-01
7.955969468132095823e-02
-3.780216944285281766e-01
-4.673169552710133567e-01
-1.717141057012995797e-01
-1.396487567829018950e-02
-5.261992533112437309e-01
-2.501056568455106155e-01
-1.749543507731254888e-01
-2.331844880767959816e-01
-5.010784287917282587e-01
-2.504897614737393585e-01
-4.580761014452041646e-01
-5.283280468384724538e-01
-4.831370911348948916e-01
-2.316204065881733443e-01
-3.991658467886419759e-01
-4.991791365723856622e-01
-3.345700810974227002e-01
-4.778760072050197150e-01
-2.828198403093669655e-01
-3.320056528140305496e-02
-3.027268904373333624e-01
-1.185243078419117857e-01
-5.159173957150097189e-01
-4.718459707249537671e-01
-4.073825689250948900e-01
-4.721880944022747162e-01
-1.274256920814167138e-01
-3.302279054812539694e-01
-4.710212070831537035e-01
-4.568952849103777858e-01
-2.662547634996903501e-01
-3.470883294848795542e-01
-4.713322993767709579e-01
-4.129805581129536995e-01
-4.209716620447931379e-01
-4.160520648771316998e-01
-4.533037255853584191e-01
-4.751880886085476652e-01
-2.099960003576450129e-01
-4.205577174797720530e-01
-4.945501582364979498e-01
-1.782078490651954616e-01
-5.098811326919091558e-01
-1.601788798057761087e-01
-4.393035613570125397e-01
-4.730359655765525306e-01
-1.754232824247951295e-01
-4.679507467383969277e-01
9.686186424955392504e-02
-4.981925658038694471e-01
-2.396737059555234528e-02
-2.951815371876024829e-01
-4.009654980570815375e-01
3.238819688742047842e-02
-1.295556601234472138e-01
-1.324540627779159929e-01
-4.905398086329790797e-01
-4.281569600291029731e-01
-3.121563612500549145e-01
-2.118433318442729529e-01
-2.192172170617270321e-01
-1.574725755550826500e-01
-3.120396618415263168e-01
-4.065837674268570900e-01
-2.219402658794717431e-01
5.074047459514235969e-02
-3.793411352937005598e-01
-3.395368491301421487e-01
-3.866397421458869221e-01
-4.461068460051877127e-03
-4.483660112394049491e-01
-2.213974788878693700e-01
-4.638321550607620303e-01
-6.138612307965830156e-02
-5.022713877432417595e-01
-2.504821600384208313e-01
-5.092314645723460265e-01
-2.932660611611754842e-01
-1.678119267063172826e-01
-3.168072609942185203e-01
-5.172267678151931669e-01
9.512072058169715461e-03
-4.982392468631280380e-01
-3.174031138982302824e-01
-4.723315497753576286e-01
-5.335187323818294663e-02
-5.140767001851360984e-02
-1.068498567821737077e-01
-3.470818622208401982e-01
-4.635531141657298626e-01
3.105306259154630433e-02
-4.590052442468777194e-01
-4.541369972907087771e-01
-8.017966337391260745e-02
-3.835636750078492696e-01
-4.733570255180058473e-01
-6.459983485571864359e-02
-2.964669594098031657e-01
1.114951337856400770e-01
-1.770376015662249447e-01
-2.292094640977440645e-02
-1.861797831718355334e-01
-2.973247572567998959e-02
-1.590778807250874949e-01
-3.503177942730898997e-01
1.839961680707244696e-01
-2.833065765823749443e-02
-4.885228874867749149e-01
-4.826074939027935606e-01
-9.149660348356243589e-02
-5.215124533249427818e-01
-9.420270151484103072e-02
-3.681372319934026471e-01
-4.753618029018972235e-01
-5.076523120887517226e-01
-5.134444166641861651e-01
-2.664846907057074055e-01
-3.377723260728771604e-01
-4.325288798151083469e-01
-3.415048497297715757e-01
-4.945225499621335730e-01
-2.219742511478957070e-01
-2.163671400814575763e-01
-4.883447425574682921e-01
-2.077116057391028558e-01
-3.760971155849021086e-01
-3.663591561141285036e-01
-4.300943042176449960e-01
6.190429551537732222e-02
-4.822353937314817207e-01
-2.565488926401394698e-01
-4.899064423277838531e-01
-4.441433763764828235e-01
-3.095113072897294759e-01
-2.430093867008258357e-01
-4.263033061577046756e-01
-7.891469275820628404e-03
-4.766736623550806295e-01
-2.166710115924764535e-01
-1.951678977913618440e-01
-4.143247586782944358e-01
-4.377494100459747850e-01
5.586356509317332020e-02
-3.676730380321022729e-01
-4.453809220516851686e-01
-4.043832400813794636e-02
5.522483342143955087e-02
-3.935217272832036151e-01
-5.301455101123450087e-01
-2.767643719308405248e-01
-4.728046013398082281e-01
-2.864764135192015559e-01
-3.164686567157908303e-01
-3.969727147848243765e-01
-4.860970779705637845e-01
-2.738901747381730645e-01
-4.615788776586585707e-01
-1.671011950095669940e-01
-4.854374018368667332e-01
-4.590545576598630273e-01
-3.067651153655861496e-01
-8.106574460416424155e-02
-7.318517205506178125e-03
-3.977347233247046088e-01
-5.002703446166636425e-01
-2.544754706461496152e-01
-1.084561557791833691e-01
-9.746616287210478624e-02
-2.134388769728572666e-01
-1.556771081075565832e-01
5.753232602014185515e-02
-5.952032822377313626e-02
9.424984884102649563e-03
-4.733035024417065473e-01
-9.092652365555869975e-02
-1.307308957334147870e-01
-5.062177912508210031e-01
-3.134477147282469511e-01
-3.680930675451662415e-01
-3.712783867866460696e-02
-5.483383322697324980e-01
-5.425410466287480249e-01
-2.694991151349993008e-01
-1.875882938410090017e-01
-9.647199176531817688e-02
-2.781221898558829952e-01
-4.992704590934807229e-01
-3.265992253191368766e-01
-3.652614093511935556e-01
-2.183591837973246075e-01
-5.057419905810938143e-01
-3.741344271331246973e-02
-3.052815883990435131e-01
-7.937646641290442562e-02
-1.046688377444571216e-01
-1.326328249234967616e-01
-2.743754746585985727e-01
-8.951559945692627585e-02
-2.556159850860442728e-01
-2.926616202557750235e-01
-3.071155868288396040e-01
-1.601416101868944342e-01
9.224546814948111906e-02
-4.266374572521279274e-01
-2.257741103781354952e-01
-4.236443143493925367e-01
-4.744238613003495253e-01
-4.458111354486876121e-01
-2.184794618555424561e-01
-4.881020051217639377e-01
-2.855564790544217746e-01
-5.721775825879411859e-02
-5.182382755838677024e-01
-4.575801142796613874e-01
-1.938698450138119367e-01
-1.007989607308817509e-01
5.974164253909114430e-02
-3.871754454584020455e-01
-4.969823767372333334e-01
-3.828893790318672052e-01
-4.865583102661323323e-01
-5.098225175757475913e-01
-4.113926093694164621e-02
-2.418512877323949484e-01
-4.404531095073769276e-01
-7.981282494342127609e-02
-5.225985923524103516e-01
-4.871262979371582813e-01
3.237355938644272124e-02
-4.986490417941391584e-01
-1.159920214485484352e-01
-4.350306818082168014e-01
-4.881256181463313193e-01
-4.774803878233321308e-01
