2.660564237861328118e-01
-2.968881151096842697e-01
1.056167185442746514e-01
-3.687009856376298744e-01
-3.245444388306245598e-01
-4.586269342759576872e-01
-2.881398477712891412e-02
1.797237592067970346e-01
3.816935046019832509e-03
2.409496277110445006e-01
1.553111611427474281e-01
5.181145829161694361e-02
-3.278918280263019569e-01
7.369838452505741988e-02
-3.983005790214531050e-01
1.990959974964079740e-02
2.851211179229082848e-01
3.082922920918145793e-01
1.586021556090178863e-01
8.507410421450156690e-02
3.722396815707253864e-02
-5.880425301635338990e-03
-5.834618114225237351e-02
-2.280879855099671172e-02
9.579362805707475337e-02
8.335638441662786280e-02
-3.753957251502905712e-01
1.947485567558532582e-01
7.699546488194927707e-02
1.354908091119568780e-01
-1.728170961976863151e-01
-3.394262196233215345e-01
9.636488614268236275e-02
-3.192164883358447613e-01
8.221712141996513623e-02
-2.897339987538908312e-01
1.525546864761128385e-01
-2.913570108420032723e-01
2.369162803638851789e-01
2.489520855692240742e-01
5.863345358256658729e-02
1.116484636818522447e-01
1.192914203697379438e-01
1.651244897575814691e-02
-2.280837265021666005e-01
-1.354760410297267126e-01
-3.824520509460539452e-01
-3.152498398201388219e-01
1.433094393221347740e-01
-3.163842092267928063e-02
1.004523615579495793e-01
-7.326923953858463512e-02
8.537933755575237427e-02
-3.939200285792175960e-01
-2.455804163387946548e-02
6.090146606840278476e-02
-3.311010230137435006e-01
1.883540558240267559e-01
-2.815986346951862215e-02
8.533648257838793993e-02
7.486540997494028904e-02
1.443771632513528580e-01
3.434851566621373031e-01
-1.976949577574383665e-01
2.479649556690289025e-01
1.268587935515006759e-01
1.378409995031957269e-01
-4.197248854811838070e-01
-2.446436289046804713e-01
-5.789381337566940067e-02
9.699307183863024873e-02
-2.839586095875749061e-01
-3.757414421401829019e-01
5.026243360531693072e-02
-1.383799297111564519e-01
3.469347568637741186e-01
-3.330802892275229743e-01
2.541986673077522574e-01
2.053200862544293792e-02
2.080168644528012645e-01
5.314347568417675249e-02
1.094703759840992968e-01
1.332576365192731371e-01
3.474675339000019569e-01
-1.613321653446239401e-01
1.917490340106214330e-01
-1.933723936265123178e-01
-2.155111136464056554e-01
1.268198692157443963e-01
1.494723837145166823e-01
1.643834978270629354e-01
5.735551712862387019e-02
-1.369774671252176335e-01
1.753403106013208257e-01
-3.816153877609089751e-01
-3.522911136707668200e-01
7.909523159668867265e-02
-9.923496308966271717e-02
1.692476397050076409e-01
7.867765647176282184e-02
-3.027994304720864616e-01
3.945213024687606318e-02
-3.497121821111822682e-01
9.893982491316433148e-02
-2.780843420164603175e-01
-2.992435412714220533e-01
-3.715779376255797795e-01
3.515880427971966871e-01
4.002796849582816036e-02
-1.154359515992199742e-01
-3.642207722759233102e-01
1.140793211048050926e-01
-3.416850015556280873e-01
-3.714063242153027855e-01
1.022249243231548171e-01
1.086877181694894667e-01
-3.568251999470417601e-01
3.930702594448653997e-02
-3.108160330736605692e-01
1.714703083511571191e-01
9.089465697583808124e-02
1.372585155267444512e-01
3.471748357125149786e-02
1.780340600164781184e-01
3.565385639571077570e-01
3.207125423240835688e-02
7.598203549469986773e-02
-3.348320632332546509e-01
-2.561539649407192365e-01
-4.209051213894136056e-01
-2.534402378323006855e-01
1.772091077663293102e-01
-4.310892318585048816e-02
1.694308471123662924e-02
1.403410289018241497e-01
8.149206910535845838e-02
1.454508450107637185e-01
-3.399711343566743094e-01
2.635472269533430945e-01
-1.513838946680008402e-01
-1.857746929459366536e-01
1.467271690486010860e-01
8.375931863091316820e-02
2.935119546182917150e-01
3.420114668439366845e-01
-1.220868346396994097e-01
-4.140251715107972075e-01
-7.834154281861481495e-02
-1.072438172803678730e-01
-4.584689674029794326e-01
-3.088769789019236711e-01
-2.552418532825858621e-01
-1.017501582851463721e-01
3.737034013880529137e-01
-1.006443982757131428e-01
-2.046103672119478079e-01
-3.129451866223229572e-01
-1.319894905579979405e-01
-1.161631667100161691e-02
-3.455383214368346056e-01
7.991817171998860658e-02
-3.731759078182700362e-01
-8.478619945265844504e-02
-4.401417713959563938e-01
-2.901237595876199893e-01
1.167579682013864945e-01
3.572403677191903631e-02
2.130880578077746224e-01
1.550798237345265562e-01
-7.399496662786536616e-02
-3.172330517196300104e-01
-2.416560401338270214e-01
-4.196059852313436811e-01
-4.481489297162361551e-01
2.249563535012659432e-01
-1.417347703645898127e-01
-2.896944394028053704e-01
-3.474490969643202476e-01
7.713753968279808693e-02
-1.831090188813895292e-01
7.714412088266049683e-02
1.351919549866852782e-02
-3.719780081636430147e-01
2.206886473030826856e-01
-3.542272410661835846e-01
2.350444701933847580e-01
1.866101238100205742e-02
-5.413762057976044539e-02
-4.277388917062338591e-02
6.957424361401118307e-02
1.785135203457328124e-01
-1.961198855403307323e-02
-3.350457557542771969e-01
3.441586538408040741e-01
2.469897529725109675e-03
-4.429714154560662198e-01
8.446480525606170353e-02
-3.900071296983043112e-01
-3.566737338724546014e-01
2.095017690816365907e-01
9.840395119847253347e-02
3.140668973278997744e-01
1.385354344209636379e-01
-4.449092877057098661e-01
-4.923667480119690160e-02
-1.202189889904343584e-01
-3.927066352204136579e-01
-7.473799645245274292e-02
-2.547657706115133980e-01
-1.195703137424990459e-01
-3.439116354176073864e-01
-1.937679322207932486e-01
1.607234512263849141e-02
2.551799830813718528e-01
-2.315253244013168732e-01
1.351525180846236129e-01
-6.983416666966289765e-02
1.670544663594798751e-01
9.897822778266420624e-03
2.320679858376801241e-01
-1.644596413033126425e-01
-2.617197903890863819e-01
1.302834459586529881e-01
3.135457349388660886e-02
1.746882140461914618e-02
4.952437526928733791e-02
-3.498718663861046241e-01
-3.514499465852135018e-01
4.800502888665317269e-02
-2.965371699507211023e-01
1.028840161194791436e-01
7.266815013053595784e-02
-2.244007592664533368e-01
-1.128977791715039536e-01
1.854514947009598402e-01
-2.486755550273145043e-01
3.807305413961937363e-02
-3.895102422587871094e-01
1.394478340654100867e-01
-4.315702503393819556e-01
-9.976419502657907223e-02
-2.436852897869422885e-01
-3.062927449697586679e-01
-2.770635045044946843e-01
-9.683332057182438002e-02
1.478638745985446645e-01
-3.180017142102523064e-01
1.267289377497347602e-01
1.532076835472123977e-01
-1.391304702713070940e-01
1.562112937186629358e-01
3.715542658228952050e-02
-3.330225865310534328e-01
-8.450545105858218997e-02
-2.854626558019873750e-01
-4.058119914936533790e-01
2.176472049843765078e-01
-8.308919014882347465e-02
-2.967457033351333928e-01
-4.353172145058695763e-01
-3.591707362988939556e-01
5.669633536460466638e-02
3.294750621041671046e-01
6.627022584264609384e-02
-2.032670112502051596e-01
1.097688337188237606e-01
8.935758848615163452e-02
-2.734631440738333752e-01
1.062259645130375629e-01
1.075851474361188692e-01
1.798318217093557159e-01
5.615465431055031292e-02
1.844519421106680102e-01
1.998659054743363583e-01
-2.798607786388578322e-01
-2.230953381281467474e-01
8.004366211908443829e-02
1.561940201423129837e-01
-2.160436400078779851e-01
-2.142859296309622130e-01
-3.841868325857492605e-01
-7.400679910822674512e-02
5.550230573630267339e-02
1.019265821081552087e-01
-2.543852237486371459e-01
1.265466023753004099e-01
-4.510073816735509222e-01
-6.636741473664051205e-02
-3.821483455942414342e-01
5.957681510395824998e-02
1.819824002545159802e-01
6.978116324389276037e-02
-4.322600095359295236e-01
-2.520648933285691284e-01
-4.413111600262579204e-01
-1.723747203985875609e-01
1.609257739190815828e-01
1.891661333440737280e-01
-4.220504504302550197e-01
-3.875427738424352953e-01
