1.758815370456297267e-02
3.737113376196227188e-01
-1.115768336707864128e-01
-7.666443508787537664e-02
3.676897780816872907e-01
2.716277523841892916e-01
1.418000439764069420e-01
3.928362300674326235e-01
2.313503236759879012e-01
1.407672178817310771e-01
2.417598271127117948e-01
2.338900902280953431e-01
2.598619467211394918e-01
1.622243701517066539e-01
9.085071384182832888e-02
3.640750660827489771e-01
3.522974213435130508e-01
-8.420839697515052069e-02
-1.031203626892297914e-01
-6.962493233089775413e-02
1.159975109619232336e-02
2.128434841371671937e-01
3.051468043153534593e-01
3.971248389200861539e-01
4.323120604741412243e-01
1.551875100804887275e-01
-2.093418087515256376e-01
-1.713184738170873689e-01
2.247326249020514533e-01
1.838516160070575653e-02
-1.722288520559735470e-01
-2.053454031076391156e-02
3.731380854872947128e-01
3.260585262190894840e-01
-1.719460640346875124e-01
4.223682200164380340e-01
2.322980136452044708e-01
-1.138131640329687749e-01
-1.064943889460959192e-01
2.655862175261326508e-01
-3.302868871990663480e-02
3.176115128530940246e-01
2.922752487131609622e-01
4.209160557299175820e-01
-1.242082968137436100e-01
1.477357483232067947e-01
1.527620150777666830e-01
3.752716077997219069e-01
8.115751756026905184e-03
-1.869033419034176607e-02
-3.417511566093137110e-02
3.162131062073681442e-01
-6.501611252495237414e-02
2.095357280213590301e-01
-4.386865006582072596e-02
4.666402460689644260e-01
2.702812097695904692e-01
3.087064516204860998e-01
3.603137170427745395e-01
3.034207849291072345e-01
2.517761847863209113e-01
2.222375912095051961e-02
5.331504162765282606e-01
1.230409827187814720e-01
3.392373422295820173e-01
-1.055232737345244143e-01
1.507397558255755277e-01
4.114788619604152764e-01
-8.113056131941334681e-02
3.943239637447705226e-01
2.765862989667607352e-01
-1.104483637177276212e-01
-1.338952468735898627e-01
3.594993691938490055e-01
-2.604179377116619051e-02
4.748926031890620680e-01
4.363522936167018029e-01
-8.678720796078981392e-02
3.449169337510689104e-01
4.056779312231991730e-01
3.446419261690048530e-01
-2.259059209358684206e-01
2.280016123136443529e-01
4.015297737609944129e-01
3.927337474842249598e-01
1.083247018222318336e-01
2.177768575812457641e-01
1.351520681275834301e-01
3.146717803942887803e-01
2.617806404151050703e-01
4.886882825304326161e-01
4.021984064953947335e-01
-2.058527837416471717e-01
4.597033304605931958e-01
2.241913821703354071e-01
3.394756137633869741e-01
4.928068804078701570e-02
-6.993257269577296542e-02
2.146835646291564426e-01
3.993415498192539603e-01
2.941917437808460045e-01
9.898620747136069320e-02
-1.667984728262981164e-01
1.917934396596352592e-02
1.182666961230808139e-01
2.213898684679496132e-01
5.068106256439594004e-01
3.624478301534155011e-02
-2.969550295357251679e-01
3.696042557677159945e-01
2.802369495180380699e-01
7.804321706292044469e-02
4.303286587428830079e-01
2.860574194849438978e-01
4.560606275510037388e-01
1.874512739553582941e-01
1.785824339300573771e-01
3.942374249567954791e-01
-1.321927737456918273e-01
4.097544815108666305e-01
-2.099070434306105348e-01
1.595757628141269285e-02
3.863759213588935926e-01
3.728062085837946515e-01
2.323786269738688237e-01
2.702137176747321790e-01
3.230864316936329916e-01
-1.985399858095479309e-01
-2.168014171487938069e-01
8.539731114198689799e-02
2.747148151004074057e-01
-1.407931045562015315e-01
-1.591198785791742704e-02
-1.573811458530861573e-01
-4.612618891487749173e-02
-8.051120069361741849e-02
3.266433281232179464e-01
-4.310737461304149643e-02
1.784529581513941421e-01
-1.957654173688401222e-01
3.629523018795866030e-01
4.817274964220060185e-01
-4.363403360755414850e-02
-4.700286401317574358e-04
-1.209015608579651346e-01
-1.361936795267556233e-01
2.620601528224339449e-01
3.788089785212498950e-01
3.543369673832710842e-01
2.306523106331910267e-01
-7.550802356176467001e-02
3.101048492456105476e-01
5.803413057019001647e-02
3.066544166385986037e-01
1.004068991471186167e-01
2.660753681786684477e-01
9.460613802664888383e-02
2.409681461606393363e-02
4.017282262491210787e-01
2.916332633663544782e-01
2.771178090115833381e-01
4.134714543708242207e-01
5.192543527716850793e-01
2.868177831404872813e-01
3.691181270923691443e-02
-1.126181984081404686e-01
-9.173332091475455696e-02
1.111596377453939188e-01
2.816843932594828015e-01
-3.101139696143390828e-02
8.148847521954430406e-02
-2.921457571836622025e-02
1.557709209558149066e-01
-3.258432264136437717e-02
-2.549880897729386864e-01
-4.359253687827602947e-02
-7.454294037483245872e-03
-7.298452620619934328e-02
3.972155761199990809e-01
3.757269043105359030e-01
3.634902300087551330e-01
6.157530829278490270e-02
-1.530694248555969916e-01
-2.168691639769813329e-01
-2.143472533855856343e-01
4.470120872466859518e-01
4.500458208712170699e-02
7.471224046617078174e-02
3.743813393898888786e-01
2.256688411892324164e-01
3.581304723721412397e-01
2.239227250154707805e-01
3.667272051643371555e-01
3.959284523266698441e-01
-1.915853377448201167e-01
-8.626337387985141825e-02
6.191277325419660554e-02
2.842289460761336373e-01
-5.902508556872950590e-02
3.433124854539310045e-01
-3.547725600390856660e-03
-1.969375069156468205e-01
2.845939767513968044e-01
-1.929735553355370614e-01
4.073573408567878751e-01
2.923951415898058959e-01
-6.058400952089318392e-02
6.357417433400863738e-02
6.069869775520306265e-02
-1.411648527721476032e-01
4.113335082775493867e-01
4.113907676306327588e-01
-1.348295033363740847e-01
4.200935531430690095e-01
3.947824691996353330e-01
1.547694790237440499e-01
6.516245732577363725e-03
1.537714092404643407e-01
-2.415748235963138812e-01
-1.350708395543455675e-01
4.469468719081352015e-01
4.671746481608697321e-01
-4.763911514776689171e-03
-2.173999973586335233e-02
3.563045918540487800e-01
3.788422692151326432e-01
4.207624029942191868e-01
-3.752416883761058863e-02
-1.614889074334427688e-01
3.314814801177298209e-01
3.448943575146191931e-02
2.538947571893284683e-01
3.642368005193859504e-01
2.780164628411328498e-01
2.670124224303800364e-01
3.290517089303062748e-01
2.355184343776570155e-01
-1.036913681353917316e-01
4.207907308034087857e-01
3.021492792574794750e-01
2.814095523540511845e-01
-6.112712454397092182e-02
2.969948598894032732e-01
2.703401403354008942e-02
2.089431247898933808e-01
2.391237976013453059e-01
3.640676505770302773e-01
-2.264445004845408449e-01
3.944205404663106429e-02
3.620793690816518362e-01
-1.200138445291912270e-01
-1.528058563579295925e-01
4.520907611574002949e-02
3.106755015688798527e-01
2.413544131913709923e-02
3.960688291022208540e-01
-7.546578948179681612e-02
2.900374566136239007e-01
-1.638785792228505955e-01
-8.271064790250561016e-03
3.071963821514787640e-01
6.976004990581972931e-02
-1.931645303882871256e-01
2.865913751609140414e-01
3.431467990053398420e-01
3.348624960504437698e-01
3.527475750097132656e-01
3.793934683338352487e-01
1.890251351348665176e-01
-1.236677929160718281e-01
3.900597618865260241e-01
4.198462929791378362e-01
3.913637859625982984e-01
-1.448435659299827372e-01
3.440617414078241398e-01
-1.228386826837649798e-02
1.591901010293876317e-01
1.469155561197626469e-01
1.339897224015028643e-01
2.888004272324154464e-01
2.665411684961441208e-01
-1.038421238020941495e-01
-1.845683107326676620e-01
2.344298437456514284e-01
3.204751363280191612e-01
2.684502389199356909e-01
-7.550540292225266237e-02
2.639024619286661766e-01
5.464337044402816507e-02
3.482421983199340265e-01
4.534477182068014645e-01
2.698235786909833345e-01
-2.523065347687457327e-02
-9.680845808923527196e-02
-8.811535543568722872e-02
-4.746281638345614673e-02
4.216781885157470655e-01
1.655533538495696511e-01
3.126389580149400160e-01
-2.364107288585107214e-01
