6.428777297832797277e-01
6.480611144328957129e-01
4.993223745765290045e-01
7.032715345168452092e-01
5.436111610473817191e-01
7.088709564023540910e-01
7.311669525307510353e-01
8.730965223466065073e-01
4.457295814287265401e-01
6.276697775378896615e-01
6.415552438667702084e-01
6.547694326789319508e-01
5.521229795888050740e-01
7.209075531643691637e-01
6.405003290962640872e-01
6.965873699716021994e-01
5.097591888040218233e-01
7.734003372673812216e-01
9.010122123441428599e-01
5.562398560827583882e-01
5.529368573222775973e-01
5.763063652274982296e-01
6.550398483920264470e-01
9.212191017075194166e-01
6.071697023060675935e-01
5.425365537331494625e-01
5.607431318033896384e-01
8.277269411690827416e-01
8.136242624096768905e-01
7.420826220422747088e-01
4.912313389719116796e-01
8.646425152124754820e-01
9.176822560327170253e-01
5.727342807426585303e-01
7.931475538620127441e-01
8.347026455786408228e-01
8.854622963929946744e-01
8.366583375348171092e-01
5.791653435476913359e-01
5.448707113245709888e-01
6.570612485826612392e-01
5.887855261673016205e-01
5.830858325212870952e-01
5.589647833793245368e-01
5.626861038599551001e-01
6.277354549796332339e-01
6.576849675811873297e-01
9.194598474247481779e-01
5.989278488150822088e-01
7.438834248349187606e-01
7.160211506233175038e-01
5.419523335639814254e-01
9.120415790810458834e-01
6.054753130466847821e-01
5.274809461348256567e-01
6.126335560151923154e-01
7.989749429138612857e-01
5.400561308804030514e-01
8.434635404583721296e-01
6.638548439590690187e-01
5.636618501209912369e-01
5.911571734889233820e-01
6.872974377096440213e-01
6.480310874416923550e-01
5.899180179882119734e-01
8.888049487234241930e-01
8.883214034326962771e-01
5.753153469339488124e-01
6.017015451915384006e-01
6.600102024847861459e-01
6.406331843541093196e-01
7.071424527629615042e-01
8.799284567353921060e-01
7.137802580484013948e-01
7.451238654213028223e-01
8.493637663676748550e-01
5.306532606695701926e-01
8.067647291459134617e-01
5.805860243908854690e-01
6.396578501334131417e-01
8.486649733067133106e-01
5.451171823343030631e-01
9.312100952418773669e-01
8.111624664230526749e-01
9.360710107714823591e-01
5.785939481909587734e-01
9.314966856587506561e-01
9.383330856281789645e-01
7.833394059591832770e-01
5.571934882701504721e-01
5.938007302934362741e-01
7.625451763714651277e-01
6.322239919114673867e-01
5.722209068024805001e-01
9.161152314123297558e-01
8.587181404332653312e-01
5.495521882644177625e-01
7.495312218184108088e-01
7.406221803610727461e-01
5.254721665975562450e-01
8.910706178716414350e-01
4.892423874483761148e-01
6.177433325771792827e-01
5.640560548825273024e-01
8.003308373335118464e-01
6.829576468823154167e-01
8.414649340054207727e-01
9.286304989977349766e-01
7.358687427990496799e-01
5.949852723802711019e-01
6.817322245681305404e-01
8.843289546802048928e-01
8.857730467586512058e-01
5.605527479719101258e-01
7.992223088662111508e-01
5.701702639447240317e-01
7.711303687031284548e-01
8.645729196800117089e-01
5.817024875538008288e-01
5.981734837080985301e-01
6.318080328913060484e-01
5.483527344275073157e-01
6.555469352750007417e-01
9.450142279345268292e-01
5.953538880173850911e-01
7.897184982976028778e-01
6.013986493273040246e-01
5.418147436731561850e-01
5.271102959678737321e-01
7.940036881594465523e-01
7.642852946538398751e-01
9.381418029199358743e-01
7.515452631310344245e-01
7.119998527787875231e-01
7.330037032102387773e-01
5.654692898138121704e-01
8.506818829490100375e-01
7.344006007346810527e-01
6.240097405968559885e-01
7.776638781853413285e-01
9.151567369080400027e-01
6.164903085376648439e-01
8.376291557856119230e-01
6.427194599021980315e-01
8.991378587584032411e-01
9.080503736953724481e-01
9.364962019322868869e-01
9.359426991926027561e-01
5.719144123355228704e-01
5.866709505217945209e-01
9.319035548066685326e-01
5.759234444157060873e-01
7.150899795629862554e-01
5.218014936443817753e-01
5.385976505422127580e-01
8.752595566494358881e-01
6.860810423614177589e-01
5.509733864692457628e-01
5.952497945017256598e-01
9.035791461155009419e-01
8.725026899513097511e-01
6.026999198158755622e-01
9.374564940548286707e-01
6.682180816470182361e-01
8.996618316817057703e-01
5.333930227834489113e-01
6.268015408099246732e-01
8.325161053652141430e-01
6.695831630875188623e-01
4.964517374375930769e-01
8.635682241459585740e-01
5.292054690806271555e-01
7.968890759396628498e-01
9.297383234337426305e-01
9.066568417550614489e-01
6.608596819151072443e-01
8.520193088717951113e-01
9.161674242212970443e-01
9.344302799413022331e-01
8.996421588542549141e-01
5.351280983661446111e-01
6.321741953537889369e-01
5.260503578143609360e-01
6.986887151437629617e-01
5.346531219363914733e-01
5.869340176980323287e-01
5.918737600501100538e-01
5.696157916312180047e-01
5.770388347861129530e-01
8.320967890395483124e-01
5.846532312939504150e-01
9.173245509348834092e-01
9.081376055312870843e-01
8.893019545464686537e-01
5.315378002106456723e-01
9.283307428920981597e-01
9.093972969654733340e-01
5.645033977339466436e-01
7.014343925688858450e-01
8.832717603260321626e-01
5.770603745914674176e-01
7.826238046625532130e-01
6.051207456211509239e-01
8.957422875532131679e-01
7.545160584995982411e-01
6.523031037865731907e-01
9.117604132825596341e-01
6.922950473672012661e-01
6.860587770510859773e-01
9.176464147933779403e-01
5.836837934403895645e-01
9.125393816909849187e-01
6.999208417249028757e-01
7.836202243322687444e-01
9.251053405845134359e-01
7.975936708419355536e-01
7.943370563593415978e-01
8.591896766201210234e-01
7.301532268604259412e-01
4.937879891293293633e-01
6.404815997462256494e-01
6.174220771127778562e-01
8.887825885750677557e-01
5.860081525003942859e-01
7.576507124800124782e-01
6.937261604404794113e-01
8.857814611793449755e-01
7.128447592659203913e-01
5.020715195737522896e-01
5.474117888611654825e-01
5.854735988595907159e-01
6.624452164872960402e-01
7.427152101365684933e-01
7.540993444730277329e-01
8.934358129738408927e-01
7.297027945551346484e-01
6.093723055738011762e-01
6.770636591414607164e-01
6.520088027477149994e-01
7.671596754230067816e-01
5.441327216954665591e-01
5.989558236970624616e-01
6.624923206407524745e-01
5.506811540966216612e-01
5.387940302820128924e-01
7.421433019668822739e-01
7.756206520672199733e-01
6.658944612177200018e-01
7.497429767480979779e-01
7.536893131345085983e-01
9.078372375710790365e-01
5.383826514789621376e-01
7.483786561127120374e-01
6.850280691119666754e-01
7.036881996684417606e-01
6.042843558374763058e-01
5.981174077864055416e-01
9.380845128057925253e-01
5.998679392028262169e-01
8.921717814725433904e-01
9.162347345926555864e-01
6.274643162397457452e-01
7.040411202748950714e-01
6.781292814591767248e-01
8.489868598826898483e-01
7.727576111303890993e-01
7.935765636526794786e-01
4.970563942511962985e-01
5.345602831218148054e-01
8.705438145737887101e-01
5.323106559747945443e-01
8.046895809720958637e-01
6.095666375796243708e-01
6.639300562870419364e-01
6.255169112739418225e-01
7.142608986911483937e-01
6.426882317889653917e-01
9.145218668778479776e-01
7.993802397044598163e-01
5.395259759090661467e-01
5.719718838288128104e-01
5.682421291419729181e-01
6.372122253905726508e-01
8.028866621758086186e-01
6.703421543150049899e-01
8.095105712306762680e-01
6.414879950582226265e-01
7.151708770356445255e-01
5.850456408121493812e-01
5.336764297396530132e-01
7.649870384747281538e-01
5.564137361510683721e-01
7.852925809601978280e-01
8.921445539824848225e-01
9.292134074987399295e-01
6.495194348042011567e-01
7.693784678449988590e-01
8.874546207763360783e-01
8.157717169902874987e-01
8.199948586923249128e-01
