3.454295137562677365e-01
7.864083213352351942e-01
1.496614120642121015e-01
6.649544884760443253e-01
9.210723246806826747e-01
4.246779773948747838e-01
9.314776962516588821e-01
5.877442770676960526e-01
4.183485634966188638e-01
5.422939301421382530e-02
3.909093861450561175e-02
1.998203974222076407e-01
5.636614503519632446e-01
6.412648944954754127e-01
3.298633081286492241e-01
6.718103652496415501e-01
-4.507772713258905162e-01
4.738996484826166894e-02
-2.711948372867556412e-02
9.404291250902236943e-01
6.352398428138945896e-02
5.552968251778351849e-01
-3.778226567254260315e-01
-1.532156641624287177e-02
8.850612854596630052e-01
4.256741103556830885e-01
2.077790060096063041e-02
5.111847155628619355e-01
4.770571676211096679e-01
4.478192764413561067e-01
-3.744885409152708955e-01
1.228587134816904319e-01
3.395356166416930999e-02
7.480541444502577519e-01
3.749082050289660462e-01
6.361473011547360557e-01
-2.328859385973834351e-01
2.142203986395118526e-02
-8.228332986286283901e-02
5.668249987226765541e-01
-5.520452636692143589e-01
8.027069686146086624e-01
8.371949272418176546e-01
1.141526839037655325e-02
6.827272481574599983e-01
5.149628862997799317e-01
2.575284972354227042e-01
6.645199265399901467e-01
3.658750422314405726e-01
-4.313861901956912437e-01
8.872809264400294271e-01
8.089794413396228512e-02
7.121703453962654473e-01
3.952309375442465411e-01
4.125143580964681922e-01
2.565500744868907113e-01
-5.293474615348641166e-01
9.353895533250853322e-01
5.897195961862815583e-01
1.279005560399243402e-01
6.944689707053697258e-01
-2.610179299581553147e-01
5.567885962323708693e-01
4.765836106816222495e-01
4.382798148915834080e-01
7.851936357172046854e-01
6.892001598019432684e-01
4.101870383782511564e-01
8.925807675083703430e-01
9.411375502679368843e-01
-5.479189467048034556e-01
5.195956712812839218e-01
5.022842262564939375e-01
9.133666882887482297e-01
6.481899368813546225e-01
9.349777587001071311e-01
9.542222418633812264e-01
1.506146241388788692e-02
3.936644921414684806e-01
-5.031827399412296398e-01
5.387339393700862900e-01
3.820509914075228552e-01
9.259111621360072153e-01
1.197972020899557982e-01
3.201971477417992484e-01
5.462046529143413931e-01
4.144183428198577879e-01
-7.495241137774313889e-02
3.736143340967019166e-01
-3.410702234232215746e-01
5.452170587117177725e-01
9.271122129518176713e-01
-2.287790728830688819e-02
5.121601265866815300e-01
9.370018123288186285e-01
9.396409349859338178e-01
4.217561341159928867e-01
-5.627115264353511614e-01
1.497345276438331874e-02
7.434959433634248382e-01
9.610793258214866963e-01
3.853476648176088482e-01
3.160943291419577306e-01
5.803512188085606649e-01
4.366867483769631963e-01
-4.049412783121926207e-01
3.719278432200275042e-02
7.081916412028306240e-01
-3.365747038978866845e-01
9.419757145930065523e-01
9.088312120976033137e-01
3.550572787734531666e-01
5.745611036409556949e-01
-4.461074928359224923e-01
5.552474276197102432e-01
-3.398833262819045964e-01
-4.833437649019078908e-01
6.827061687158726411e-01
7.057229640165794127e-01
-3.164271010318046862e-02
7.270195203639310266e-01
5.839738146771934479e-01
-8.200708918233692857e-02
-4.266690868015266674e-02
-4.648226107301352550e-01
4.317545695062425248e-01
-1.259573081362346664e-02
-5.666398283060829211e-02
-3.844475112948372297e-01
7.447276772068436301e-01
5.048148270066122878e-01
6.128543732629235796e-01
2.292937970605834694e-02
7.931389975296212480e-01
-5.354480415355367118e-01
3.982294194457220993e-01
-1.463838116219998153e-01
2.545160424260148879e-01
3.479026084566784194e-01
4.597615573629041386e-01
1.014079464534498737e-01
5.628522212301365624e-01
-4.265346658830485027e-01
9.427618949147617000e-01
5.457741206461976802e-01
9.132365879808028719e-01
-1.223986926579866685e-01
5.561714854137870256e-01
-9.205313585660615527e-02
-3.757090900713132564e-01
5.385872324916369802e-01
7.848960746151629753e-01
5.868431114239696100e-01
-4.538310709265493958e-01
3.286960169538960530e-01
3.205121127544003912e-01
3.751025597711027393e-01
9.763079097258083872e-01
7.426533481094853562e-01
6.496610705760483828e-01
9.338710306551558649e-01
4.694842200858737602e-01
3.375192387208995060e-01
4.511020541289357220e-03
3.893169284188396362e-01
3.531374282522851127e-01
8.546850521986047999e-01
5.984102964254425228e-01
7.810624703170474525e-01
5.158955276597436690e-01
6.073681797911624491e-02
7.386730972216806190e-01
-6.709427091772829366e-03
5.993234924723972457e-01
6.905629385934654307e-02
6.214720799337900559e-01
6.201217509747380952e-01
2.073873526137118284e-01
6.877122227623575501e-01
6.863837338731265669e-01
4.788817182471717393e-01
6.084515243554362574e-01
4.203346544562938103e-01
-4.618708784280078916e-01
4.704051505694710755e-01
9.500987021498801255e-01
2.261913768563446336e-01
9.118982788862480815e-01
8.187694880730792546e-01
9.166596492708671828e-01
8.769633658855275904e-01
-5.191933038488882879e-01
8.657154259898570958e-02
4.031463051557089838e-01
3.416472183276370034e-02
-4.524023965537100206e-02
7.772950676617309540e-01
5.165188733050166681e-01
1.481411569479883783e-01
9.536615340969563093e-01
3.988303940717048413e-01
9.279150714153143742e-01
4.870562455325077034e-01
2.161777619063507128e-01
1.372291746358531017e-02
7.548728601606078392e-01
5.686435002001304362e-01
5.801557423828058724e-01
9.221186840444240973e-01
7.426204249336994245e-02
7.423428976818013947e-02
-5.149659653391629455e-01
4.602988233649357719e-01
7.395449510220806211e-01
6.060639455260818931e-02
6.226995362699727643e-01
5.485864780518041606e-01
-6.879550203336098901e-02
8.406316580530639460e-01
8.824463812814679897e-02
6.492290959893045610e-01
3.704642293839455203e-01
3.221102578997742105e-02
2.951302290859307287e-01
1.541193356498417044e-01
9.012625293046827579e-01
6.278172515825651834e-01
9.217830816860552723e-01
5.924736860275419126e-01
6.435926203434246817e-01
4.415315211127993633e-01
6.339865743548228627e-02
-4.321518311290232783e-01
6.299961601175374515e-01
7.837222451687939073e-02
7.285071998930294779e-01
-2.713871396374182079e-02
5.568635393498102548e-01
-4.438644494727189693e-01
7.423473491146134196e-01
4.815679549719736885e-01
9.071239049423676093e-01
7.620883543664150883e-01
1.783588203744510686e-02
4.775720103224765367e-01
2.705729217142301968e-01
2.814729016064808631e-01
1.046203718948527372e-01
9.322614833707321136e-01
5.907050281916863543e-01
9.431009209882976196e-02
9.401807916104703011e-01
7.821434402244888950e-01
8.089573508738715502e-01
6.384128224027586507e-01
6.522992787526886715e-01
7.238432551313729313e-01
7.960352901394845970e-01
3.773573921432168271e-02
-7.935119508808755051e-02
2.811852956160488803e-01
8.929308070663712904e-01
3.795823921406826784e-01
7.115815681992636588e-01
4.543305915124796757e-01
-2.101537680752715853e-01
1.587095006701306765e-01
8.298505468775968508e-01
7.722692177320518436e-02
5.502424449474396795e-01
6.188158160819317022e-01
8.989190998284516398e-01
5.606992806800762397e-01
4.290585336101979674e-01
3.946199194702149082e-02
4.400289548622077218e-01
5.783860146573189809e-01
9.381794994967481705e-01
6.176836354604348100e-01
2.852839691663242722e-02
6.126617715612547865e-01
4.735024608293610104e-02
9.171037625048858999e-01
5.893040649302611067e-01
1.273074809419539044e-01
5.533880871980627614e-01
9.402416230395642671e-01
3.885169760160877006e-01
1.392594995735945557e-02
-4.419819259428859337e-01
7.813979633964232008e-01
-4.969787428025932985e-01
-5.091493542587544052e-01
4.014148024364806444e-01
-2.758952868862721841e-01
8.044011637808323734e-04
4.128546718086311684e-01
9.162887315541852207e-01
5.450648938956356160e-01
3.078021043934275336e-01
