-2.490814501151830673e-01
-8.908638154401504750e-02
6.908371105042712124e-01
7.154451903908163324e-01
8.272349626847744775e-01
-2.011548348444600343e-01
8.075868486184978323e-01
-5.108446971526557912e-01
-2.598521825913719940e-01
2.250868833912386680e-01
-3.394926863894227043e-01
1.632828279981875519e-01
-3.954157151842389029e-01
-2.246256211446875373e-01
-4.570475161978279077e-01
3.063171751371894791e-01
7.840595954593794492e-02
8.109395471090546925e-01
-3.737700773318601288e-01
8.379419041724388562e-01
7.290603151104220192e-01
-3.868018093853801131e-01
6.605431660348315415e-01
-3.112259460448669746e-01
7.724257416160709155e-01
5.326923684031932560e-02
-1.571387594579226055e-01
-3.756008459004601674e-01
-4.120373991440167694e-01
7.335025408331433683e-01
1.222297247664466263e-01
8.515483699089344549e-01
6.812159158843087425e-01
9.015147450794063211e-01
-8.764491512183901489e-02
6.033664860211029879e-01
6.862503987264119143e-01
-1.486200266138872628e-01
5.987842800018123857e-01
-2.898128886109682667e-01
5.333072818560005146e-01
8.900584220680231029e-01
-8.539321888873088739e-02
4.211483511545061065e-02
7.082018636781537424e-01
-2.457395292226083328e-02
-4.303386980236636461e-01
5.918628704964299381e-01
-4.242087433034092969e-01
1.384077724784749663e-01
8.796373208878061067e-01
2.000749761088335132e-01
-1.370783367049672186e-01
8.506531911906745069e-02
-3.955649407156460740e-01
-5.895411147599991658e-02
1.151173362749129681e-01
8.617722194162720228e-01
-1.582824676449434698e-01
6.860152103129828483e-01
9.330539857176211038e-01
1.968205685910550951e-01
-2.233507017241469217e-01
-4.706202941675123874e-01
1.320128594870411676e-01
1.107691654033668704e-01
-4.370086239365772451e-01
-2.441592379235033722e-02
5.980404585764861336e-01
8.326763173134881235e-01
6.509915052923133105e-01
-4.087937419934735694e-01
-4.057922038857111335e-01
8.875007952471110073e-01
6.089068229317528003e-01
7.736412513886835596e-01
7.704831304011658943e-01
6.468610559632002044e-01
7.144725493473675915e-01
1.516483722449202820e-01
-1.585092356178989248e-01
-4.263591815144468500e-02
-4.957518125541381382e-01
7.307660910768867257e-01
7.387400550947844646e-01
-2.152843060105014417e-01
7.337793676585524505e-02
2.109383897642336941e-02
5.521652942986099433e-01
5.443892451954281952e-01
9.640730044513096120e-01
2.089569023977071727e-01
7.426845179313865675e-01
-1.921162344813848732e-01
7.928614049990309054e-01
7.735557684345795160e-01
-1.925300771493398122e-01
5.825150662284311887e-03
6.682559811509920511e-01
2.149820065166742067e-01
8.207792762191195024e-01
1.397380513117206791e-01
8.099910510834380517e-01
6.720438205785201902e-01
-1.996823760572110154e-02
8.090315956089593197e-01
-4.115726104114133532e-01
-1.877172794836222680e-01
5.347047839410137282e-01
-3.878293383101761860e-01
8.198981783720857841e-01
8.189020278825740462e-01
1.069241903807791882e-01
5.172769801452548055e-01
1.806721998033748999e-01
-3.849403433253418827e-01
2.530482986968370096e-02
6.000291359333437269e-01
-6.247123262508050279e-02
7.203812135535521133e-01
-1.770645532111566889e-01
-1.288164983835389243e-01
7.130676985950061830e-01
6.333173731259608696e-02
5.605948317042064311e-01
-4.168533475379534448e-01
-1.916912928484507117e-01
7.054232255147491193e-01
1.762497557152519490e-01
7.340364341024990802e-01
9.426606728436968119e-01
-2.045729821392422432e-01
8.379601822046155446e-01
-1.747578596301149478e-01
7.299962717713411875e-01
4.893659308857333246e-01
-1.168086218218283290e-01
9.474534870150927990e-01
-4.868517083422014835e-01
-4.238526721159744937e-01
3.506765006829073300e-02
-2.189608039102328152e-01
7.170106419487420890e-01
8.186272415874142894e-01
7.180358812161754534e-01
9.702042481021816434e-01
6.083836014786313529e-01
-3.045079360793985224e-01
9.165606195707718395e-01
9.759160383823936580e-02
-5.409330628744470904e-01
6.214144341588917486e-01
5.161091484474869540e-03
6.970393005297985667e-01
-2.496156561829550591e-01
-4.738539492031298428e-01
5.606203874290903721e-01
8.746676346631083732e-01
-3.615175548555265017e-01
-2.155748700606963386e-01
8.125163064122766787e-01
-3.143659149305098044e-01
-1.381142281638757796e-01
-2.899176181158277243e-01
-4.765653509876475180e-01
-4.942705449650605654e-01
-1.476757727243728779e-01
9.584576487562506131e-01
-3.716008496764289237e-02
-4.145418455667807534e-01
-2.894987258652821915e-01
-1.364963299085114046e-01
7.177659871807844372e-01
-3.548114610813540848e-01
7.035256016296622672e-01
8.807674840477246470e-01
6.645339556678531157e-01
9.754608731824230272e-01
-2.681544941079597177e-01
-4.577969329209399113e-02
-5.282608916065889559e-01
8.803693245383588106e-01
-5.150212128813176360e-01
5.717411713064549650e-01
-2.759277444187627215e-01
-8.623087950360874832e-02
9.193973091998965952e-01
-2.964049678576825553e-01
-1.554461147883881844e-01
7.318183276616347932e-01
9.612821613778579355e-01
1.466245001956033300e-01
-4.078565992144650987e-01
-4.699889575754094273e-01
7.379144778293735829e-01
-2.814390894053312442e-01
7.136584569589263793e-01
-3.830324748479395636e-01
-2.507763019954985517e-01
7.770778989772507694e-01
5.841518130928232688e-01
8.875253072415467681e-01
1.155356569001250722e-01
-1.435394751891689788e-02
3.111187455466705165e-01
-1.294926124689555758e-01
6.792045221783675757e-01
-2.706959035478087028e-01
7.944227766548808134e-01
7.499051898108912706e-01
3.308269916488495443e-01
8.378602180347624606e-02
8.072913607365186373e-01
-8.999275597022375617e-02
6.822006628712080634e-01
6.871624623881218419e-01
-7.383303354596464085e-02
6.327828643395146946e-01
8.947761226803665480e-01
-3.103875371747228384e-01
9.160769212405124318e-01
-1.931310741669246545e-01
-1.833710968833001109e-01
-4.053800199255653824e-01
7.033040315781520224e-01
7.782832513692565790e-01
-4.017480747241050643e-01
7.775377182691235456e-01
-4.822576632258893659e-01
-3.078551851987461618e-01
-3.690496339426539985e-01
7.533895732913182819e-01
6.486575124414857285e-01
-2.063964498796101166e-01
-2.545233349793656341e-01
6.772588810646997803e-01
6.668857781783911198e-01
-2.445266462136072849e-01
1.317167944254576117e-01
-2.156532541503885791e-01
-3.279674378632032594e-01
7.122988337044344753e-01
-8.518207703382342511e-02
6.035469298849925890e-01
-3.177229221342136034e-01
9.308067689707628656e-01
9.073291092968516214e-01
1.873469870108254720e-01
8.565775869382745711e-01
-4.963045857638677671e-01
4.850191597829529577e-01
8.530903812688671595e-01
-4.482875476616459548e-02
-4.044033459424153376e-01
-7.228978939871866238e-02
-4.133306029451062069e-01
7.962710038977257598e-01
-1.324944790138009865e-01
6.862567327935091832e-01
-2.739282321604105674e-01
6.657507900018933000e-01
8.475599951856805925e-01
1.356275372027749837e-01
7.261821325176600617e-01
-4.081269486114597750e-02
1.170284819510733765e-01
5.766890479257009705e-01
-1.585697924239875545e-01
7.397553520787265580e-01
-2.332303359091956740e-01
-2.001876465435701857e-01
8.189200777851655122e-01
-3.430901476664151017e-01
-3.902042248857370277e-01
6.613209932988144413e-01
-3.868521613811502502e-01
-1.797831397181825219e-01
8.063759559834694501e-01
-2.389436464085408773e-01
-2.426112211267273527e-02
5.287067387021788800e-01
-2.365876572296234104e-01
8.206221900922364698e-01
-1.389086766923990079e-01
8.004188201214067488e-01
-3.989639668204872924e-01
-2.684531162592609377e-01
2.172905500914335680e-02
7.361822593696603079e-01
5.159198609514743517e-01
9.272180615434060247e-01
6.178891574681772969e-01
6.197690629398866502e-01
-2.086417345469681883e-01
9.164829907541557352e-01
1.369816826804892002e-02
5.155737750222196825e-01
7.217576341438362020e-01
-4.690528943484303936e-01
-3.652839456099026272e-01
