5.193146323598833991e-01
-5.137491782665284251e-03
9.577643283637421456e-01
6.438161658491976524e-01
4.105515086198245900e-01
6.938777482817987119e-01
4.500467135622926440e-01
6.604280205629057265e-01
-4.532803844411073535e-01
9.383107784215689584e-01
6.977291496800988035e-01
6.197370444258940569e-01
-2.034864070985096807e-01
-2.687738875078585776e-01
-3.533924544709899918e-01
6.792723768490450675e-01
9.513765644740643790e-01
9.475683170832047697e-01
6.362830036475453088e-01
4.076666469081244304e-01
9.051299191988956272e-01
7.457050804000802113e-01
9.602778479824739533e-01
6.860341917546830537e-01
3.802623692028654911e-01
5.376711236772931946e-01
7.725663559840632022e-01
-1.466894810692318529e-01
-4.675824451746793398e-01
9.248420358172572131e-01
9.631421677360899603e-01
4.462027928746961081e-01
1.439379013597048562e-01
1.733487099986938049e-02
-3.471351267713121969e-01
6.705555172246713269e-01
9.476564659695744242e-01
6.601692758689119422e-01
8.471224824641590545e-02
6.848785815249960329e-01
9.580862529670786110e-01
-1.011916394382739171e-02
2.364921478106876002e-02
7.563562167849380291e-01
7.038633232161506381e-01
-2.049516624734421810e-01
-4.067074159428208935e-01
6.197533586004468908e-01
6.879906416818004633e-01
7.923578633276837646e-01
3.420451912409840367e-01
9.432945797213030392e-01
-2.585171960863875684e-01
5.065041939227865608e-01
-3.325925721622019493e-01
5.490043749441133603e-01
8.820557190686710847e-01
4.275863459859507998e-01
-2.389350533204476768e-01
1.566369413209842132e-01
6.889972634764234272e-01
9.032529537807018061e-01
-1.945926600573259502e-01
7.064478560671663132e-01
6.687516044841337326e-01
3.938722082824393234e-02
-1.240883349037520123e-01
6.899031690869590339e-01
-8.645246900619525665e-03
4.371749623363368475e-01
9.880258140754916152e-01
-7.409931068027865442e-02
6.850666843082124924e-01
4.280059277513249549e-01
6.248234741541962567e-01
3.968528814487379819e-01
4.128023091427381885e-01
1.007067693419076704e-01
6.685869494232420385e-01
8.946998915512867079e-01
-1.811315691678410944e-01
5.937408240747144017e-01
2.771189892361010654e-01
9.786582732336894797e-01
6.819626782291534628e-01
-2.311034083301011233e-01
5.312383714220038078e-01
1.407941451316788162e-01
-4.658354481023878613e-01
8.614097560534452747e-01
-1.039209940969960111e-01
4.560462538059257831e-01
8.688417883793153607e-01
6.983134816362326358e-01
4.742638999879297823e-01
4.398044890186858513e-01
6.405527199699799779e-01
9.884886300596913422e-01
3.626518783384673206e-02
9.399911807554718335e-01
3.760896007478643499e-01
6.542611662588713184e-01
4.691549624454272038e-01
-1.661437424249175288e-01
-3.857939133956750366e-01
9.601685233534201780e-01
9.068124786401293713e-01
-1.695969544527781425e-01
5.419092472806973371e-01
4.448552821025703041e-01
4.276061895277218361e-01
6.536483532274661723e-01
6.220894875305071903e-01
9.399852700907970204e-01
-1.004070874227744326e-01
8.773420119459589550e-01
9.676660993156172008e-01
3.814818006893073710e-01
-6.431292736095213514e-02
8.914186560581510710e-01
1.898793173731903178e-02
6.280057899512694330e-01
8.697226450714171109e-02
9.227590782946855086e-01
9.248582155906766022e-01
-2.893529433011897134e-01
6.138941832506450424e-01
1.804844388783308218e-01
9.386354893575525882e-01
6.499326069800996919e-01
7.043087874400133508e-01
-1.592203699123203586e-01
9.888643147846127857e-01
8.875746845813176078e-01
9.646014632883538331e-01
-2.061988087520578716e-01
7.215756777914200670e-01
4.403209739598661354e-01
-4.712934099805852761e-01
7.086118337884828033e-01
7.119419643327984382e-01
-2.362990403174986542e-01
9.752535235036204897e-01
4.838782234400436089e-01
6.670357689816575064e-01
4.629901806777985129e-01
1.519523218300324885e-01
-2.068009517647367290e-01
1.061276243337605646e-01
9.499492920632357507e-01
-1.248737411356118654e-01
2.073641234327879002e-01
-7.596895884784032882e-02
6.952550347149129006e-01
-4.005133357312239406e-01
-4.229823329610465921e-01
9.568517783586285574e-01
4.009889840175457354e-01
-2.364786717269057315e-01
-1.512742065533506375e-01
4.230847366666430354e-01
6.286569833940103269e-01
-1.572935797479903947e-02
7.190168847917735029e-01
6.018300231819082580e-01
8.276479837781316462e-01
-1.943525095414580517e-03
7.624001823414890966e-01
6.910496671096007237e-03
-1.055058226329658594e-01
5.881581368496680007e-01
2.041082749395746465e-03
9.392815745647821180e-01
-1.566438090447057063e-01
8.943406905725789224e-01
-6.486919423988471434e-02
6.838976764987874102e-01
9.616723564587467132e-01
-1.276017322924225261e-01
6.488391661507807440e-01
6.670703681938753293e-01
-2.700823915795425023e-01
6.732263866820853426e-01
9.681063500412776524e-01
-1.174969721553539848e-01
2.374348943036696385e-02
9.001936860323935807e-01
9.769642845656032470e-01
1.354084182241829110e-02
4.763653187839446135e-01
4.111027073028177825e-01
9.378366116040266487e-01
-4.123247839937748682e-01
-4.336773049463803487e-01
9.632170097411661691e-02
7.014010767890395126e-01
6.419002873322173786e-01
6.879881609267938236e-01
6.761303008094161626e-01
4.110000897317601654e-01
5.135309735822395361e-01
3.889831760633990498e-01
6.306327131118933949e-01
6.271044302839035023e-01
7.783063001217416232e-01
4.015031702978020395e-02
6.454422776300470233e-01
-1.026738426132272619e-01
4.499907132665987852e-01
9.423009253798673157e-01
7.465300461277937227e-01
9.024722109776122103e-01
4.214793803191386745e-01
3.680557430489389548e-02
9.269135793044203098e-01
7.217881254320430706e-01
6.659062713371235454e-01
1.319927384962298889e-01
4.544460216262143915e-01
1.157931255681704241e-01
4.193671737330439964e-01
6.879552013897807239e-01
6.954521335632649626e-01
-3.486764918041869721e-01
8.790434929320718738e-02
4.646182962247293879e-01
7.975274600403920999e-01
4.745111099606164617e-01
-1.631666072798374501e-01
-1.603261337403835696e-01
7.134346131475043373e-01
9.783521617546862004e-01
9.557646831812516286e-01
6.957450145231316441e-01
7.302327546896916211e-01
6.057513559630134381e-01
9.276583707805750034e-01
-1.533063071674488076e-01
9.605238064848873325e-01
-2.366842309763899921e-01
6.867576557349802657e-01
9.226885815461904894e-01
3.337416554073596026e-02
1.114951931667727131e-01
6.405158602113851796e-01
5.563455286984155812e-01
3.642856715442283067e-01
9.375235098863905492e-01
4.117901468316366165e-01
-1.283726135218484776e-01
1.094740763662166994e-01
3.881981062855020537e-01
2.099081138362246871e-02
5.301419620271805196e-03
-2.311352944306986623e-01
-1.200643276624541456e-01
6.062059552022456277e-01
1.014779588742780250e-02
-1.177497799165252990e-01
7.232862680929217358e-01
1.828385096901823381e-01
4.799692611173234091e-01
5.674943605701894267e-01
6.391224200198460936e-01
6.075402670165408470e-01
9.502039162210256240e-01
1.378623252559606494e-01
7.012825806542999363e-02
6.577166554941255017e-01
-2.711945075402297789e-01
6.697648783765930425e-01
3.871672080323222964e-01
-1.984758540465161869e-01
-1.917857146703465798e-01
1.089983262238407996e-01
6.736718379428591197e-01
-1.871834772436102856e-01
5.001088591306803721e-01
-2.564949416516661973e-01
6.617458685510877459e-01
-4.488871317053069743e-02
6.849180552885560935e-01
4.805876643962584405e-01
-1.349362523915902667e-01
6.953589205345384050e-02
7.672708694985745925e-01
3.620272644595149414e-01
6.529111402638294592e-01
9.429234055556117156e-01
9.199101686038462233e-01
3.957184843445876732e-02
9.348774102048078571e-01
9.488948113208280910e-01
-2.998020516016156600e-01
9.504151312441404542e-01
6.396002557059110583e-01
6.353443331988521958e-01
4.425693134709147714e-01
-4.461313963470639465e-02
-3.919918167820929944e-01
