8.650823456174631110e-01
-3.088630508445182610e-01
9.655607423971280801e-01
9.546541010105904501e-01
9.149497808185502734e-01
9.826668055362732801e-01
9.478981830627011274e-01
-4.582684308586057464e-01
-1.624052320357723400e-01
-4.105522404126428215e-01
-1.496020068109795154e-01
8.668741320380681792e-01
9.822582363877290224e-01
9.784578069983900228e-01
-3.854620884049141383e-01
9.072216607994758597e-01
-4.386378655652243830e-01
9.511490586254792712e-01
8.713414244805645081e-01
9.911720320901922232e-01
-1.284953608512341416e-01
9.626646077246524547e-01
-1.742579481694207788e-01
-1.400268373775270803e-03
8.584429386454639488e-01
9.041263447156202560e-01
-1.029571598540455629e-01
-1.734482360370164788e-01
-3.788579044104476434e-01
-1.003618953881825898e-01
-3.738282521414910686e-01
6.116410221812209613e-01
-2.888922817822336397e-01
-8.705382168601048798e-02
-2.822296729064484033e-01
9.678752248681353754e-01
9.628632874726539281e-01
9.366555912076781620e-01
-2.414270302709895510e-01
-2.930314564958652612e-01
-1.374492631207168414e-01
1.673481046736828293e-01
-6.920723167597328529e-02
-1.733174051737131904e-01
9.709127621986988199e-01
-1.984261470789741300e-01
5.311081969616371357e-01
9.265898961842699011e-01
9.886589665723486409e-01
-3.841342842551689341e-01
8.554832494120709896e-01
8.820253753507597549e-01
8.796471585371696822e-01
9.373256098477541487e-01
-2.236048627276231437e-01
8.909778679523085998e-01
5.731439659106296602e-02
9.339367889829014446e-01
1.080691567681849874e-01
-3.397524051135006884e-01
9.023241306097188330e-01
-4.155513516384764516e-01
9.441127757352638650e-01
9.387507320746247830e-01
8.555712603079552725e-01
-3.579907647723434838e-02
-1.684279712151939834e-01
-1.107002153766493968e-01
9.934679621037887376e-01
8.129512128905533874e-01
-1.380250053401730348e-01
9.771388641043269319e-01
-8.676142525838115294e-02
9.018424996487830470e-01
9.213520172250302398e-01
9.083905476852399685e-01
8.508853493968047133e-01
-2.497072859183820659e-01
-1.902940728790430414e-01
-4.899061509007472393e-01
6.249761620138818419e-01
9.270767730794263750e-01
9.594481741648885897e-01
-6.187098940698607802e-02
-3.431534013462628208e-01
9.833040874460609038e-01
9.599548915823973294e-01
-2.817053953432959723e-01
-4.083509142185869356e-01
-1.443813817391740306e-01
8.957246067938668954e-01
9.164825318984122227e-01
-4.084329075403451276e-02
9.143328141289654987e-01
1.209719470174170919e-01
9.003549496284475318e-01
9.849381985899692271e-01
8.986886925826940153e-01
-2.219200843888891606e-01
9.351141175656416671e-01
8.637418183538545513e-01
9.237145809090225868e-01
9.667992495024937405e-01
9.748461800353751538e-01
-1.489745064875705460e-01
-5.678027716732440000e-01
8.686134788138241136e-01
6.337080920310599330e-01
-4.673980770549966968e-01
9.422385564195334684e-01
9.459908857778631663e-02
-3.929032574921377252e-01
9.818314010097269895e-01
9.312417620507174032e-01
9.550569782712448053e-01
8.517929627166400675e-01
-5.335826362721631799e-01
8.872974647943628890e-01
6.691257216971929767e-02
9.511459744976160646e-01
-4.350518121113320508e-02
-1.402767865941642322e-01
-3.320201536758017880e-01
-1.384854869713132708e-02
9.659420925241199996e-01
-1.969113620730821579e-01
1.752499416132361487e-01
-1.317101516227048852e-01
-4.471997699800711046e-01
9.399500866143553068e-01
9.762998067029227123e-01
8.715196407768588394e-01
8.144921898632375701e-01
-1.326216563382821290e-01
-4.203285999319705812e-02
-2.299746905924289209e-01
9.369111933235505507e-01
-1.392807289354347500e-02
-1.079606757201241191e-01
9.850117415640640139e-01
-1.128213204873714098e-01
9.587229040596058072e-01
-3.651486759632127654e-02
1.253861200267523124e-01
8.542016842943931376e-01
6.876074038361779106e-01
-1.529423712877173158e-01
8.449386684860047403e-01
-3.641678481033703840e-01
-5.115606774635004239e-01
8.606029258334020327e-01
-5.127324598939139721e-02
-4.670839003152090774e-01
-1.300875125710384828e-01
-7.727144679291940432e-02
1.974600045285191674e-01
9.244416006113918005e-01
9.437150527122006860e-01
9.198654505084407074e-01
9.671314269775626027e-01
-6.562628563605164833e-02
9.238616262865574358e-01
8.984838061489487382e-01
-2.201567461959352268e-01
9.218674472354839722e-01
-2.128493631402703923e-01
1.350665595134010188e-01
7.589414885075103090e-01
9.270443629445339340e-02
8.787399097829385886e-01
2.595386888565681671e-02
7.923955201168611517e-02
9.390284639560549096e-03
9.723330714179730938e-01
-1.135420859016266076e-01
9.770482756433545024e-01
9.734608200812403522e-01
-3.068584554452774560e-02
8.850574944426162771e-01
9.429164120265474125e-01
9.305425317765584348e-01
9.266765561861712852e-01
9.825872844165457476e-01
-3.512367668062128800e-02
9.369023793452156967e-01
7.710481094901264765e-01
-1.511071532073488821e-01
9.388815533235135291e-01
8.982087208120012045e-01
9.371541155681833990e-01
7.797081661150431220e-01
-2.966336405420914590e-01
8.910527015747333746e-01
-1.232163720200312590e-01
-1.956186247387786681e-01
-1.150715554244414185e-01
-2.351723622310729622e-01
-1.296288601176693034e-01
9.238366244918192471e-01
9.239046440682581185e-01
8.284546467317317475e-01
8.687979818458810843e-01
9.302171968630632559e-01
-2.619186117998487662e-01
-3.452889336674310750e-01
1.740641008532246847e-01
9.146619033715864822e-01
9.292035899490191930e-01
1.678310621677361614e-01
-4.749859770821076022e-01
-3.124486668733728600e-01
8.779063987055669704e-01
9.561555871219789005e-01
1.606650722557637911e-01
7.192620628161406834e-03
9.321992364531352937e-01
9.561327482915128462e-01
-1.480110180062878533e-01
9.689212199126063796e-01
8.382525072300150981e-01
9.694732646601689208e-01
8.630593800712675900e-01
-1.422395844672783294e-01
-4.109795278121049500e-01
-2.342831674120340324e-01
-4.652768390653196362e-01
9.440326732649839681e-01
-4.125099710656703333e-01
8.934122601815404074e-01
8.705395657578188784e-01
8.617000787329378575e-01
-3.576226572231418210e-02
-4.918207465436635895e-01
-1.967780653688680215e-01
8.251936775584529926e-02
9.083585990202425187e-01
9.314192482327531275e-01
8.781408268033031872e-01
-3.797480106400121236e-01
9.852785713808298595e-01
9.521296513802022243e-01
9.674193818620773211e-01
-2.737851156723366541e-01
-2.249558070066976223e-01
9.776924000665270231e-01
9.353451109155901388e-01
-3.002453815548282723e-01
-2.403073836012761255e-01
-5.190544186232856072e-01
9.503380861658916601e-01
-4.560818471129806650e-01
9.546257655427327071e-01
8.464100532922158582e-02
-1.299295499703474466e-01
7.579345256972863654e-01
9.406660865516676129e-01
9.075430670024935420e-01
2.544910198693089987e-02
8.514652340378223716e-01
1.039074036331395223e-01
-3.273055995532448970e-01
9.612444787295562065e-01
8.391103111811213378e-01
-4.742384405459004748e-01
9.042693803249673978e-01
-5.201479231310331963e-01
-1.461878957912428612e-01
1.973341940233594993e-01
-3.321496181883877297e-01
-2.026778762483233409e-01
9.058877529889042268e-01
8.700297529755134374e-01
3.703098632200317597e-02
-3.161666754622176612e-01
-1.457613185532970479e-01
9.832109453809747546e-01
-2.686541815558507462e-01
3.732872386065001491e-01
9.663786870462081069e-01
-4.282465065788914060e-01
9.880678975075199988e-01
-1.285539648846762972e-01
7.431050542185494434e-01
8.901571607295344357e-01
-3.235861570433025691e-01
9.646537325469203283e-01
9.873757733648935719e-01
9.642993745208737755e-01
9.202937527010108809e-01
7.921990648763822529e-01
-2.085103104602083479e-01
-1.770300231077759912e-01
-1.261809906988981822e-01
-2.007960620469388668e-01
-4.875732836561770256e-01
1.731086566286734740e-01
9.724074133387414776e-01
9.745484272886784094e-01
-1.399489899035371021e-01
-2.808711548380345979e-01
