6.998973252208363638e-01
5.849982833803535343e-01
5.949510956949726204e-01
6.530139567384516397e-01
5.773345398034716025e-01
6.279842957236929646e-01
6.985800479056745171e-01
5.917646548707007348e-01
7.687797409198361409e-01
6.223003963740414424e-01
5.754778670472158186e-01
5.768694326575871667e-01
5.771784839086866459e-01
6.184852045673243648e-01
5.802999197849211255e-01
6.280218108577229064e-01
7.338274743259926014e-01
5.671789018691903994e-01
5.554687740622316072e-01
6.049989355502891630e-01
7.844617634414645657e-01
6.005727928221599177e-01
6.602803281904096044e-01
5.612559173789362088e-01
7.033540035671306256e-01
6.315632689690067192e-01
6.339852363344461450e-01
5.388854033357698414e-01
4.837735166243433693e-01
4.870774173162466525e-01
5.523727606228319154e-01
5.863321017028595428e-01
6.335459031760932724e-01
5.542849793014286153e-01
4.858506524003198268e-01
6.170535230488292111e-01
5.548451548484816254e-01
5.922006129122460161e-01
6.140974540025233575e-01
6.066453868050605269e-01
6.506357978776231565e-01
5.123149372514562705e-01
5.998736059696868628e-01
6.694637987967410053e-01
5.912587330678609199e-01
5.514604568455415690e-01
6.000872392932206090e-01
6.604898282226573381e-01
4.835259739234694654e-01
5.195544120658948106e-01
4.729331568572548439e-01
4.487522767282862146e-01
5.111557976038847428e-01
6.896658801057427013e-01
6.664795834725018020e-01
4.750541554232183827e-01
6.808072746494435723e-01
6.215955454743726794e-01
5.524214069448309949e-01
5.518393248782799132e-01
6.977108871348225438e-01
7.267203796110810465e-01
5.745288748473333929e-01
7.129007539810581218e-01
6.670566415665242221e-01
4.469178434189544635e-01
6.230660271464067979e-01
6.407858280565625897e-01
4.606003493475026578e-01
5.576873828796580224e-01
6.857556483632569755e-01
5.150401124453620749e-01
6.754542833254535417e-01
7.349704386958075819e-01
6.691657786045532852e-01
5.826880128834042161e-01
6.007223903061330583e-01
6.598446240701416610e-01
6.455407408806477232e-01
6.263309438382901329e-01
5.265994108054592449e-01
4.870506268872872857e-01
5.109487099617302519e-01
5.023961462605184281e-01
5.693541504614362259e-01
6.672103438413277132e-01
6.889322370630532877e-01
6.135336448311473623e-01
5.760176189431114313e-01
4.976906182613873297e-01
5.451657515118768504e-01
6.380397808553641692e-01
6.067999608837468806e-01
4.982660567325846723e-01
4.483732836179843417e-01
4.503430040582715455e-01
4.887255844414399863e-01
5.322187506539808322e-01
4.844489452556861586e-01
6.020129695222771193e-01
6.175983472485551129e-01
5.468150309766048878e-01
4.604235408629859250e-01
5.621536709471404158e-01
5.921323821566065737e-01
5.954076141215907114e-01
5.128991415293027156e-01
6.838834189843526756e-01
5.436878369500468544e-01
6.653208510463388681e-01
6.257896112334271344e-01
6.414840174090035152e-01
5.599078426113914819e-01
5.768516747619378826e-01
5.612369417917233427e-01
5.017563874805985868e-01
5.254354345973316631e-01
5.903339235188929113e-01
5.268119337088694731e-01
6.904440240217177838e-01
5.447272420381058522e-01
7.197852477744550725e-01
6.842908839149496325e-01
5.163380611051959779e-01
7.151187784015144988e-01
6.483243178436750576e-01
5.556892814327947239e-01
6.886109470747399097e-01
5.616539955392927386e-01
5.751882727921429073e-01
6.629656753110324541e-01
6.370900036455714455e-01
4.943424170376241600e-01
5.880900050799935386e-01
5.506357775808967681e-01
6.012494486907851154e-01
6.215238592863208122e-01
6.197467243543151039e-01
6.844824651036289787e-01
6.115005806771285357e-01
4.877614250679382368e-01
5.888184578971830119e-01
6.422688762495274428e-01
4.725395092154634491e-01
6.987070909402739449e-01
7.390956773943700986e-01
7.210620858375796915e-01
5.505383285552647443e-01
6.008598439354794207e-01
6.128985394385929597e-01
6.783054914225677967e-01
6.474384317285513113e-01
6.131544481696493687e-01
6.626366667275571665e-01
5.479967119212534321e-01
6.745164286015367106e-01
6.120766729206519319e-01
5.808153943201784797e-01
5.138415654470112059e-01
5.856931806211032043e-01
5.744338059512918981e-01
6.081476846901370248e-01
6.046159759814739854e-01
4.511047442593717482e-01
6.189325153440869975e-01
5.777662862853496506e-01
5.142151142772020123e-01
6.652729921881714859e-01
7.677328866015289410e-01
4.497103040528540041e-01
5.326928696205077696e-01
6.320366546803146690e-01
4.691506879849802192e-01
5.449462279167058831e-01
5.483203715655430299e-01
4.908083553219584894e-01
6.076639999009674220e-01
6.068137556029332691e-01
6.747621300225986607e-01
6.256950704431476495e-01
5.245990361778107847e-01
7.317574267949882305e-01
5.539306520261881861e-01
8.242213238422790855e-01
5.215115393113125553e-01
5.461131838018922213e-01
6.506838376091109710e-01
5.990100837562120084e-01
5.621100609721068064e-01
4.851354008386080663e-01
6.206284747976928973e-01
7.203662777477368717e-01
6.550560778076786050e-01
6.395601027986187459e-01
5.654081314006993431e-01
5.301541884934863891e-01
5.685173094647013592e-01
5.170782687511537024e-01
6.589674843937387561e-01
7.674435826339636169e-01
6.905135759127172257e-01
6.678861294553573025e-01
5.043952546410093163e-01
6.784101972755934851e-01
6.422204546422030091e-01
5.351621779146851221e-01
4.818127229602602868e-01
6.262335919383650307e-01
8.032951203834204357e-01
5.704572551014838178e-01
4.980361371958788586e-01
6.687117083802684991e-01
5.003530773057669467e-01
5.925186339739526575e-01
5.308127735341366948e-01
5.522002432367234537e-01
5.857002943523745842e-01
6.258953168486453000e-01
5.842528866579367319e-01
4.773686079754038136e-01
4.949429365537501568e-01
5.817026723042754144e-01
4.549262540837661351e-01
6.111158590457774764e-01
5.056302716000982134e-01
6.249680884085095922e-01
6.143327473754589541e-01
5.709011867696014431e-01
6.219196892873533056e-01
7.708449430051698137e-01
6.074613494494367494e-01
5.471113326399807963e-01
5.249864732893652075e-01
6.898159734488336081e-01
5.059459989311084760e-01
5.402221284174755223e-01
5.560864759481412012e-01
5.142827742630715626e-01
4.728745885028335372e-01
5.535452900718270675e-01
4.813124164365708557e-01
6.411625939457094026e-01
5.308375600447627907e-01
5.243916179426012514e-01
5.927528711619445279e-01
6.506665115028376078e-01
5.363212120897649093e-01
6.038568181243619826e-01
5.890275046758906008e-01
7.612496527331107377e-01
5.311808940376869792e-01
5.471012511621365926e-01
5.661119250399133662e-01
5.811156438667390844e-01
5.794725583338171671e-01
5.744997462892528217e-01
4.714880577823960528e-01
6.515770558756303066e-01
5.751873712724870913e-01
6.202192170354219325e-01
6.709268130417168630e-01
6.137822082258896916e-01
5.941326443880845520e-01
6.120429603389029305e-01
4.539007487319345335e-01
4.993943314133825195e-01
5.519332965463485952e-01
5.046121353284680477e-01
7.291930420054953954e-01
7.832606508149217994e-01
5.876711776578935620e-01
4.798210062722759184e-01
7.107347191826701716e-01
6.117910282030991631e-01
6.969506978014030629e-01
6.067496573367137103e-01
6.359581721128126919e-01
5.081964089283447228e-01
7.780167195653906465e-01
5.735340833765247837e-01
4.642862028160657517e-01
4.451132500600485375e-01
4.787171028437429143e-01
5.525464485780908763e-01
6.962891636351058455e-01
5.399925441868275167e-01
5.161195501933006913e-01
5.108038501328677761e-01
5.982382761854468933e-01
5.847167171267275698e-01
6.370532063734739570e-01
7.015226487852108672e-01
5.108202010331501786e-01
4.701556828221707951e-01
6.027235245199387137e-01
5.391809864087513393e-01
6.927410055527365440e-01
6.808264697058260539e-01
6.260110279489884411e-01
5.621436204709903128e-01
