-1.516631610837903543e-01
3.449824169801433693e-01
3.061406510392385982e-01
4.830776099755219877e-02
8.617921279584729588e-02
3.393438778984261828e-01
3.540275423554364309e-01
3.666677383894556552e-01
2.804692315972684424e-01
2.893827199976700681e-01
1.735720774347034867e-01
4.592106231059674415e-01
1.294130175065411892e-01
-4.745629011118831370e-02
2.455971972473421430e-02
4.430277296505227835e-01
-5.804012097334586284e-02
4.123227170044772572e-01
-2.650477392344986471e-01
3.621774127369263852e-01
1.288249523753087766e-01
4.955470862041430613e-01
-8.923308055988329879e-02
3.545602632765693096e-01
4.141433457471193069e-01
2.716857974699034006e-01
2.884149576025176742e-01
2.674440219289942466e-01
-2.803432959449184136e-01
2.615576091781284251e-01
-7.874804050268108258e-05
3.601994383210664896e-01
4.998333155197516864e-01
2.079964631588782920e-01
2.343843243527838904e-01
-8.874669254203680635e-02
-8.725988904002779378e-02
3.467434338823943696e-01
3.968726832419669504e-01
-1.102402694699468333e-02
1.664414705635373637e-01
-1.432932104969308895e-03
3.615180165429199288e-01
-2.923543666759764181e-01
3.063572750719684712e-01
2.812511529781935860e-01
1.485128303731880206e-01
5.034614553999593456e-01
2.051056507384272504e-02
-2.594546929494084830e-01
-2.841917414865440250e-01
1.022945629363811171e-01
3.761227429197281924e-01
2.324715484234617102e-01
8.876889432750904863e-02
1.103339132757738261e-01
2.274307988054316554e-01
-3.040427210904623201e-01
-1.896975489705105822e-01
2.540313584116409285e-01
1.119677150423541018e-01
3.683296839040784976e-01
3.992477814413183390e-01
2.742701617818492643e-01
3.679382073582129209e-01
2.736818185587757135e-01
2.933734994383995209e-01
-2.537718881357391848e-02
4.108262045450147282e-01
-1.365617977046826303e-02
2.058863913052941530e-01
-1.821222694147991428e-01
3.191906632504356023e-01
3.817623477165932311e-01
-4.876960858171567464e-02
2.549982889301607991e-01
3.023601113564700626e-01
-4.806477755828988951e-02
4.639030350231622135e-01
1.358303869277335263e-01
2.834486832763170039e-01
-1.947928301330354994e-01
-6.970170729954226763e-02
-2.822237637551807538e-02
1.405467182364193990e-01
-5.138305113935492247e-02
2.206570779516078273e-01
3.535592075176257620e-01
2.187184779545725821e-01
1.110036912737883685e-01
3.617185149733486149e-01
-4.099783429655783767e-02
-1.312347967144381344e-01
8.375106016105807183e-02
-1.982205460010261766e-01
-9.110976287644778626e-02
3.512616103270199130e-01
-1.378904805084998353e-01
4.995221038139381897e-01
-2.308390300188506161e-01
3.035090012631533329e-01
2.534642261893238491e-01
4.501335801205370024e-01
1.839146820829953011e-01
3.488714831931407634e-01
3.543111568002376699e-01
-3.074715627799879530e-02
-1.627057358343402815e-01
3.098789031926681981e-01
2.678870053618150893e-01
4.175779440821397043e-02
3.655362359421909790e-01
5.058964825944556321e-02
3.667303525958031107e-01
4.756669981830863314e-01
-6.776138288563778034e-02
4.623444386815554474e-01
-1.699375198725996267e-02
3.920834651246634106e-01
1.841348177755523507e-01
-2.782150054517589233e-01
5.401948089745196580e-01
3.521109400770170983e-01
3.814961355345917182e-01
2.902509834641588959e-01
3.610985147518271099e-02
1.469631195414394242e-01
-1.220572836415121792e-01
6.529631047105909081e-02
4.176922440740229447e-01
4.327915032007045304e-01
-2.662879553383786790e-01
3.246495564266981826e-01
1.533289828288356693e-01
7.444576394500544703e-02
-1.316483108017387493e-01
3.903727049430341101e-01
5.147617709450791335e-02
2.763395957895775634e-01
3.123271607940375505e-03
3.663884867363291498e-02
2.106170770542882265e-01
4.583279800468246790e-01
4.111775509276754947e-01
-1.263304409770389936e-01
3.306588588111250560e-01
4.198349140682475222e-01
3.780450656888820204e-01
1.896909527772904225e-01
2.214045066853830290e-01
4.878502350499069329e-01
-3.740270801949983626e-01
3.473413295993604266e-01
3.612006076216665584e-01
7.043755906598413163e-03
2.560927297552261783e-01
2.829596952674391375e-01
2.251593075771560759e-01
-2.807091498935514878e-02
3.685922178833446194e-01
-2.555919847636966002e-01
9.287264495624347749e-02
3.035512320106685258e-01
4.353181485433439968e-01
2.401336464560838158e-01
1.300150774652100716e-01
3.118389264106380954e-01
2.630586322470307437e-02
2.251601137374950601e-01
-1.259750677701635124e-01
5.014993086766834918e-02
-3.074101197913363670e-01
2.500630000461708247e-01
4.659055318723931416e-01
3.750803859523353934e-01
-8.291596180527997795e-02
1.182195299024485502e-02
3.218648267951767505e-01
4.807697845440717099e-01
1.294596852638813522e-01
-1.493455685583404413e-01
-2.641448532608763333e-01
-7.313996015498330783e-02
-7.973927416528228673e-02
2.895356901887217171e-01
8.320793470696044580e-02
4.616674703201743002e-01
1.931784696103662768e-01
-1.641678640320185234e-01
1.153474376391179779e-01
2.189143227026103811e-03
-1.373799321127244788e-01
1.677931852092083564e-01
2.710490324899922920e-01
4.124341262558058885e-01
2.721873125366574553e-01
4.316755797807345085e-01
3.093122147653524778e-01
2.235580918240082371e-01
3.438814807075920021e-01
-2.407289680994784409e-01
3.105444033653200625e-02
1.597300930260276419e-01
3.762219323414064398e-01
-8.960828344398556744e-02
-9.435771906429760159e-02
3.648498709941077611e-01
5.337119865878618974e-01
-6.125281779574125174e-02
4.335678753375079575e-01
1.379559206231211477e-01
-1.509137936058350116e-01
-2.217860411515581165e-01
-8.349830966259820519e-02
2.733354784654550840e-01
6.938856246009524054e-02
-2.223366288718478523e-01
-1.374526292675884165e-01
3.439527866667055345e-01
4.373402636441580671e-01
2.831629717476818464e-01
-2.888475067283355902e-01
3.211537541770724813e-01
2.862308232079890935e-01
2.862504620063179850e-01
3.582094068080603488e-01
-2.101246907961849264e-01
2.830352511227068879e-01
-2.587339497389052334e-01
3.943480400306382805e-01
2.764047439805995543e-01
3.380825445179532762e-01
4.718205854519093578e-01
1.894167518729458766e-01
3.984224236983385237e-01
-2.168977385583366335e-01
-1.771229773671224583e-01
5.083267666633946025e-01
3.489997496158320778e-01
3.068010573879617064e-01
1.829071415485069019e-01
-3.480244826265793678e-02
1.078440682158910841e-01
3.524117411492786456e-01
4.027046088343102515e-01
2.985055089858415500e-01
3.105129516406156531e-01
-1.607743477846005076e-01
1.558030829735694567e-02
3.967178428922544242e-01
4.978896236353336779e-01
-2.301125668191277840e-01
3.975109608069022915e-01
7.001859483932344752e-02
-1.987116816438955769e-01
3.227785541205313025e-01
3.133982777812744369e-01
1.790813888043907287e-02
-7.375913178352819233e-02
-1.185977175641292625e-01
-1.559594430325886294e-01
4.255719154970735718e-03
-1.663203001794341662e-01
-1.001779843153034200e-01
1.653117642672482512e-01
2.291936515888492731e-01
2.734299307841691062e-01
1.494287617312105576e-01
3.168964528077494736e-01
2.125021547013348222e-01
3.915516009967066613e-01
1.032679642726558045e-01
2.593956140901488294e-01
4.348698132137356342e-01
1.157961571505590065e-01
-1.759181968010723185e-01
3.747433932577415305e-01
2.678949790326028979e-01
1.783533822029021443e-01
6.562005584539869207e-02
2.434989388979527658e-01
3.730027654910690327e-01
3.734819506339017714e-01
1.168613390373808569e-01
-1.551883875783368616e-01
1.855871476347790427e-01
4.614402503276219814e-01
3.111855913579113508e-01
-8.374285148200999451e-02
4.081714404968180832e-01
2.549461114510480630e-01
1.238929459724050219e-03
2.499818979283796594e-01
2.107901488003852408e-01
4.058611566038962115e-01
-1.075160740549694904e-01
3.415556565616862938e-01
-1.888549287620888972e-01
8.302157223770148531e-02
