9.409138629658237996e-01
9.397467447032261667e-01
9.543040267872597848e-01
9.612891361224884523e-01
8.205557830691062593e-01
8.827948161075992450e-01
7.295316926080823716e-01
9.822124310106579159e-01
7.772500261076359385e-01
8.806218650671371329e-01
8.981511532835627643e-01
9.123485112571868560e-01
9.447235386288446168e-01
8.045665349883843742e-01
8.522009378212012098e-01
8.129603246639963698e-01
8.447710938958757909e-01
9.663637542968301908e-01
8.936785617990767872e-01
8.770023138826261722e-01
9.165825683083888009e-01
8.782484613591623468e-01
7.678109674797091166e-01
7.567024468496137413e-01
9.669021029526096989e-01
9.597997213541360484e-01
8.948889189919225773e-01
9.728024160673773846e-01
7.380903236020857072e-01
8.759681868424006312e-01
7.699001901328256237e-01
9.328173676852490326e-01
7.793380547421483451e-01
8.994683759174856297e-01
8.903611582254584711e-01
8.337804273803450794e-01
8.121210779944632030e-01
9.165793619353345134e-01
9.706712180247547561e-01
9.414040238652925385e-01
9.372172634348383546e-01
9.405384385086112964e-01
8.800171327429693324e-01
7.639830098253950208e-01
7.516177652837593426e-01
9.368407976195316511e-01
9.536728575519031192e-01
9.344400876717031679e-01
8.627179893663685650e-01
9.313847812513302848e-01
9.647658261554701298e-01
7.900351292277401072e-01
8.477842179518478849e-01
9.434719900855774721e-01
7.751039976586967528e-01
9.095158133745613327e-01
8.177682927721339201e-01
8.778139076783504358e-01
8.417640154750811732e-01
9.070894416225382395e-01
6.534520747350108794e-01
8.094945750958197905e-01
7.572732438401889032e-01
9.650590404169874237e-01
9.292233098629800736e-01
9.297995079621381720e-01
9.703718660804796503e-01
9.526766076945542006e-01
9.350899020662357675e-01
9.665284298968714882e-01
9.309335301836800802e-01
8.965065814371733222e-01
8.669641305515802809e-01
8.562827709056770598e-01
9.503967802350319349e-01
8.155357485704197718e-01
9.703431177618858650e-01
9.371284513810356209e-01
7.967829887298263358e-01
8.048866907371434731e-01
9.086350956053503847e-01
9.580871266295318822e-01
8.149349993606278542e-01
9.637996773982826504e-01
8.951834588346041510e-01
9.451493013679137523e-01
9.425750651019850768e-01
7.946666846946205398e-01
7.929678423236885543e-01
8.129221609165790952e-01
8.574572604030694656e-01
9.586376706343826548e-01
7.896668220020042206e-01
8.644747313529426158e-01
9.060971849287159374e-01
9.621576372496707386e-01
8.643363336917306849e-01
8.849835037781108582e-01
9.719440593390075156e-01
9.002455839332353937e-01
5.371168736008387068e-01
9.740350751193285195e-01
8.425132173842633243e-01
9.625966337856577404e-01
9.782240065299723231e-01
9.304742882393368664e-01
9.139033949928818679e-01
7.663954264829457852e-01
8.616423868980629397e-01
8.837128643522225158e-01
9.561988702686621266e-01
9.390703062754459651e-01
8.509583246205836282e-01
8.948202080009135528e-01
8.206967453150414427e-01
8.943797986375453535e-01
8.244698539166812612e-01
8.719215939822402284e-01
9.577978588726958620e-01
7.583687585303008349e-01
8.744550557333814478e-01
7.474296735746956966e-01
8.999935815396893357e-01
8.915623547775897162e-01
9.641330864673005596e-01
9.730649836298652655e-01
7.779831373481729262e-01
8.963770317675260335e-01
8.198264996064645871e-01
8.879538891383860211e-01
9.688114858800546125e-01
9.676471680577447554e-01
8.039619988648556426e-01
7.782130676567948768e-01
7.192100151125173646e-01
8.225868414055751421e-01
9.000363241962303640e-01
8.820199324441361233e-01
8.740249787589776664e-01
8.963802012970646382e-01
9.066808823388154970e-01
9.543027935890198155e-01
8.881779219783778601e-01
8.754799706027639461e-01
9.046784427488475666e-01
8.890978340542943226e-01
8.537299011490989686e-01
8.943491095866209495e-01
9.646812709295367050e-01
8.748076209715326401e-01
9.215275006090739573e-01
8.083215803970964508e-01
8.820585672107298381e-01
8.098603198059695085e-01
7.604992202480832519e-01
9.629254591488259907e-01
9.709334117101783290e-01
9.472185375412269792e-01
7.274544099374271600e-01
9.673779048750268394e-01
7.327863928233879776e-01
9.199305854260170223e-01
8.766939976703234105e-01
8.501029185854861447e-01
7.258057545130283117e-01
9.147704347092735500e-01
9.599100594927981733e-01
9.359911978712172065e-01
8.866562778661704058e-01
9.512092215057308398e-01
9.464932614407121081e-01
9.489009179927421211e-01
9.518443374960265935e-01
8.138995460606917032e-01
9.370857751331199692e-01
9.677307393662262225e-01
8.168559634194229035e-01
9.093652750235013960e-01
8.746564868712698448e-01
8.938517036063096111e-01
8.678915802295521509e-01
8.942784794829223838e-01
7.986664833445934475e-01
9.165286235793161929e-01
9.560385534471709246e-01
8.256272442593635130e-01
8.614018396982159320e-01
9.271335703375386261e-01
9.696104472700820542e-01
8.994659635585705582e-01
9.714492756759813830e-01
9.601268897359565013e-01
8.574243192466028951e-01
5.836531453555646731e-01
8.389340243450362777e-01
8.450866319948309169e-01
9.002163426312677075e-01
8.416898780118992063e-01
9.532188795443718998e-01
8.339445754065255567e-01
9.451130201757419469e-01
8.002588291644294749e-01
8.188749501003863562e-01
7.446358299005212400e-01
8.803057768175029940e-01
9.654592701289578249e-01
8.437051041688823361e-01
7.880761114413590285e-01
7.544213011774041355e-01
9.495687441699141029e-01
9.710264257912415431e-01
9.388778895614642295e-01
8.223741423866197664e-01
8.441072523004948813e-01
8.250436636533247103e-01
9.270702823146976801e-01
9.474785137232909493e-01
9.499677839344988772e-01
8.981488621593173294e-01
9.712048947226217255e-01
9.473143014596682177e-01
9.573551134275632979e-01
9.509921700761012620e-01
9.243308867633805992e-01
7.486503786139799832e-01
9.389442134323551237e-01
9.636551059847455747e-01
7.812800554532622899e-01
8.614456216385947274e-01
7.539724302276495926e-01
8.179777773603537083e-01
9.749030980785993172e-01
9.494868547409038850e-01
9.529443611486270171e-01
9.469082946727569450e-01
9.687363286353787295e-01
7.195618678544875024e-01
7.762151984789671388e-01
7.983702930195977210e-01
7.322083361738727092e-01
9.253729630513553017e-01
9.626367310711236858e-01
9.042033458884148889e-01
9.586827201069818560e-01
9.404694729502851569e-01
9.588214605516587330e-01
7.888733586048013446e-01
8.852876335231563143e-01
6.568706712687510940e-01
6.270496075896025978e-01
9.458962549486502613e-01
9.755205938371541707e-01
9.667317301445211841e-01
8.541622970938300696e-01
8.350346284625949078e-01
8.869123934809572951e-01
8.614225426038449873e-01
9.538417615429031216e-01
6.942717574536354519e-01
9.066145619713941173e-01
7.629769017556660149e-01
9.251437844292549340e-01
8.713714166851290743e-01
7.166334594980346973e-01
8.035849265943586506e-01
8.138544983070812311e-01
9.677569022635684748e-01
9.313947809102041120e-01
9.606352032975589150e-01
8.848457101091407040e-01
8.409202109127986713e-01
8.871100146508529294e-01
8.219922814957747459e-01
9.282497149510129386e-01
9.142272995812933400e-01
7.934765361098271574e-01
9.581902598634213231e-01
8.322940240527030298e-01
9.148139194974332922e-01
8.312547770376292888e-01
9.566635775153644605e-01
9.183169523542631385e-01
9.475094718626955181e-01
9.636975996124763633e-01
9.408216435746379336e-01
7.809176756146500864e-01
9.477474358785120678e-01
7.707761692408017229e-01
8.729939893288578556e-01
9.110921058172102294e-01
7.359186813971774210e-01
9.568237055151799231e-01
9.210771781272228953e-01
9.649666897427340295e-01
9.160961655339773246e-01
9.511587543964782343e-01
9.601587791997963084e-01
8.157367532965070778e-01
8.923708912559896733e-01
8.614653388594406547e-01
