9.635058318956690737e-01
6.836734606860964680e-01
9.187814700815105651e-01
9.264293841414776853e-01
9.601071109278582760e-01
9.351085432073877879e-01
8.991508113179609296e-01
6.228900812416311439e-01
7.861699925193893490e-01
9.704237067948029427e-01
9.630831483470110310e-01
8.897181420661450790e-01
7.766089468629466808e-01
8.890883741702174659e-01
8.673044605936105489e-01
8.705635837864851290e-01
7.371588908327102452e-01
8.618179769140477120e-01
8.594202359634610655e-01
7.887761340593186787e-01
8.822059646214599482e-01
9.361316564657858885e-01
9.595283520213586659e-01
9.498060507763695925e-01
7.910669474263269940e-01
9.705348792206287545e-01
7.883182274237768850e-01
9.246560437310015201e-01
7.211079505172673931e-01
8.689696137084056415e-01
9.054251419546525126e-01
9.459802077501435758e-01
9.627061639606581123e-01
9.589572851223501226e-01
7.351364182996048546e-01
9.672460446351653918e-01
9.017070787363830053e-01
9.357950670988409714e-01
8.012496024405555417e-01
7.670996338150338767e-01
9.658518880305553278e-01
9.408836367509283427e-01
7.891372499683029229e-01
7.940028022770220240e-01
9.659206092030376833e-01
9.445952955441347942e-01
9.633582133059293007e-01
9.764420574148322540e-01
9.154423137833447299e-01
9.603105938958822474e-01
8.825975779601109572e-01
9.376846221311314622e-01
9.037169018812969412e-01
9.352730291840618548e-01
9.491047653532542761e-01
9.335244332651646548e-01
8.958334485755762300e-01
9.297004508033797077e-01
9.617668168637180104e-01
8.775683214958605038e-01
8.616354715141638643e-01
8.606901665647895827e-01
6.890126367966111776e-01
9.691573240912036979e-01
8.798502550676985390e-01
9.615670177208175406e-01
7.587033079200784513e-01
9.276522536047531187e-01
8.809962022762758416e-01
9.374517434821116879e-01
8.128847031770829457e-01
9.195016519992290638e-01
9.396942846980704811e-01
9.014999580602278684e-01
8.391800802733547782e-01
8.031196565191209835e-01
9.486966829748317842e-01
6.631294520259807257e-01
9.315824494743250028e-01
9.499926134023199964e-01
7.096981393508264846e-01
9.457153416414001423e-01
7.484325047157855959e-01
8.558009148354304152e-01
9.249195188444452320e-01
8.767458702072288279e-01
8.936575796499937052e-01
8.642881313051701264e-01
8.104133374208268847e-01
9.098519114175271927e-01
9.602230493161314495e-01
8.388699056144919286e-01
9.104138711741007750e-01
8.750899152844737738e-01
8.831305772132476140e-01
7.886783864779807196e-01
8.298256119079798765e-01
8.440579129407952408e-01
9.645541334813876322e-01
9.603891792076546530e-01
9.506004986803867629e-01
9.538221254732182075e-01
8.523254179739643277e-01
8.023365586176456343e-01
8.538712462781099521e-01
8.955743697637423839e-01
7.728756550114952439e-01
8.406638420885068630e-01
6.734418644074144922e-01
8.291453331638070079e-01
8.770163321749924190e-01
9.227989438270876033e-01
9.671216605847134939e-01
8.454547830344607551e-01
9.351117967127193786e-01
8.325879801291296012e-01
6.508308509128255537e-01
9.632850395868552962e-01
9.340473529321567936e-01
7.992622442097174762e-01
9.635057519777622259e-01
9.375824429437440433e-01
9.565745527880125110e-01
9.619763098045839289e-01
7.605495316525157090e-01
7.889634307051320850e-01
9.391327939789144708e-01
8.411702894739563341e-01
9.267529791303378284e-01
9.385183732221009656e-01
7.164499700116243597e-01
9.233588097441124409e-01
7.423172183104091992e-01
9.570075723363400400e-01
9.649231036570157238e-01
9.760937789935243414e-01
9.485597940359338232e-01
8.639830874320155729e-01
8.655608566935810710e-01
9.570252744542426804e-01
9.247455754460550681e-01
9.365661074218679660e-01
9.429841690323303993e-01
7.854010086532916546e-01
8.085983559710760993e-01
9.613342868831697974e-01
9.657500336686967168e-01
9.491343606814797162e-01
8.150925325324394066e-01
8.051171417993963075e-01
7.133553987469979374e-01
9.014616328549098778e-01
8.963268929614456315e-01
9.665205686483416825e-01
9.335352547370263654e-01
9.076905562424382179e-01
8.044343381110928837e-01
9.207314342485369840e-01
8.187378358750498908e-01
9.295099423900011759e-01
8.022566691452234222e-01
9.486600722881062264e-01
8.735459676933141626e-01
9.336151917277935031e-01
8.406584166233054267e-01
9.636196618250585377e-01
9.604027827906813641e-01
9.160767506443467934e-01
9.478839694221600221e-01
9.091206851249116205e-01
9.577327857655921761e-01
7.612954753988792067e-01
8.528861154073695827e-01
8.410117901495243187e-01
8.449461323937808022e-01
9.427764112444794176e-01
8.979584701662630675e-01
8.499326387416981099e-01
9.543636079220815249e-01
7.862335118071199780e-01
7.785080733193501246e-01
9.051183001335788569e-01
9.177936883283680514e-01
8.873839950050826930e-01
8.217419867669644162e-01
8.621102082058405003e-01
9.635522564842908810e-01
7.835036110804043386e-01
8.309721673059866642e-01
9.604100566264206496e-01
8.444471827179720336e-01
8.561055979440963526e-01
9.476777667594727950e-01
9.634677105206658210e-01
8.740043740196163924e-01
8.743922979098462944e-01
8.316912129825768663e-01
8.070319985464695645e-01
9.476409657591813307e-01
9.436306264197947824e-01
9.701250750530672207e-01
9.601271392296536478e-01
9.335140893720135224e-01
9.331260196691381070e-01
9.484557986322446066e-01
9.071573554901160019e-01
9.732534853329879443e-01
8.570277327209981921e-01
9.161260660208692119e-01
8.696968857801846697e-01
9.261978265961945400e-01
9.396318559518115343e-01
9.173021726527710307e-01
7.959323955699608710e-01
9.249013796804999021e-01
9.219718610030357420e-01
8.192366252754694766e-01
8.741323484899876650e-01
9.620951429366422225e-01
9.681987919812100607e-01
9.317528888052234448e-01
8.544411893782487555e-01
9.092526676057268720e-01
9.047111200522386376e-01
7.109287097758065777e-01
9.591971038586775133e-01
8.196391796371946814e-01
9.592940542705583606e-01
8.677113144679364787e-01
9.427575685419529172e-01
9.378599110810543760e-01
9.565457280098812465e-01
8.100040067393958765e-01
9.428586971747088263e-01
9.692170892354821099e-01
8.011471063971978834e-01
8.638822183030507862e-01
9.121418235596199242e-01
9.191888544974100572e-01
9.062141820494471478e-01
9.395468119628563874e-01
8.982082641382971300e-01
8.949504372936900598e-01
8.749559388436121132e-01
9.056979597293468576e-01
7.667085206520412033e-01
5.825519208671801064e-01
7.850382182380795104e-01
9.603350870232223446e-01
8.252173013567494220e-01
8.829494352620952391e-01
7.577870475188703825e-01
8.489385158006144128e-01
8.228533007489506890e-01
8.959214645241341257e-01
8.593660957952449220e-01
8.629759125254794494e-01
9.409997737884036040e-01
8.566079839159179699e-01
9.229320932606488448e-01
9.533919014523245528e-01
9.706270417390143734e-01
7.132323555113229130e-01
8.130073758338010048e-01
8.786630741271654887e-01
9.583460490098749673e-01
9.206319607473303357e-01
8.632614011381865016e-01
8.139058489301271848e-01
8.312180983634196441e-01
9.228465694311508427e-01
7.412036270878389344e-01
9.398185350235861435e-01
9.544645299889932266e-01
8.908830976885189212e-01
8.318209735034092223e-01
8.581544140889012517e-01
8.684382424488165109e-01
9.205596594370691887e-01
9.316272613123424140e-01
8.673631659092037038e-01
9.085905260633782010e-01
8.453613675270601480e-01
9.456226122043389637e-01
8.604247702699576728e-01
8.309758853071539386e-01
9.511658129408178119e-01
9.643374708719010258e-01
8.625510533745391895e-01
8.982201517021326520e-01
8.875868605060754923e-01
9.637258984549541552e-01
8.961145976071367425e-01
7.404918728138882855e-01
8.973221173387394556e-01
9.273520381095563536e-01
9.148714828853035108e-01
8.064042798604518225e-01
8.094844842550448227e-01
9.498317213249851676e-01
