6.504803700258665611e-02
2.909609524680533688e-01
4.691781997030092938e-03
9.225642244224135924e-02
1.615568125178470649e-01
-1.443356096813226686e-01
8.379232138413085507e-02
2.254457550660797227e-01
2.539164037668848461e-01
-1.784696477248737256e-01
-1.530584867998048271e-01
-3.676261448451924319e-02
-2.868962164218963884e-01
-2.510422547177539321e-01
-1.629993249243636977e-01
-1.704625189974764143e-01
-3.184275570091419372e-01
2.046086342378445611e-01
-2.871944715826952876e-01
1.859921913148795403e-01
-2.645258621276171118e-02
-2.374420167332838560e-01
-1.050334348346000646e-01
2.566060004560908880e-01
2.241160897003209862e-01
-5.436790734517198131e-02
1.050679270895464035e-01
-1.297860323393579263e-02
-1.473043179688075244e-01
-2.671694179230004185e-01
1.424641225965743788e-02
-3.083229194842234122e-01
-2.570863176869382372e-01
2.033740226061187262e-01
-3.037695142057226239e-01
-4.624970681649500093e-01
-9.612936200830245539e-03
-2.192319134346029652e-02
2.641364307222739405e-01
-3.039775847275685283e-01
-1.921684938390201269e-01
-2.097375859294674794e-01
-3.756788002233204526e-01
-1.358533051178190953e-01
1.560998397031734541e-01
-4.297565714981221308e-01
-2.270447028196423411e-01
1.712317596342844694e-01
1.112582928100558227e-01
-3.148883770529189441e-01
-1.351250197654940421e-01
1.508757147878038996e-01
-3.100738293731789691e-02
1.713425506924521613e-01
1.573028246895804561e-01
-1.683259744202884878e-01
-3.066929383841296430e-01
-2.934638942145408741e-02
2.411453441790873120e-01
-2.466623110322081480e-01
-1.776222016671750448e-01
2.850416313611730534e-01
-2.170139715070978637e-01
-1.232692250109323900e-01
2.412584523837863204e-01
-3.263412156588658131e-01
1.905032142312615140e-01
1.513085841158801070e-01
-2.373631932851177628e-01
1.011313051841027932e-01
1.752406686851301354e-01
6.238357132739444366e-02
-1.075515247596505880e-01
4.128623584404272906e-03
-4.008736317077429140e-02
-1.881865819779609539e-01
5.856619176822353001e-02
5.883655583862962973e-02
2.781560114699608427e-02
-2.285192250899102939e-01
2.757542384621104459e-01
8.327729619166968078e-02
2.006127808548900937e-01
-2.180740868285618028e-01
3.277552660259474004e-01
8.587053036514681603e-02
-2.925480025296211539e-01
9.481430150888449371e-02
-1.668250960671179006e-01
8.343652712659957102e-03
-3.502341492136946677e-01
2.626294312883915016e-01
3.304989324845770682e-01
1.121447654606972932e-01
-1.613514072702027999e-02
-1.324861023351873134e-02
2.075239733349830418e-01
-3.517629880802127795e-01
2.236181595541599232e-01
-3.261171611443748897e-01
2.630314417737481536e-01
1.652072781748422092e-01
-3.914032319225590334e-02
-2.965438203063138767e-01
-1.560397580800056139e-01
2.493098941424787551e-01
-1.636720181155507936e-01
1.944013660967587043e-01
-3.128941113603284641e-01
1.497899887640303240e-01
1.263499277694125345e-01
-1.536988079405596508e-01
2.806520397334332784e-01
6.796979080427740724e-03
-2.482328500265744420e-01
-3.342416565148650931e-03
2.590204170443505816e-01
-4.316838925628352364e-02
3.005200554110865618e-01
1.187781950023120286e-01
1.280513698448761117e-01
-5.447275214695052048e-02
1.544060320246281037e-01
1.785173336780467579e-01
2.229331001906330045e-01
-3.516388207845575486e-01
1.420590953011686697e-01
2.068430215655445437e-01
-4.355625036042309883e-01
1.068596648267611388e-01
-2.858457829616591339e-01
-2.343960626074165776e-01
2.883492188386233557e-01
9.420894197231352574e-02
-1.844126655887510235e-01
-2.497522758015846001e-01
1.305052511334431065e-01
-4.471294340007571089e-01
-1.750443488990796881e-01
-1.450155857385944380e-01
2.061604570803661773e-01
-3.353925273832738529e-01
-3.074388698843845066e-02
-1.885213862408628427e-01
3.168737140356840953e-01
-3.957807253837880013e-01
-3.108435243715899632e-01
1.559193158662523226e-01
1.301692114553050783e-01
-3.301471610108838717e-01
-4.624398595457534372e-02
2.278260254464878620e-01
1.691516930076287367e-02
2.387708795742589651e-01
-8.715055607811264538e-02
-3.359789721210940106e-01
1.727103347105775066e-01
-1.125526964091581456e-01
-2.691989705516007469e-01
-2.218951707101976256e-01
-4.434645731079717157e-02
-2.477234324821470379e-01
2.800631219703670349e-01
6.409748582426762209e-02
-3.194160355731346934e-01
-4.040274559536760624e-01
1.173481205720912704e-02
-9.239164345642267295e-02
-2.947934828473169899e-01
3.096356462717074209e-01
-2.705171815295875914e-01
-1.691115038253897251e-01
-3.132326784236230122e-01
-4.454351868022952132e-01
-3.949018737008170299e-01
1.698601657027054290e-01
-6.975187931351227444e-02
3.439666216411744193e-01
-2.792018222031068531e-01
-1.625287349941874626e-01
1.452713331272027231e-01
2.839082912914047685e-01
2.777178612895440657e-01
2.247725752482923889e-01
-1.245575568881890638e-01
-2.197186124006418884e-01
8.361208176665574365e-02
-4.389310333004899367e-01
1.705991548120484869e-01
1.380673895776478033e-01
-6.100096188860389818e-02
-2.148329461409268504e-01
3.126220825501952461e-01
2.102751645173603634e-01
-4.121209433365972952e-02
-2.635259398627619043e-01
-3.383769625600035469e-01
-2.116062225490030757e-01
1.315145601932080077e-01
1.763590608296192463e-01
3.416054794000447092e-01
3.238312172818215151e-01
8.709617656600140978e-02
1.853034005179161545e-02
-3.626565326837786762e-01
-1.391478918440127721e-01
-2.869893665297575391e-01
7.401939534433191192e-02
3.268575763974176929e-01
7.244866558744250673e-02
-2.889174242323189756e-01
2.165073427495931291e-01
2.355856416823451094e-01
-2.485345634118030222e-01
-4.086316250986653936e-02
-5.297137956102410117e-02
-3.319360819628471848e-01
-1.886737839027167740e-01
-2.808329439860870469e-01
-3.917895015140672732e-01
2.342694016173903493e-01
2.961459558072694898e-01
1.896605682686111349e-01
-3.806282190554059475e-01
1.184320953186703551e-01
-2.777603860995007667e-01
-2.922156215585051120e-01
-3.704014775481915822e-01
-8.859303768051608741e-02
6.451529010810966303e-02
-8.731183915871429391e-02
4.694445290543153293e-02
3.107050808976148937e-01
-2.958780178127834448e-01
-1.275267840112532906e-02
-2.269045813393475233e-02
-1.560550084800092219e-01
2.229954003459565237e-03
3.239831781275194222e-01
8.781454892407576651e-02
1.451444527766649617e-01
2.070032158618829721e-01
-2.487097837642596454e-01
3.080057637650084890e-01
-1.437565109573324673e-01
-3.663625864757755202e-01
6.043447209868262754e-02
2.134045251025752932e-01
3.159749620270763115e-01
-3.278210566450376895e-01
2.221353233244579284e-01
-1.987325437999077626e-01
-4.033101255475950442e-01
3.501807852790058129e-01
2.172047267169194829e-01
-6.930811751316785785e-02
2.387604867762928296e-01
1.938250826373747182e-01
1.812639601079285290e-01
-7.749844322249355155e-02
-1.800051536579876377e-01
2.865948267374279212e-01
-3.063227412394507465e-01
1.363004303211102497e-01
-3.055485888444596787e-01
-8.498775481628922934e-02
-2.880934886437421238e-01
-1.624196568926153106e-01
-1.098429101728243679e-01
-3.325301182715811876e-01
8.854122287807750236e-02
-1.014449377086695248e-01
-4.214216518702565417e-01
2.416089707049549062e-01
1.934529095244553742e-01
-1.575956216226145623e-01
1.459967827749208621e-02
-2.390446232800942927e-01
8.872891727771052561e-02
2.228205293254030273e-01
8.186230351957948792e-02
9.334586796742692927e-02
-4.068299985410980812e-02
1.955468961855624799e-01
-2.044880939366077732e-01
1.410742158276582503e-01
-1.373521561761625043e-01
3.209238749156653747e-01
2.533117714869967951e-01
2.999031389587905050e-01
1.331604253330340160e-01
-3.133568514007484263e-01
2.336271853976839424e-02
-4.015423565554904761e-01
2.396810149339404644e-02
-3.438331442811826122e-01
1.443576422194497999e-01
-1.271029910099039095e-02
1.294477814295386664e-01
