7.740480355302520321e-01
6.472464074096153652e-01
5.672838640942290400e-01
9.331786015887022501e-01
8.496551567868315669e-01
6.646212470096281022e-01
8.312082447796130813e-01
8.220731767557136749e-01
8.171200047479006967e-01
7.666087708619241381e-01
9.532235225896308339e-01
9.516476939003484237e-01
7.574298718733318836e-01
6.785324898326717813e-01
6.343340010963319786e-01
5.747147214343298893e-01
6.565751965130098844e-01
9.261468886131820621e-01
9.147111318948932812e-01
5.909537224385372767e-01
6.298996671186423146e-01
7.452101611772738998e-01
6.134124494468866651e-01
5.598204273183321478e-01
5.620083499001570226e-01
7.491725296686081448e-01
8.756199594656254304e-01
8.379336602820696145e-01
8.449943283076475353e-01
6.299326859565312908e-01
6.848955928654580916e-01
7.541052515665940259e-01
8.690544523512988562e-01
5.423031137695045745e-01
8.459964178542344060e-01
7.959612358606171778e-01
8.357927807220337790e-01
9.159795409363042928e-01
9.425073188385230116e-01
8.031382731378791107e-01
6.184447866878058919e-01
5.900736820000462846e-01
5.111986320373457238e-01
7.047549239065605819e-01
7.175095041389221162e-01
8.896041578979528852e-01
8.616003330139913041e-01
7.082266520689347589e-01
9.361257408821574977e-01
6.211140523263780633e-01
5.954413042196509132e-01
7.543940574846441649e-01
7.592118560039851083e-01
6.842828991913753045e-01
7.878988476294246368e-01
7.553294197760396234e-01
8.252797626759523775e-01
9.267284061504492687e-01
6.035772806344950059e-01
6.168622044293090578e-01
6.972798123735527431e-01
6.411692183352447616e-01
9.291891533023854954e-01
6.599275743668595595e-01
7.689543649645860235e-01
5.920002059069739975e-01
8.704852438551355931e-01
7.177932095046246630e-01
7.962842138504006018e-01
7.985767132315932937e-01
6.508640144143267303e-01
5.757602602176479234e-01
7.175425532674002405e-01
5.298346032497522895e-01
9.286255728237162721e-01
9.133719444153325373e-01
7.750533140065993809e-01
6.558341498063000596e-01
8.337503834155728377e-01
8.519245145606172409e-01
6.387714117545357784e-01
9.005344887060696690e-01
9.035675732473354982e-01
8.959393143858367381e-01
9.296771024245679138e-01
8.731287558814397887e-01
6.125186463456535613e-01
7.346717214248468242e-01
6.923712592906741126e-01
9.192082786878935652e-01
6.441695656329591291e-01
9.441412717134928245e-01
6.464235758055894010e-01
8.208858983176117174e-01
5.590797016771438255e-01
8.019661222482444840e-01
9.616606721433786920e-01
8.068673726003536828e-01
5.604780124568241595e-01
8.858395176394546766e-01
6.900612497530591583e-01
7.125761652990632022e-01
8.088880492251149246e-01
9.427987517655391780e-01
9.245745212111766698e-01
5.432845819008483845e-01
8.957219615650993116e-01
6.956529894543174164e-01
9.432066940779794129e-01
8.433102299818077130e-01
6.040835960943931049e-01
8.420029218949258709e-01
5.683327935151879506e-01
8.759160663846764505e-01
8.773026390428586563e-01
5.580459248055136268e-01
9.244088835587898068e-01
6.690889918088560595e-01
9.204061341971367938e-01
6.118783832983469839e-01
9.341924603391147386e-01
8.433766414231873565e-01
5.893765088360378712e-01
7.571678975796828359e-01
7.158817486456171553e-01
8.532742416945923170e-01
9.391811687080002802e-01
7.454247995774555546e-01
9.436324887717779664e-01
6.815303873046970606e-01
6.444526986279243141e-01
7.693105985752153320e-01
6.990366119227939823e-01
7.814525237893458209e-01
6.673913868836044427e-01
6.144285962348121632e-01
7.653030298166213496e-01
6.396152726452362103e-01
6.829971640336076621e-01
8.776738105734773754e-01
6.920011867318275334e-01
8.467352333673452414e-01
9.086542797029896201e-01
6.408728375466853366e-01
7.663782972156073514e-01
6.860444108488775727e-01
8.614215944917725798e-01
8.275852599510953311e-01
9.228260940138380830e-01
6.614684161586154021e-01
6.638984875611754211e-01
7.527324224739203595e-01
8.538878598860062397e-01
5.765215413978109771e-01
9.351877738677525365e-01
6.696118618702273650e-01
7.002098251265141959e-01
8.333853267622988170e-01
6.834327214577147203e-01
8.922888595204472306e-01
8.022409850121896557e-01
7.284280687033847235e-01
6.783836491485667475e-01
6.790936009857151401e-01
9.330576926548533878e-01
8.532838948020416980e-01
6.728540476004511994e-01
9.325920990155922574e-01
7.641586875897086184e-01
6.822727917390224439e-01
6.031924691930867777e-01
5.720182733575317480e-01
9.000535133587315162e-01
8.717355425873517527e-01
9.364494552782003378e-01
6.203290391553373251e-01
7.382301344371652307e-01
6.018323007564243543e-01
4.714169616169434640e-01
6.145120885300235924e-01
8.989754423871305633e-01
7.381511848111204088e-01
7.863674561300278976e-01
6.730138346816749717e-01
8.236580567798593711e-01
8.862822687550659939e-01
7.760156466410799148e-01
7.953200187551054956e-01
6.458246403218406151e-01
7.203526484884591463e-01
8.183943597015483906e-01
9.134116023995171307e-01
9.145918354669392292e-01
6.872325089562145717e-01
9.128267912530489969e-01
7.577571983192443739e-01
6.540010319191724708e-01
6.646476843581263783e-01
6.791898757834028411e-01
8.124495318171061076e-01
9.483681338833578334e-01
5.894137772128491548e-01
6.198791832999394069e-01
8.767403197657011038e-01
6.718481252933171666e-01
9.310448567340963155e-01
5.809568926561176072e-01
6.488518174183675047e-01
8.270736417430304410e-01
7.242297372626769203e-01
6.685164015950578742e-01
7.145895194432536623e-01
8.277367608450407754e-01
8.051204489752400439e-01
7.463115814046723528e-01
6.515565849700742929e-01
8.497495335001464811e-01
6.348159946600888670e-01
9.289987057166860795e-01
8.041149735977595192e-01
6.216330051923649735e-01
5.895854595027262279e-01
9.413112578495393956e-01
6.778573278420826353e-01
5.642983341089595761e-01
7.890553932385768743e-01
5.980161903187140027e-01
8.171048301064377517e-01
7.642062716698078129e-01
8.522070269907525697e-01
7.652493885045938971e-01
6.655121125683937100e-01
7.111778518324973763e-01
8.893035316503098420e-01
9.422376402121629413e-01
9.359189851495891554e-01
9.194417106895096392e-01
8.908693867596950700e-01
5.632654192548194327e-01
7.519342350822981746e-01
6.391629033082444344e-01
6.361162441542013157e-01
9.367006942001026015e-01
6.059522448445493481e-01
7.212330192444700305e-01
8.478720769754458653e-01
9.058456164200058280e-01
8.797039626940268420e-01
7.701757358082941263e-01
6.131042631585954528e-01
8.131682070768003756e-01
7.018830170244623190e-01
8.236798672250099651e-01
6.309125521085841015e-01
8.638267998191766495e-01
9.227900809884688194e-01
9.403985243380192927e-01
7.475509677646233753e-01
9.070063471409280931e-01
8.885192088484253903e-01
8.697348255879863155e-01
8.978990250826670572e-01
7.201606435055772915e-01
9.088468740160353665e-01
8.249644935191545736e-01
9.363161281804357472e-01
9.325416553541456821e-01
5.968630715636228379e-01
6.813542517775112994e-01
8.255583018534559114e-01
6.846288080555661404e-01
7.617316345474540729e-01
8.657902773504895233e-01
8.814910895780884159e-01
6.627537241456189498e-01
6.056318755077386706e-01
7.661581271770959711e-01
6.247668093411394841e-01
6.251634228878217847e-01
9.149715949890238065e-01
5.302172606631829765e-01
9.072741290900386835e-01
9.327729035272567248e-01
8.425038906962206697e-01
8.077357081307141584e-01
8.347940387426726616e-01
5.366593582394092454e-01
6.602900106133341440e-01
6.436412426611715087e-01
9.495844367859265223e-01
8.933283103753076881e-01
6.658868412927496649e-01
5.814658255655308361e-01
6.417198518126711049e-01
6.391300275204063741e-01
5.703326285742166268e-01
9.468129415059808318e-01
7.171111170063144691e-01
7.213320042851651959e-01
