2.015412923482698404e-01
9.635818146630251713e-01
2.946378955367796593e-01
1.445948955774248867e-01
8.587660954075986286e-01
6.447274596599894547e-01
2.591809314547793841e-01
8.796568714333434791e-01
7.620636267305914979e-02
9.549749283204906902e-01
5.200872684085923459e-02
2.484842602514484855e-01
9.104699837405219043e-01
8.710794866015193483e-01
8.947388609117388203e-01
9.320297063733430365e-01
2.557686423990801483e-01
8.169180443187408214e-01
8.740787175715263313e-01
8.582217429154352928e-01
-1.541323212335461990e-01
1.581572686512450893e-02
-5.289001121999552246e-02
9.395299243065462491e-01
1.968987278140390540e-01
3.303096244951017613e-02
9.190959931106139624e-01
9.313851848826827373e-01
1.602641086875447041e-01
1.983652856352607352e-01
2.671678517756020943e-01
1.852011949573404148e-01
-5.457144081760113147e-02
8.833000319230617237e-01
9.269525064937660375e-01
8.698882882222061519e-02
9.868534949556519997e-01
2.927361067941621764e-01
1.635543482830910111e-01
-1.581484876296443964e-01
4.582503343827619424e-02
3.656234702985796670e-01
1.182143746586264005e-01
8.137412350301771458e-01
8.680000447499124361e-01
2.268456665551409901e-01
1.386323931419462530e-01
1.299385542413007966e-01
8.124546032157051179e-03
2.895638393875872851e-01
9.799450314805370488e-02
1.025016282818488611e-01
9.012065793146966097e-01
9.413687868551139371e-01
2.500360255783664054e-01
9.429236535373783923e-01
-6.553162021908558177e-02
-7.179845529045540686e-02
2.247357035564248595e-01
9.436195065705357266e-01
2.695640018589021691e-01
1.562291977928685627e-01
1.023224927408202395e-01
8.632640735991198300e-01
1.463524876164444821e-01
1.684488605178621479e-01
1.326971658706010970e-01
-5.066915147402933917e-02
9.628303958251033245e-01
1.662324139464952943e-01
8.802953676699587504e-01
9.095550576290984957e-01
9.312293148343447902e-01
1.392188004723307615e-03
6.353999347608323411e-01
9.019211755360941885e-01
9.585152676632673063e-02
8.099559175145127909e-01
1.958974607137282387e-01
9.154964558521142548e-01
9.562658655890780013e-01
2.352518588284404355e-01
2.756744420476797686e-01
7.564559611400367700e-01
9.020004049098406806e-01
8.790950012138711855e-01
1.188797711299111742e-01
8.477579691670883433e-01
-1.605526482076430339e-02
1.953922724360994678e-01
1.383343078774669499e-02
1.488433181613738054e-01
2.967642871091203949e-01
8.984632325259660490e-01
1.441650367704098157e-01
8.968530885543763986e-01
1.201924549640498718e-01
2.439954696640323495e-01
2.206788105095356667e-01
1.680158422576611132e-01
9.635267504199118704e-01
8.423208669620526612e-01
6.035116618511148223e-01
2.812499838809726094e-01
1.837889141900105328e-01
9.296015243866340150e-01
-8.565074220728854937e-02
8.506058693233733425e-01
8.791611033769591854e-01
1.897805141324528100e-02
1.784305694021236510e-01
5.634427443736190338e-02
2.066718579100641495e-01
8.961914284084795401e-01
9.331232434659825214e-01
9.210495629190620370e-01
8.139493813565615299e-02
2.476566223560661140e-01
2.567805030451581483e-01
2.256064618044111569e-01
1.669777030981473009e-01
2.226176485604681732e-01
8.736827874175907560e-01
2.415947017342710834e-01
2.562647548718531287e-01
9.242743371548340914e-01
9.261719067477898193e-01
6.682470530254962515e-01
9.635959034340195739e-01
3.061066212330529335e-01
-1.271854786644006641e-01
8.855902807467654902e-01
8.500845310185685122e-01
3.055664995657711991e-01
1.611268431614381325e-01
-2.352584857068507063e-02
8.941639543616529684e-01
8.862206236812645299e-01
3.624227703330377692e-01
1.263293313099450033e-01
2.248472230687527662e-01
9.352095697386627604e-01
8.922872195231443815e-01
8.789968960416012500e-01
9.133664236809551085e-01
7.945914277869488007e-01
7.427120965155936672e-01
3.460199021235145500e-02
2.096807576682184759e-01
2.314182161329414733e-01
3.811007380462085314e-01
2.070117839531579462e-01
8.703792440948150411e-01
3.240233508174358845e-03
2.394129696007275543e-01
8.979704370769909794e-01
8.917918286062420652e-01
2.052690097030598904e-01
-7.520404893632245957e-03
6.191895520003494469e-02
1.531589633149221807e-01
1.458674867782550066e-01
9.305342964664560235e-01
8.202663528622684552e-01
2.706783379132129408e-01
1.700596252813240672e-01
1.461800427676202552e-01
4.040811684955952776e-02
6.955795372547073085e-02
5.128675454482349849e-01
8.803480157139176310e-01
-8.829778784591629792e-02
-6.780001538526275739e-02
3.178267621145349775e-01
1.471607497451641877e-01
-8.558098549489856488e-02
2.935364944502117379e-01
1.139272096005342072e-01
8.790227054739223334e-02
8.677022581212623376e-01
-5.905253060682705973e-02
8.707679159009509284e-01
7.850849525830559950e-01
9.167114066083467128e-01
2.076610661896863275e-02
2.737838623120403270e-01
2.095439189933471502e-01
1.002030035820411086e-01
9.335537581392427953e-01
8.917395074463141391e-01
2.053829347259845672e-01
9.400241161879857588e-02
9.149345425417226840e-01
8.842447685194829710e-01
1.027503881955154352e-01
2.565230000053592141e-01
6.968854683678242512e-02
9.287678785320598873e-01
3.389549569284316943e-01
8.062001693098532762e-01
3.236271916788954206e-01
-1.346447066339213211e-02
1.935952016766305794e-01
9.076802961818295490e-01
8.954194277464253560e-01
9.479376686352909420e-01
5.277006096933628543e-03
3.938841936350060413e-01
2.785555844177671769e-01
8.891074493872754836e-01
3.174716902729108892e-01
2.813518890999982536e-01
1.030683826578029094e-01
9.505913536448619139e-01
6.455386212817057490e-02
8.112791653132699066e-02
1.956502370454571982e-01
2.110550126977739360e-01
8.326196479436966946e-01
3.543062620471677110e-02
3.896569095559073714e-01
9.658189720454284088e-02
8.742553981943287367e-01
9.394306795328790649e-01
8.540318777265778483e-01
3.501306435325011179e-01
8.498645600281260482e-01
2.615014827499133054e-01
9.089902688002977627e-01
1.723425050854233698e-01
1.008338752828022711e-01
-6.777493774612768085e-02
2.158494841411457421e-01
1.279918155953050918e-01
7.765439900835724440e-02
2.572510530747884050e-01
9.375957314864400427e-01
1.895105116343631380e-01
2.939930601000741439e-01
9.349397815248925436e-01
1.174413115852887823e-01
4.082943625267020094e-02
8.979704529309766592e-01
8.877239330135995310e-01
1.904427803486565263e-01
1.310114045284847539e-01
9.373581776733320714e-01
2.361053504179451146e-01
9.492174705401319468e-01
1.493888723003989338e-01
-1.168780169132159763e-01
1.742802769472979740e-01
9.396213955591059541e-01
6.064573435195297346e-01
-7.878198339098228808e-02
3.003011361789866829e-01
9.210904796531976801e-01
5.000409498590161483e-01
2.204159435604428618e-01
8.794814888025517252e-01
3.494703669601600948e-01
2.570314933520705947e-01
9.491998511741303046e-01
9.015089920989183270e-01
7.372227568741748227e-01
9.341553110425928619e-01
8.895607237123375199e-01
9.076296019149487915e-02
5.284626703091259425e-02
9.038788732635431034e-01
1.539437823154493068e-01
2.592429698314033248e-01
1.668360576698564302e-01
9.021683935606010785e-01
9.775099021313178316e-01
9.361676715818978423e-01
2.344901180879246372e-01
2.457403534312483928e-01
-7.770073154046619468e-02
9.612427111540642333e-01
9.123415362187371758e-02
8.210621387610677058e-01
9.315264473848976490e-01
8.572387943847370462e-01
3.021654589034731830e-01
6.096252461137424000e-02
1.566875189081597675e-01
8.809406349943058601e-01
1.794113112990873837e-01
-6.021059240343601404e-02
9.147858040876477581e-01
-3.208137507432326507e-02
1.028347532987854002e-01
3.241372517762096672e-01
6.532328529415694085e-01
3.961475220271566400e-01
2.809574513398822582e-01
8.580849595435743327e-01
2.514172004377858427e-02
2.213507630259787806e-01
