8.173401819901138232e-01
-2.615603577132193935e-01
8.265794987354151413e-01
-4.297523823784579755e-01
8.639219542636935589e-01
1.869420481620637786e-01
4.079396293565495935e-01
-2.624479539305546449e-01
8.547183782357259396e-01
7.785545420270364447e-01
4.013570394100437477e-01
3.335035341247048063e-02
7.790918562277460158e-01
8.078269143878236136e-01
-2.883227205523934411e-01
-3.204337890562812263e-01
3.448027751883802061e-01
8.649367822332740818e-01
8.710024818028876403e-01
-2.309640491285794295e-01
1.334016272534074288e-01
9.877450718629166015e-02
3.955336435638721060e-01
1.567029920131972065e-01
1.153392220441810528e-01
4.607167877285551771e-01
-3.936626927874408155e-01
-2.177403948412352241e-01
7.922545638682896296e-01
7.310136500521557945e-02
8.123905748365226609e-01
4.294920553061619406e-02
2.483166445326372984e-01
-4.148624520919561576e-01
-2.943065490131749895e-01
8.408752169585216318e-01
-1.265507326837734259e-01
8.176545586208863181e-01
5.186193484533233727e-02
8.650617239248872270e-01
8.803124936342988649e-01
2.386161438752801567e-01
7.958151197887589623e-01
-4.089488681897947009e-01
7.749103885180783635e-01
1.480173728708926717e-01
8.349590762286547285e-01
4.071700141393485017e-01
8.554928404067938530e-01
4.020763477626629334e-02
6.731172764963788691e-02
9.518398424041206729e-01
8.221513819026018410e-01
-3.948320437218102441e-01
-3.867584991502467373e-01
7.938130584193727746e-01
6.944376096116791075e-01
8.643990704441065764e-01
8.175714264965394662e-01
-3.963689912830549167e-01
4.174042826257864380e-01
5.632894273410198743e-02
7.809292822511680887e-01
-4.629491130137851629e-01
8.213060600838939518e-01
7.807600181387468474e-01
8.633543500751895694e-01
8.635533943916005040e-01
-3.924646773385118137e-01
5.770093373327560560e-01
7.873572539160162975e-01
8.133908088427782568e-02
7.624211877651257407e-02
7.634494069606765354e-01
2.732642910428593752e-01
-4.393996210972430649e-01
1.172537169342977442e-01
7.972168179920197106e-01
-1.917507939887251600e-02
-3.949644246231596156e-01
-3.903967227174346410e-01
7.758473548904170070e-01
1.404636910055296339e-01
2.419683321682589705e-01
-9.386395695277671702e-02
-3.198334240779038273e-01
7.958347485885807204e-01
8.198472759897812434e-01
8.049669386334163956e-01
-2.207763866536092134e-01
7.520840562825574782e-01
5.379878607704242921e-02
7.993704432264309157e-01
2.221496059442316928e-02
7.440579371094191430e-02
-2.104763452683787173e-01
9.029124597641968730e-01
7.410151550051353730e-01
8.079770836910875609e-01
9.373500384081254744e-01
-3.111284947707931847e-01
9.571431388358986325e-01
8.831283945433598959e-02
8.300172232450917509e-01
7.691954722108927944e-01
-3.815133518505651189e-01
4.221381469866736791e-01
3.257373521697669028e-01
7.805317794314899915e-01
8.014146146419556249e-01
8.762457833952543018e-02
3.000002037956723266e-01
5.926300058231935564e-02
9.391235073635721686e-02
-1.981795087255631138e-01
1.428398667682220791e-01
-4.432194803930253890e-01
9.322463188647600596e-01
7.622962887517685804e-01
9.390531221210658419e-01
3.557265549583845665e-01
4.888939437316530690e-02
1.317328645125467601e-01
7.937919725225923706e-01
2.900272530164093032e-01
8.078903055768126285e-01
1.427785723459790157e-01
8.033956883032258300e-01
8.524297364525916798e-01
3.846928777972476177e-02
3.198867253073067185e-01
-2.538676610915960863e-01
9.213128012323955618e-01
9.169203110063477435e-01
3.553095100859166577e-01
8.525147003586277528e-01
8.207706066633275732e-01
-1.931124277199220418e-01
8.491306108320630930e-01
3.291198844070353235e-01
8.090459177839972593e-01
-1.288388856952368822e-01
8.309097086949379651e-01
6.903759017712037815e-01
-2.694629412435780025e-01
8.762310095505307928e-01
8.701151336062634689e-01
7.995728207403623999e-01
9.622783164555799296e-01
2.400142048224346569e-01
8.576251143706177249e-01
3.504298688136633366e-01
-4.255830465722638678e-01
8.844401061936216779e-01
5.132236382325718049e-02
8.834609454797962558e-01
7.956812840410175669e-01
7.505002592352985058e-01
9.100606088537575022e-01
3.614061383488602619e-01
-5.005873791408035900e-02
9.426280867903358285e-01
-1.237709815695246518e-01
3.955336435638721060e-01
4.741530561790595344e-02
1.322542575193186853e-01
-4.382672517211967378e-01
1.516918765376624734e-01
8.596072072878100379e-01
1.346980589500509085e-01
8.489477048622630084e-01
3.838043448945397396e-01
3.598946410673766749e-01
8.065503960288943341e-01
3.041208070158233912e-01
6.710373094913424374e-02
7.857903486079074185e-01
5.452398682333695068e-02
1.410337420743155157e-01
-4.042594494152337847e-01
8.710995342584204604e-01
8.409328166234851798e-01
-2.098031084420362846e-01
5.980435474360676906e-01
8.747814913644894608e-01
8.242410928872654363e-01
4.907782271228602194e-02
3.253960608224169548e-01
5.555387635010907710e-01
5.427946730767511940e-02
9.096731013257284282e-01
8.132697248119911126e-01
7.398368459512693063e-01
8.991639135823208118e-02
5.242530838266923343e-02
8.971470914491974646e-01
8.062895372728415833e-01
-4.428192507309669512e-01
8.170549525530155233e-01
8.660510802348098114e-01
1.643864022911885880e-01
8.557532167823949099e-01
3.101616951463980615e-02
-4.185888803280087833e-01
-2.913724294079423904e-01
-4.040815212194198702e-01
3.497436918925916904e-01
-4.533752197051518773e-01
4.158139383924192717e-02
-1.677679732691233494e-01
6.783589407554121986e-02
6.028924081135376978e-02
9.892016974993780853e-02
9.622775391784980092e-01
3.122804972561168402e-01
7.780269285687794190e-01
-4.387699796702794197e-01
5.641623027398460360e-02
8.147847382052516574e-01
2.428531495120873074e-01
8.125153965076539198e-01
7.706517338654527149e-01
7.782453866272760479e-01
4.043752902832372653e-01
8.669371985167000361e-01
1.551962599340174220e-01
2.756656227150384719e-01
9.266948975757844931e-01
4.721270962688918493e-02
1.169577269248931878e-01
8.126382642445256765e-01
1.349570303799755844e-01
8.415394085735007357e-01
7.397168890299143929e-02
3.724648182878841363e-01
7.872482976405371924e-02
-6.175038341649290163e-02
9.347108179603451639e-01
9.285066768265303194e-01
9.205334621610201662e-01
7.227624925463074779e-02
7.779695333411067448e-01
-1.874523091606801195e-01
-3.681034423425697533e-01
-3.779727672793661286e-01
1.001089204102488389e-01
9.424192613307841304e-01
8.462741261647452884e-01
-3.171373372334498897e-01
6.639478045274926910e-03
1.472726491075111721e-01
9.465207620978260961e-02
2.067719872470634435e-01
9.760515742849083798e-02
-5.654127471695689910e-02
8.251465032700529001e-01
-2.511450880496479687e-01
9.452166604906805381e-01
7.646166775572543761e-02
1.348630602390132605e-01
4.936806904600583856e-02
3.032040915442982820e-01
-1.857041867783969513e-01
3.397754787979320179e-01
8.608350241711708595e-01
6.853755863611810106e-01
-3.421290873889372142e-01
3.322993798904020912e-01
2.911571216920454119e-02
-2.383988280553887007e-01
4.045560246998609055e-01
7.599389510370044842e-01
6.447764086580688725e-02
6.874249363697048087e-01
-2.943316696412245914e-01
7.828520256266801036e-01
9.558641743802585022e-01
3.775932883318502270e-02
1.259271106986256938e-01
-4.185762220988496485e-01
7.908653208376494881e-01
-3.446050858189051436e-01
2.070728830240251284e-01
8.377641680181335815e-02
5.504584586411374880e-02
7.915401757851741049e-01
7.323634281412787495e-01
7.575912380762328535e-01
8.896059014382734498e-02
8.745861393852283339e-01
7.791788901045200166e-01
-4.358122778236953598e-01
8.673153136348621395e-01
7.965055085524023193e-01
-4.270899247202750715e-01
3.962441509466587686e-01
9.531610535129149131e-01
1.367398444198879986e-02
6.084592949886605956e-02
3.208479768516707409e-02
