9.267526447544892632e-01
-5.273053127249573979e-01
9.275927601555948865e-01
8.576874809505353747e-01
4.785208004132867621e-01
-9.154392823694630643e-02
-3.476488389045828686e-01
-4.531148596403644646e-01
4.042729353665842074e-01
8.736510198027869212e-01
-4.812638244530965670e-01
8.374571598912764481e-01
9.140769191974423835e-01
8.437754079639219196e-01
-4.254755880278690006e-01
-5.426109411643318392e-01
-4.650585356622796152e-01
4.162289984328656489e-01
4.046581009193209733e-01
-3.848228108043889595e-01
-5.389364046795258600e-02
-2.495677945001855691e-01
-5.161401565257727198e-01
7.116554642713492917e-01
-3.436896272741334080e-02
-4.951848602424810952e-01
-1.043640563569148971e-01
-5.317545441265475459e-01
9.320846206241846232e-01
8.984245200986675783e-01
9.178574894491150493e-01
9.330820213412316377e-01
-5.214460253663861788e-01
-3.735190315808678552e-01
-4.597442549413968682e-01
4.363963901509816390e-01
-4.832902604407337543e-01
9.319507380530405172e-01
8.790251532641222276e-01
4.915690778639559833e-01
4.254085744348152232e-01
-4.646090190029772971e-01
9.503414986920921681e-01
-8.041811658330752510e-02
9.182659485426535317e-01
8.906074878204695011e-01
9.375502237665020999e-01
-4.278605143830864765e-01
3.932275261317765835e-01
9.680935387943641057e-01
8.647330399610222429e-01
-4.516913087581038155e-01
4.078362727146404021e-01
-2.942543352262208881e-02
9.237016422814271488e-01
9.490298396665313163e-01
9.379116831215601469e-01
4.206301131182704767e-01
9.633913235808337916e-01
-4.622870825246360588e-02
-4.079513619172649985e-01
9.002706325826250744e-01
9.340401612193947045e-01
-2.164963212617437155e-02
7.677091294741493765e-01
8.586055060468096300e-01
3.969780791882577820e-01
4.483035567862007076e-01
-1.837953839404730949e-02
8.788653677899487260e-01
9.642784806466520031e-01
2.313777250595641377e-01
9.665925388894978099e-01
9.043307435266938477e-01
-4.576439978278514786e-01
-2.363445312055431624e-02
8.939724881727818540e-01
8.977917135159363404e-01
8.632895880592208471e-01
-2.713127050482541658e-02
-4.615457896570666907e-02
9.001772023444218895e-01
8.004953794032421133e-01
-4.517215727094786581e-01
-3.139904664229380415e-01
9.361776668639534282e-01
9.473668814796050164e-01
9.389769126203695304e-01
8.636521453766128342e-01
9.094022087378588193e-01
7.330030473659425727e-01
8.602510155774092393e-01
9.398723672871397428e-01
-5.614056713750295025e-01
8.519754882045665889e-01
-5.310532542711979831e-01
-5.006847325606530452e-01
9.241752994801037957e-01
9.597795587116735305e-01
8.986885930304873149e-01
-5.807777747264610824e-01
2.979270790607470021e-01
-1.135643130528993516e-01
9.287043456211696579e-01
8.856259711369347531e-01
3.312956506014519409e-02
-4.918074178326497514e-01
-4.968133724951128150e-01
8.967551639095650007e-01
9.060775157380832612e-01
9.363062801840780214e-01
-4.742023249662566942e-01
9.207610011843325726e-01
-1.738485579453980523e-01
-5.820475129006169590e-01
-2.096898517183896360e-01
-2.256791692596336329e-01
8.297611536406623856e-01
8.258988196416323646e-01
-3.943985405033327840e-01
-4.949760822383368897e-01
9.495354264024702395e-01
-3.144657150312508975e-02
9.195706289140619383e-01
-4.034899142061297295e-01
9.074696653762333032e-01
8.418098748230398165e-01
9.490778374257644590e-01
9.187426448288883440e-01
8.925458864231676781e-01
-4.450102451075776955e-01
2.002464140826113598e-03
-4.839742315406761475e-01
-4.131284599873950580e-01
-5.324131174392630061e-01
4.379487409971732914e-01
9.483838397622135208e-01
-4.688184536578086092e-01
4.021503160524377840e-01
-4.884918762282335347e-01
8.737499949814175881e-01
5.699222243991150516e-02
9.155477669189919787e-01
8.932267529464522626e-01
-2.614134218531077164e-02
3.524278905596406331e-01
-2.319445008406665829e-02
9.134227371901446624e-01
9.439044979745379038e-01
-3.623421287379516298e-01
3.877732376826567018e-01
-4.439908308965030415e-01
-7.458233551304901954e-02
4.534632423606910212e-01
8.967363472002024549e-01
9.083878673276728488e-01
8.990986220402952256e-01
9.348621746510070718e-01
4.362979619923021968e-01
-5.645476737142254287e-01
-5.031273372994515825e-01
9.662942939665695175e-01
-3.902319968547905971e-01
-4.398007572799855769e-01
8.723063619189730389e-01
8.021199202463558109e-01
-2.450767748924031209e-01
-1.919255224774177593e-01
4.018772071088068110e-01
-2.076482664241527110e-01
9.427877122729464432e-01
-5.158060111193970565e-01
-5.127026427597251024e-01
9.410698019010976800e-01
-5.396959061540770319e-01
9.080820926001975657e-01
9.272253240279773046e-01
9.461606564023332666e-01
7.550230182507472465e-01
-1.184095238650595405e-02
4.002610012316510923e-01
9.641489306967598871e-01
-4.741653667557022556e-01
8.959400385619872287e-01
4.705528541553230526e-01
9.349563996829415302e-01
8.538796864590167957e-01
-5.287366820703649495e-01
-5.988972635225341401e-01
8.638476433061714754e-01
9.289421690883962190e-01
8.947786343882437876e-01
9.431575349994708590e-01
7.946367717139025677e-01
8.867547683979357664e-01
9.395683260534731795e-01
8.818812204892160223e-01
-4.321124350591916408e-02
9.324108329552627250e-01
4.407837510218468591e-01
8.906105726110657983e-01
4.291468401974909419e-01
8.977463513111618720e-01
-2.447913571862982141e-02
-5.340878249887556217e-01
-6.247321251568033890e-02
-3.857848586484533548e-01
9.499047057122709248e-01
9.080402067604846916e-01
-3.839265525040955751e-01
9.188431990139828143e-01
9.678657770348174649e-01
6.236204612494931077e-01
-3.949863716228073085e-01
-4.734289397093636720e-01
9.003838810152751115e-01
9.316016455200819557e-01
9.598289606495482573e-01
9.428217471056647980e-01
-5.213261750836031272e-01
9.183524903366604430e-01
9.168702892375990565e-01
9.384304007453806440e-01
-5.074771773767083882e-01
3.794645363418348571e-01
8.714941858896205762e-01
-1.684918326660490295e-01
8.951834204226205571e-01
8.665592694576851329e-01
-6.694284723484766886e-02
9.209524641141313417e-01
-3.828968912147628217e-02
9.284638880466036248e-01
8.326807545088545925e-01
-4.694487735083198165e-01
8.755149820913519232e-01
-5.927692158137418676e-01
8.421687802271560219e-01
-3.289908150155275157e-01
-4.950817434072367351e-02
9.424963922583241560e-01
8.743523910716000103e-01
-5.862159170174906508e-01
4.208466199761615872e-02
-3.169234575112662711e-01
6.581400816227316319e-01
9.534882443989056711e-01
9.113097778049166209e-01
-4.460850460456677880e-01
-1.910325595051802772e-01
-3.082399965858422658e-02
7.783689423183990375e-01
7.689069107863382158e-01
-1.206552484910115297e-01
8.420982964171526142e-01
9.088497469863257017e-01
-5.314761725316823338e-01
-2.787632292641905110e-02
9.182863830109201375e-01
6.734029237783067945e-02
9.534832479405261907e-01
-4.739224556228486263e-01
-5.289357274762905847e-01
-4.461764091251806397e-01
3.710855848946797986e-01
-9.901071823058646415e-02
3.220511691002848204e-02
-4.251864560902895995e-01
8.285639359627139378e-01
-5.055302878710731251e-01
-3.861243320427906189e-01
8.901732551030746565e-01
8.933423405552065599e-01
4.200714073903965562e-01
-3.014551732950221385e-01
9.131673019894350762e-01
9.173384656322047803e-01
9.615999914565107609e-01
-8.805036493292557609e-02
-2.395449363739515086e-02
9.160211748181974478e-01
-7.084322674075325954e-02
-4.724839749387981236e-01
9.115334677987967371e-01
8.834355554346854378e-01
9.160732981167465372e-01
9.492703182315558319e-01
9.054378474690583101e-01
7.469707351114713845e-01
4.106656575005237508e-01
8.979520355726025027e-01
4.233812663667937404e-01
4.125796293213171984e-01
9.618254917340522958e-01
8.462341872876790738e-01
-3.441945003592262742e-01
8.992268740964566298e-01
8.908575915922465338e-01
8.621029101529560368e-01
9.092752615849670761e-01
