-4.650522079654818564e-01
4.472376978444779771e-01
6.649785184134127114e-01
6.504931473120276753e-01
4.903580833772557268e-01
6.351477745513087747e-01
5.141365633594701112e-01
4.001982545501883148e-01
5.914936220736399797e-01
8.905993449937432693e-01
4.855079186850183026e-01
8.748623025983576218e-01
8.732558380357219319e-01
8.928268905069143280e-01
7.170184571989064448e-01
4.143109305970612555e-01
7.028553369252743543e-01
5.665410092041831547e-01
5.888933043903861186e-01
4.672451874053965559e-01
5.059948340202726769e-01
6.300599806103341916e-01
4.939991697822913030e-01
4.712389949128713562e-01
5.059948340202726769e-01
5.079511313749844881e-01
7.336359643553991283e-01
4.787173608248924128e-01
-4.416683242400691323e-01
8.916057093918658971e-01
-4.919574361594307721e-01
8.162685064945354174e-01
5.001714376538353157e-01
7.110021560790853457e-01
3.884422005319326243e-01
5.077097467425097932e-01
4.267301177175505389e-01
-5.087438004385145263e-01
8.815212763358182269e-01
5.100451363006299754e-01
5.020773631160782013e-01
5.592874004451169334e-01
-4.260545766068094542e-01
7.246186539730029574e-01
8.728158378208112911e-01
5.613686582007012538e-01
-3.408732028686021209e-01
5.425050498782693076e-01
4.657838685731172657e-01
7.889026198863504646e-01
8.358411314895597410e-01
-1.138979916985514429e-01
5.616256014184934919e-01
7.192339098468338854e-01
5.921711100819231355e-01
-4.554793087210446956e-01
8.857717057073590805e-01
4.815224536399531630e-01
-4.843461399658974820e-01
7.251527655638820846e-01
5.476926370517533060e-01
8.608034446190833133e-01
8.995233325660925150e-01
7.262965406436547866e-01
8.970346110550257990e-01
9.007272060764526245e-01
5.095186180341446658e-01
4.801816830186406704e-01
7.048013946558556730e-01
8.860311656820024639e-01
-4.503194134072847632e-01
5.581955100782753920e-01
8.417402390885224683e-01
9.001756574595449756e-01
5.433730382131842784e-01
6.620905989986116680e-01
6.246010495405678320e-01
8.915475432401043232e-01
8.319312392661399880e-01
7.041945545880932134e-01
7.066014458762756023e-01
9.009138445007185414e-01
7.942193593087342185e-01
5.232861338746954694e-01
3.941909074001184177e-01
7.176572759132069379e-01
-3.222872928131207959e-01
-4.159502640173354804e-01
8.761050696164642826e-01
6.915352238297725052e-01
8.908111323121130631e-01
8.539240713229567792e-01
-4.683135804273120262e-01
3.619987661154036584e-01
8.796558348065393051e-01
4.524273762637616714e-01
-9.814265492737171692e-02
-5.235040535897206304e-01
-3.653160169609800945e-01
8.658989994327057627e-01
3.784486971344535045e-01
-1.409072597057698384e-01
6.508276456310715385e-01
3.183936596742861780e-03
8.900980263151019312e-01
7.139238582371496555e-01
4.992463026943773086e-01
6.490930070665166252e-01
8.955690516796886991e-01
9.100059228398561517e-01
8.198393517432689404e-01
5.034899587803675081e-01
8.021954382364020475e-01
5.190594610070614623e-01
4.324115726738021470e-01
5.353077571527271594e-01
6.859484318748468867e-01
3.195097377290382901e-01
8.908708406303054161e-01
7.814439428715238556e-01
5.058723950594027352e-01
8.684954756678227028e-01
5.873849267704622790e-01
-5.075730366578512509e-01
6.008780312572237214e-01
8.917875223630882253e-01
5.230601136518777672e-01
-4.682856782282699970e-01
-2.886193766627463964e-01
8.574668962130953531e-01
5.247314119177357572e-01
6.837553513830475493e-01
3.221043349235511721e-01
7.663304216704417415e-01
5.709171583178193066e-01
5.206608826455367822e-01
-2.102728854135123837e-01
4.234690504024148927e-01
5.598821720782416467e-01
5.143415394691124298e-01
8.955940114686207210e-01
7.399833542217663096e-01
-4.821999750305578925e-01
9.084598424518508519e-01
6.406620466653172308e-01
5.514293943747998750e-01
6.157865305172613990e-01
9.015345549643403178e-01
6.283689447151326046e-01
5.125319998820738743e-01
4.547348480149737138e-01
5.192660580270940240e-01
7.254889374740386421e-01
4.332030629221408913e-01
8.338932056009886740e-01
8.763797097947130244e-01
9.018617085299425185e-01
-3.732620163157323034e-01
7.010974916231348386e-01
4.719839842696074150e-01
4.683899763471752742e-01
-9.955210767065379718e-02
3.871508939890314638e-01
4.763223277327778837e-01
8.345012817406454175e-01
5.476447672287916291e-01
6.852952654278946509e-01
5.658916481177287405e-01
5.837351461537676478e-01
5.345016170582778114e-01
-3.619082365091405573e-01
5.279588969557142963e-01
5.602761142269387928e-01
-4.228957245660578956e-01
4.206454474310676872e-01
8.491235221758941520e-01
-4.941550456612917031e-01
8.865449253009900499e-01
5.469297639034169656e-01
6.879578198824327639e-01
5.044804794276145365e-01
-2.705915959392336534e-01
4.109686380637097014e-01
8.959201176271078815e-01
5.023463289319146652e-01
-4.033934098103971744e-01
8.616013141473252146e-01
5.951449797049570556e-01
3.548090578837315157e-01
8.720950230354520549e-01
3.113812363995543953e-01
8.771061821413235204e-01
9.082743387671616819e-01
5.471311010269477304e-01
8.407899897215240781e-01
7.076409414744767867e-02
8.826221160461382720e-01
7.365043224665115407e-01
-4.111620446643374227e-01
5.509591307407973870e-01
6.263064179693453859e-01
5.138054353466302571e-01
8.177360470773959999e-01
6.107044908370850012e-01
3.499090816237008239e-01
7.310953776131368098e-01
6.016617922211547898e-01
7.263441166982520514e-01
8.521424353991656764e-01
4.455018640983383627e-01
8.471340343041231513e-01
8.597921922731333044e-01
6.132966994786320791e-01
8.860224210354900043e-02
5.277163060251898186e-01
9.040443241336739710e-01
7.420564892468062279e-01
7.899142113976317381e-01
-5.098611811377103953e-01
5.330314423822687386e-01
-2.477335813500216033e-01
8.921454343933541420e-01
8.918118609283476328e-01
4.652173939841854344e-01
7.567131225052732280e-01
5.543984455096866437e-01
4.208055117492288666e-01
1.030375851464764569e-01
8.497408344556665050e-01
6.081931811789249576e-01
-4.677237445895542356e-01
6.371639423594543938e-01
-4.961815849059225680e-01
5.641230621879624874e-01
4.962649106310060287e-01
5.338180882326616361e-01
4.702644394524952975e-01
6.880390338745101531e-01
-6.155998587323169291e-02
8.244687798206932206e-01
8.628242094908138426e-01
9.002676272651957134e-01
3.568560804057657743e-01
6.959863171330354925e-01
6.495167827418268924e-01
5.907729088823150398e-01
8.894068394610521455e-01
-4.267940284329024281e-01
4.216890038045191247e-01
6.078401836538895875e-01
5.741280944669191477e-01
4.566196271192364264e-01
9.008385015656095174e-01
5.692921181402448294e-01
8.733052362130860891e-01
-4.674969495745397441e-01
4.406470979363317220e-01
6.864972139564344822e-01
8.316326684244406131e-01
5.336184684817042445e-01
8.095496226804246298e-01
5.589807259549856022e-01
4.171565769746183872e-01
4.983323329440685900e-01
5.450122132222644522e-01
7.181841690081940399e-01
6.025601616971958396e-01
5.647808641784708428e-01
8.362209180374235995e-01
3.919848446727217661e-01
5.785697566635276123e-01
9.020655769142769120e-01
8.678313444764425011e-01
5.235946977340285580e-01
4.464892468910081069e-01
8.912813729039854582e-01
1.150594098157677048e-02
8.227544517656215639e-01
5.283149974962944029e-01
6.407721570361573082e-01
8.720042220128986221e-01
6.274738108305069062e-01
5.346610044121337113e-01
7.841484583024107557e-01
8.808751823940375036e-01
9.015237879370192609e-01
-4.765835254296384438e-01
9.082743387671616819e-01
5.367612086403785732e-01
5.587733230100953019e-01
8.792155203506156758e-01
7.028277875440231970e-01
5.672797703279194304e-01
-4.253893396516292835e-01
6.974639157629850539e-01
5.318550327078137574e-01
7.738689818421895517e-01
7.798442215887440021e-01
8.526054666033494600e-01
8.666484392700778416e-01
