6.789858692870394119e-01
6.760136338183913018e-01
6.793566128970918161e-01
6.774338835101738621e-01
6.745113351984937111e-01
6.790675311487004429e-01
6.777615001102792469e-01
6.783605461564093941e-01
6.778719996900330891e-01
6.792842095903017796e-01
6.773373950250396458e-01
6.760259474452383621e-01
6.707573595733259397e-01
6.781760946309367544e-01
6.783317354049033243e-01
6.714796610022426560e-01
6.784817965887224300e-01
6.693637818907423043e-01
6.772170934561561051e-01
6.780076137837696137e-01
6.776229881925883713e-01
6.773320105461293483e-01
6.765419669069603348e-01
6.711495355601515556e-01
6.775145662006943903e-01
6.785833707942414694e-01
6.788339689214941686e-01
6.768917798700646582e-01
6.760378124551968959e-01
6.795879786982179649e-01
6.782541449567078828e-01
6.746957801423232315e-01
6.786914413689548731e-01
6.757945661106921076e-01
6.780171281537333838e-01
6.792017958123187649e-01
6.790887714323032842e-01
6.793274928603297846e-01
6.779972015286286346e-01
6.791067581114876850e-01
6.773413936038230609e-01
6.756167229729296286e-01
6.777324478300468247e-01
6.779631456492595243e-01
6.757136749032010004e-01
6.786438918819888144e-01
6.782208568634199297e-01
6.783031547951177131e-01
6.746894721018753538e-01
6.783873439066159250e-01
6.787248797323686134e-01
6.694874266288248776e-01
6.776021842897632652e-01
6.774434425013756700e-01
6.778080275111557640e-01
6.720613567494049256e-01
6.786755443814358468e-01
6.791582457838026832e-01
6.780235896354995795e-01
6.771713939730232834e-01
6.788401875606837610e-01
6.776328138260685474e-01
6.782144793327746779e-01
6.766578665698880224e-01
6.790732471794044267e-01
6.776856252232308364e-01
6.776118350278161895e-01
6.780987384930547979e-01
6.769090276727345312e-01
6.751593196116321138e-01
6.743920173294397635e-01
6.741446377250082111e-01
6.732405178909117716e-01
6.795160440466212481e-01
6.735015962578978499e-01
6.765383753128926259e-01
6.784482291110289776e-01
6.712973306758693859e-01
6.715748297935357769e-01
6.706226507201000775e-01
6.788147360323657509e-01
6.790812331025950499e-01
6.733420345746761182e-01
6.778522579628047939e-01
6.785963577782492262e-01
6.732601001803486529e-01
6.770367817522124909e-01
6.798457296137292438e-01
6.756451911727614501e-01
6.783212221075688442e-01
6.754452413446467851e-01
6.761829392763529789e-01
6.790071262197522328e-01
6.767426288802007583e-01
6.774899191185421721e-01
6.756779837390629595e-01
6.762148136903087803e-01
6.794724215857506078e-01
6.770717001115238443e-01
6.771600049181023540e-01
6.774198146016492394e-01
6.754746240060547358e-01
6.761745956558551374e-01
6.775694454028281521e-01
6.774481190497074756e-01
6.697007706612048139e-01
6.799813504763581040e-01
6.775793591296310758e-01
6.720634866952236441e-01
6.730607195939777299e-01
6.780421842894767126e-01
6.776421103991705497e-01
6.781025607518136322e-01
6.781599178719303067e-01
6.743468002855494969e-01
6.761407177422624759e-01
6.760169778757342263e-01
6.792577289822034903e-01
6.786600235158583017e-01
6.774816446275016002e-01
6.777109480179722700e-01
6.753623160240289636e-01
6.779197231426620229e-01
6.787049036277561509e-01
6.776458211682500066e-01
6.754034721514736717e-01
6.783320219048054600e-01
6.760493714654753905e-01
6.780210051242443470e-01
6.789909234385613779e-01
6.774086472577701690e-01
6.724129755332972636e-01
6.773834059212513470e-01
6.746031360207304095e-01
6.752202761606784787e-01
6.793116045750940968e-01
6.771551637997115236e-01
6.759790696443102043e-01
6.772706287785970058e-01
6.798111063787406483e-01
6.755831139254808715e-01
6.779119102000217278e-01
6.706423745470333486e-01
6.759084630611844613e-01
6.727017545999876003e-01
6.770426911207401144e-01
6.721911950292520643e-01
6.747162031454780884e-01
6.763919011722110408e-01
6.790784789489552331e-01
6.709895936028197339e-01
6.764087434094913087e-01
6.778024068702137583e-01
6.775282217326044076e-01
6.777270358379687831e-01
6.758848424817928136e-01
6.725662817843185426e-01
6.778528737425124628e-01
6.714613508429770894e-01
6.758047305381230663e-01
6.763508414591870022e-01
6.786788298201220648e-01
6.733643955516355195e-01
6.739815396329029706e-01
6.775350408566062077e-01
6.778927480571330655e-01
6.771187783215646405e-01
6.772017583317326839e-01
6.752053895572309727e-01
6.746809744009336640e-01
6.757859420271712381e-01
6.734087878280901052e-01
6.730189029045782201e-01
6.782171440308908394e-01
6.755512441317972350e-01
6.746132899406038774e-01
6.723174057342928833e-01
6.786393050366998914e-01
6.778908697060042066e-01
6.787224156518234519e-01
6.767579927231348602e-01
6.723065166151347416e-01
6.786404624841120281e-01
6.788567203880001566e-01
6.764495805832624331e-01
6.745327338845660270e-01
6.780223364552143694e-01
6.785570482271581216e-01
6.779355366397110672e-01
6.690413534287648067e-01
6.791820724649608731e-01
6.763919958242600172e-01
6.750816729349864431e-01
6.737310661857781602e-01
6.777309370989097470e-01
6.765911880145840662e-01
6.761097903133352904e-01
6.755609612230003558e-01
6.771461659332742578e-01
6.735934531363667599e-01
6.774011350357106442e-01
6.773268533481966447e-01
6.707102938913183099e-01
6.787057011962971398e-01
6.780379394226652146e-01
6.746640672439083719e-01
6.796047782641907453e-01
6.800509615260235119e-01
6.772215324936229353e-01
6.736135213215297401e-01
6.782820849573175659e-01
6.793816431690447022e-01
6.763554634164219426e-01
6.773716244398046982e-01
6.759943378536610314e-01
6.778881618559687849e-01
6.781903259474709733e-01
6.787367850164875982e-01
6.788930949956062388e-01
6.782242385639143389e-01
6.748296636166032370e-01
6.782520041594561899e-01
6.755686724194487347e-01
6.778712106567190698e-01
6.767412095962999086e-01
6.788096816650446286e-01
6.708595415711613441e-01
6.782500836301195157e-01
6.774292804355228625e-01
6.737708366019149464e-01
6.798063864473259388e-01
6.763378615304285191e-01
6.757374390193540137e-01
6.784324234006029464e-01
6.796332899974341091e-01
6.794652661966599227e-01
6.775636165207652439e-01
6.762732039927650263e-01
6.795503561225797462e-01
6.724038748785501340e-01
6.763561754793319114e-01
6.786745853956142049e-01
6.790696059032889087e-01
6.772445732505452121e-01
6.796114652775302467e-01
6.747537879429237329e-01
6.757218805344060719e-01
6.759410022901977122e-01
6.776070582972226752e-01
6.777549615293996244e-01
6.789037576725416301e-01
6.788285972955779846e-01
6.754722111351195712e-01
6.790336193926600483e-01
6.773581212515754624e-01
6.775666384872771619e-01
6.788959564193872698e-01
6.784728852157919654e-01
6.734947856256690013e-01
6.766861478490968640e-01
6.755735280457026981e-01
6.749097885688752907e-01
6.772198571194614214e-01
6.766662483733986155e-01
6.699821117583999452e-01
6.753708168080416741e-01
6.773493736184172942e-01
6.783110917382992877e-01
6.775607445721711919e-01
6.777397637739946967e-01
6.780503546482810062e-01
6.760707226179483165e-01
6.747413107118243047e-01
6.760280127769997538e-01
6.785985971441274023e-01
6.750997383196892798e-01
6.755795247075120358e-01
6.771216496119911721e-01
6.728346120618600157e-01
6.743210318317625074e-01
6.760260107527158446e-01
6.699583608435779603e-01
6.751398961700103563e-01
6.755576007155301710e-01
6.766907314268588713e-01
6.777382607423865224e-01
6.790040561492298732e-01
6.750266604334482778e-01
6.749996616716625875e-01
6.777021881862052011e-01
6.757825309132814429e-01
6.771552022143356719e-01
6.770957710916136740e-01
6.785731645189403416e-01
6.784707395059996760e-01
6.774530346022502592e-01
6.780794881560605614e-01
6.761374076795896304e-01
6.787403842770267648e-01
6.691500060735793287e-01
