1.839597074891026196e-01
1.774233583278209958e-01
1.838645716577938516e-01
1.839950965414653694e-01
1.798455884064129595e-01
1.826289299423574652e-01
1.883165766181512657e-01
1.847447005248299690e-01
1.827858894924037914e-01
1.814157103345799826e-01
1.867547970581810435e-01
1.840159346097430815e-01
1.969335927236237072e-01
1.864019389911760749e-01
1.816034694252824933e-01
1.828089589097308121e-01
1.790932437764544138e-01
1.908468567917812053e-01
1.842428839805102525e-01
1.851637181821041978e-01
1.825300858572507512e-01
1.858688178189819018e-01
1.818538533740911012e-01
1.810369956002982894e-01
1.796608321229919147e-01
1.795639322269772520e-01
1.896634394277398883e-01
1.842744914953144963e-01
1.838114770749573745e-01
1.864943641100011429e-01
1.834793624501653841e-01
1.813425116284547167e-01
1.861340222167234548e-01
1.812163414255163474e-01
1.831517942907357477e-01
1.873535621657611561e-01
1.813291921056898737e-01
1.794788082546393548e-01
1.802727313160785161e-01
1.863302026821487822e-01
1.826505271267190866e-01
1.886007278764576245e-01
1.875570524456436350e-01
1.832786627755048636e-01
1.858950308819791730e-01
1.885793865624873500e-01
1.821559488715722708e-01
1.838460858903752659e-01
1.846864556388082279e-01
1.787151927998056888e-01
1.859490124377725651e-01
1.784363753247139028e-01
1.823901401266054267e-01
1.839349246416958905e-01
1.801603402103163776e-01
1.848011243927870084e-01
1.791087370301932546e-01
1.810432300266693328e-01
1.807106173802016658e-01
1.788509276347604593e-01
1.801256173258841409e-01
1.841557263690414559e-01
1.993230002659668876e-01
1.794532775145226688e-01
1.838750836597207727e-01
1.835545401127920973e-01
1.839669065569549677e-01
1.788732356925867295e-01
1.848776068780400572e-01
2.099999766891837150e-01
1.812499088618489684e-01
1.811729329750584871e-01
1.847580896635443448e-01
1.814896353904547621e-01
1.827427530547566792e-01
1.793358448259219917e-01
1.828435054166198948e-01
1.922366631595754660e-01
1.799951429844751094e-01
1.894404312589360595e-01
1.909688582850592176e-01
1.935687874956005250e-01
1.872591942334024817e-01
1.821110688604807848e-01
1.802451176362717400e-01
1.955216009970560109e-01
1.828266984352442670e-01
1.790278080804232619e-01
1.834132505116684575e-01
1.832071495833998975e-01
1.824886318795396756e-01
1.812942724581089737e-01
1.860075895281733116e-01
1.795865862932637114e-01
1.801075949483771643e-01
1.787788231278858997e-01
1.772585255959345796e-01
1.783905050411615234e-01
1.794266650939476682e-01
1.830630707578794203e-01
2.011414271527530162e-01
1.942019612157205311e-01
1.959523287230975908e-01
1.807047404831923221e-01
1.833032001691617952e-01
1.855842466995294426e-01
1.834457108095066125e-01
1.927881445353343270e-01
1.855066219681202611e-01
1.902987286242205367e-01
1.877871868824072532e-01
1.779934703213074676e-01
1.847017533504023978e-01
1.820433466923707666e-01
1.808416420755495080e-01
1.827930227359851056e-01
1.900362814169304082e-01
1.981319249690818851e-01
1.966046602712792080e-01
1.808591725206248613e-01
1.966718226638501377e-01
1.791253670955924304e-01
1.811718815035700536e-01
1.857628753369129915e-01
1.853392387231455052e-01
1.870193209359655717e-01
1.800253019211758843e-01
1.974415924863761607e-01
1.799157681095356343e-01
1.833865052126433803e-01
1.806563969708007145e-01
1.812499773611050968e-01
1.783120653897560803e-01
1.840902740198742116e-01
1.862558001897335336e-01
1.820999575070308962e-01
1.830669471347341482e-01
1.784700491595636596e-01
1.912251411056155037e-01
1.793621743400281854e-01
1.893142420103992862e-01
1.830782281002308887e-01
1.820518375764793029e-01
1.784804650403362669e-01
1.797102083089258673e-01
1.839354188863783768e-01
1.826244485009629881e-01
1.885287908417785929e-01
1.782673158924658052e-01
1.810269383867157966e-01
2.176155541495921608e-01
1.917461105032277346e-01
1.849319798681008931e-01
1.839941683251675175e-01
1.805963640468165876e-01
1.867629978029419768e-01
1.796626431954897185e-01
1.885176504592902258e-01
1.837754654975715662e-01
1.891094305431577638e-01
1.911749707499135476e-01
1.862965410338398020e-01
1.833966048413357419e-01
1.822962827973989008e-01
1.782886497148185589e-01
1.880132461177014824e-01
1.824356786929562935e-01
1.837396789201717340e-01
1.899175442349640974e-01
1.892491065467835631e-01
1.824045375725257545e-01
1.784597756359705412e-01
1.810098177428985933e-01
1.812417340787580433e-01
1.815809682729562224e-01
1.802930460388734724e-01
1.786315837991162281e-01
1.870075616837462706e-01
1.791228382664619145e-01
2.025601972412502949e-01
1.990681621379264410e-01
1.854244462777758784e-01
1.954862735129681561e-01
1.814559733693549837e-01
1.801147860927222177e-01
1.785354176093537637e-01
1.834928284148823197e-01
1.806064601335508057e-01
1.823898456262673662e-01
1.789477775117173097e-01
1.905015946150645512e-01
1.812451406431007106e-01
1.838379096982987182e-01
1.805300954945018854e-01
1.841930182501168578e-01
1.797227837338665202e-01
1.852730297478382693e-01
1.773829352858091735e-01
1.901208310869228202e-01
1.825518780206932812e-01
1.850362394548333844e-01
1.842990580213327290e-01
1.998098958126695024e-01
1.777937204025919482e-01
1.793926940679756998e-01
1.783733805323170496e-01
1.819711452011500974e-01
1.833316326837126087e-01
1.900502270329993693e-01
1.925080283053478558e-01
1.888893702688872467e-01
1.855173824018437889e-01
1.882994463100718108e-01
1.805366629763903719e-01
1.852953527367000863e-01
1.973533223584795215e-01
1.792520987056054338e-01
1.774598613419314241e-01
1.843885094070539521e-01
1.828126558165166782e-01
1.815471936293294453e-01
1.835079015188756657e-01
1.808677199756098253e-01
1.866565070638985802e-01
1.840426768303529137e-01
1.848037672625780781e-01
1.815901586030502224e-01
1.899091563727750287e-01
1.897888640389466808e-01
1.816650273780803237e-01
1.826599275521465504e-01
1.771118176310181036e-01
1.963714070861921068e-01
1.967474372796824966e-01
1.842664548138092939e-01
1.806565364532706774e-01
1.808407233946369153e-01
1.914079801772076150e-01
1.851370085150884359e-01
1.858376840174585376e-01
1.896022583059021049e-01
1.871616918917411443e-01
1.850323864477616265e-01
1.882619182277547598e-01
1.922974768143653757e-01
1.859593891875529759e-01
1.867592127426021542e-01
1.792379103558244258e-01
1.845867329788545286e-01
1.772284330049380408e-01
1.871646213838909500e-01
1.850049112232262649e-01
1.782427917858159794e-01
1.828811534529601879e-01
1.947633696024791972e-01
1.799050669171829153e-01
1.785592924282146665e-01
1.842789303046119542e-01
1.811284058241299233e-01
1.859801969381721654e-01
1.818240163513623608e-01
1.824765238903416908e-01
1.874845302269274039e-01
1.864823682817005612e-01
1.824137770943805026e-01
1.788377206153342613e-01
1.946806607815703416e-01
1.794649748554220658e-01
1.873188922261719846e-01
1.808139960505494304e-01
1.797597505692031805e-01
1.796970262518995942e-01
1.895661719599900652e-01
1.857255408051759205e-01
1.784361148320833257e-01
1.884591360293496332e-01
1.816625729857145322e-01
1.927320642817517971e-01
1.870518933447981869e-01
1.827109361938067389e-01
1.799998553019919179e-01
1.816816023639666600e-01
1.830182978111593028e-01
1.896919499259064890e-01
1.836413093939090468e-01
1.826843987736587460e-01
1.822309199373562116e-01
1.795265621842266346e-01
1.782402068895588831e-01
1.835637658445825604e-01
1.932713777374608921e-01
1.821203224269294374e-01
1.820878264428111848e-01
1.827853061567245030e-01
1.942468954201520270e-01
1.958731645160748380e-01
1.851906851701005663e-01
1.858485475568631140e-01
1.831742571134871156e-01
1.807851733722685428e-01
