-5.392280537208870017e-01
3.702829931681528297e-01
-5.318606402420043844e-02
-5.155390691884454979e-01
-3.583365207228074167e-01
-5.201596009066936643e-01
-5.348227511323265515e-02
8.327605713016050792e-01
6.284339456865210005e-01
8.005371146968667251e-01
6.737898260956823870e-01
8.875654708631266487e-01
7.752938626982388559e-01
7.863289770629813269e-01
8.442408613683346497e-01
7.256835986469591937e-01
3.696015967744887276e-01
6.500864098130052504e-01
8.451907608146400630e-01
-1.177623313280216771e-01
8.353053762813384964e-01
7.282455991518400618e-01
8.508284731798596567e-01
-2.212319939600495555e-01
-4.471708862003214713e-01
6.813222297094244650e-01
8.710558025235342061e-01
7.943883373336264597e-01
-2.860784739287405148e-02
7.316434414126440355e-01
-4.050811921728032505e-01
7.446846106814715149e-01
-5.111082828771629227e-01
2.570036882771458142e-01
8.328376670714638941e-01
8.521615499658998782e-01
-4.708622205977405217e-01
-4.360838933927483896e-01
7.643777579062058791e-01
9.096524899347508963e-01
-4.096557918611009041e-01
8.416402937810407714e-01
7.588464725175984027e-01
6.424607485971676191e-01
7.857349642343680607e-01
8.156205532315426998e-01
2.784134738464996150e-01
7.264726881310049622e-01
6.710701232784859194e-01
7.902497987129071255e-01
8.335327384251638438e-01
-3.880762734541283732e-01
-4.790141460153328479e-02
2.971990882269726075e-01
-4.944359964474712155e-02
8.320964898375693419e-01
9.120029135788153551e-01
-3.364718876774112910e-02
3.952875523456678142e-01
7.876022814465781785e-01
-9.588663503001693122e-02
6.714978019773372164e-01
2.287635657633866060e-01
2.278454255635552761e-01
3.006906583021667911e-01
6.654586098092321045e-01
6.523122730970443151e-01
-4.374426763318874922e-01
-5.463437396630868026e-01
-3.228468972872946541e-01
7.751151267892057994e-01
-1.142043339686175940e-02
8.236235412989147131e-02
-4.369296927796056385e-01
7.526489120931216803e-01
3.291864085338621626e-01
6.826131150528449432e-01
8.739587649134730185e-01
2.177212989522521180e-01
2.820840027439166509e-01
-1.719375577224497853e-01
-9.583631805664336034e-02
6.639223734575989688e-01
-3.110921364528368427e-02
-3.095848554885229920e-01
8.082937480674708963e-01
8.865692945387417812e-01
3.366035356129246647e-01
8.857247024837890947e-01
8.585680737071907931e-01
7.164169117281862231e-01
6.091519545955859094e-01
-5.009804325223907728e-01
4.033189095577552341e-01
9.081015166860837429e-01
-5.738238611830708269e-01
8.680502856694667368e-01
6.462065117065869391e-01
2.496051988018792023e-01
-4.897381896299890514e-01
7.973263210049157390e-01
6.651627732354670197e-01
-5.240667489966727155e-01
3.694292504385752740e-01
-8.070441465378017099e-02
8.033061609706322326e-01
8.489228847767646968e-01
-5.515250213142114388e-02
8.936503591349669318e-01
6.288096620859622288e-01
6.347985386254493267e-01
7.253146294812085060e-01
8.619584534760456052e-01
-2.507837329790185699e-01
3.788020118536770120e-01
-1.554048599917140332e-02
2.435757865670106770e-01
6.891345597677978052e-01
3.023388425592751227e-01
2.733756140442035187e-01
6.533264211358806861e-01
-3.534120065924263310e-01
8.623844466051127089e-01
7.555084003447483099e-01
8.997669781917232434e-01
2.817298756742436794e-01
3.187633889227278194e-01
-3.289359719054385511e-01
-3.343883637080979909e-01
8.135194658506958998e-01
8.453576686609485247e-01
2.786640204401580334e-01
-2.085060483573183618e-02
3.155810903865850503e-01
7.889563190510389123e-01
-4.395710660015054727e-01
7.907504415166255463e-01
2.639833981013887110e-01
8.445676172852263353e-01
8.251780979869840493e-01
-5.419312789009225195e-01
6.843792053695120225e-01
8.889149203230206631e-01
2.170982427993503605e-03
3.030418406556686928e-01
7.446958854954659479e-01
-3.891619184904319129e-01
7.007486263266308191e-01
2.216081023513853665e-01
-5.893520510018471770e-01
8.241228964001010571e-01
-5.482136907452864749e-01
8.186731826122822797e-01
8.241770596721906816e-01
2.583930483315970972e-01
-4.896876057066000820e-01
7.252182856069320227e-01
7.279724527387165800e-01
6.754698612040033190e-01
-3.598736466639117226e-02
8.783690757189143161e-01
7.450680115233062617e-01
7.563145818743597371e-01
8.846097264959187356e-01
2.882617203492048308e-01
2.714258863477736483e-01
-6.836009050338609505e-02
8.559317718295285093e-01
2.862088738758354900e-01
8.694132857531440273e-01
-3.033526453028084768e-01
3.585963011848526394e-01
-1.379164019302262650e-02
-8.067757718391781185e-02
6.559557604298595912e-01
-4.871460184442939489e-01
8.457956230782254226e-01
8.628564279545873905e-01
7.297127780535976882e-01
-1.198389062280839773e-01
4.434947003699322154e-01
8.202885810936877409e-01
-4.523413440724214918e-01
7.565422680252933407e-01
8.139228831221445581e-01
8.737051474986192723e-01
3.045362619440264429e-01
2.593018078513834590e-01
7.609284761095764793e-01
8.354225705340123653e-01
-5.387194388244408438e-01
2.759091875889997936e-01
-2.597024369181343342e-02
2.863768476073967895e-01
4.102490289807680934e-01
-2.358533281405847393e-01
7.146232180776905807e-01
7.840574015390466833e-01
-5.528673177420267981e-02
9.185453598679571563e-01
8.089327340298864133e-01
8.709719113301863658e-01
-3.959765822900230825e-01
8.553048012421707869e-01
-2.756542857001401114e-01
7.014011791065175583e-01
8.354786368792348483e-01
8.791034024501382937e-01
8.410049606178728876e-01
-5.097149041455822926e-01
9.028122183185317562e-01
-4.251575578560108370e-01
1.174522800182475624e-01
-5.134769257721945035e-01
8.386786707899493987e-01
7.230191705230829546e-01
2.923740338036549535e-01
4.257986402933614523e-01
3.224673658534833454e-01
6.544382167129096928e-01
-3.785772492846805615e-01
-5.845633736443951456e-01
8.276595975624223556e-01
-3.316679900815721060e-01
8.735098337961710868e-01
8.735508509117517750e-01
3.378956085425826039e-01
3.661933290691058995e-01
7.856164535763394685e-01
-4.571527030221159138e-01
-5.770706265661154077e-01
8.508032505045208804e-01
2.651293673684468333e-01
8.068803628526559635e-01
9.052312028388730392e-01
7.882967739863135925e-01
-1.698629929326281318e-01
9.075110852731642641e-01
-6.683190958760718003e-02
6.665581746232432936e-01
8.652642341873335585e-01
6.628225951477972888e-01
8.804890629643240541e-01
7.517109544167915880e-01
-5.921261250933694820e-01
8.591104627483379108e-01
8.585042141403060878e-01
2.548347597797782083e-01
6.521124827711202165e-01
-4.513995882844458463e-02
-3.160711422782008784e-02
-4.931406112470156783e-02
8.136884673842103011e-01
9.058038818827115479e-01
6.772779429354423009e-01
7.277968520643192107e-01
2.731526570118960051e-01
8.393719325258348629e-01
-2.283172393021546676e-01
8.108339740004588680e-01
2.236770613435031252e-01
8.427850806252705773e-01
7.749847909694608239e-01
7.867744221980064179e-01
3.911901661824388476e-01
3.174067269179298156e-01
-3.284516439875669325e-01
6.340395083744818638e-01
8.273968787548153792e-01
-6.958942820284751141e-02
9.256389063032606224e-01
-6.887487518609131110e-02
-6.191872676080385496e-01
8.548401820578266364e-01
7.694665445956190286e-01
-4.066888090064045835e-01
-3.738541532972525921e-02
-6.006387592246497098e-01
7.690819155069053004e-01
9.017313504097335120e-01
-3.580313528062991080e-01
6.410118194847087558e-01
7.822083900017698932e-01
8.652599132026501660e-01
2.503097368208219153e-01
7.858842139976636165e-01
7.639394871801881148e-01
8.275838958685433067e-01
-1.461121483933552900e-01
8.506659264816152088e-01
3.210400868647630412e-01
7.612828222572912695e-01
8.389914643554556850e-01
7.085587716353392018e-01
-2.514553084999510135e-02
7.735724417921799878e-01
7.472600451117923370e-01
8.374230278161154395e-01
8.581180386659155168e-01
6.639529888434703153e-01
