4.172514447796311088e-01
7.354128399594045407e-01
-5.249503522835186065e-01
4.615220275978497710e-01
9.514094159189152577e-01
4.909522517312894241e-01
-6.077139974707206349e-01
-1.117687750708737104e-01
2.423144925327223309e-01
1.805264193318924237e-01
7.410333041013668076e-01
2.342971097262371849e-01
9.138383089506585399e-01
2.448082504798144432e-01
-4.790190287443828465e-01
9.409101293336037397e-01
7.478819050077309960e-01
8.824966236297506761e-01
1.679120304276220943e-01
-2.976756152082561946e-01
9.125977263673517026e-01
8.835362910154949123e-01
2.316137084162188664e-01
9.249514421909084128e-01
4.222312963766722271e-01
8.786645656246941938e-01
8.911376190435714717e-01
2.136481256031528275e-01
-5.046644974742311440e-01
8.866203453586981587e-01
9.328748948015787024e-01
8.688798405634675648e-01
4.283188150783456827e-01
-4.233217090433034624e-01
-3.956435281971829587e-01
9.764195830211659377e-01
9.341397734288809929e-01
8.541957970833299330e-01
9.765121205048584718e-01
2.362509771736966968e-01
9.370373277308007287e-01
2.363950729265205664e-01
9.516118129121173830e-01
8.786645656246941938e-01
9.892320861149812572e-01
2.223799830576843606e-01
7.439064844226070949e-01
8.206384958996650880e-01
8.744032426866509278e-01
9.614867649621683388e-01
-3.418339791414771733e-01
9.518148161884141256e-01
-4.822488625094774051e-01
7.631913454941794406e-01
-5.635136459115244190e-01
8.918757048930407993e-01
2.173173058503737320e-01
-2.682468160278625446e-01
7.750697058186122312e-01
9.966170576252757485e-01
-5.633714649044274658e-01
8.613592887915126894e-01
9.464671746076094294e-01
1.289364992925728648e-01
9.293045430512070215e-01
8.703104691492561384e-01
8.810970406905571650e-01
4.832618858845250109e-01
4.631058944898127638e-01
2.817072363988361305e-02
8.359527242104665135e-01
-6.005134410251333765e-01
-4.283232470908373557e-01
9.191811839914929561e-01
9.466706130470247116e-01
7.738112126938175850e-01
8.780557625241935948e-01
-4.702248607477667042e-01
9.503859658675213318e-01
9.603729643623888368e-01
-5.399192790102250727e-01
-4.651700233944480178e-01
8.674181913569054547e-01
-5.013379461044515928e-01
4.908758072649677673e-01
9.923549679941268131e-02
-3.862409115902485368e-01
7.536761492162072917e-01
-4.191257531990459917e-01
-1.663660496110691001e-01
8.789950876928520618e-01
8.785487813161803050e-01
4.636576654320631041e-01
7.509466721247328724e-01
2.491456084046462793e-01
4.794535342338513417e-01
-3.144950834648834737e-01
8.697740676714762476e-01
7.217138137328686920e-01
4.513987534023249371e-01
9.008694562625993996e-01
4.107167923810739474e-01
3.414472373343059308e-01
7.633014922824121751e-01
-3.299652381487182540e-01
-4.213696387382053210e-01
1.707593649120887069e-01
-3.728218517840820589e-01
-3.909518079375631228e-01
8.868329368016133474e-01
8.823921508166614469e-01
9.653845476090221478e-01
2.243317858848619673e-01
-4.274328931581626856e-01
-4.697024131563027893e-01
-5.591649258256631283e-01
8.990778415977690452e-01
8.568010913748624890e-01
8.942787541246562943e-01
9.234077350093851111e-01
8.778645904201893835e-01
9.594410800034234299e-01
2.696435587771603970e-01
8.796435745906092674e-01
-3.931671245925197899e-01
9.395241351604450841e-01
-3.997146971202341637e-01
4.777493307049025528e-01
9.621590772762137478e-01
-4.424549493619400198e-01
8.943485486904909632e-01
9.208647833524248316e-01
-5.660859590524081053e-01
9.590401320079661174e-01
-4.258132662904118293e-01
4.729505262801988463e-01
8.521688289506832437e-01
9.509674656148510152e-01
2.112718213824130442e-01
2.165377616222712298e-01
4.863573505810393494e-01
8.669425253705984602e-01
1.916874327852289006e-01
-5.134406968519453773e-01
7.497609864300364135e-01
9.788818528297913435e-01
8.564025711709581934e-01
8.611561072268181238e-01
-4.669716198094350235e-01
2.174911131880556125e-01
-3.861829550086858243e-01
4.332668119968839937e-01
9.373494559915601654e-01
3.265509068710638341e-02
9.175274980315746287e-01
-1.507830322882677265e-01
9.240031537295003705e-01
8.855582165782627246e-01
8.814119190112623681e-01
-5.648775728536912233e-01
-5.020249015717219709e-01
8.764616496698386383e-01
8.850155707316812448e-01
2.680638164027950854e-01
9.738673918846262323e-01
-4.535418274594089638e-01
-5.027392808551219838e-01
1.901089394106914576e-01
9.190529230588579956e-01
9.397892460477762500e-01
9.183395089361284791e-01
8.041123388856852294e-01
-5.635742460894456185e-01
-4.573962114009575974e-01
8.536872101317823924e-01
4.954817114819269896e-01
-4.779181111951885663e-01
-4.768282339686168436e-01
8.740436995783407159e-01
-3.604885865735196759e-01
8.343936354004620748e-01
-3.688459850623959646e-02
2.767164681003996263e-01
8.719211550191041660e-01
-3.151239956400095354e-01
-3.544898564994250489e-01
9.378522330250863570e-01
9.749816787955649655e-01
-3.309176711513837077e-01
-3.103878491488101243e-01
4.319476459052169481e-01
9.318412985382189540e-01
-4.699729053777788046e-01
7.060548499197896177e-01
7.000307408920272145e-01
9.181791929830981358e-01
9.669826005056000318e-01
6.167024461352806908e-01
-2.176861512365091955e-01
1.883983051033892020e-01
8.958770128072286454e-01
2.315382999987144197e-01
9.210902115346801811e-01
-2.882543632221890029e-01
8.937493543156870279e-01
8.241458166401770535e-01
3.054240596853690093e-01
2.526829004336368922e-01
-2.899647319359422437e-01
4.665601222444909491e-01
-2.692816521634507354e-01
9.393261469307601086e-01
9.985613557034659360e-01
4.509534792965956274e-01
1.805398173944556539e-01
8.786892961764882770e-01
-2.972112751593644075e-01
7.798193873731800174e-01
7.336048424007372004e-01
8.343217906778300774e-01
9.573397818650496438e-01
4.889836616647394441e-01
2.622108303942388141e-01
8.010172992112322976e-02
2.559592337367094794e-01
2.803295719951193199e-01
7.734012113033463809e-01
2.454161521168536364e-01
9.331138674817178735e-01
8.567619084624342740e-01
4.119338949725862564e-01
2.195205017878602560e-01
8.344655848186588454e-01
-3.324667469844433398e-01
2.152503636131113396e-01
9.854830103915988015e-01
8.680500045000667519e-01
1.967600746892263497e-01
-4.967657000071741269e-01
8.537162247691266748e-01
2.330236490722342457e-01
8.817292341942113421e-01
2.046592057732069259e-01
9.768231843001160541e-01
3.895947591573606372e-01
2.045918015582820493e-02
2.633735313303734449e-01
9.801158107821036358e-01
8.667939316486825696e-01
-5.334488679030764402e-01
-3.137527392316296071e-01
-4.532705525072311392e-01
2.245006579615908548e-01
-2.691299993942572466e-01
8.865042779078032842e-01
8.661880468527507482e-01
9.550312742696775992e-01
-2.422958119402015553e-01
9.198009233068087376e-01
2.267963200221453368e-01
9.830713938527573248e-01
5.341400063283209265e-01
8.821241358767712981e-01
9.546873548499237305e-01
7.825957542039447823e-01
7.726497271789813936e-01
9.473444438759937025e-01
8.686882999586584830e-01
2.508609500562328232e-01
-1.055533734205351543e-01
2.123853528169742377e-01
-4.098386087009475154e-01
3.196441108908364415e-01
2.422201744689590763e-01
9.662243479143164393e-01
4.537150206992879853e-01
-4.651083502000241121e-01
4.332728925261366548e-01
8.814385059964083835e-01
2.067628783803493742e-01
9.160453880749541700e-01
8.631832955783864669e-01
9.269576439944817725e-01
2.938282343349037928e-01
9.683038161645887154e-01
2.290372844961495180e-01
9.128482771711855515e-01
-2.856855662824698827e-01
8.785706099961012594e-01
-4.547072867646373417e-01
9.762524446409529544e-01
8.608994058074488365e-01
-3.686822550280248745e-01
8.548528049584499522e-01
-6.186182507642725703e-01
8.728715503893142991e-01
4.466448921040407916e-01
-4.059873753304458210e-01
-3.871815763257876464e-01
8.887600798022464721e-01
