1.070093006534292290e-01
4.694914013553945220e-01
9.162503512351902746e-01
-9.502797651537776835e-02
8.709679157240326486e-01
-4.323903995856241689e-02
8.516275545080748133e-01
7.228884161457294066e-01
8.760586403135923739e-01
8.789102106461326169e-01
8.573460601179603291e-01
-8.384168145260460780e-02
3.694815298038384155e-01
6.620705925799016400e-01
-4.548671167532103432e-01
5.513057422223492932e-01
4.781412550322225452e-01
8.840098089229618816e-01
5.246189992330968499e-01
9.175501473125320384e-01
6.534422269324671739e-02
6.216818601599038985e-01
-4.788346926374363877e-01
8.777818332032976123e-01
6.670105471757817317e-02
8.941094025271725254e-01
5.546326644779431270e-01
7.265555657027940040e-01
9.202864603766532925e-01
8.866330435292697487e-01
8.691013428847893518e-01
7.039681284282488516e-01
-8.173172665446323815e-02
4.022208496095722730e-01
-3.918798770649679075e-01
9.354136241035483634e-02
8.778086963888462879e-01
8.366097796030123046e-01
3.142924860554847655e-01
7.097459967713187767e-01
8.708109163448896073e-01
-4.981643865640713598e-01
-1.455816681090353892e-01
8.615898184919973390e-01
-9.084548437334244442e-02
9.928771029683011728e-02
4.795174423812067488e-01
6.912933172360130607e-01
8.987079525553105519e-01
2.398813037117867031e-01
-3.816402039411082581e-01
8.507175686317802743e-01
9.305884620410868058e-01
5.468855556097793613e-01
9.025897286903168393e-01
7.065426034955333279e-01
9.231054908770541800e-01
9.312642855055162094e-01
5.604536896177944039e-01
7.974637049263073596e-01
9.276971856735847233e-01
8.342476678837238424e-01
6.967228733790751249e-01
6.699015323914460085e-01
6.970167530599341577e-01
8.148977971794036934e-01
8.896998904950979004e-01
1.691646735777812272e-01
7.349763355094072192e-01
8.698675353734217630e-01
6.873597875936705570e-01
9.178144791500262301e-01
9.262186525861173525e-01
8.674060549260420583e-01
2.609112147087663813e-01
5.356188697441115476e-01
9.238517399419272635e-01
3.648982481856803961e-01
7.247638434245375905e-01
7.255954846181795759e-01
9.256675253482586907e-01
9.296917249842958642e-01
7.963879482907390006e-01
9.411654068029922104e-01
6.309651496017143479e-02
1.238052929312095374e-01
2.667320476317869282e-01
5.172847138918879040e-01
4.622675231734013623e-01
2.113104738389537940e-01
8.255865608873480532e-01
8.716184333821848096e-01
9.440758251881495311e-02
5.177347111823076276e-01
5.864635007679740442e-01
1.158228508044905902e-01
-4.028245309223525972e-01
9.029299733611058087e-01
5.045689983567155368e-01
8.801218015862271038e-01
3.447539547973771934e-01
9.120821805559742312e-01
4.983199252095610321e-02
5.264239566268136272e-01
9.157445392832581632e-01
-5.148266559098250150e-01
7.010321207252454556e-01
8.636771268818241865e-01
5.200414462243759806e-01
9.242744653734509264e-01
8.685279471485675140e-01
2.483220259246153305e-01
3.726356815008364243e-01
5.752038087337392192e-01
5.083624058987759042e-01
9.373684853353100310e-01
7.763940717734152397e-01
8.915724742092884236e-01
7.207442543576542127e-01
6.719990566980561519e-01
8.188251250097395850e-01
8.600020625069438873e-01
9.243629650395593922e-01
6.047901343983321798e-01
3.932835326651770158e-01
7.795188600094481446e-01
5.793296192730317262e-01
4.446226640818408682e-01
8.737798309185939027e-01
-3.847496621718671239e-01
3.349904344723160232e-01
7.905514338800530005e-01
9.246017886742445846e-01
7.178031644825366708e-01
-2.860219167024793951e-01
1.388944648696931738e-01
8.643350204307009843e-01
6.562587457681123837e-01
3.193979304077296799e-01
1.151287686753033335e-01
6.597920058589265557e-02
8.178718638406627939e-01
9.406440424193540650e-02
9.205751150524195126e-01
5.848269841531745783e-01
2.937900200967418218e-01
8.821960304942945141e-01
9.082030550205856256e-01
6.787921633280410427e-01
-1.549012587582988820e-01
-4.419057600475700953e-01
1.066144886168821915e-01
-1.046886555038434863e-01
1.490024046426227655e-01
7.552007763813808339e-01
1.118202739290142661e-01
3.383511927289628574e-01
7.541034533806199036e-01
8.615414286231775076e-01
9.354189418568348291e-01
5.810053425486210177e-01
8.135348872750127747e-01
8.095708714887910329e-01
-1.471926552730122573e-02
7.360642039362251809e-01
6.507195023472363005e-01
7.518137749364495193e-01
5.666162932133813612e-01
6.367044470117650956e-01
-3.172474319891323280e-02
8.575680704673829258e-01
5.002639467341165602e-01
9.171922143406177064e-01
9.094071715152349800e-01
8.958408638357397979e-01
5.859136122390523616e-01
-4.320160455795136745e-01
-5.303811108183521528e-01
8.738752775307647713e-01
9.135983249839370046e-01
4.931348597899185560e-01
7.502303852194860401e-01
1.070027662596799156e-01
7.292300256505197531e-01
-2.538427168280084634e-01
-4.731736193064962070e-01
7.621244374351083817e-01
7.147478192366274463e-01
-4.507084435931781874e-01
-3.876758816192434898e-01
-6.782013064071809594e-02
7.311591680524544001e-01
9.250404584979712297e-01
5.025274190106034933e-01
5.835770081431327361e-01
8.597260441577404544e-01
3.250016737401481004e-01
7.549142305765066396e-02
9.225735593941311041e-01
6.927832587865374592e-01
3.945323451716715724e-01
1.229231894735785258e-01
8.603380087933322207e-01
6.659865663574278394e-02
8.763543959801189942e-01
8.378865136449034079e-01
8.203877656028508714e-01
-1.296423168698321027e-01
-4.028336934030917194e-01
-4.899378586367497679e-02
6.366927389286800576e-01
8.639710984615137646e-01
7.159940338297681173e-01
8.022418254498231427e-03
7.596192107109964731e-01
7.864739428048224124e-01
4.179957938102776271e-01
2.915320202510436332e-01
5.850707663112079127e-01
9.528353595784516683e-01
8.730271734384689175e-01
9.334462680571437021e-02
2.684963957003838608e-01
-2.448789462828518393e-01
7.922545449721311028e-01
8.063779788375662338e-01
5.390758431210269652e-01
3.705062468070080550e-01
2.589068615330419876e-01
8.765019417093160570e-01
5.043699248055141110e-02
3.987713355758351064e-01
8.144755444230225017e-01
-3.789220348613516753e-01
9.310420429378218898e-01
3.159460044774822784e-01
8.635963285452468163e-01
8.669259821093178164e-01
9.086473489444334417e-01
9.230668943498917534e-01
-6.776785144900601687e-02
8.111561767493050690e-01
3.398225334692110966e-01
-6.607426920918665902e-02
2.763241397140355771e-01
6.216104527149043379e-01
4.464586366700744047e-01
7.335718339887218331e-01
9.069471532323336582e-01
9.353132578324750979e-01
9.234250789895155354e-01
9.337263168087974741e-01
-3.070433518370508930e-01
6.033301608217025436e-01
9.148433858760225412e-01
3.133033098700397368e-01
6.602748694010434072e-01
6.860735993996552873e-02
8.729170498407098355e-01
4.941670321729759174e-01
6.752933875105313621e-01
4.965829637271226837e-01
8.544176694251091053e-01
7.624914051180069485e-01
4.816234735684781776e-01
6.086923395852334995e-01
8.696238050655370477e-01
7.966128309635693849e-01
3.389934504183289565e-01
9.285885332543373227e-01
-9.247496507090188778e-02
9.167832315501344143e-01
8.798036857409283207e-02
3.938410279823403304e-01
3.908016877791172239e-01
1.648897507679419061e-01
9.140212207494455843e-01
5.552983954806917088e-02
5.499104578432745249e-01
4.508589911477927092e-01
8.598847373543894168e-01
9.126535643137498877e-01
-2.261194219747437451e-01
-2.393274062082796638e-02
6.895502313967911689e-01
6.978139079027032565e-01
-1.474409044330031726e-01
-4.436939080280037917e-01
8.583708324876209161e-01
-4.997178012729532881e-01
7.597241589456152910e-01
7.386581377445221586e-01
1.217143731091343550e-01
8.019540568433205507e-01
9.282741474962183936e-01
6.908283597971989209e-01
5.020610843141849466e-01
-5.090101051854669656e-01
1.994124773130964701e-01
8.620230211917129237e-01
