8.369887815030655487e-01
8.968916458236423361e-01
8.240047271896940861e-01
7.346249582401951361e-01
9.491594530001901120e-01
6.717590868505806112e-01
7.269032885920181375e-01
8.032183801402948964e-01
9.520148237044357975e-01
9.763632194880269566e-01
8.693750031158854474e-01
8.808122925158091698e-01
8.518669670665111049e-01
8.036931730151394282e-01
8.874111911574340539e-01
8.322373387938168943e-01
8.861129077979403856e-01
8.019155659277978909e-01
8.387711965704700567e-01
6.935267844534134252e-01
8.610964721644382980e-01
8.139627833833562587e-01
9.350317942115272674e-01
9.362657626261434718e-01
7.810251219358419483e-01
7.643897824028778043e-01
7.842921545872413303e-01
9.602867508590895440e-01
7.679305409859578102e-01
9.402797866935008742e-01
9.362364942616064889e-01
8.921315963653085879e-01
9.374834705584358385e-01
9.044048774870241392e-01
9.367998774224106651e-01
8.137603680783255244e-01
9.199107869625507972e-01
9.352003938800671490e-01
8.464982963395876192e-01
8.199603373199133571e-01
9.492274572072452177e-01
7.828758144417541365e-01
9.540863681498765736e-01
9.103353368352178343e-01
9.286637322030302233e-01
7.791827669913184984e-01
8.829711035431970778e-01
8.199158088292084479e-01
8.987214170550910097e-01
8.804940036842830997e-01
9.506440945772672846e-01
9.025437754166183435e-01
9.111828129348623628e-01
9.318938267890345406e-01
9.056008285305205963e-01
7.780561633713558578e-01
8.508759929526039656e-01
8.236681971767687571e-01
8.802090810279099564e-01
8.836421320703704563e-01
9.246100156990916252e-01
9.062647417728140198e-01
8.079503995461281285e-01
9.321330848303865935e-01
6.854675956891544963e-01
9.540998419367923145e-01
9.309804070024516598e-01
9.439159749877394923e-01
8.547994588174594455e-01
7.587125946789127218e-01
8.785323564392482076e-01
9.053664582316993670e-01
8.888315199998606531e-01
9.490516738655603302e-01
9.554363817808435577e-01
9.404280576815549075e-01
8.580120147552063870e-01
8.859354967983921192e-01
8.342182373475315327e-01
7.441118656872877102e-01
8.406090907440204596e-01
7.114479721944817481e-01
8.108120139812302618e-01
9.422822428670143413e-01
7.966382671475027433e-01
7.778713328969995011e-01
8.052431776999469104e-01
9.247441894812824525e-01
7.949490182552627626e-01
7.861986787093937501e-01
9.368108774853546317e-01
9.492118393175422719e-01
8.620358333512592175e-01
7.508641570667646814e-01
9.356351000782474614e-01
9.531940235860343336e-01
8.346878387672529431e-01
8.365217980563292022e-01
9.549606126510481463e-01
9.382893964730321112e-01
8.791782426066168110e-01
8.249300778867825201e-01
8.172737644203416085e-01
8.385955637084998582e-01
8.292669578276785636e-01
8.437651037886282346e-01
9.595985306273566717e-01
7.365273328129110508e-01
8.608137625038407847e-01
7.900263769502737787e-01
9.327810159661370504e-01
8.480574558973373867e-01
9.141068202061303216e-01
9.574707965114094277e-01
9.500298606393409173e-01
8.119823772464596079e-01
7.398618997315863366e-01
7.970431412207388266e-01
8.327464230549281865e-01
9.386495834996083643e-01
7.805545188094636933e-01
9.173122546859839854e-01
8.944352589691940691e-01
9.472680643278281742e-01
7.742272810178807418e-01
7.443831704837994279e-01
9.336641769951290470e-01
8.271103224072418048e-01
9.235947183501105329e-01
8.033248748857284571e-01
8.750199140637111572e-01
9.535547183565696860e-01
8.671989344516917164e-01
7.474642327049192403e-01
9.369838864321506922e-01
8.483142213377179441e-01
9.603607576022646919e-01
7.597300604600997209e-01
7.860231477801324917e-01
8.459607559254946896e-01
8.012954902352416031e-01
8.584753990570975768e-01
7.451039717467475842e-01
8.394904400425606816e-01
8.517218388676339735e-01
7.535667611019467582e-01
9.490587331589901421e-01
8.220159959464993227e-01
8.766262893992724514e-01
9.767191477688095258e-01
8.567719649225644662e-01
8.000430143827677032e-01
8.002308378035687397e-01
9.055309697110580647e-01
9.557300426406497573e-01
7.460926182591312017e-01
8.837022848264237673e-01
8.423546607706871026e-01
7.641880811229153636e-01
7.796603475381990167e-01
8.128006208717255543e-01
8.588178263396348822e-01
8.843884930415235601e-01
8.250984751503565029e-01
8.477710940154206121e-01
8.329070006896822642e-01
7.739115137145756718e-01
8.092165603818507469e-01
6.888306948782065842e-01
7.514420498940133086e-01
9.352547109068576336e-01
8.611138572764250876e-01
7.409646813286322464e-01
7.414362569617301002e-01
8.202084469347372675e-01
9.476292585923242751e-01
9.494679074386419559e-01
8.242834837464797504e-01
9.535561269189992695e-01
8.771161244629080977e-01
7.572020052459312867e-01
7.476808629710292031e-01
8.345214712645981914e-01
8.239792329723095721e-01
8.990193564221722333e-01
9.507544678802604121e-01
8.136492806323899485e-01
8.930834618261016544e-01
9.525818903686692485e-01
9.107100207435926409e-01
6.746879986631597603e-01
9.142403089664659088e-01
9.470180923612006030e-01
8.747239459336819678e-01
7.789873654195000885e-01
9.576177991943075618e-01
7.123102210969791681e-01
7.685952291655793189e-01
8.077127573106248626e-01
7.986814539625333165e-01
8.397822845723805774e-01
7.647241133962194848e-01
9.171062633250540719e-01
8.708623686300097644e-01
9.329672693055146571e-01
9.263193535945558610e-01
8.621673064457995306e-01
9.589049875858932648e-01
8.154726808802592597e-01
8.238529945719048619e-01
8.057214559789387387e-01
9.372085559801011101e-01
6.835589258120208234e-01
9.533615062599144485e-01
8.485357106347243272e-01
7.879643826127733508e-01
9.321142573095577699e-01
9.608129543749241996e-01
9.520669762260292046e-01
8.096887502032021899e-01
9.335696636471241261e-01
8.829975574649473469e-01
9.420126829513462141e-01
7.907685132989648036e-01
7.530977284151324502e-01
8.440303410107830029e-01
8.921339216939783157e-01
7.904652528895259600e-01
8.320956533810140998e-01
9.475345690330161386e-01
8.858753282899350934e-01
8.275316496836476743e-01
8.181450719756910850e-01
6.832016926405256596e-01
7.086832181403088793e-01
8.621703518288170720e-01
9.333431708256397785e-01
8.145812396709681824e-01
9.442897183195264610e-01
9.400670169913478702e-01
7.539986108575824630e-01
7.810842850143162597e-01
8.979592701394626397e-01
7.280976935010397000e-01
8.280344187610988449e-01
8.357522563340031851e-01
7.422615739731261986e-01
8.355054929051273227e-01
8.179345558903345914e-01
8.404381889120200455e-01
8.624256550330074989e-01
7.965244465795888740e-01
8.306666270279232656e-01
7.964068151098948611e-01
7.842106801169879127e-01
7.786997158782349437e-01
9.254115336065990016e-01
9.071740170706947826e-01
9.099728361728275372e-01
7.567904186534712974e-01
8.652985162214685833e-01
8.805784750529351834e-01
7.406446935285522226e-01
7.464094378252025264e-01
7.897096274466657295e-01
8.303257722587027434e-01
8.558722128819629127e-01
8.534132428765666134e-01
7.960012337098272273e-01
9.548997246930446270e-01
8.457720853632465507e-01
8.361620645396582452e-01
7.984372144244338276e-01
7.442954574145819180e-01
9.457565257443520945e-01
8.189737230073519392e-01
7.307750386322129366e-01
8.074590110683277366e-01
9.370495513165004731e-01
7.378774169194883825e-01
9.031314845577387285e-01
9.138908024014897880e-01
7.673365969473997517e-01
7.144734442476395886e-01
8.991642784662053911e-01
8.737188017405252971e-01
9.500280487127144013e-01
8.563543819483556696e-01
9.455709464115973351e-01
9.502414143090911480e-01
9.253105630569672391e-01
9.150655103958741377e-01
9.445034912862606546e-01
8.274885818700976614e-01
8.629985001286852864e-01
8.124811777870907248e-01
8.386071373106892546e-01
8.047036862277425762e-01
8.027995308378583772e-01
9.343914028508992775e-01
