-3.328219690505986872e-01
-3.040453194194607245e-01
-1.163256908932743666e-01
2.564342480835183902e-01
-3.066821160121269707e-01
-1.568155122753388531e-01
-3.309049045681201617e-01
-4.360333495616328103e-01
9.136672214072607545e-01
-3.665893897075127583e-01
7.378786714732764596e-01
-7.646690041355898304e-02
8.832132276333316545e-01
7.036317896596810950e-01
1.768368460124082608e-02
-4.249509564227246239e-01
7.519625258926672107e-01
-1.104575639777263529e-01
7.014890227587733396e-01
-4.018939621758063629e-01
9.319315499596090291e-01
9.208101651392770481e-01
9.328353055219708034e-01
-1.961178669824200915e-01
-3.552401080787714882e-01
-3.755555272174109227e-01
7.294156958014119674e-01
7.345569538624279193e-01
9.332076524982523269e-01
-2.871101058393541461e-01
-3.621240321067022983e-01
7.819875510117940687e-01
3.207538971723249421e-01
7.998589935871464052e-01
-4.014787427399800213e-01
7.742808952992842331e-01
9.020066260166641481e-01
6.792437741062016254e-01
8.481960266614443356e-01
7.107505824855927523e-01
-2.159611706578723755e-01
2.415020734460090746e-01
-2.409875309083756023e-01
-4.089954633112733440e-01
2.190556281585643306e-01
-4.503231746514994582e-01
6.586735773527487015e-02
1.227347296830248388e-02
1.978922254843244188e-01
3.228425048802746611e-01
7.394291705185098706e-01
9.056913451592376596e-01
-4.152397678773144252e-01
2.067918040721874184e-01
-3.011322367424753566e-01
9.288732233786836101e-01
2.702680448047686465e-02
6.811523033353448359e-03
6.995593324441474747e-01
8.950725957488734341e-01
8.986668180019653507e-01
7.627475438951807352e-01
-3.852300780147930315e-01
-4.217987342778308779e-01
9.268484220305834853e-01
-3.305495264080480777e-01
9.005513299649623438e-01
-2.965114232383735948e-01
6.965990990497813451e-01
-4.457016289886749361e-01
8.408309562276516935e-01
1.179871223494757815e-01
8.745146550810022346e-01
-4.112885496081979952e-01
-1.590446474839507240e-01
-4.711432504556081202e-01
7.510270163978660651e-02
1.551739444418713809e-01
-4.797645790028804980e-01
-3.271518743450729239e-01
7.770855634143836177e-01
-2.552856817637612075e-01
8.570817788223865641e-01
-9.284634441652370174e-02
-3.852448033825552898e-01
7.947270758338264018e-01
-3.242706206854632511e-01
-3.581313544837496088e-01
7.374913498836858095e-01
-3.254417732042498845e-01
8.855413746250648810e-01
-3.507572896136591512e-01
-2.338799337806977408e-01
1.969692543754491543e-01
8.932418410077820337e-01
2.469965591043025155e-01
9.171759562174706115e-01
5.519062536486470105e-02
1.507048883447115184e-01
2.622245791067819368e-02
3.113162483887336185e-01
-1.823392591110968020e-01
7.399997420877465482e-01
9.383186021130671683e-01
1.084964094127210399e-01
-3.325800708135565054e-01
-2.449685012221644864e-01
8.137067440734735424e-01
-4.534678998215112000e-01
7.038284643645207339e-01
8.473699933218759028e-01
7.744594238716824286e-01
7.109724281271984081e-01
8.981789608151898863e-01
8.773314929657736183e-01
-2.296006714279927030e-01
-2.398443574930227140e-01
-2.402446913774315684e-01
-3.934032041080482434e-01
-4.443626952170355859e-01
-3.471901423593887759e-01
9.260929863365034986e-01
7.477931949540833623e-01
7.814512561024133941e-01
-1.513547987043256937e-01
-3.189072041873111663e-01
-4.328423209322059817e-01
-2.948393774449032945e-01
8.214743525367095289e-01
-3.669947992605872011e-01
2.476645499512836746e-01
-3.894710076901539142e-01
7.165061595895275692e-01
9.192814909312257976e-01
8.435591227166406858e-01
-2.983556986742363359e-01
9.384806592130903180e-01
9.664401225606819579e-02
-2.064661625888595253e-01
9.291890639861168921e-01
-2.610685978862224421e-01
-2.490811992749003834e-01
-4.415828498727792928e-01
-1.397190191062607223e-01
8.186407186124080582e-01
9.144943016513287226e-01
8.609960001075401825e-01
1.247982094102516731e-01
-3.250339245054591486e-01
-3.638966604308023212e-01
-9.783627523370143353e-02
8.809544348212365872e-01
9.107054048993450390e-01
-3.893391179406368030e-01
7.931004530325885815e-01
-3.508211215664558957e-01
7.043113583945512235e-02
8.755565979534999377e-01
3.673723489848844670e-01
-8.882212055562377362e-02
7.876496127514189816e-01
8.744665822852076831e-01
-3.506217154507906275e-01
8.948937046747670321e-01
-1.087980847035105308e-01
-2.563056497725494931e-01
9.334295753070688262e-01
8.121989802925728696e-01
8.019226071439088388e-01
9.237632289746070535e-01
2.451195053877064933e-01
-3.521764268493153271e-01
-1.261081125715363127e-01
7.814070729046972419e-01
-3.023814873410428650e-01
2.174411559921298753e-01
-1.383984742224751985e-01
-4.228756466779465262e-01
-4.089552203247061035e-01
6.970489285333012486e-01
9.268201650682500459e-01
-3.806361433962556218e-01
9.011112341395888237e-01
8.989803967029880161e-01
8.391083624791294548e-01
7.869694715400095131e-01
-2.053581820111241019e-01
-1.951661152884756056e-01
7.861336604653266225e-01
-3.278593099297953395e-01
7.998623191277400846e-01
9.165845234540139774e-01
7.481183523268764013e-01
8.730834861621550314e-01
8.690484916852853070e-02
9.232069946549822381e-01
3.638649566374785316e-02
9.161650989774005049e-01
-1.095561376964306888e-01
6.777843212732944655e-01
8.729705967695310376e-01
8.288061793026362256e-01
-4.071917865547137749e-01
-1.994370129154172250e-02
7.426976292535292234e-01
9.200214277312723787e-01
8.864609543394217361e-01
5.735194523933711402e-03
7.488277713268406410e-01
-4.314226065762416518e-01
-1.193800083147971702e-01
8.633511873467769604e-01
9.044974724238241670e-01
-3.123230678914832859e-01
7.376006923092338630e-01
9.278483887180201117e-01
-4.113070601558364014e-01
-2.185986561653026072e-01
-3.398234331984930634e-01
2.193352615685208173e-02
8.992265130927759031e-01
-3.719220919636338496e-01
-1.226960305669179407e-01
-3.932759080848133304e-01
8.766303228475222920e-01
-2.976935572851855949e-01
8.072653876509152671e-01
9.576944552813654310e-02
8.578334675972192347e-01
6.659231481571956657e-01
-3.532368559254224216e-01
9.063795111923044212e-01
2.336349001493009947e-01
-3.981944404815398464e-01
2.299629143193988035e-01
-1.961652383079190154e-01
-3.861106271063980411e-01
8.843315635357906768e-02
8.708927356496569683e-01
7.414806974357273095e-01
-4.602260411907087984e-02
-4.196104780510450105e-01
2.184444705960038313e-01
9.199826965923596500e-01
8.386949513099766218e-01
8.796270858635805157e-01
7.569002792468561003e-01
7.528084623736140957e-01
-4.863798017251229344e-02
1.704607693764739196e-01
9.033837916866821471e-01
-2.116068847076835457e-01
-3.873559016172276048e-02
2.132537868991030428e-01
-4.219445122027724038e-01
2.353808770638348424e-01
1.397795232638310847e-01
-9.815717402022026972e-02
-3.795597910405097419e-01
7.307310500678134702e-01
6.920884130167215265e-01
8.755854667581333128e-01
8.711898617927297250e-01
-1.267677737584244763e-02
9.247518145763219399e-01
7.665007504858794007e-01
7.987855913489353421e-01
9.238063405256512484e-01
7.466774706061053424e-01
-1.216447788787377304e-01
-3.966610136068108861e-01
8.879834783223711225e-01
3.038287914230525799e-01
9.286967441850982885e-01
-4.422698388695543437e-01
-4.316828991538182447e-01
8.980317003641623552e-01
-2.523065124740268561e-01
9.440175534357239107e-01
-3.975559381857117769e-01
-3.343928176686674081e-01
8.794475554328967659e-01
-2.981250746553210651e-01
2.219244810667787560e-01
-3.746859956605414488e-01
-2.689696700807719942e-01
-4.049151881269542619e-01
8.588459196176626564e-01
7.316597959533250872e-01
9.582955842979265504e-02
7.638115710110303658e-01
-5.638144870172772521e-02
9.230352569643818228e-01
-1.143691705480271159e-01
8.932045770437443410e-01
-1.489918144486836182e-01
1.682216869606264764e-01
7.444571287983317021e-01
9.142824010361095821e-01
7.612310044792273134e-01
