8.935553990175533201e-01
-6.487781237082404506e-02
9.442513978911019068e-01
2.417538386916545934e-01
9.226014483621820528e-01
2.508765981894889308e-01
-2.693088051986390896e-01
6.726584414175180715e-01
-2.583149210841523824e-01
6.871340265146894111e-02
9.356427197148399211e-01
8.793389629971293253e-01
8.066418105335172450e-01
7.178288737712945622e-01
8.650253310318959388e-01
-3.939086764328696422e-01
9.190445233772072120e-01
8.626031879514911571e-01
-3.382593808253877010e-01
9.106785019814835902e-01
7.749459630525463716e-01
6.663541049123472559e-01
6.979629899346599942e-01
9.124042076996605743e-01
1.652477697001014934e-01
8.391977528393472774e-01
8.454056407496215453e-01
4.120934088253844219e-02
-3.276126975431088439e-01
-3.676257031490265392e-01
-3.521392060767121190e-01
-3.470565339945786976e-01
8.398316661653417725e-01
-2.825359990015955391e-01
-7.354882675482579679e-03
-3.470406565339255733e-01
8.583808652081185153e-01
8.085124730025455841e-01
6.903463653456884952e-01
-2.223813273863260720e-02
1.786694537605276467e-01
7.466283984265634777e-01
-1.044330928433391537e-02
-1.420830582370708473e-01
9.118459490175591098e-01
1.338422938517834504e-02
8.440348147158096559e-01
6.818582654267190124e-01
1.095560913756995179e-02
-3.148482633125316288e-01
7.495847101669667056e-01
7.475522780141842238e-01
7.692816779463544918e-01
-2.889086127243829516e-01
8.514652300404393914e-01
9.327215101146779652e-01
8.330826354809425238e-01
-3.938449515330268436e-01
9.244336016755743124e-01
1.301821562528458209e-01
-1.493584625810250588e-01
1.182282388874726087e-01
6.964587700652342672e-01
8.775010330325350161e-02
-1.905007754466652992e-01
7.016469028140825959e-01
9.305046370154510527e-01
-3.522006231007817068e-01
-1.635963628437016038e-01
-2.554718570696482005e-01
-6.482210674148654317e-02
2.196365654708495596e-01
-8.337217399532764750e-02
8.544736231189627995e-01
9.054387024833405739e-01
4.760088190532039965e-02
7.634798419922749213e-01
-3.955433318982589097e-01
8.530173194834490547e-01
8.056356247329136133e-01
-3.151986238299615134e-02
9.273405899737610092e-01
8.701001904529720443e-01
-1.915342928188238369e-01
-2.517534475530841531e-01
6.675322339025523410e-01
4.890652277591581165e-02
7.705918998529112107e-01
-3.198062310167517630e-01
-3.727920702093777683e-01
-3.782689185037639290e-01
4.709550610730808828e-02
8.574772877012504235e-01
-1.585534365736891715e-04
7.883708743370013705e-01
7.402325842362179609e-01
-3.614886309987531132e-01
7.141949856121867501e-01
7.551442771946911270e-01
-3.944321717445178344e-01
-3.226487822792694082e-01
2.172588075807422858e-01
8.850581627128617512e-01
-1.349468264111439719e-01
9.481046451685599674e-01
-3.216767893113647858e-01
1.206848393210222248e-01
9.000529510489817531e-01
8.658786637354921600e-01
1.369196964737805222e-01
8.194930033475578135e-01
7.575333238870354258e-01
9.288376225083853077e-01
-1.871932856264147405e-01
1.433636995420653482e-02
7.456581595050191247e-01
8.571826890121686526e-01
7.380740333820653420e-01
7.723459634994230827e-01
9.153993221171720096e-01
-4.033791103376116460e-01
-3.454069775396184649e-01
-3.219364755031915992e-01
8.796357920386598250e-01
-3.599566035974424150e-01
9.016837648327287180e-01
8.552444687293444536e-01
-8.446576090902054024e-03
-2.635981427004333022e-02
-3.698810989870812138e-01
-4.598551867093411127e-01
8.800771216248298723e-01
-2.333490183997127820e-01
8.380827597130316997e-01
-3.515615120925280612e-01
-4.067528477603431503e-01
8.365395168874297793e-01
-1.631687798460257077e-01
-3.221494565067522520e-01
-2.130256446191319541e-01
-7.062495175075285403e-02
4.116199851376031726e-02
-1.868840551301710617e-01
1.878151813135055803e-01
-1.910717381591221092e-02
7.314963082291408014e-01
-3.900150885686473612e-01
7.409794794076298707e-01
1.722098565024220707e-01
9.092714763047141657e-01
-2.584911149793234775e-01
-2.317281447361625446e-01
8.858169649748043328e-01
-1.195834043098968347e-01
-2.325040651408282755e-01
7.491176138647154259e-01
-2.852084889315682492e-01
1.208878621242718762e-02
7.261951362847578473e-01
7.468474298545422219e-01
-3.843067168640260101e-01
8.967475973016366675e-01
1.262524600872521052e-01
-1.747210605736853328e-01
-3.202271018173323269e-01
-2.967858056252637433e-01
2.269630232284485793e-01
-1.264137580371455516e-01
-1.898436902732117959e-01
7.570241444780759776e-01
-2.195618251319832737e-01
9.016375992945722118e-01
2.669988154867958957e-02
-3.548671149830940896e-01
-4.241956353063091600e-01
1.401020177656867316e-01
-2.521689933872286460e-01
-3.567278475944409832e-01
9.342117838925176887e-01
9.189578588829722117e-01
-1.062737704383784482e-01
9.045504808291823240e-01
6.948253706897613569e-01
9.307894371336533634e-01
-2.890919272687296204e-01
9.199061847171503548e-01
8.159016337735504054e-01
1.661584439603694743e-02
1.733525728872228888e-01
8.571222575643571151e-01
1.371538852855723190e-01
8.512151766199729241e-01
-1.546085899431042243e-01
7.962369278929734007e-01
8.592798471496022605e-01
-3.550697323688747908e-01
7.920966946662790775e-01
7.241809174645342795e-01
8.947098738475336432e-01
7.317195672535579121e-01
-1.855097514351767840e-01
8.520810952000903438e-01
9.099450766118213352e-01
-1.776059191731692299e-02
7.701744828921307240e-02
-3.378372027043842762e-01
8.392798695619041460e-01
6.944981613467865467e-01
7.363296135709026524e-01
4.140018101598639394e-02
-1.049636336855520463e-01
-3.791531523720313990e-01
8.086677490674284430e-01
8.669909740183341373e-01
-2.720368272548226440e-01
9.427412526158526207e-01
-2.217391283225764453e-01
6.493007067967508927e-01
8.102174796098384757e-01
7.526670867835474343e-01
-3.194733152312546065e-01
8.560057793243166513e-01
2.529651477945745741e-01
7.081215008545669320e-01
7.056926598006949547e-01
-1.598664924647812957e-01
-1.945768152176971799e-01
8.878517475408562731e-01
2.403853719092627003e-02
-3.697129847284185145e-01
7.579358108936092853e-01
2.170110919371774361e-01
8.475129069884942967e-02
-1.177445862957526151e-01
7.864888969826112630e-01
-3.069007345595415881e-01
-3.634581445918331766e-01
-3.666350260844748465e-01
-3.968892341090250464e-01
9.165669776006190039e-01
8.245491754174925914e-02
7.127706326794162051e-01
7.570224702135208705e-01
8.417554611509797668e-01
9.292290366676836388e-01
8.258320487873063165e-01
9.253489561979801881e-01
2.963835641202853255e-01
9.379876308268464413e-01
-1.946579524054038446e-01
-2.313215298792998253e-01
9.205131165359294876e-01
-2.969698569060755244e-01
9.005504795784532446e-01
8.953240500008676772e-01
7.694697204442370042e-01
8.257383676923221172e-01
2.116466994045051453e-01
1.089383486265250028e-01
9.199254206787763621e-01
8.876136930670800451e-01
7.978472100514403254e-01
-2.347224771726912351e-01
-3.036842214292826553e-02
9.068905642005554713e-01
4.054399072167745588e-02
8.348624977015688398e-01
8.614846336984235409e-01
-3.925753131274800634e-01
9.951139781138135243e-02
8.711392444802197321e-01
9.262351320259164522e-01
7.797718119944729853e-01
8.781272276545329936e-01
6.706312745451954438e-01
8.857594518789467797e-01
2.154968358377327697e-01
7.914801783247832345e-01
8.602650233936084412e-01
-6.288463613633199500e-02
-2.798467454976846236e-01
1.308436695900611624e-01
9.065246020156492168e-01
-2.354893876718044399e-01
8.908723271366847385e-01
-3.581667703790377688e-01
-2.619869671278894918e-01
1.233171674676192542e-01
8.363599203251813607e-01
-3.964297471696779374e-01
8.993391571375234372e-01
9.269141909872778973e-01
8.745130097002210556e-01
8.955006243482795947e-01
8.443865820622252771e-01
9.182756550819268782e-01
9.283880965417936615e-01
-3.647282903468188064e-01
-1.482361659335581505e-01
9.120270416075202391e-01
