7.190202408641404030e-01
-1.135584312948767216e-01
8.885391949657541755e-01
8.558356365703376767e-01
7.309082742630059748e-01
1.757249188627277858e-01
-4.315050180717802109e-01
9.073618384098687262e-01
7.934871262844452877e-01
1.391169393097122647e-02
-3.526189630816127796e-01
9.048683672121471400e-01
9.307524248588538995e-01
8.917040396271014302e-01
8.874530268600527849e-01
9.034887814951760854e-01
8.954074585503686290e-01
7.160703107229452469e-01
9.035990504463551343e-01
8.011640025118557107e-01
7.664232169301977704e-01
8.999436924508792401e-01
8.891343000088686166e-01
8.804617774812214526e-01
2.003037398978672057e-01
8.919617862726828550e-01
-9.352008647892977311e-02
-3.484867518553912136e-02
-3.273028104549131068e-01
-2.400661354943972592e-01
9.050816265935888172e-01
7.389297744652696398e-01
1.266315170781844301e-01
-1.627281416175875850e-01
-2.388577278594594677e-01
6.864275879202381692e-01
-2.605773816039839152e-01
2.594772503425435417e-01
8.617753653506639022e-01
9.223055135256895687e-01
7.507602624740318253e-01
8.953693082413679560e-01
-1.359512314826974988e-01
-2.577990085475734272e-01
1.998468378202158391e-01
5.162622255388481934e-02
-4.086031973385444993e-01
7.818368541935859506e-01
8.839270793933360348e-01
9.095198349124602455e-01
7.884682116794909934e-01
7.200745812213895647e-01
-7.725233027455111201e-02
-3.109403760491777913e-01
-5.723715908001613534e-02
7.865352578814810425e-01
-9.311328042655453441e-02
7.044880156744500743e-01
9.084231875236042919e-01
8.489343119578088848e-01
-4.623835123050767937e-01
-3.912776036460902107e-01
1.889370422945477745e-01
7.656690704668447367e-01
-2.821995349849362178e-01
-4.966203107975976361e-02
-3.874580705030818972e-01
7.948396773861928777e-01
-3.292127176814894640e-01
1.148309063067919772e-01
8.064835808762829683e-02
-1.599952768909184142e-01
1.275942111604831397e-01
-3.351740757435439644e-01
1.761067144136388429e-01
-2.856161430814780910e-01
5.577300622965312982e-02
-2.320469281640985815e-01
8.158835969465347837e-01
-4.006374749563270665e-01
1.003243495399828711e-01
7.951804882373076921e-01
-1.329894294560027279e-01
-1.598506005138069508e-01
9.885900317700094253e-02
-2.625727913933074698e-01
1.498401728498509611e-01
-3.313685571332766200e-01
-2.874124165525707708e-01
8.962922933041485019e-01
-1.979525419102727835e-01
-3.919203415836227111e-01
-1.572117940021670601e-01
-2.466783682096004293e-01
1.599902830423255151e-01
9.146035599473206767e-01
8.871034788765224111e-01
-4.103581916355369952e-01
6.839573065670975782e-02
7.739016615253008213e-01
3.607266208664511864e-01
-4.049450645120582504e-01
2.402276310573055462e-01
9.158446916700676566e-01
7.552423539429563570e-01
7.659543610624217624e-01
9.061452608075488691e-01
9.274527948061492832e-01
2.052920408074902503e-01
7.634040196184507243e-01
-5.987790248060197162e-03
-1.394540600185970314e-01
-3.045633298225264296e-01
-3.244312700197189425e-01
9.021564989693237058e-01
-1.532032615061211522e-01
8.281924589902358580e-01
9.136672431288741514e-01
7.937590625472097372e-01
-3.596142977370322402e-01
-6.669928438162252282e-02
-4.402204218297721128e-01
1.436380367689277793e-01
-2.764550008714041773e-01
-1.954422666833095512e-01
7.051392959086535406e-01
9.113521813694390739e-01
8.449055937897748114e-01
2.031965817819833542e-01
8.862398290368950216e-01
-1.660744584004621160e-02
9.122989833149676153e-01
1.220242521327556950e-01
-3.278235260109850224e-01
9.240392535295555154e-01
7.883084369566096816e-01
9.223529777901853244e-01
1.362398380696189792e-01
-1.939480355220196128e-01
7.157576615422086563e-01
9.166330916186404831e-01
9.191715745399808846e-01
-3.314950185884992240e-01
9.304882059576858877e-01
-2.718944919482098044e-01
-3.878794431348997485e-01
7.910483598604390876e-01
-2.539138780477726565e-01
9.165622888756712605e-01
-3.378140795873889601e-01
8.946602699157512051e-01
-3.892394639509580978e-01
3.279511131696177112e-02
-1.890414749921983384e-01
-4.513337648804745250e-02
-3.333462044986238437e-01
-2.355317917007791473e-01
9.301088871679319414e-01
3.782594413927960891e-02
-3.412631913801807415e-01
1.166104103198674080e-01
-9.358049770350337915e-02
7.867841584888264350e-01
1.552306226546983775e-02
-3.124754112529998795e-01
1.262397157597344166e-01
1.666976983970337722e-01
7.432474750862788637e-01
9.023848303055286291e-01
2.488126841950211859e-02
-1.846143566890472432e-01
-2.993654659923442596e-01
-3.116340079393128265e-02
-1.033999623655147693e-01
9.021649098837976055e-01
7.291737587918004637e-01
-2.212401571106786258e-01
7.634645263093498002e-01
8.620923563756277552e-01
9.259568979100373243e-01
1.744782771950341982e-01
9.127223063836766848e-01
-2.535259587934162728e-01
-2.660557748359778651e-01
-1.704259429554325078e-01
-1.533441822727101000e-02
8.125109291656584798e-01
9.260477502041190023e-01
1.188527427035351580e-01
8.104409680083290990e-01
8.456622328682374956e-01
2.678527117995015971e-01
8.662172297150592115e-01
7.457768817885350732e-01
7.522568429402646251e-01
9.236479180671288702e-01
9.115211105807604630e-01
1.228883882029714256e-02
7.693218228632534572e-01
-3.851312395690444090e-02
-3.640002837354821552e-01
7.310432601529557317e-01
-4.385420522744399863e-01
5.790938642397387703e-02
2.609238437901273411e-01
8.773394577152132667e-01
8.788802139881040087e-01
7.204589511268518764e-01
7.796390665534813635e-01
8.591545059678605822e-01
2.459000462411146115e-01
-2.580777212777228824e-01
1.362952650650631758e-01
-4.108641892705717225e-01
8.652252815682552889e-01
9.208579455299562566e-01
8.573718966232477534e-01
9.261255463405644317e-01
1.179527055198589247e-01
-4.273460526950053490e-02
-1.686108291083971977e-01
-3.400992102402620176e-01
-3.241776500976541464e-01
-1.028632601778447231e-01
9.200450551281388334e-01
7.687337652320660464e-01
9.018947308948964681e-01
8.822619864847122129e-01
3.878657571651692587e-02
7.513006899695076068e-01
7.926286501993998757e-01
-3.189466571500694236e-01
-2.809329649917657878e-01
9.096593680626766654e-01
-4.305049988800443983e-01
9.171241909396546932e-01
-2.906060224572607487e-01
7.015586235866100306e-01
7.605211290453489648e-01
7.282305813276815920e-01
7.241353386301283557e-01
-2.489173484364851086e-01
-2.372586147645116272e-01
8.306727151020316668e-01
-4.384215152446731545e-01
-2.168674200918385142e-01
7.905349823660025033e-01
8.305857661455074981e-01
-3.427566492669283371e-01
7.512874352085193719e-01
-2.417144934461968875e-01
-2.367147230871193275e-01
8.855523757843420940e-01
7.036327482416270263e-01
-3.702316587056186381e-01
-2.487037005222465236e-01
-2.529845864195009453e-01
-2.565938394310638970e-01
-1.765529162584797418e-01
-1.901725226703775834e-02
7.773137417738236188e-01
9.229057343250445244e-01
7.506484453687757297e-01
1.840865030613249020e-01
1.387163803830141484e-01
9.056040364891312366e-01
1.765576087469285793e-01
1.143550153241770645e-01
9.336622504645640808e-01
7.203713263163495917e-01
1.999535775026079626e-02
8.314343711508070944e-01
5.181388604444556178e-02
-2.916634608587322375e-01
8.666942327495602560e-01
-3.419472564811655291e-01
1.298566806796989659e-01
-2.736795287522310605e-01
8.732295390314106509e-01
-4.105632733624955399e-01
9.303292279924606500e-01
-4.136511274619399381e-01
-2.509863186988435246e-01
1.500894700300154649e-01
8.123479700666695891e-01
-2.343057546296072047e-01
-3.669513032115060969e-01
1.191448921166579633e-01
1.213495719951958041e-01
2.838455594719154207e-01
8.940549638881590822e-01
9.041412986046656330e-01
-3.083738571640316783e-02
2.192648303258539766e-01
-1.025098794490314769e-01
9.078197418943796393e-01
9.007457819461455184e-01
7.135795943378387962e-01
9.172873361225261091e-01
-7.153252051380891430e-02
