7.338848549273186972e-01
7.425903423196322795e-01
-1.257085929965414128e-01
8.942063828892626853e-01
-3.290720947493602777e-01
8.238938478935274590e-02
7.174940130498952406e-01
-2.481122021397292599e-01
8.729892767711211476e-01
7.741717868924768986e-01
-3.407478166538348008e-01
7.295064263455935949e-01
-3.211502614499706088e-01
-2.953134457618290520e-01
9.102341594702632044e-01
-4.763500408636232863e-02
9.295752008691151591e-01
9.015987430887825171e-01
-2.892576508399937740e-01
2.087980819172639002e-01
2.556965767001286305e-01
7.648640551008354382e-01
-3.002003472194119671e-01
8.588746403415620234e-01
7.169419816493507458e-01
7.896431647681241284e-01
9.046926015233762719e-01
-3.780009075926892836e-01
8.018786839881678619e-01
-1.445303095827030759e-01
7.865755283707802636e-01
9.041287983530404970e-01
9.208723851811071448e-01
7.372635320126080805e-01
-1.722043998624432359e-01
7.472204186159073780e-01
8.461079172135181903e-01
-3.506679112816705746e-01
8.920618674353967270e-01
8.914961677359833914e-01
8.116649756182812148e-01
2.197884527928423148e-01
-4.324685021079278657e-01
-3.632667885572753441e-01
9.069651832257380475e-01
-3.025436562252046824e-01
2.538211968967427623e-01
9.325878560780866966e-01
-2.815621296976103527e-01
9.135810551276892788e-01
5.551175696202244325e-02
5.886727294771780528e-02
1.130796291326957859e-01
-4.194905885985726890e-01
9.222944882766787034e-01
1.249889657886985375e-02
9.193895797759078503e-01
-1.757920196746544650e-01
-3.447856054859961272e-01
8.200336523321626325e-01
2.039521292407197317e-01
5.475280778226482292e-02
9.199490477612380923e-01
7.155920717139372389e-01
-3.987662117477707713e-01
7.594910076051629710e-01
1.360793148740814702e-02
-3.601875482246132409e-01
7.214255546273078412e-01
8.097765347456219454e-01
9.290842794244835723e-01
8.441883717464579995e-01
3.604539051551875622e-02
-3.259373528880619153e-01
9.117699294012945321e-01
8.971324276892481686e-01
8.099870995621915037e-01
7.804541320762350409e-01
7.486425288302868131e-01
8.527552802104737539e-01
8.249617716399518796e-01
-4.815170923557902660e-01
7.955522315745501283e-01
1.107908687802396791e-02
9.017646048429587280e-01
3.527224446216613574e-01
9.173278913520958033e-01
-2.359896085418060063e-01
9.037914288564101728e-01
7.753225378639555521e-01
-1.775885577709148122e-01
7.695125435650116419e-01
-2.394226645548672705e-01
7.043184451924705547e-01
9.108265052176489629e-01
-3.925426547552595125e-01
8.174411210014898010e-01
8.706550422695353841e-01
9.125290850295081357e-01
8.498163977831203475e-01
1.966785268026934319e-01
-1.588757312075829986e-01
-2.260661903096422842e-01
-3.969935126093315225e-01
-4.016623857355640648e-01
9.319369388732473558e-01
4.642179897044367010e-02
-3.406993418207990287e-01
1.646026610829486592e-01
-2.869649726437705217e-01
-2.050537799083826107e-01
-7.324582611142839428e-02
-1.689051593368693510e-02
9.101025327112390872e-01
-1.755521981660434216e-01
7.411818943195398468e-01
-2.141723417469890700e-01
-4.852445112811291927e-03
-2.558670033798551291e-01
-2.070814768353703150e-01
8.983135842833397389e-01
8.966113460601157770e-02
-2.592915973484914427e-01
-1.587701025280015554e-01
-3.122855135431806262e-01
9.224363280187419800e-01
-3.821392763574061879e-01
-6.823288921644446448e-02
6.815025392770213131e-01
8.828288228853636843e-01
-3.763068480147052641e-01
2.047564360318815946e-01
8.494155494169862708e-01
8.273860316578498519e-01
-4.401995715057092640e-01
9.136709186617061329e-01
8.967196457998450887e-01
1.976952176639899805e-01
-1.372920319667185474e-01
7.861737050927794512e-02
8.248872789621015666e-01
8.031924212476295732e-01
-3.855780310450732662e-01
7.901967274695924637e-01
9.055272125277094020e-01
8.998003172379032133e-01
-1.886450495197428412e-01
9.344543912984731859e-01
-1.160097879220664679e-01
9.298249193329478635e-01
-4.453458355908234689e-01
7.846809057193947501e-01
-2.244413419923222963e-01
1.722526226967311114e-01
-2.716560350171624005e-01
8.177033555209848315e-01
1.823418101092915133e-01
3.662335749558670583e-02
9.181555268588957874e-01
9.211264040957667376e-01
-1.443999404380827689e-01
7.952589309755707658e-01
7.516723160072695809e-01
-3.669476077175913842e-01
8.251229213393438400e-01
-2.303781857680352596e-01
-3.188392972702519534e-01
7.653656372759148896e-01
9.270067605070046041e-03
9.367531319933235512e-01
9.036966048898764647e-01
8.175130418116809405e-01
-3.591328647568121646e-01
2.397890288124146785e-01
7.447688716596894132e-01
9.289336679679686126e-01
8.259002513058124606e-01
-3.937062505785750011e-01
-2.622882143366912777e-02
-5.884043250870637370e-02
-3.452840271579175613e-01
8.441962080044963512e-01
-2.075476899796455943e-01
-3.867486203636043007e-01
-2.640923922631154830e-01
-2.995957379390198905e-01
2.037985969083290771e-01
9.286707095550466029e-01
7.695878974272463147e-01
2.248055431103096746e-01
-2.626370144630887915e-01
1.359247958995722094e-01
-2.873947994594943101e-01
-9.151936492750770147e-02
8.839115340965731926e-01
1.174959749600853476e-01
1.465464405966988570e-01
1.929057421257512062e-01
7.298382021910185813e-01
-3.843654354105298099e-01
8.587115857463346880e-02
9.209785123313363187e-01
8.905089689307741363e-01
8.239139689394929800e-01
-1.129359437484700329e-01
-4.538341624192458457e-01
9.292410260632139041e-01
-3.442003324848504908e-01
1.523206231077233741e-01
-3.868437509812066022e-01
1.490101362958222708e-01
8.097517510008332975e-01
2.655864472858402991e-01
9.105943095247335251e-01
-1.880888343838831855e-01
8.333380568174054703e-01
9.282798107740688476e-01
8.882913223027094629e-01
8.885421424565204118e-01
-3.459217337795914560e-01
8.961534315024630715e-01
-1.761830073524058848e-01
7.189271338986250592e-01
-2.820072742553772494e-01
-1.806632979291666885e-01
-2.608819753082284865e-01
3.030831518842185685e-02
8.442905581138265836e-01
9.036531071151654437e-01
8.943370402547493603e-01
-2.378413441674383788e-01
7.560431699626207758e-01
8.998984562842720081e-01
-3.945796381057375957e-01
-3.166881129886249813e-01
-1.307627926488857256e-02
2.214040524267095189e-01
7.380073801097722930e-01
9.176659403638744994e-01
-2.949782926845260222e-01
9.137816829619765935e-01
-1.927355822938445207e-01
8.152999916636995970e-01
-1.963512127007425723e-01
2.847827872011146066e-01
-3.157106201640101362e-01
-3.656023488755537620e-01
9.314406366876700760e-01
7.828229724252964150e-01
-1.262999178648071541e-01
-3.466689623852406421e-01
7.569277734627105625e-01
9.207997202827825634e-01
-4.388759916191796728e-01
-6.970139930665611439e-02
7.854534540840877321e-01
1.103688776666288118e-01
6.079685334340735603e-02
9.311821659584315070e-01
2.949103778627013561e-01
8.920011511842723673e-01
9.332335931555538755e-01
-2.903166644672066088e-01
7.688949547539492002e-01
7.132391924905568947e-01
8.118964298655932943e-01
-3.938267474776397936e-01
-2.279490395024714178e-01
-4.220702166897222218e-01
1.543955920191909525e-01
-1.164082147735451267e-01
9.124534183322222658e-01
-1.716210244155750297e-01
2.624730512540404681e-01
5.829176429092945699e-02
-3.541374408108022842e-01
-3.116673466589966468e-01
9.131381745210733758e-01
1.037858069925689554e-02
-3.140899056548128732e-01
8.371908418321487577e-01
8.035785185556044707e-01
9.290378934355378870e-01
-3.230602033252698568e-01
9.131615136933105559e-01
-3.357307346421530836e-01
-4.004138116384824975e-01
8.420724880905626764e-01
8.222205516882503673e-01
7.881642462298686924e-01
9.969706972314677784e-02
-4.346204232965498737e-01
7.975616169028418856e-01
-4.131191905063161807e-01
9.087858484224741185e-01
-1.247062668586910172e-01
1.207447190723683617e-01
8.579610357804183518e-03
-3.410773953856291452e-01
-3.091293114650963680e-01
