-1.073438342131320389e-01
7.706379425601905808e-01
9.075506923884626431e-01
-2.080676920836577459e-01
-1.754006009532248778e-01
9.167856691302582739e-01
9.136045884707731934e-01
8.165684542318419892e-01
-3.444697604383752387e-01
-3.336252196918920165e-01
9.050127008219409630e-01
8.904873502756980308e-01
8.792546751039502784e-01
-1.205154182533765689e-01
-2.096954583497528390e-01
9.189126936421933012e-01
7.185431125523346063e-01
9.222169042008077078e-01
-4.610817483179875387e-01
9.190211045313373406e-01
7.390670443132463241e-01
-4.690897305728514155e-01
-5.200749653510548104e-02
-3.616217744804573475e-01
7.587215840460900251e-01
7.356662136431294519e-01
-4.318094084049166059e-01
3.780934936086826625e-01
9.262080222794903950e-01
-2.227337140831394668e-01
4.434325395689016347e-02
-4.090609123894086707e-01
5.749342601002874198e-02
-3.448280441742443969e-01
8.953266844920376721e-01
8.193087556779933278e-01
7.727713940961724592e-01
-8.116407795397313774e-02
8.631260361458001906e-01
-1.200324553336932359e-01
1.892260094642524149e-01
7.370495461993049613e-01
9.590544318240876165e-02
-1.521681297651845122e-01
-3.687809657469173774e-01
-2.485036325228822118e-01
1.809031056908331214e-01
-1.209972916918502089e-01
2.275853503707098990e-01
-3.983681882103082272e-01
8.342116064104494466e-01
8.987767222383099552e-01
-4.391252617343157083e-01
9.184539693637416846e-01
7.154070261296328059e-01
-2.735987824216085662e-01
8.877642313894633652e-01
-1.327633646909075898e-02
3.840812280261862721e-02
3.377627847697989294e-03
-3.498054955111233599e-02
-2.997871993926095602e-01
-3.958058274753343264e-01
7.243747055461648987e-01
-1.344753381048633956e-01
9.284042987930009039e-01
3.113327207599616009e-01
9.068737781544462528e-01
-3.596050424339514162e-01
7.906721915374677057e-01
8.680719881191011345e-01
-4.024002116930082418e-02
-2.917602034910361519e-01
2.177715961725629201e-01
1.030829427319076425e-01
7.488584162691613866e-01
7.459667832068931359e-01
9.168152480629426782e-01
8.501067074781003541e-01
9.050050542927661201e-01
7.511484487973089097e-01
-3.863196553624993479e-01
8.057951895447084123e-01
8.917479349179195935e-01
8.564535243818027777e-02
8.606520059501582276e-01
-3.695604615244066360e-01
9.144412040990101964e-01
-4.064918959712970903e-01
-1.439591465942275106e-01
-2.808035569428073974e-01
9.018920677278096099e-01
-2.545955386282786614e-01
1.889677463210551744e-01
7.792858238189539488e-01
-1.086985061620747844e-01
7.368989648213691845e-01
-2.263368013241557619e-01
7.621976788731370522e-01
8.003462892826933295e-02
9.124258038476229515e-01
8.788695625097080466e-01
-2.544448319210807496e-01
-1.501887813920210479e-01
1.515881222465145228e-01
2.223170646959031771e-01
8.659502980927231697e-01
7.953908801173471543e-01
-4.347611414760555459e-01
7.348639258420669451e-01
7.462583103714305333e-01
-3.133509138639209435e-02
-3.730776216330940476e-01
-4.077144981857282469e-01
7.592898055404435631e-01
-1.723721370465777225e-01
2.646266376602983694e-01
8.809154498338102046e-01
-3.266179965782174399e-01
-4.462239743684007220e-01
3.041575114384403866e-01
8.930689988862045015e-02
8.647313664509044262e-01
-1.582119100981964621e-01
-3.918293986843882082e-01
-4.180831739493888755e-01
7.124949695241806769e-01
-3.666114041804973689e-01
8.582543125677108975e-01
9.237181946492195594e-01
2.563248434183803548e-01
-3.578228414824761727e-01
-4.637012650278744819e-02
9.099673069544870208e-01
8.719623675492029768e-01
1.714838317130880918e-01
2.390326676849163501e-01
1.009575835941501631e-01
9.305254389667265702e-01
9.063787815808173054e-01
-4.146994880598627309e-01
-3.896344254890717340e-01
8.679419491088545546e-02
9.583106622550688347e-02
-4.459796086174364765e-02
7.391369650333718955e-01
-2.571867149221508386e-01
-4.467403309065496875e-01
7.429087780692907872e-01
8.160941548427033121e-01
1.014137850472649205e-01
7.475931907945992938e-01
-1.272318968456748467e-01
8.524610343886156461e-01
8.172268044384792818e-01
9.268697481203782562e-01
8.399138096720112356e-01
-3.269261388001756807e-01
3.240769466427844692e-01
-9.259109757373590321e-02
8.856095103653660594e-01
-1.889321921448084418e-01
-3.004802295397032696e-01
-2.726381055442518297e-01
-3.937604502252223804e-01
4.929884662995907135e-02
-4.591085017007289770e-01
-3.894036179030280764e-01
9.022188278064057210e-01
9.300522752589109876e-01
7.683574615251425044e-01
9.160029882561296910e-01
2.060388110020323071e-01
9.161994820812817686e-01
-3.875452579542022491e-01
-3.736133178408057587e-01
-2.325965179549802642e-01
-2.823533565011366320e-01
-4.107224684449253260e-01
8.999800257917652813e-01
9.124142735850423458e-01
-5.859419854485409251e-02
-8.000626465438835655e-02
9.228917588629433899e-01
-7.049769004191019928e-03
7.499017304974697762e-01
-2.167488248951952579e-01
-1.722286603753843681e-01
9.013508433745658355e-01
-2.117694039829333685e-01
-1.556051570620973767e-01
9.057874825763072568e-01
9.287761655201275390e-01
3.266056398969804375e-01
8.584617020824657496e-01
1.851333279311939417e-01
-7.073910101501321157e-02
-3.274034932000042253e-01
4.104899599045228747e-03
-3.035155629972837166e-01
-3.615440409005671318e-01
-1.484254365957745347e-01
9.247439770829982697e-01
2.517436099370771729e-01
8.331316897165572666e-01
8.054323824893390160e-01
-3.131792756773101871e-01
1.787443198410052503e-01
7.298341706895268288e-01
7.143857356916057944e-01
9.155074040960620163e-01
-1.806999898641896973e-01
1.009035186775538856e-01
-1.222069196083162279e-01
8.104780137123299699e-01
-3.486061747989784299e-01
7.443441572730218336e-01
2.930498806444511439e-01
9.232697344230563763e-01
-6.806876460177010979e-02
-2.683058490705923504e-01
-2.902812961203188880e-01
-1.744530151288825603e-01
2.131463936418605265e-01
2.311743360739286490e-01
7.626279517565537347e-01
7.464442918173298525e-01
9.382785576628180357e-02
8.293266689999014840e-01
9.251223827854054838e-01
-2.477349090529758768e-01
9.107548527946965899e-01
2.416799566905225849e-01
9.239428892818277728e-01
9.114820996870265368e-01
3.683827198597441899e-01
7.757266095763859504e-01
9.125528802725663136e-01
-2.926152952872211888e-01
6.878735864085135931e-01
2.954080152591674890e-01
-3.710906010223967155e-01
8.156628797098739447e-01
-6.208204257898522482e-02
-3.322074815255778857e-01
8.921446985711151134e-01
-9.660853085724044331e-02
-2.295650183565861868e-01
9.314990202616139081e-01
9.031113297955550845e-02
1.574365136533119602e-01
-4.042665194882899549e-01
2.252309841739966179e-01
8.790703109320482378e-01
7.321015241200441448e-01
7.242458955567039336e-01
-1.933054339285560919e-01
9.111676422020507093e-01
8.034851740942207110e-01
-3.679492082307237455e-01
2.347885503398444984e-01
9.191078381512272077e-01
9.197880970632326125e-01
-4.262063721803276972e-01
9.156538142235786104e-01
-2.216051594444860551e-01
2.083212729903369531e-01
9.243717216527239655e-01
9.060092435333828575e-01
9.245962335129882526e-01
7.456770915621289131e-01
7.492050536077397016e-01
-2.789722210866313890e-01
9.000256321643297364e-01
-3.572196887616083671e-01
3.351557653374934720e-01
2.145432833711399256e-01
-1.777318205573428234e-01
8.505869990877914510e-01
8.913987709824549022e-01
-4.430144944581222433e-01
-2.296551845765026079e-01
-3.984859700194879339e-01
7.318066003847923939e-01
-8.435949383742050167e-03
-2.305197054468481332e-01
-1.821458226484841403e-01
-1.661033662691403512e-01
3.497084481930505806e-01
-3.625790720554621926e-01
-3.747244765115981258e-01
-8.378064562665731019e-02
9.312601122298764800e-01
8.518190772580160885e-01
7.758321118315950615e-01
-2.763392180014712651e-01
-9.752869167733334288e-02
2.751569724614729706e-01
9.233552595495200244e-01
1.610247821962557668e-01
