-3.621417817647534232e-01
-3.259556998249887871e-01
8.229130403750446465e-01
-3.718338928760153705e-01
7.230316356633915698e-01
-2.843295420422780606e-01
7.405237837728944061e-01
7.050264202133879055e-01
9.212437612973690682e-01
3.666110984834074216e-02
-3.843676292860681021e-01
8.390402678651452950e-01
7.572099914681615918e-01
9.336342937480852644e-01
9.206212776420271693e-01
1.101239243189766071e-01
9.110554190759790893e-01
9.099372772597434933e-01
9.271778004403762319e-01
-3.299062210172549747e-01
8.858619853657433429e-01
9.312123262880354080e-01
6.854487983268294782e-01
8.718517887488190787e-01
8.599992912344920359e-01
7.236558067507816716e-01
9.317738373209678571e-01
6.796704778606686981e-01
7.273316134613676542e-01
7.450406669607135823e-01
-4.678837849400913768e-02
9.056757024383856880e-01
6.903540424666789743e-01
-4.144497752913738342e-01
-3.835338116391462382e-01
-2.981623367160542992e-01
7.386973648444457030e-01
-1.066863471876044883e-01
-3.575463685975132089e-01
-4.037163006433459600e-01
8.839485668270941066e-01
-1.971870142919084357e-01
7.430719088532714567e-01
8.792913401742202817e-01
-3.534586301585045109e-02
2.340522220365543749e-01
8.221665224009295780e-01
8.250410562198623454e-02
9.256326240156447227e-01
9.258472524924282743e-01
9.245587950648201936e-01
-3.608836034571664131e-01
7.544161864912879434e-02
6.896807801219615452e-01
-1.639334125502567852e-01
9.304149409082401734e-01
7.905677835485371840e-01
8.264682665661402527e-01
4.681650447284253780e-03
-3.183152009356303158e-01
9.338567038667417997e-01
8.101863800724742326e-01
8.910471133129281851e-01
9.014170793788853775e-01
-7.097396779440109937e-02
8.345574273880804750e-01
7.483256930134571938e-01
7.838389069576400248e-01
1.893602338151655073e-01
-4.399024577809607095e-03
8.941201211388951631e-01
7.250825608651506604e-01
9.294944228461912150e-01
7.329915024158288883e-01
9.368927787659824258e-01
9.589930406085590830e-02
8.523695742043112533e-01
-4.196849507419090353e-01
-1.695939865015463344e-01
1.333206425757830216e-01
-3.594445655800454498e-01
-2.368316745282662561e-01
1.102582276271757006e-01
9.026617285307929617e-01
8.260025353091359213e-01
8.857145044455224658e-01
-3.091346539034244278e-01
9.286707853076769936e-01
7.119232913451175593e-01
8.918894359484891288e-01
-2.441512915080335799e-01
8.683165682025116849e-01
-3.615733473101060413e-01
8.865528759119114532e-01
7.151442748082061929e-01
6.899662557320052070e-01
8.175110847762468991e-01
1.734650687991449169e-01
-3.863621750415293654e-01
-2.148914745658678238e-01
-2.323616998042339898e-01
7.358161146025834487e-01
-3.622711084383961055e-01
-3.368721353773141414e-01
9.152627173118235149e-01
-1.141295755236835519e-01
2.032645591423683784e-01
9.153483569600564529e-01
-4.123335937199767431e-01
-2.869755317558495000e-02
-1.584032922522636277e-01
1.463731551275558596e-01
-2.642881640538751187e-01
1.126431321783257639e-01
9.374291362879614287e-01
7.312331330040601207e-01
9.240446197871751144e-01
7.307495684820821680e-01
-2.454401520380664614e-01
1.334866630970278911e-01
-3.367440774918024626e-01
-2.287368698326443794e-01
-1.833920316201059220e-01
8.891179986590165285e-01
1.800485470384198816e-01
9.005787019854052389e-01
8.820897423419845618e-01
8.609385424032870437e-01
9.474349405769043608e-01
-3.914142206867765594e-01
-3.641323807447391370e-01
-3.281858558391822500e-01
-1.785366900496720421e-01
-1.929118504527788658e-01
7.809058458861871665e-01
6.955759157443140994e-01
8.879978155150316521e-01
-3.512629897962194492e-01
9.317278170845892937e-01
9.078313123474808233e-01
-4.039919589635238006e-01
-1.094634157641660444e-01
7.552784032866813879e-01
-4.320867391196551166e-01
-2.742949592183995255e-01
4.221187138470962330e-02
7.037233310199575431e-02
8.091458715608339514e-01
7.790033355442499419e-01
7.270555143697814415e-01
9.372740519494544564e-01
9.009567664495906625e-01
9.038719211043724222e-01
7.860521227617511819e-01
9.454975640492446765e-01
-3.102274236595375378e-01
7.211351019560938713e-01
-1.631182434492647604e-01
9.200705599474833241e-01
-3.792484665194071902e-01
9.354906466830505973e-01
-4.094459077380622203e-01
7.112112306123083982e-01
-1.157524753018810970e-01
1.195978149535842083e-01
6.018471709292658178e-02
-1.982650882381773449e-01
8.632044054176660763e-01
-3.316665468177414366e-01
-3.910222965487640256e-01
-2.862488166144324664e-01
7.341619627315150165e-01
8.640520170537325795e-01
-3.394430818708501496e-01
7.762706471830819188e-01
9.274591034255570410e-01
1.377827969006303332e-01
-2.485838773162616644e-01
7.146981856198628691e-01
-3.137102544524840719e-01
-5.697573089511998035e-02
8.959169803905797647e-01
-2.897812002885409299e-01
8.346211344627731954e-01
1.711910565111983140e-01
9.098816307518540203e-01
1.797937977933128373e-02
-5.837612831520520851e-02
-3.292906297882275957e-01
8.731871649022365789e-01
9.079375383054189008e-01
-2.968336424243437910e-01
9.299693218601400302e-01
6.961806881093907107e-01
7.549142059063774779e-01
-3.482987359851519860e-01
1.000859391776417473e-01
9.174063731558532719e-01
8.437963899460425576e-01
9.284703142814996202e-01
4.726712162212596408e-02
-3.082592593000877401e-01
-2.586365599833566620e-01
8.834963345065121043e-01
-5.554456278608296133e-02
1.563280494400439702e-01
9.084459431387786887e-01
8.102848014040846536e-01
8.717662056286187289e-01
1.594835875969714822e-01
-1.887015461520268056e-01
9.355652044420150748e-01
8.977269516155297335e-01
1.728084469505214993e-01
-1.038118529596392947e-01
7.633254467551997546e-01
9.248051364419677123e-01
2.515174532850748476e-02
-3.432782740974452129e-01
-3.630688444426778960e-01
-3.823320804764779313e-01
7.636157276593416032e-01
7.221389625534074819e-01
7.261151241080302521e-01
7.617086511262616266e-01
-9.719046322454560904e-02
9.289898015556437016e-01
8.417911301010829739e-01
-9.749367562119359842e-04
1.079509397253451963e-01
8.415766388118190999e-01
8.789432055721091430e-01
7.991751480630054916e-02
-9.591754432633760319e-02
7.167731209658555480e-01
1.805555684223284774e-01
7.418111865787702097e-01
-2.354673240634821973e-01
-3.412484063749299801e-01
8.869600584646849528e-01
1.063736958697077128e-01
9.096844209565566608e-01
7.926600370767229453e-01
-3.612078277276340454e-01
9.305745021177280751e-01
9.262167617445438150e-01
7.154544198604453897e-02
8.087876589741910260e-01
6.976811359259548206e-01
6.717395643699128893e-01
7.125028405538580412e-01
8.490493937362973975e-01
-6.080328650883551345e-03
-3.287998216177602240e-01
-1.194596225894992703e-01
9.122587966971172913e-01
6.226329636436610249e-02
-3.227600903581867575e-01
-1.069303972748646553e-01
9.216609054885901431e-01
8.690488377298775102e-01
9.527352081431670339e-01
8.569333884066464568e-01
-2.594407677684669178e-01
6.372039096964063898e-01
8.108104054688320961e-01
7.649512031234905196e-01
4.248574144762601312e-02
8.334218629079842566e-02
7.001614101999626971e-01
7.520374010969005374e-01
6.839668262372431418e-01
2.018342972334402907e-01
-2.568745585122005903e-01
8.118245717748223678e-01
-1.281928576444287815e-01
-3.780738647715085055e-01
-2.692391756838831141e-01
1.472057310154943344e-01
8.880365393054898693e-01
-3.608536358042506720e-01
-3.702332125082062331e-01
9.247088742333298139e-01
-1.223816155201928324e-01
6.935351630981820836e-01
1.837001955161295941e-01
8.272684401408715305e-01
1.823947281972965462e-01
9.171867843831382761e-01
-2.990456832677085286e-01
-1.625290559988613881e-02
9.202125471983108040e-02
8.867793397786343235e-01
-4.243972480985815920e-01
-2.975796205915220982e-01
8.968381575302013520e-01
-1.438236746994388804e-01
-3.719667243063004558e-01
-3.026868786850768767e-01
9.284331165925312490e-01
