8.505251352841385337e-01
-2.995897644248743941e-01
9.289866230439287609e-01
8.429046001738519367e-01
9.371135106113694935e-01
1.430451394015308519e-02
-3.628812886756120348e-01
9.450748019421799651e-01
-2.854603814944188245e-01
-2.793056073100711467e-01
9.065047213399718418e-01
-4.070233134491242910e-01
-3.157229358280710940e-01
-2.051179861255246761e-01
7.415312267858882311e-01
8.850510948266234745e-01
-1.988940800013718202e-01
1.528730772592918619e-01
-3.747427772173581584e-01
8.952931617398789399e-01
-7.724305231039645114e-02
9.353950125800140070e-01
-1.916963858949563004e-01
-6.276977513600881520e-02
8.045134924673941201e-01
1.036125887228792619e-01
1.099842618725407478e-01
7.556319905053910935e-01
9.155366012054030334e-01
-3.647806366372043363e-01
-8.239768561243476785e-02
7.856299652127840538e-02
-3.105888944837306154e-01
-1.665777812425252580e-01
7.502806707293266930e-01
8.229611834648702384e-01
7.614330007933260980e-01
-2.951268628689265316e-01
7.960211256382926370e-01
7.841524868458826791e-01
8.554961133739571455e-01
8.420845850221309048e-01
9.939013161158725962e-02
7.436447722426439144e-01
1.615653774766533657e-01
-1.169881097826311889e-01
8.092543523594730726e-01
9.418132828954268732e-01
-8.034460119329582539e-02
7.392825760564291082e-01
5.297446313707777910e-02
8.696905073280531973e-01
9.005219637257633192e-01
1.589742863258755134e-01
-4.307968534748016221e-01
-2.973071299295284575e-01
7.902353887900662732e-01
9.011396913125913066e-01
-1.945118629041847902e-01
8.311878391352022222e-01
8.860676878473128237e-01
9.069528502348470633e-01
-2.038025278766938397e-01
-2.726577844166210296e-01
7.129185212536435223e-01
9.387941214956806446e-01
8.910336311417388355e-01
8.326534824845889249e-01
1.592021602428591587e-01
-3.149895185789143848e-01
-6.295421541813982225e-02
1.532553617634570438e-02
1.750451137553506176e-01
-3.415680456433194956e-01
8.415479563522925144e-01
8.844676533100418458e-01
-1.075053535313133940e-01
6.615265448436138396e-01
6.780670934308287157e-01
6.961885865259518358e-01
9.454097513625416838e-01
-3.053986725831617788e-01
-1.655149623751000221e-01
-3.401690874792068775e-01
9.300692869588838008e-01
8.033380774653413603e-01
9.370747595931397944e-01
7.783260669197922255e-01
2.632990081773637150e-02
-1.972907208294212289e-01
-3.763619728181482604e-01
1.219037934885109642e-01
-2.493535259347020305e-01
6.801710004966250445e-01
7.277025130127398045e-01
1.337554821191160315e-01
-5.917401462999302697e-02
-3.226261479707729363e-01
-3.396692713631628280e-01
1.646193755248836765e-01
8.153056849970445885e-01
-2.714948890010532995e-02
1.268100065675870358e-01
-3.906429753583788855e-01
7.789897627358005616e-01
3.512858268389468935e-02
8.964176350513455294e-01
-3.768320588094291601e-01
-7.711411243881031996e-02
7.705335925800345098e-01
-3.534403019146103442e-01
8.588933159729548183e-01
-3.712742068002637397e-01
8.781321882068509055e-01
-3.904238458679461510e-01
9.302115369690240332e-01
8.824127926128688681e-01
7.210289428193079608e-01
-1.234451615752973769e-01
9.251488703020489535e-01
2.449048094962586741e-01
8.670401880565952180e-01
-2.698129623043581393e-01
-1.391046252698366903e-01
7.886014440154748284e-01
-3.921943047193601206e-01
6.810363934223312432e-01
-1.605379021210252000e-01
7.760853537533289881e-01
8.331155445701776685e-01
-3.012399876790891606e-01
6.979350541411427633e-01
7.951813617555866243e-01
8.978138695293220728e-01
1.755592729328799284e-01
9.203435205838238486e-01
-2.643017838860654556e-01
-2.828487967082048415e-01
9.021142391910187408e-01
1.832553322193204159e-01
9.313101425508129028e-01
9.069107644120293354e-01
9.110701192756639477e-01
8.772758900116792713e-01
9.151903384138171393e-01
-2.370586016263591944e-01
-1.661545912439296724e-01
8.455225633828993281e-01
5.723259774498494490e-02
9.057668296137841857e-01
-2.972579819486542152e-01
-3.294601611005308350e-01
1.535454715648856550e-01
-3.430425446350446883e-01
9.192524697503152709e-01
1.722987200012501829e-01
8.356440132663472964e-01
-2.825801101635324608e-01
-1.961937295326652286e-01
-4.105109383401343848e-02
6.712060927757770301e-01
8.043894144767138599e-01
7.890450546722919123e-01
7.338561142583625019e-01
-1.078697409601443863e-01
8.201533960821577596e-01
-9.088892906352270817e-02
-2.575420168242733010e-01
-3.861115055279983332e-01
-4.381653475698717437e-01
-1.662875951016038190e-01
9.276745317200142393e-01
8.329914993415878932e-01
2.012051633680337626e-01
-2.792575682817901028e-01
-3.882443648252992263e-01
4.483537141933079812e-02
-3.216332762455313965e-01
8.686471878837155325e-01
8.495828255653741223e-01
-2.831745035550499168e-01
7.128471909874422030e-01
9.312306530130003146e-02
7.176861178769536886e-01
7.488759703601486351e-01
8.996685156327188793e-01
1.250556980529128615e-01
-3.367700171870007808e-01
3.961210629874808292e-02
9.299593823936954662e-01
6.771052842493978652e-01
9.290451199997384890e-01
6.536372903993626915e-01
7.267221228137794586e-01
-1.147786920309201708e-01
8.111984102902320970e-01
-3.914322402398200396e-01
-1.257389529183159660e-01
2.229345285366210738e-01
7.825619318291303639e-01
9.268807401819181280e-01
-2.642727245641356970e-01
7.160679268835771216e-01
7.961536664353795478e-01
1.423224205546688714e-01
-5.640954043989902106e-02
-2.739132023860154641e-01
9.353595412444205559e-01
8.584261292127950416e-01
-3.101561378480225950e-01
8.295874647158247850e-01
9.189306982296777671e-01
1.351709054198404758e-01
-2.883643335946055042e-01
7.883092232811858002e-01
1.428600228227250579e-01
-2.501282147795796384e-01
7.100342641075515493e-01
9.298801681799572227e-01
9.382971702542572956e-01
9.227712954470265183e-01
-4.040994437923388638e-01
7.557641605884901637e-01
7.673492608569149054e-01
7.431596213844247067e-01
1.505726152516071725e-01
6.651023536789978374e-01
8.313791038284472634e-01
-3.886658105972893851e-01
8.387846092320950797e-01
9.190070820053625189e-01
-3.914304129744038963e-01
-2.508066480464673509e-01
1.139927721541481170e-01
8.522505081540125982e-01
9.382719693039586195e-01
9.327734304532373510e-01
9.068260423058249753e-01
8.720856257255021893e-01
-3.643903465816550891e-01
1.672007378870509764e-01
-3.372312935806763279e-01
-2.978146326593127946e-01
-3.407715139576905639e-01
6.679465179254842067e-01
2.033950923488669904e-02
-4.513990857869256551e-02
8.948228943978036032e-01
9.253103419741465219e-01
-3.375165911572499677e-01
8.870543304460911660e-01
-1.395383334392115149e-01
-3.824814998345782424e-01
5.651493187410262103e-02
-1.387208469181748505e-01
9.375217321965149120e-01
6.716850287127990038e-01
-2.035463445322085313e-02
-3.620194517511849952e-01
-7.720273424386983607e-02
9.075127969642067249e-01
-8.705525180104628502e-02
9.197587363977389741e-01
-3.534164860116474349e-01
8.000874751917500527e-01
9.266518465483510880e-01
-3.626094023276502099e-04
8.944530629586027182e-01
-1.213077623182106657e-01
7.238352134869239229e-01
2.127309413790320902e-01
8.699737047449082050e-01
9.236233395141315583e-01
8.500198686594966357e-01
7.676139282987937129e-01
7.926723481925647130e-01
8.833897226060274388e-01
-3.106916611128767158e-01
8.605417789056726274e-01
8.742397292787641438e-01
-3.906714769659506148e-01
7.728143461227202637e-01
7.526183785325366582e-01
-2.773036423890262725e-01
7.254297497412238727e-01
8.894637237651389361e-01
8.204730067047441011e-01
9.307272207952392851e-01
2.106377473080071339e-01
9.436171062365920070e-01
8.306323488659212995e-01
9.190884975018770442e-01
-2.354942046705964243e-02
6.760398643622536063e-01
-3.336496723848382251e-01
-4.014139155579860008e-01
8.303940003798007119e-01
1.360544454844089257e-01
8.270786302798340817e-01
-3.727768800108652858e-01
