-4.251076133911279031e-01
7.843245661995715268e-02
1.978950181249714557e-01
8.735814823697045650e-01
7.182065767021325042e-01
7.853111570530494356e-01
8.875249166384803212e-01
-3.835361307598091907e-01
7.158034313970536022e-01
9.065652383086235666e-01
-2.962516513086842496e-01
7.536348563310228954e-01
2.414644446220867990e-01
-4.684229652834907554e-01
-3.638021642102791109e-01
2.108946209277168804e-01
-5.341145850143991930e-02
1.272840976375656241e-01
8.162630099666120520e-01
1.203164714258540546e-01
7.688591386761784996e-01
7.269862638402623256e-01
2.910988116917362367e-01
-2.046948935062982422e-01
1.384846441974260933e-01
-1.582221355800076945e-01
-1.994987759293538332e-01
9.162795193804945670e-01
9.132142444177411278e-01
1.066351625246279577e-01
8.365829130348338971e-01
-3.610535603133340210e-01
-2.640685285770340562e-01
-1.828828063553510352e-01
-1.045441915742823247e-01
9.280783165945032387e-01
-3.544507739977980076e-01
6.403798963204868078e-02
7.785021283151046800e-01
1.027205370197813022e-01
9.029325133360738276e-01
2.731008616412314294e-01
8.166123074321531838e-01
8.164719914786998656e-01
7.397629879763124583e-01
7.157650231989415301e-01
7.369735809180498753e-01
1.077807855837061429e-01
-2.173029875977803005e-01
-4.112168628848139607e-01
7.407574704335189164e-01
9.084616884266611958e-01
-1.487487298227209709e-01
9.460896558099519960e-02
-1.745592924282038660e-01
-2.669352691507162478e-01
8.701139935013444404e-01
3.157635681718495291e-01
-3.054679647233186635e-01
7.737542850878522671e-01
9.264041604550538045e-01
9.015445073242027707e-01
7.491370272896468174e-01
-3.132065907097679736e-01
7.803091919756783845e-01
7.422822465081488907e-01
7.220978336621259874e-01
-3.499998334864053984e-01
8.775759794292427030e-01
2.512239840170988336e-01
1.968912183525774184e-01
9.024622372768267287e-01
-3.765391616537241970e-01
1.863316363788766472e-01
1.353423460577539983e-01
9.243891076624592973e-01
9.097969072502971599e-01
-1.437279006637615930e-01
-2.260171001851561667e-01
-3.778608037874183201e-01
-3.026229155016557093e-01
7.771766586688387823e-01
8.961968076839580410e-01
-2.781539083153418690e-01
-4.405782164990496574e-01
2.243737950738418085e-01
2.348974629029338401e-01
-3.931813310272561646e-01
-4.187271913519613475e-01
-8.409324968375232745e-02
9.357600805339483241e-01
-3.235700570217312499e-01
-2.413339509543842853e-01
-4.241979641626769104e-01
-3.411760039261781396e-01
9.057442731595114482e-01
8.148899660105558551e-01
-4.404911056937439451e-01
-3.441614176084674126e-01
8.997061455151750264e-01
1.834475012740235944e-01
1.148958180780891569e-01
9.036890255620078083e-01
9.043450178853988941e-01
-2.727003900462169339e-01
-3.381555249452225520e-01
7.904651138936964472e-01
-1.077260880653563707e-01
7.649346906311951244e-01
8.813118438603313454e-01
-4.164259716482864304e-01
-9.962987553787805428e-02
2.079214979484433623e-01
-3.403314276988211873e-01
9.046013212754973054e-01
1.322966615090268583e-01
-2.072954062236858908e-01
2.903648636415911422e-01
-2.944483334218968573e-01
-3.413926628011654807e-01
-5.013521743430655181e-02
7.517078799901308894e-01
7.903243251047304962e-01
-2.717702834842717907e-01
2.250689804069560401e-02
8.497763519222050199e-01
-3.340866357711477080e-02
7.504440733977871814e-01
-1.429205397239202702e-01
-2.160488645516282502e-01
7.646808478503616113e-01
-2.851139620630890881e-01
7.616603417671738985e-01
2.618246853366343330e-01
7.950130095948999553e-01
9.212283731286955435e-01
2.059523081476587192e-01
9.193020451628447498e-01
7.473677886943650428e-01
-3.995915648644665641e-01
-3.117002657775982399e-01
-4.149929466109266718e-01
9.361261391174930946e-01
-3.604270332626986484e-01
3.466211807468297934e-01
9.283318194172420768e-01
-2.376435892509627390e-01
-1.796811025163053133e-01
2.115759073237566401e-01
3.034725487885293199e-03
-7.343876188828264706e-02
2.922343882309195728e-01
8.959128739565042077e-01
2.392111998451268984e-01
7.774397384402654820e-01
-3.008654164828273303e-01
-2.007283848201480148e-01
-1.224151662553661368e-01
8.980049099477969143e-01
8.949393541069348146e-01
9.271403123983141814e-01
-3.102265597073830539e-01
3.135789621184426057e-01
7.107280104820280497e-01
7.521608493942427698e-01
-2.684417788066961186e-01
-4.168065666290319826e-01
-4.590674799239685688e-01
-1.028951943375758099e-01
7.934314915268194657e-01
-2.135586485291518788e-01
8.829131634200497736e-01
-2.342949981631913259e-01
8.818400383271282061e-01
-4.013478666228376124e-01
-4.063643723889457382e-01
7.433674214059482477e-01
8.366083227932800126e-01
8.235050742738270202e-01
1.451680833412711258e-01
-8.556211014329220821e-02
3.701488412529502225e-02
1.709529837472464897e-01
-1.184288936648858620e-01
8.976080424662199464e-01
7.431169070293751622e-01
8.464554838166916673e-01
-1.248891112515303492e-01
8.577556698129292778e-01
-2.798189694068886277e-02
-2.388852759827919114e-01
7.436175206825452744e-01
1.899910392021448569e-01
-2.126859648320875429e-01
7.469009228644999387e-01
9.298448356440723872e-01
-3.042485054691389523e-01
7.490262835717994561e-01
9.029988046167459759e-01
1.375477487749764138e-01
9.027000402346270214e-01
9.173105250331595739e-01
7.597417561515515949e-01
9.176889720949531482e-01
8.745715548033613507e-01
8.371755645011927927e-01
-4.428253460623279847e-01
9.415536872328861273e-01
6.219924793867172286e-02
7.770178185447546015e-01
-2.730675372081980412e-01
8.048014515041381767e-01
8.835101825655107266e-01
-4.074493792611364601e-02
7.902503199985758675e-01
9.101237795344722104e-01
-3.064762562790167011e-01
-1.452442393565451517e-01
1.264670886451390308e-01
7.086275116147600084e-02
-1.757852337914542207e-01
9.199529702323347991e-01
8.174130869447807091e-04
8.947210093639865747e-01
-2.585349324666145199e-01
-4.227264033906404928e-01
2.538861481002995246e-01
9.079521622213019283e-01
8.946112284096867651e-01
9.124414551284297792e-01
-4.355598164308033260e-01
-4.465785644702852109e-01
9.290187288348610295e-01
-2.437953368607580773e-01
8.479188651471019078e-01
7.501364630305306092e-01
8.998446291317127033e-01
-4.394960510621228056e-01
9.177813117609431304e-01
9.063459484183138404e-01
7.802332999909410427e-01
-2.953350026855038890e-01
-4.242499783047584683e-01
-2.323566938030151574e-01
-4.404411095951823452e-01
7.867550076068297038e-01
-3.256652717675659336e-01
-3.343316348300276464e-01
9.302682954411459759e-01
8.452741478803398323e-01
-3.534366007118118214e-01
-3.080823551844277808e-01
3.686961195345844072e-02
9.238660026297359495e-01
9.274167188244596405e-01
2.668299865609375932e-01
2.309815162771524932e-01
9.248374374097239059e-01
3.903426771038707166e-01
9.004785412109811427e-01
7.161109074319057521e-01
-2.594844513015169274e-01
-4.713980714004605832e-01
9.394711155460924168e-01
6.847292485466682788e-01
-3.378725542950128391e-01
1.549799355293560443e-01
-3.940249429747095800e-01
7.557643380548519918e-01
-4.060332206830862267e-01
8.821086008204389595e-01
1.912772199731904987e-01
-3.313682821282574742e-01
-3.884526696714479810e-01
2.104304784916934679e-01
8.963138864388644489e-01
-4.530568301033462975e-01
9.344974436666770856e-01
1.525959282703483189e-01
9.091622945772891429e-01
7.576906299799186506e-01
4.111670531415764773e-01
8.505540601008191315e-01
8.902806790534947279e-01
-3.735622069357565356e-01
7.982365649723806023e-01
7.758924546223756602e-01
-8.353851504907139347e-02
7.395135694099724821e-01
-3.753015478554088125e-01
-2.979931725195474404e-02
-2.917840961271369465e-02
3.671169150889373456e-01
-1.925514311299469372e-01
9.129102537626510028e-01
-1.414199251383565503e-01
8.245994585957470147e-01
2.546313444334123433e-01
1.409901903624466435e-01
-4.343352136608236158e-01
