9.301957905929388870e-01
9.272923408366370301e-01
7.450266658239140805e-01
-1.966201649676582175e-01
-1.830630692900316325e-01
9.031388905037728287e-01
9.298911347758679335e-01
7.230907975168019419e-01
1.892393803380248429e-01
-3.730861937963304009e-01
8.533365139270632227e-01
6.928575891691585165e-01
1.573110414947047342e-01
9.260536655508042614e-01
7.674243236628309761e-01
8.359045848383158672e-01
9.293018672839238326e-01
8.597113990100050396e-01
4.466609235082810714e-02
2.685422629937808114e-01
-3.115589351774718518e-01
7.573639609624355229e-01
6.591482885245343593e-02
8.165356713491559448e-01
9.214750220984766482e-01
-5.825721238109355521e-02
-3.288386405036743954e-01
5.744450451076269643e-02
8.692969046435490288e-01
9.276880524303530162e-01
1.408856520072825358e-01
8.635070657453395304e-01
8.214729280751301710e-01
-4.035185999673271406e-02
-2.866195524550689266e-01
-4.375443471467436729e-01
-2.777663011075794941e-01
-2.098700794678628329e-02
9.101164483917814074e-01
8.388639372320578769e-01
7.317619798484972238e-01
8.074638024215546883e-01
7.190238424648625060e-01
8.514642668529333047e-01
8.165766881128968535e-01
-2.796815803845822956e-01
-9.808213597923881588e-02
-1.646603163179007900e-01
8.367882250847615000e-02
7.656352192102924281e-01
9.246833964939532580e-01
9.213433961945388662e-01
8.955971398323986365e-01
-2.028943398095463257e-01
8.085145472603425532e-01
-3.559495450529939209e-01
7.266210932976824299e-01
7.246590745539008838e-01
7.812369135249321861e-01
1.969955852583298028e-03
9.291317969314955016e-01
8.028449298946296331e-01
8.530812103653174772e-01
8.050612655154146813e-01
-3.320608318587247032e-01
8.619553847274217251e-01
-4.217902004072043853e-01
-3.262913602357874199e-01
-3.014797416996681800e-01
2.331015951545687692e-01
8.155509260030008312e-01
7.567694782221840999e-01
9.370402280608080003e-01
7.924417819422031606e-01
-1.862011051177245580e-01
1.052955935515494379e-01
-3.094776738622287970e-01
-2.938642112205455126e-01
-2.329521593231976273e-01
-1.720252588250549830e-01
7.521714694941836754e-01
-4.001903089880531894e-01
-2.880652253199672552e-01
7.691404833720842937e-01
9.132647833021120265e-01
6.656297988760228046e-01
8.334123913274111839e-01
8.660324130070253812e-01
1.785298123077668220e-01
1.484748748213635949e-01
-3.280657229320517732e-01
6.637970979159870666e-01
-1.248105535732818294e-01
-2.676461620953483611e-01
-2.314724561570325190e-01
1.307713655645767192e-01
9.679604057094373659e-02
9.324508204492691910e-01
1.686199870752822516e-01
9.025798982530511827e-01
8.522885757429814468e-01
-3.614827845992917288e-01
8.721053912071239367e-01
-2.974343746023433988e-01
3.641888910148782105e-02
-2.861470678902859888e-01
9.037562252239200733e-01
8.357516810675069685e-01
8.431876671581098881e-01
6.503129237616015468e-01
9.192818545019841858e-01
9.146670700121161124e-01
-1.650315758579452563e-01
1.130358785043180658e-01
-2.663417121311056901e-01
6.649036212052635841e-01
-3.788647291536892392e-01
6.825352537308877476e-01
8.809941148223482399e-01
-3.941982495186028834e-01
9.436984836921188391e-01
7.492232638181020032e-01
8.797899425260127249e-01
-2.594412773552376983e-01
-2.586350357108418638e-02
1.230399583299408850e-01
8.404101423792467163e-01
8.231899594942263532e-01
1.690976887356467617e-01
8.446478608552732137e-01
-1.450777343806656516e-01
9.361145596760961363e-01
7.889675411883465550e-01
8.725257313933185710e-01
9.138624626433028419e-01
8.004517469282019793e-01
-2.520400413534016337e-01
-1.007346794331721029e-01
8.725237850497665759e-01
9.132969855441375184e-01
-8.709727882415280176e-02
8.955369340472309203e-02
-3.837392916222511774e-01
1.016538046512447807e-01
-2.939954691595290659e-01
-7.298571004947596030e-02
8.699970298757672138e-01
7.699641633466378643e-01
7.964270721601597325e-01
9.084147541473471810e-01
9.219931374966087168e-01
-3.589038895368470983e-01
1.986010178866105536e-01
-3.661211871429863596e-01
7.972138260938503862e-01
-1.808199545429713395e-01
9.131222981286223339e-01
-5.701554121782505258e-03
9.180754279805685147e-01
7.322031369745178875e-01
-2.985648416277176809e-01
-3.874364652581294699e-01
9.079515509526386863e-01
-1.003878258740203977e-01
8.363300399031439181e-01
1.376026792230805318e-01
9.267161620615670392e-01
-3.089836656477870092e-01
9.448744087795380997e-01
-3.509682120296771513e-01
-1.424320392951487491e-01
-8.979073960990163056e-03
8.780518491615658672e-01
8.800717573556671169e-01
-3.522888937301356660e-01
-3.069759459198728169e-01
9.325270164874193135e-01
-1.331510073315903819e-01
-3.332946132928270577e-01
1.354624754632273442e-01
-3.270751154810053185e-01
-9.543777604181424845e-02
8.838711661019580390e-01
-4.067588564023866260e-03
-3.766636900746695438e-01
-2.406547377565270152e-01
-4.058453374118416446e-01
-2.999060830479716722e-01
9.288248514847355919e-01
7.466937371444510863e-01
-1.030405362840418337e-02
8.759125909460735437e-01
-9.704718759066752187e-02
8.461208068167905827e-01
-2.684871848772747982e-01
-3.729224856290728196e-01
8.800646764359739693e-01
-2.471366182582188931e-01
8.093911600490603098e-01
9.353319913397778462e-01
-3.400257798326327685e-01
-3.990749433940058433e-01
-3.771219210775856867e-01
-3.598228587096421460e-01
8.498028032147109112e-01
1.550626178045268200e-01
8.533581016792066709e-01
9.346113610643432823e-01
-3.763484701953074829e-01
9.052746545560670377e-01
-6.624481560934539215e-02
-3.559650654723321983e-01
7.583456755116892989e-01
9.063527955530588098e-01
9.076349241482685182e-01
9.084082069119703284e-01
-3.003032476478233459e-01
6.886468332633901568e-01
9.303852144664874757e-01
-2.455538881308587940e-01
8.268209638596016875e-01
-6.954969163521573794e-02
-2.612202930308417659e-01
1.443770337426149020e-01
8.639632364814908705e-01
8.244083958093940678e-01
8.853932847687676633e-01
8.673335817501186540e-01
8.919361622304580184e-01
6.670109603391325415e-01
7.318249391564781714e-01
-1.105377353567359444e-01
8.451230290682965052e-01
9.195647537934410476e-01
-3.288488346993428957e-01
-3.599085542332616794e-01
-1.399264052428670080e-01
4.841894833888720634e-02
-1.762686269654219207e-01
7.175786926317964110e-01
1.520949869500948792e-01
7.983628533935621663e-01
-3.941633867123902069e-01
1.587566454912748559e-01
-4.226982682227200527e-01
-8.439084579617799065e-02
-3.810086306903174846e-01
7.568677046752555482e-01
7.067680129638371778e-01
7.503192828717095697e-01
-3.536617799261623230e-01
-5.244958815737879587e-02
-2.736825567156032646e-01
9.076887072939305856e-01
8.473853777854719604e-01
6.892261502255406791e-01
-2.614848953336828541e-01
-3.838032551496795008e-01
5.885919573027577345e-02
7.398426131971366226e-01
7.016004523782541913e-01
1.176382727297491798e-01
-2.162042053676255238e-01
1.181473767908223366e-01
-8.680197498405067824e-03
8.957438139177458236e-01
7.708439950169991839e-01
-4.081668725626397820e-01
9.092586609326079872e-01
7.901718269045657772e-01
-2.421355240953215471e-01
-2.261947607773010793e-01
-3.725193833939556276e-01
-4.023212782421343170e-01
9.297182238926056108e-01
-2.656184055186653348e-01
-2.801240231003991332e-01
-4.943561904032358484e-02
-2.549658708322705136e-01
7.121917629259232330e-01
-1.024922483212684643e-01
8.944579863239586759e-01
-2.393833355883787928e-01
8.018386158931800622e-02
8.272257759292795942e-01
-3.658159376769740123e-01
9.334863400911697084e-01
-3.043598571120369467e-01
8.327132640270643593e-01
-1.129853431639827460e-02
-1.661370753673981626e-01
8.827650426800089933e-01
8.773623175091403992e-01
8.994144377719774930e-01
8.847806917032403629e-01
-1.696590596782968086e-01
-2.021950832972163326e-01
8.915968395914877220e-01
6.813493806009897347e-02
7.777632239613980758e-01
