7.680396641327104090e-01
-1.969652764894690433e-01
9.328050445260176460e-01
-2.800315908942777737e-02
6.934852426092363853e-01
-2.303033938975539430e-01
-3.827337244811965244e-01
9.043960342948189624e-01
8.185513270050330803e-01
7.343786529607635449e-01
7.733673727761913863e-01
-3.984866868564045372e-01
-1.807021320068797898e-01
-2.506854744278207425e-01
-2.236685036361511503e-01
9.215413774648739675e-01
8.909496446809939130e-01
-1.433455711567369895e-01
9.226492281906860660e-01
-4.047619514455153000e-01
-3.442275519331822742e-01
-2.913495996114711661e-01
-1.505574770440903654e-01
8.796598340061543286e-01
8.867748043267067448e-01
9.948831855028134052e-02
8.973781463193972741e-01
7.455401981696407887e-01
9.288534895476326103e-02
9.082819287441968870e-01
-1.492828640852551791e-02
1.797112403462684249e-01
-3.713267109196403126e-01
-3.315536284286023649e-01
6.931130508980480887e-01
-3.521087136727972799e-01
8.128772836235726995e-01
9.276878379533582963e-01
8.198367020278344297e-01
-4.433435095343636334e-01
8.963127661130600998e-01
8.952582437759817879e-02
8.636317974281439991e-01
-6.927338632480577185e-02
8.142157840636018440e-01
9.328334770227745265e-01
-3.780708803634993398e-01
9.251105115466627948e-01
-3.103804047347973327e-01
-2.963754968563472869e-01
7.916216623586889156e-01
-3.918684797127040542e-01
7.460908119304395791e-01
-1.509705709972701190e-02
-4.305585773596531940e-01
8.317955898710810425e-01
-4.159456241288578271e-01
-2.147215866744184021e-01
-3.670207838260701738e-01
9.549197117164631710e-02
9.042137820248140612e-01
-2.226438715531331991e-01
2.044216440325297979e-01
-4.599653235730505885e-01
7.705900654476407485e-01
1.321155887876626911e-01
9.199521885118067122e-01
9.239885362769240107e-01
9.062140307102793946e-01
7.422802079961807742e-01
7.278805823126778263e-01
-1.648444095890959638e-01
3.355888817286432069e-01
8.738328376595276836e-01
7.875208134270845761e-01
9.171805784602534706e-01
5.145116249234228667e-02
7.477530193832682137e-01
7.410708851498579719e-01
9.171321354082737631e-01
-2.996030879985393525e-01
8.172319451962835046e-01
-6.008385470758226266e-02
-3.298137091967064394e-01
1.771134477934401541e-01
8.353457745953691838e-01
8.781882511069699637e-01
2.947750382780070511e-01
-6.792416919511254370e-03
-3.668698853482241229e-01
-1.687702605636538788e-01
8.937641848182643622e-01
-3.768939623886119472e-01
-2.953152196652269468e-01
8.809505485716961903e-02
-1.513640019841794027e-01
1.243361641346967389e-01
-3.308755083279017739e-02
8.984937216575088481e-01
3.192304084453181923e-02
-3.876433573754053397e-01
2.110819354375121498e-02
-1.860770000481607733e-01
-3.144768323543475214e-02
9.545487777361613690e-02
4.099286528560965037e-02
-1.206114131077086898e-01
1.818478978369716115e-01
8.873321308926829243e-01
-4.021707989009065121e-01
8.454515815228946102e-03
9.158874542954229536e-01
2.316972213659286850e-01
-3.569552670274639961e-01
7.415316733349748279e-01
-2.407946816329983863e-01
8.445819312167526238e-01
-3.538987046803037662e-01
8.039461997629413492e-01
-2.918791505225441091e-02
7.826241561744046171e-01
-3.667094541239497296e-01
8.131985647884548696e-01
9.081433865955579332e-02
7.793587944190485395e-01
1.547163215258716140e-01
-3.539682706087242670e-01
-2.815283942134176320e-01
7.637801851774215223e-01
-3.754967382747527727e-01
8.249382124776848124e-02
9.261712108476879424e-01
-3.854304037279269179e-01
-2.195147014608090363e-01
1.763267508492753488e-01
8.981767193251400938e-01
1.815988636329506356e-01
-2.105859202539818731e-01
-3.833508228238736160e-01
8.299427188337263894e-01
8.498755033027552974e-01
-3.870949716042262345e-01
9.124540750449510185e-01
9.262647980952020133e-01
-4.048187512259619064e-02
-1.182946615626387088e-01
8.305148396398810418e-01
-2.628657355173337207e-01
-2.553612410904167462e-01
7.026696130225372761e-01
-3.143373704152072623e-01
9.189302496927358455e-01
-3.128400743311356424e-01
-3.888116184201133585e-01
-4.820063444478602799e-01
2.214505713546488230e-01
-2.953484788963370300e-01
-5.247472928512512957e-02
-1.740744058153540774e-01
-6.119557151882971252e-02
2.743595763412218780e-01
8.997545893604198541e-01
8.352206704200401122e-01
8.552041580130336218e-01
7.277397569416448331e-01
1.522531076068132372e-01
9.354001206766185961e-01
7.212301801522612577e-01
9.095330018058378485e-01
2.833083063904324739e-01
9.337765157726574117e-01
8.733924110211788161e-01
9.012707838332688626e-01
8.651979400937198639e-01
-3.179021933012583512e-01
7.324585677098941483e-01
6.177979442873891835e-02
8.860842888003360729e-01
1.330589105935557348e-01
-2.670638585104642138e-01
7.896009195206714626e-01
-3.639903393332163395e-01
-4.383068411547710319e-01
-4.499123763202992482e-02
-2.669271004045949414e-01
-2.687806604401896671e-01
1.049668701997133052e-01
-3.323478930953877031e-01
8.924432283863719118e-01
1.842079655207832373e-02
-1.073359016593921356e-01
8.926032391894134221e-01
7.251430004572134713e-01
-3.340399883143366222e-02
8.548673957020377356e-01
-3.430161684323188021e-01
8.328567999054643511e-01
9.142824382778096393e-01
9.063039000218185981e-01
9.327887067996593062e-01
-1.363579405113294063e-01
8.512584157636293725e-01
8.958923839489114638e-01
8.967821253388484903e-01
-3.864312903667316279e-01
1.929751562099545625e-01
9.234999316129901548e-01
2.213043511897105076e-01
8.189736438640636829e-01
7.364045852071456899e-01
1.497226077299210478e-01
9.249518679700966528e-01
8.362921472220807839e-01
-3.903030867919850544e-01
9.339942129825847816e-01
8.623395197101578757e-01
7.789305609352944471e-01
-2.600030544559951418e-01
7.216356255784571738e-01
7.695825298224825417e-01
7.344417580623763264e-01
8.768807355914600699e-01
-2.146226073834016645e-01
7.150294780090623581e-01
7.620853807492159460e-01
7.685509569759128023e-01
8.845656143228967094e-01
-3.299283360950733823e-01
7.775187062769493840e-02
7.517209528549033681e-01
-4.513554266823401329e-01
-2.921383404262843930e-01
3.944051676815826801e-02
9.168999419134566953e-01
9.303545171669055369e-01
-3.053771692611081390e-01
7.260868910332390902e-02
7.627164165813575814e-01
8.923889063701753166e-01
-2.153252081745863494e-02
1.110712717027667329e-01
9.206037268604206902e-01
9.414628681625494266e-01
-2.832682543613840309e-01
7.184481690966049161e-01
7.033789062687370031e-01
9.381805548234007919e-01
7.380431423632971555e-01
-2.502117520044626620e-01
8.868419878809286061e-01
-1.855496331879787630e-01
-3.824614478834471865e-02
8.918081308794924000e-01
-3.531261512207000686e-01
8.444292397680498441e-01
1.080826868536022278e-01
6.702071185782393359e-01
-2.434227081573731022e-01
-2.709601739753083605e-01
9.242504915049786218e-01
-1.952211500371272002e-01
9.125272684195766537e-01
-4.540715996910294483e-01
9.191887539047964850e-01
8.870448212912495078e-01
-3.102996473511530073e-01
1.949604524009878881e-01
7.877627667818409840e-02
7.609242799599001961e-01
-3.708067168010561465e-01
-2.700861667817965883e-01
8.639168436757834746e-01
-3.721857127456197900e-01
7.181278375238574485e-01
7.469139448403160353e-01
9.028115382609168682e-01
-2.667543194102676707e-01
-3.726382770662856614e-01
9.278987353013139483e-01
9.143318322802418407e-01
-1.681541382107388793e-01
-3.561596247493032941e-01
9.281360346039696507e-01
9.259790353320690448e-01
-4.077849300724846193e-01
7.010615314858600344e-01
-3.067095249778673538e-01
8.015357469202313290e-01
-3.819313101421183965e-01
7.668379731054560944e-01
7.146322933455905302e-01
-1.930602006370290558e-01
-2.025908844030264166e-01
-3.643849824355024358e-01
-3.477114303242662685e-01
7.628662176581287868e-01
-2.611062557534672979e-01
-3.666400401540768073e-01
7.525876406552365339e-01
2.135950191129689646e-01
