-1.293124614587393140e-02
8.987668215039149588e-01
9.129252775206002646e-01
7.516460879701264419e-01
2.228930732676984161e-02
7.006305237776236927e-01
8.918192497012679132e-01
8.903689277726670737e-01
9.072287217706872520e-01
-3.958248099812232690e-01
3.400975384940623653e-02
-3.289315799977809429e-01
7.116178485585195057e-01
7.438172188677605323e-01
8.533739577422934097e-01
7.648825484553711807e-01
7.192315374075020085e-01
7.590528394414922664e-01
7.885744206661535194e-02
-2.133845095149284055e-01
9.003352153419864612e-01
1.745612179099817196e-01
9.028924712696585475e-01
-3.222040259085239278e-01
7.897157930673717185e-01
-3.959859568069679092e-01
-4.387733615429182943e-01
-3.405233600960543283e-01
7.518703819893799434e-01
-3.778462809199582551e-01
8.971601456625210025e-01
2.369381142942285079e-01
9.035480703075722542e-02
6.946089330862947886e-01
-2.335737773075170498e-01
-4.236878722235520311e-01
7.767167145392137595e-01
9.187601982465468664e-01
7.175035174904068613e-01
8.758787807877186360e-01
-3.817135435251068354e-01
-3.167036665911476812e-01
9.184269184660254215e-01
7.578418403956547200e-01
-3.176163639820095419e-01
8.618063100301456281e-01
7.949018977120201335e-01
9.157562837754539276e-01
2.898867270389829040e-02
7.937027614030978118e-01
-2.807850184676518035e-01
7.787490319360433899e-01
-3.646785495629542573e-01
-1.060503581834694731e-01
-2.917503916389109775e-01
9.136937804133007379e-01
7.868116419024476782e-01
-3.172213286716981107e-01
-1.230484193319213992e-01
-1.385019997040012885e-01
2.810969920633460406e-01
-3.683287595160575911e-01
7.650008702990610532e-01
-2.091855654855563906e-01
7.369812365179628788e-01
7.217525266148910879e-01
1.154029206563551846e-01
7.723450002539261616e-01
8.965065411665203987e-01
-1.249255439224307568e-01
1.316130159601641703e-01
-3.556643362013264253e-01
7.904210772805344565e-01
3.604205936804137644e-02
-1.876732415049163216e-01
7.932181217419435049e-01
8.625851863498017469e-01
-1.724983509196634790e-01
9.255971918615836236e-01
-2.762769972901826798e-01
9.617754020317306751e-02
9.215002460017399644e-01
9.170420340211814514e-01
1.641799413139293506e-01
-3.528508484527520528e-01
-3.925980027410964079e-01
2.092125490304763691e-02
-4.511892201543487024e-01
5.187738809932977702e-02
7.667138186184754289e-01
1.690960733138339445e-01
7.009860292218870192e-01
7.519714646170472250e-02
-3.044783112316247764e-01
9.366248919381843230e-01
-8.173253237191605014e-02
-4.322292060374916534e-01
7.886400517595392179e-01
9.234735910113011093e-01
9.263292891858803113e-01
9.241980324506690048e-01
7.868499040478267315e-01
-1.980013225242698849e-01
-2.767709496352492859e-01
7.686438112945368495e-01
8.489432458218366673e-01
9.445135645654137435e-02
8.042455878105417288e-02
-1.163279408179378194e-01
-4.023991253277315328e-01
7.084823044885898424e-01
-2.983275586747484165e-01
7.707463932133089557e-01
9.441907285222027602e-01
-4.644630257399710860e-02
1.984763342439215331e-02
-2.556928124628195936e-02
-1.836385819823306287e-01
9.022310722418507289e-01
7.601682060202290536e-01
9.072175022325242866e-01
7.507026123785347504e-01
-3.814819798122042194e-01
8.780193029942128247e-01
-4.796952660416076153e-01
-5.241609303979742618e-02
-4.139168796783270210e-01
-6.881117617431234401e-02
2.382770057876221759e-01
-3.104917674650426451e-01
-2.839229805150481761e-02
7.483255546597675778e-01
-1.391629349949864147e-01
2.523897555998921294e-01
1.970859635889072869e-01
6.719598103671510225e-01
9.109448859601531057e-01
-2.926462370839159055e-01
7.804982512799205630e-01
2.138865498967576495e-01
6.783718652390041681e-01
-2.991657651126586326e-01
9.335099099938723999e-01
-3.185200471899816699e-01
3.399783330683509019e-02
6.490588121218066053e-02
8.837955320676099680e-01
-2.761223914095303211e-01
-3.326050990816801223e-01
-3.150577596775421263e-01
-3.199085016231525969e-02
1.921941566413940539e-01
9.116169716136426349e-01
3.688012020500568838e-02
5.281057715615525977e-02
-4.318908360785985168e-01
5.995973729065152691e-01
8.784150109504837989e-01
8.402767699965858483e-01
-2.794139124346737835e-01
8.805914051972705270e-01
8.410224138222994750e-01
8.284183858032115877e-01
-9.934965404306952963e-03
8.088288255431539397e-01
-9.575953406062276407e-02
7.855779639573491624e-03
-2.665444466852017191e-01
-1.828881172975381497e-02
9.484931820335172903e-01
9.017565506471678649e-01
9.099767359039984127e-02
7.653591978483009761e-01
6.366346275863605797e-01
1.214031771463046638e-01
8.369657026775874087e-01
-1.225568133494660261e-01
9.218435269584608349e-01
-3.985673500503756350e-01
-4.298637600914160251e-01
7.742797950222587433e-01
9.160934668607524645e-02
6.431794558124132033e-01
7.139143240618971431e-01
3.399014842650860957e-01
8.873769863343187181e-01
-3.211775528883529240e-01
1.208082328989032450e-01
-6.587091088797286664e-02
-5.948148744691225676e-02
9.110111053780359791e-01
-7.308776118861708138e-02
-2.709865759644175531e-01
8.688229579725292862e-01
-3.371025111075938163e-01
3.611236511944217187e-02
-1.011439268903452787e-01
6.744775506619952177e-01
9.295020108239827605e-01
-2.893599897528067663e-02
9.086924268971168228e-01
-2.852535114758833479e-01
9.121666251654029223e-01
9.359469290335039604e-01
1.468715640953815738e-01
-3.826395151021001473e-01
-3.428240151834182070e-01
9.151009807248656758e-01
-3.042905839308374660e-01
8.811969579884650905e-01
-3.608182755790454443e-01
8.949560584474888225e-01
7.585438087972562471e-01
1.750722304036451960e-02
8.524946287182720850e-01
8.557237546827649588e-01
8.389560479642962365e-01
-5.122684375148717217e-01
6.426510627951235177e-01
1.051062857230149056e-01
8.963197399772385721e-01
7.819049354712274136e-01
-4.250938281759135684e-01
8.904175753680199090e-01
6.794348836889799736e-01
6.970298235731674508e-01
-1.674289032190671989e-01
9.366910383143577379e-01
9.008708266122547048e-01
-3.646191882399243966e-01
8.844900243887641178e-01
9.393863660651686764e-01
7.327698380954265067e-01
9.245176743482312887e-01
9.424845497929165705e-02
1.023195568211181933e-01
-3.159570606853658870e-01
-3.724197161185962002e-01
7.512921192737588294e-01
1.439745070190829590e-01
-3.063375261930288973e-01
7.797974560442797465e-01
1.482670930291709599e-01
9.009295983783980333e-01
7.541854543198149852e-01
8.946706380779138046e-01
8.674712990877714303e-01
7.736094502934078854e-01
8.067092182785623455e-01
-1.776665459017473803e-01
8.699219743583198605e-01
-3.455741163326705445e-01
8.099355238253221900e-01
-3.081190092965541694e-01
9.020471805461240944e-01
-3.611061548149031575e-01
-3.593712062416647146e-02
9.225479033267188766e-01
-2.951517938617295167e-01
9.000539320335926297e-01
-1.724926331393609180e-01
8.119827725264161522e-01
8.935610227012358298e-01
-3.879702513018219445e-01
9.376064946555221491e-01
-1.425557062927011731e-01
9.461941715572144140e-01
-3.932907949280671778e-01
-3.188781955903106091e-01
7.196777561313869587e-01
-3.205362765063470287e-01
-3.997204268453184439e-01
9.011299890227785214e-01
7.165846843424621415e-01
7.923318629807866165e-01
7.723146965147770909e-03
7.406471719628234807e-01
-3.236228290705739918e-01
2.929127215699140613e-02
-3.282710465900527397e-01
8.898190691399339436e-02
-2.431837388654055354e-01
9.201907843436032408e-01
2.124907168089341380e-01
-1.048288851913819902e-01
2.582319589787943764e-02
8.929513924189433904e-01
7.497185867067175380e-01
7.513857210920023011e-01
-2.160696709992991071e-01
9.286486089729025784e-01
7.876636446133429281e-01
9.173452120003705579e-01
9.032475763376167643e-01
9.212750313913611322e-01
9.035561978914046222e-01
8.985428602653353636e-01
3.941184715050066040e-02
7.711864211953812775e-01
-3.064466529919058213e-01
