7.359617490871275258e-01
1.861509614628419906e-01
7.407844795930205173e-01
-1.945769785167959787e-01
4.445122039395225100e-01
7.968785479153436269e-01
-3.913332901096944205e-01
-3.228204495981281674e-01
-1.075888355115651451e-01
-1.109342346489953224e-01
-3.136810372562652827e-01
-1.462955274394354410e-01
3.008555068876800354e-01
8.115270361659479015e-01
-2.360833169757590166e-01
-2.386439780821281165e-01
-3.851982005099138240e-01
5.656345882229747019e-02
6.931715238970846960e-01
-1.093106396441216877e-01
-2.837743433451159203e-01
8.103734855671429482e-01
7.641256442344541711e-01
7.730382734524428034e-01
7.539213845717922524e-01
2.325141194552693691e-01
6.894554144739432067e-01
-2.187684359443850257e-01
7.503996385520834700e-01
-1.786936506899852173e-01
7.843467817250013296e-02
-2.040695215194620049e-01
6.641564358464888129e-02
-2.914072498095068853e-01
-2.843609621892798645e-01
7.873850423382073860e-01
-4.553627998856153991e-01
9.409992327187725047e-01
7.616720382553406055e-02
7.851410879525644315e-01
-9.985354254037026589e-02
1.516900949254944009e-01
-9.356845528616528074e-02
6.777091442692626533e-01
9.088980031990971931e-01
7.938546542599858036e-01
-1.822959977304986212e-01
-2.843442461609509420e-01
-3.330776974100981835e-01
7.828604355596395781e-01
-9.513887379395492838e-02
-6.775671357052182042e-02
9.264299877962910434e-01
7.394471872736810836e-01
9.363126473101156533e-01
5.101177857680065930e-01
-1.123845960613912703e-01
-3.685118509571962964e-01
8.231409110457174050e-01
9.278870435585010457e-01
6.553257763637518885e-01
8.003621918818925041e-01
-1.675953961799477310e-01
8.369438499536638876e-01
8.510011145316410675e-01
7.725207831117075763e-01
8.751448341717786850e-01
8.802629869738122226e-01
-4.533922306459394203e-01
9.315816561875603918e-01
7.020106105716329703e-02
7.321961327813291120e-01
7.074421312565698505e-01
-1.402806698984854217e-01
-4.675126199323607623e-01
8.912733269055785890e-01
-3.318821306170585683e-01
9.307420417888280229e-01
9.261716057527840107e-01
4.214241268009633751e-02
9.252951680342375029e-01
6.647945309224789767e-01
6.768493662790947551e-01
9.046021947739556479e-01
-2.308984347818534427e-02
-3.620533778444450790e-01
6.931245127591496580e-01
8.688742991817931527e-01
3.252601395482579982e-01
-4.225193239197401196e-01
9.211164387728405512e-01
9.101820544087911857e-01
-1.102651619404727001e-01
1.542991482459229458e-01
8.096392567025003650e-01
1.334283410078543342e-01
9.302551730840781241e-01
7.932893546284259800e-01
8.200057185665975412e-01
-3.657414431323498527e-01
3.162881799311815789e-01
-2.099740062011878072e-01
1.479012712079172398e-01
8.692096665887110163e-01
8.059149338527149542e-01
-3.170028929725386968e-01
7.239302102056117683e-01
7.680559685547396764e-01
9.142538592346297621e-01
8.759120323687352716e-01
-2.769215104673572458e-01
1.574280761663351402e-01
-2.050959612594341341e-02
7.058702367645197651e-01
9.221623976599701011e-01
9.132531042836358193e-01
7.540319268946353848e-01
8.833865280348571769e-01
-3.479205267698194382e-01
2.523684534803277146e-01
9.175634182777558934e-01
-3.336054499847794230e-01
2.883535094241341801e-01
-2.557221951575971430e-01
7.848699703798059923e-01
8.724760251092521512e-01
7.498072978435157410e-01
-1.826342614677340381e-01
-1.926601739756790832e-01
8.274832752309015937e-01
1.463975510521065559e-01
8.801804185757781118e-01
9.361417356533459078e-01
9.199846673919842566e-01
-4.012351375659190533e-01
9.009340566307001419e-01
1.295270817014989584e-01
7.236298908208458336e-01
-4.031129116265703694e-01
1.993820784612753555e-02
-3.478458168121915106e-01
-2.962898158983496844e-01
8.956151350281188472e-01
8.619008841643703844e-01
1.669279238315898584e-01
6.939735368367386803e-01
9.018258548021665932e-01
-3.261028023786241015e-01
-2.854204723892108872e-02
-3.229893515457558095e-01
7.489924909314394919e-01
-4.564107976762044050e-01
-3.870132048309012363e-01
7.696864982573287106e-01
7.603404934870802157e-01
-1.092469153300432670e-02
9.290104663015070763e-01
8.166958918828939318e-01
1.685683366601118949e-01
-3.535567846489828248e-01
9.154444401840667878e-01
7.129369945776546924e-01
-1.025519900131415807e-01
6.445950707067462648e-01
1.139550210469458535e-01
-3.866880584294903334e-01
9.472798314824749655e-01
8.255251602450827120e-01
8.671145105585120749e-02
8.575376427952843272e-01
-1.072089678747891739e-01
7.904290986011176523e-01
7.190254180272762641e-01
-1.435114711990630454e-01
-3.962122498545791460e-01
1.483835862221213331e-01
8.486262447720173130e-01
9.156297603965465326e-01
-4.209355284517849599e-02
-5.852473992860445645e-02
-6.978671609329356595e-03
7.476008905807055571e-01
9.326681257809189551e-01
2.778979957030476289e-01
8.444431718458075276e-01
-3.028348436150612444e-01
8.670691514970259028e-01
-2.674852876641213850e-01
-1.338001781531650280e-01
9.315085452129187593e-02
8.955225258096138896e-01
-3.018076288981703659e-01
7.401057934535073546e-01
-2.923409047582040676e-01
7.574406119424976769e-01
-4.239589048700697638e-01
7.937325081304918983e-01
-2.801580319314138645e-01
9.044864851312426346e-01
1.671362816776925109e-01
2.081801490400999044e-01
8.141173449303157339e-01
8.414843651470531594e-01
-4.080685525447829143e-01
7.978425133172515338e-01
8.519640168635422839e-02
-3.479711946097339137e-01
7.631609183709950894e-01
-3.355228729760296180e-01
9.027432442161046344e-01
-3.175422491177973261e-01
-2.641547227822824140e-01
1.689966647044400250e-01
8.536895299756205313e-01
9.384435448044977646e-01
2.701264299738298860e-02
1.018354606454575928e-02
7.381322738123632932e-02
6.926290371437924254e-01
8.972013734299348897e-01
1.286597040161472846e-02
1.733007113788480047e-01
-4.032326329805629994e-01
2.133693250633586225e-01
-4.309636343749412846e-01
1.017437133578524139e-02
9.190287346698787774e-01
7.660114394675983096e-01
2.486944465865885065e-02
-4.115001652080666483e-01
-2.859680356502487530e-01
8.044225155061810462e-01
-1.935530084366640091e-01
-2.473742487391407674e-01
-2.977452008831738550e-01
9.338575898727441427e-01
6.834205356874192838e-03
-3.190831462838668586e-01
7.249732319648406476e-01
1.510720374440487901e-01
8.856800382280370920e-01
7.715221001187100303e-02
-4.779997443706279769e-01
-2.120064503144619694e-01
3.192077992469476433e-01
8.415794530271590856e-01
8.902364023899973500e-01
7.627237089685413585e-01
1.548019371950115908e-01
7.979727566904859515e-01
9.315445973156704085e-01
-4.471144265057616085e-01
1.062871342611897973e-01
7.811511977240394033e-01
9.138938990656227945e-01
2.326369328531890934e-01
9.084087209777227390e-01
9.148493978267006055e-01
8.719872303777915779e-01
7.690235501106461591e-01
8.626447300708134369e-01
8.349271443548637039e-01
8.090808262963494757e-01
2.156847435751825803e-01
-6.771141766040551790e-02
-2.810044674911925666e-01
-1.747859881333557741e-01
-4.436841512559855372e-02
6.806819606922856480e-02
-2.373253448369083973e-01
-3.417260250468616145e-01
-3.074230568389256790e-01
9.269508486208529741e-01
8.899820047753624896e-01
-2.773830577701617006e-01
-2.465508924414377412e-01
-3.266441583982869767e-01
2.985498531959019930e-01
8.900381274821936861e-01
-4.062757296809682561e-02
9.337050684432190994e-01
6.434385605658224927e-01
7.096329381652692891e-01
-2.279515573501424142e-02
-1.398498626681926593e-01
8.873498633646061950e-01
8.704449021417192123e-01
-3.027199319956914159e-01
8.805237882464916899e-01
-3.620805957732881053e-01
-1.310314090549745125e-01
9.179735596073518300e-01
3.326690642946574794e-01
7.554906792062565657e-01
5.369967864158734644e-02
9.516108229936390828e-01
1.632384478174435383e-01
7.922917129493718402e-01
7.782379404307304682e-01
-3.695573608872693150e-01
