-3.022877198175185076e-01
1.289105981805535317e-01
1.158791642866294491e-01
3.560260035328809136e-02
1.628941154800276625e-01
7.924265291501416675e-01
9.023409114975260437e-01
2.672205771390451928e-02
9.329587483022449002e-01
8.797764657824632684e-01
9.007799774441626051e-01
-3.247413805157365885e-01
8.691216030412981519e-01
-1.712078819817191011e-01
7.979373682813760693e-01
-2.293479716166801213e-02
4.551044246001939575e-01
1.971821959724250894e-01
-8.371538069098624635e-02
8.952670353051119800e-01
8.266381525275969810e-01
7.280423747856356043e-01
9.207588785274712917e-01
-4.082799089641572232e-01
-3.033988697144398006e-01
2.144350442143808100e-01
7.786767046267311088e-01
8.802388474365253623e-01
-9.702850561453986444e-03
8.342938877054028035e-01
7.829238717500905942e-01
-3.734016186815164451e-01
-3.592762610805366186e-01
-2.614761153936271953e-01
9.089232937426570125e-01
6.988758200210041238e-01
2.188121134216461650e-01
-3.133868998300845532e-01
-3.510533650487328572e-01
8.757958151962439430e-01
7.468870655638036871e-01
-2.250589906220404335e-01
-1.312939838214041699e-01
8.989905614721860339e-01
1.906947192485082265e-01
9.113153302208909512e-01
1.250829113673557480e-01
2.582630111243529036e-01
7.755391783127846272e-01
-3.154716899917375805e-01
4.162470184843559684e-01
9.161582258889404695e-01
9.076309495904836266e-01
9.143762027070487797e-01
7.724854466480624016e-01
9.323897164595646991e-01
7.693831994860984569e-01
7.367122114629057750e-01
7.218814549427511329e-01
-2.169052931920063820e-01
7.215719838260395980e-01
9.417713260733220348e-01
7.163054267639638040e-01
7.232794601934082745e-01
-4.018516637049515672e-01
2.276970263824786289e-01
-2.869476328901859330e-01
-4.288420615380630907e-01
-1.630480506487924919e-01
-1.941857057856454793e-01
-3.030837573527002671e-01
-6.395065676481123673e-02
9.227220042245425358e-01
8.831896023852207067e-01
-8.077803916954430508e-03
1.303134931923317086e-01
3.410615591140529479e-01
8.987403516269318882e-01
-2.440509923884668086e-01
-3.505318415696696555e-01
8.990919269687346338e-01
-3.321724844438354030e-01
9.246065411923117816e-01
1.641030951130227344e-01
7.722690401246354863e-01
-4.866085466001800475e-01
8.854569956647327933e-01
9.328436075712343012e-01
7.684738361512222227e-01
7.954601592836207935e-01
-3.377592435873559840e-01
-2.542973837574469820e-01
2.684749003802577860e-01
8.952146327386809599e-01
1.754783230182217491e-01
-4.620382799841416532e-01
7.651687301873262292e-01
-2.774499397526392075e-02
-2.546127391987834110e-01
4.116875967287644822e-01
7.063487677436999790e-02
7.035552637463357017e-01
-2.442355186619981078e-01
8.152820522325563424e-01
-2.571590652786317488e-01
7.601341587243326536e-01
8.900736681183690768e-01
-3.136874295211513619e-01
8.869057206289855388e-01
-5.598777383342018465e-02
7.834925814634716712e-01
3.245480021899296852e-01
2.044717502292695832e-01
-4.912897764853131344e-01
1.142703873116814386e-02
8.827416637605031147e-01
9.104238833935561770e-01
-3.725196229113672541e-01
2.475475293224618234e-01
9.113908940002614090e-01
8.724943847985719980e-01
-3.471598271918562850e-01
-1.992525205905103930e-02
3.275793574084310406e-03
9.024123119464370069e-01
-2.454684892005489227e-01
7.187515739776700885e-01
-1.073896374320068708e-01
9.056923588103339418e-01
8.369545578508119643e-01
8.649995867612081391e-01
3.164124088323417294e-01
8.290700534545434319e-01
8.611620940918738309e-01
4.943783937886710861e-02
9.065127608430189055e-01
8.286857272107636119e-01
-2.355447179513264211e-01
7.003120865021028596e-01
3.658213682653461696e-01
7.931043914367359449e-01
1.541901542392086211e-01
7.794133087571211149e-01
-2.501326143984617945e-01
3.031259497796549574e-01
8.999439382919491859e-01
9.465014367437727394e-01
7.870705854177674210e-01
7.467039371857281393e-01
8.192703726963266320e-01
7.840074859305165011e-01
7.826578065801381712e-01
7.130464227473510830e-01
2.038030055505217764e-01
7.156974434035519028e-01
2.622937769419033671e-01
7.369821260616040703e-01
-1.719133089783709267e-01
7.599030334790333185e-01
9.035257295943460720e-01
-3.197059245936917926e-01
9.133790530764573923e-01
-4.668859798513221304e-01
7.609686391505238179e-01
-1.537739855432108671e-01
9.463525962038619177e-01
-3.572055894830767908e-01
-3.165791516258099625e-01
9.257405418935649166e-01
-3.244830685226280931e-01
-1.589410828799264486e-01
1.380124524938832198e-01
-3.318169064292482706e-01
-3.607911156400179786e-01
-1.780706028364623383e-01
3.142544888518012391e-01
9.270434322344112132e-01
7.746270478867379738e-01
9.037519402347278241e-01
8.225554502590339823e-01
8.845452455082607468e-01
8.929120382540851608e-01
-3.419435781455019696e-01
-3.567235804148007894e-01
1.050494737157230546e-01
-3.344657866458400353e-01
2.074869970805985619e-01
-4.139898725894993192e-01
-2.914430547299984298e-01
1.173640804843376594e-02
2.485756376323354777e-01
-3.366162936569528918e-01
8.324583509079886978e-01
8.901789289402499694e-01
8.239855822418610254e-01
9.083382167643634375e-01
-2.159505459025958807e-01
9.121867315754537131e-01
-3.081139700901703860e-01
7.786664614671622020e-02
-1.015601064740329629e-01
-9.060267847762375204e-02
-1.634817547609069555e-01
1.745173824009120522e-01
9.002772914181924602e-01
-1.234281079460828115e-02
2.074480141281344059e-01
2.222283767114860975e-01
7.878146354703734477e-01
-2.116941165599015573e-01
-2.897925011039953480e-01
-6.147708802977557008e-02
9.169227784382477653e-01
7.971451195813017421e-01
-1.253261395063230421e-01
-2.299222892801622287e-01
9.342568675625075869e-01
7.989741454092998962e-01
2.064826745442190359e-01
8.934453440779221989e-01
9.146488532234546831e-01
9.028139437166037284e-01
2.039348532293473182e-01
7.610111515120586700e-01
1.712324246250607196e-01
6.656186596223805374e-01
9.247139126784540419e-01
9.171834650184481630e-01
6.780044116572373492e-01
8.110530322083740751e-02
-3.916729463585779669e-01
2.632182525082653601e-01
7.968374102667299397e-01
-3.237847123523608373e-01
8.884148242495255587e-01
8.121579340717154372e-01
-4.211557837898960988e-01
7.128415973072070866e-01
-3.110655865714800350e-01
9.390682086521394689e-01
-2.954657682334582702e-01
8.717621919033479161e-01
7.848691295902867626e-01
-2.668748807269028522e-01
8.059823541147406178e-01
9.464183643818675495e-01
2.711511468282081783e-01
1.349385685977451121e-01
9.050237478270849456e-01
1.429111975252299882e-01
9.451257564010315804e-01
7.175329287174575521e-02
-3.478614552541347549e-01
7.765545883520188486e-01
-3.197209868154634593e-01
9.080577490927307371e-01
2.378870275407222734e-01
6.603182702479351573e-02
8.686336729072325902e-01
8.716399161849450739e-01
7.965169443631374691e-01
-3.162646197749214294e-01
7.853052674463757432e-01
2.767631791897800508e-01
9.649776160048997853e-02
-7.054371524543433247e-03
1.194417049187322527e-01
9.200259458055338735e-01
3.570934183575425469e-01
-2.587213008241300294e-01
9.280045703907240373e-01
1.510235086068549837e-01
9.302339697420010101e-01
9.149235680115732627e-01
3.388030295866101826e-01
3.495005333086297350e-01
6.280617021894287222e-02
8.117373754398767849e-01
-3.999739764805460007e-01
6.832313540335771540e-02
-4.368203544204249944e-01
9.167818895070637408e-01
-2.036151807965478344e-01
7.310470025487819656e-01
1.859219443509767256e-01
-3.989718853687354572e-01
-2.530298991834863398e-01
1.983297624506978607e-01
9.163646933632763059e-01
-5.938319423748227716e-02
-1.201946708947499581e-01
-3.027903725308579430e-01
1.411871068034694643e-01
-1.180564456779097104e-01
6.739378966958716743e-01
-3.542164167545081011e-01
-2.565584385008469193e-01
-2.649314703395930226e-02
-4.548315731512602156e-01
-1.314166209172671906e-01
