-1.340456920508079075e-01
9.082162652844366635e-01
7.446758842543703683e-01
-4.385643889593959788e-01
-2.954090400256247362e-01
8.598503085351437702e-01
5.757149424017917738e-01
3.682100490027283568e-01
7.813272295933100242e-01
7.826830166837526193e-01
-6.567476105778322082e-02
9.303344243738892461e-02
8.974307627169203494e-01
1.680115144459166932e-02
1.840014503626556663e-02
-8.060284645085394328e-02
9.051658559236136492e-01
-3.962247905417822236e-01
7.729233013120452300e-01
8.905467455997114756e-01
6.482669223333593911e-02
7.025977266126680609e-01
-4.846218287195290242e-01
7.989444982507735160e-01
7.039310826927641651e-01
-3.238932287245325781e-01
8.471098472390142797e-01
-4.867373035918822199e-01
1.942747351626795127e-01
8.685256251661783722e-01
-1.186747648791681292e-01
3.520061782088222679e-02
8.284586352638458884e-01
-3.459510485403588520e-01
9.059798378488602699e-01
7.129171681238068992e-01
7.754515202635348103e-01
9.131011436112874691e-01
-2.288325730192120322e-01
9.259459518324377747e-01
-4.548311945343064266e-01
-2.379071490298434732e-01
3.662672302383558620e-02
-4.268019527805139712e-01
-7.507829896321216445e-02
-1.457156887007854396e-01
-4.158009102194679812e-02
3.460198697319911143e-01
8.260768335822508135e-01
-1.219392155648150872e-01
-9.908629396711621240e-02
6.943339528562425533e-01
7.354527712961705932e-01
8.481968521554276164e-01
9.231569464813300652e-01
7.147990450910539639e-01
1.111374718737846434e-01
8.820473160006553348e-01
2.058397957806517575e-01
-4.460266106568290811e-01
8.028798923614398619e-01
7.426960362224633849e-01
8.015805481894936468e-01
-5.251185444846701023e-01
-1.865140398557537937e-01
-3.894440619959581573e-01
4.723366877464557634e-01
-1.295720363493387817e-01
-2.800786682926248439e-01
2.822640686323627524e-01
9.145075510856613965e-01
-2.725683739748667178e-01
8.029388262157700629e-01
-2.828356255514156703e-01
1.664753347902849234e-01
-1.981476709979155815e-01
-4.840145436766881137e-01
9.144385000486869863e-01
-3.573451699763872669e-01
9.136495823401055150e-01
2.926810582946592562e-02
-4.789930971962363393e-01
-4.309102687142241650e-01
-4.329001768469488143e-01
8.040855164253679632e-01
-1.191726952057209007e-02
8.971685146560945956e-01
9.038240704486621979e-01
-1.891456891316212197e-01
-2.909569114123646827e-01
-2.883302586480204766e-01
2.240484433181393897e-01
9.342889984852030816e-01
-6.398943130881601382e-02
-2.200545947669141078e-01
-3.468924556154195371e-01
7.398697965703053825e-01
9.219452613632832527e-01
1.504653352113074181e-02
-2.652539883874553972e-01
7.808835709609061038e-01
4.643788979353630220e-02
9.008749155189519353e-01
-7.166404113154886679e-02
-2.871146096154648664e-01
-2.091757257125562985e-01
3.276016758848423471e-01
9.140473697964642819e-01
-3.989181723830127480e-01
-2.597622787978747239e-01
7.064587356286887720e-01
-3.489098941222085193e-01
2.513720044238338946e-01
9.064729349747310261e-01
-3.870625737695737034e-01
8.459610374268389243e-01
-4.493622898711541191e-01
-1.201063604343164531e-01
3.755186510646849607e-01
8.840882513180757796e-01
6.923298224441649662e-01
-1.450018096315287275e-01
-2.702053141804303671e-01
9.062872778801629448e-01
8.696573401571475737e-01
2.346904856093853797e-01
9.106702215968885961e-01
9.102178384770956976e-01
-4.236243804169403937e-01
7.703777512917738823e-01
-2.604277512300149922e-01
3.808866220314797157e-01
-2.021128248274840222e-01
8.888209120960091081e-01
9.134263368762575164e-01
-3.405214239796289233e-02
-2.670016787358969190e-01
9.200420835806267794e-01
9.132067982679210605e-01
-4.155654405385564298e-01
-2.043630095356097909e-01
-3.509180481108618022e-01
-2.896926560206408152e-01
-4.547261468625827252e-01
9.119108964166510178e-01
-2.386222457983729339e-01
7.655340620714131683e-01
9.171349792054794836e-01
9.063487032860483295e-01
-3.685503630319763024e-01
9.112776594766737182e-01
8.202219965773831500e-01
9.110595399584352494e-01
8.780471337633789508e-01
-2.901507521576944804e-01
8.615472270519289877e-01
-3.478398086859759569e-03
7.784745786879773144e-01
-6.394054468846203931e-02
1.128698327496534815e-01
7.749732896808094740e-01
7.893510953258700003e-01
8.160362503751854568e-01
-1.648927961194724540e-02
7.655081064514857037e-01
8.832256134287784777e-01
7.322396188750467383e-01
8.497185151783005486e-01
9.223721127562271027e-01
-1.021385750376965426e-02
1.468901860929890946e-01
3.247658659553082083e-01
-1.452717003070308488e-01
2.157532680996479546e-01
7.673666489757733356e-01
-4.504125372748719047e-01
-2.943770849225618019e-02
7.717923728327278354e-01
-3.224710380749329919e-01
2.781498040814001094e-01
9.178484470026229136e-01
7.303029621026769780e-01
-3.421631612636723552e-01
2.570689030449323509e-01
4.114433749747235802e-02
-3.668933745410063452e-01
4.855266619112422188e-02
-3.425826661923679906e-01
8.705598349413723458e-02
-4.485399029034045637e-01
9.048998149084892528e-01
-1.159399812441651995e-01
7.425361671151503584e-02
-2.822245599684883866e-01
-1.644214053261463526e-01
2.313989566361048800e-01
7.889959111072706310e-01
2.728882311044288911e-01
9.037861288335510279e-01
-4.371153440472632656e-01
-3.331702345049528113e-01
9.100209798456090349e-01
6.932669453390699621e-01
-4.016838069902229913e-01
8.877718910967420385e-01
8.166196544374473842e-02
-3.452970593507898589e-01
-2.764904887555688084e-01
-1.563709008575056847e-01
7.614678182086003222e-01
9.212860011649668390e-01
7.321975527250269566e-01
-2.747624319591312481e-01
-4.043898603789770618e-01
7.175788615897096268e-01
-4.496507614111892037e-01
7.457254591174072855e-01
-2.655188835638788020e-02
-7.917723455676639599e-02
9.072084941961838789e-01
1.242337598718411540e-01
-3.224724552576168635e-01
-4.161121795268349355e-01
-2.703063084012249373e-01
-8.752256916444062229e-02
-2.186030071549801418e-02
7.770442068777223543e-01
9.004600488173987172e-01
7.393241243337982382e-01
7.592394438871463702e-01
9.058465821003969243e-01
6.381763208776164431e-02
1.487417829493428711e-01
8.514019271502997199e-01
8.576316414127881371e-01
-3.384426712721317898e-01
-1.702552165150949537e-01
-3.706455263925121368e-01
8.066723599047810334e-01
7.971794036101873537e-01
-1.280109659308441283e-01
8.734678407319770299e-01
-2.918339654270125094e-01
8.833388409775003725e-01
-2.218045652858917083e-01
-1.443400008813101043e-01
1.873373550777273355e-01
9.095246819474589461e-01
7.243395164568628974e-01
-4.329057032379106107e-01
-8.819769453440938489e-02
9.416387304838639283e-01
-1.396304159710995973e-01
1.467079537002116407e-01
2.900705875311178628e-01
9.299523993219050988e-01
-2.606141532371674119e-01
4.485497296648308790e-02
7.297598223011121377e-01
-3.412443917803235638e-01
7.365479236333023483e-01
-6.316893241429583084e-02
-4.024307810609753511e-01
-3.339786562407632831e-01
8.864646991390179309e-01
9.227591101516688932e-01
9.273074470158237936e-01
9.279245338556885159e-01
1.785396964402948816e-01
-5.153489854702197892e-01
-1.989264936694477570e-01
-2.150501142705612267e-01
8.919824645705969335e-01
2.031905004651523017e-01
-1.357927897697216169e-01
2.642285998094840993e-01
-1.456517890266256776e-01
7.353922321935858486e-01
9.207854402142481298e-01
1.187718936078998588e-01
-4.296467175385987880e-01
2.131881473663316262e-01
2.653883273914680596e-01
8.451251600731279900e-01
-1.187678124164868315e-01
-3.170073887709515814e-01
3.257446025989913507e-01
7.449269803956626301e-01
-4.736425100016181666e-01
-4.364986694681429746e-01
-3.261552588548599085e-01
-5.486983686428197338e-01
-3.244708026948212587e-01
7.877648515392023931e-01
-9.976436159482288124e-02
6.257450491249002544e-01
-1.263755420686175357e-01
-4.726909483507428789e-01
1.916679301108368538e-01
-1.696213918501375817e-01
