-2.791535281600452389e-01
-1.924029397806604758e-01
8.066415537221859333e-01
7.082576984769349826e-01
9.404202546973086108e-01
8.627621190131485873e-01
8.457388652174092636e-01
-3.957028436811073080e-01
9.240702536420715152e-01
-3.930191825297117969e-01
4.682272193501511165e-02
5.814625841386676652e-02
-3.534513875349643008e-01
-2.640822235307096477e-01
9.822758282396693019e-02
8.095855037977361945e-01
8.946961480918658172e-01
8.500876242676758121e-01
7.294090907849858363e-01
-3.655769761722221234e-01
1.490369455912643470e-01
-3.579529210788180427e-01
8.896603357599183193e-01
-3.033690873346568395e-01
7.934409687623076302e-01
-4.780471560540981019e-02
6.614933556039654938e-01
-3.453125219083005848e-01
8.986032054738188890e-01
7.747980375262574215e-01
-3.218541161448895127e-01
9.140948409757133630e-01
-1.297244105978239553e-02
-3.484645924081898327e-01
-2.845628406891562712e-01
-3.378915829530436121e-01
-3.695422742540578342e-01
-3.191212401548181865e-01
-1.576257680953917217e-02
1.565324690224700194e-02
9.074051244120796555e-01
8.636955707106808156e-01
-2.985984350775524043e-01
2.949950960680403078e-03
-2.943620296753023946e-01
-1.765840258816162023e-01
8.787735109709109427e-01
7.089768041481115946e-01
1.072476414415267643e-01
6.702633514864351216e-01
6.773750698406884041e-01
8.434684064398874082e-01
2.336281718368361793e-01
9.259495670444664039e-01
7.668454401457691638e-01
1.879062077450519008e-02
9.388104332010523967e-01
7.164335320465174961e-01
9.050887392895088368e-01
9.446593222477620566e-01
9.080277180492555278e-01
9.441201928245873676e-01
9.510025930920185111e-01
-3.310804713185771520e-01
6.397577895181776331e-01
8.188262840303264234e-01
7.715980442308157938e-01
-4.050843661458196077e-01
-3.134311754912962322e-01
2.046785205321727252e-02
9.234509374247151792e-01
-3.209968242172627217e-01
-2.876276072276355844e-01
7.653216411580922030e-01
7.476184165796962988e-01
7.961140930018409945e-01
8.979104386390697190e-01
-3.108160898285448059e-01
7.733937989523571588e-01
8.148925144102099338e-01
-3.807656469463559512e-01
5.392688239866259836e-02
6.259073088586122324e-01
8.716101343386447597e-01
2.433209344285542849e-02
-3.613298631091731439e-01
-3.310203504546368469e-01
8.318075396036913594e-01
-4.137418812446472249e-01
9.084329670137964996e-01
-3.312536285104322742e-01
8.356617356050148882e-01
7.032404354610928554e-02
9.289204901390463176e-01
7.469129314493515581e-01
5.732282989221143543e-02
6.923902677864653965e-01
9.086450504525842575e-01
-2.909679218467866035e-01
-5.363384773683220752e-01
8.387396624318094185e-01
-3.041916969658027825e-01
9.301462266066188311e-01
-3.977917237635648084e-01
2.024002668097846791e-01
8.506099032579470531e-01
8.254088529724120660e-01
9.021692654160772262e-01
7.902150215394578847e-01
-3.780765861052240440e-01
8.960340801722096460e-01
5.742315556158224255e-02
1.443378570049480905e-02
9.531624899129605977e-01
8.894123061367991134e-01
7.851523888567556453e-01
9.350675878713492484e-01
8.856685485908164512e-01
9.126923489113252241e-01
-3.881605187852182337e-01
-3.595871950122953575e-01
6.617738558619382649e-01
8.842380417252770908e-01
-3.148182856718050870e-01
8.774372249528558099e-01
-3.024187919414897951e-01
1.238065174895395110e-01
8.297911609001940025e-01
2.169385557969578660e-01
-3.719347041815219967e-02
9.109504892118958086e-01
6.554484283226262864e-01
-3.498300475169284773e-01
-1.979346177893951397e-01
8.183542565295037763e-01
6.877911752033121218e-01
1.018039673843124659e-01
8.541477801511181411e-01
9.308809322140541020e-01
8.350284694558521847e-01
-3.966506797590168554e-01
8.921517903847522302e-01
5.314113686612030596e-02
1.714998532126878472e-01
-1.875661620167292376e-01
8.731587268288836245e-01
-2.766858731461883103e-01
-1.938393644916644454e-01
-3.620511308375444770e-01
-2.375866281086387866e-01
-3.204566609442993652e-01
9.487560181454843811e-01
-3.536944840751904406e-01
8.277134910898518161e-01
2.779243967401124338e-01
-3.495106953390422211e-01
-3.274092688325182521e-01
8.027770570837871045e-01
9.226782427303366063e-01
9.417428276504401508e-01
1.354681560123307538e-01
-3.798165680517433529e-01
9.121881122152152022e-02
-2.407943473009421798e-01
3.153576550458643546e-02
9.074502755497469986e-01
-2.889721688100178043e-01
-2.772918789304682496e-01
7.430940955925702252e-01
8.779076489823006701e-01
9.119740325616820797e-01
6.989863581264637027e-01
9.156240280910776796e-01
-3.258254488817990402e-01
-2.871314247904325212e-01
7.680580233960802028e-01
7.675018794569621328e-02
-8.358810898467537720e-02
-1.611296878894992735e-01
2.571696158047556136e-01
1.238495040117540413e-02
-3.317279268602224551e-01
7.412733708969970747e-01
1.659537286872447559e-01
2.337537506322262537e-06
-3.579547071535576497e-01
9.261909377700041635e-01
3.167541570903354385e-03
8.514239761424522435e-01
8.165138919818801799e-01
-2.291425262218685643e-01
8.555564094043075496e-01
-1.114311213243921184e-01
7.799059960056184959e-01
4.440092338747748252e-02
6.368977893317759875e-01
7.774346550323411043e-01
-4.627365544329961056e-01
9.037787651031770064e-01
7.834874725772755788e-01
8.347807934497359916e-01
9.033670518645928738e-01
3.182446414750943475e-01
3.133668819082016110e-01
8.692499006726851496e-01
-3.518917797720097496e-01
6.696723664791988107e-01
6.885469353176030260e-01
7.837469644217937015e-01
8.947493586941690502e-01
-1.918566378909915965e-02
2.836847406795864335e-01
-3.923327546310620417e-02
9.274491425919467735e-01
9.240229055025593885e-01
-2.035271360011106090e-01
-2.571645889739817559e-01
7.054504417609537281e-01
9.259969892776807043e-01
8.617970551591819239e-01
-1.735625150053814458e-01
-3.634498754250310437e-01
-2.344641198197842252e-02
7.694808127397330111e-01
-4.048931341711732856e-01
9.023894760044536278e-01
-3.325816090102888256e-01
8.961748761834098520e-01
7.419181757490581619e-01
-3.069563746362614642e-01
1.003874083831070713e-01
9.186874198933698832e-01
-3.554035972870403515e-01
-2.835276785694957891e-01
-2.700937777396704154e-01
9.182418270202684363e-02
9.296323874260943310e-01
7.497166672544628430e-01
9.812508562216507024e-02
2.241459908272750989e-01
7.706064033730678497e-01
-3.500188176145601071e-01
8.817031766723478770e-01
9.115192424893293621e-01
-4.750296177149360144e-01
8.490925942142131255e-01
-1.325812920378494630e-01
7.889751313498224450e-01
9.076926630967281362e-01
-3.447534539412975274e-01
9.060793441512234869e-01
-3.710837098959026692e-01
-2.093471639730238310e-01
7.209458886010355894e-01
8.608203168104687775e-01
-3.399685015658852616e-01
6.779196003919581992e-01
8.751040932325053756e-01
8.977723829168553493e-01
-3.714398102423544512e-01
7.673658527529376716e-01
7.772188219624553973e-01
8.835603695165651361e-01
-3.374986896592233609e-01
8.798910431208490923e-01
6.862595948400480594e-01
-3.499097714525844505e-01
-2.592153877541337192e-01
9.477850828692641061e-02
-2.814169282496685187e-01
-1.584342061016933423e-01
-2.871139982528472800e-01
1.619984892314130231e-01
-2.406974844654047596e-01
-3.939586281977298099e-01
8.814693001805387618e-02
8.529360597363201679e-02
6.692846334215544202e-01
6.877572714891942995e-01
6.064608777573168297e-01
-3.900165271336140105e-01
-3.735585612185500781e-01
-1.897241958308379939e-01
9.279279898067475107e-01
7.583332419150394799e-01
8.190462549888204435e-01
1.354172937978075919e-01
1.723752690019968725e-01
7.621078316540444986e-01
-2.267507565395266156e-01
7.608562806083627450e-01
9.238444848906028906e-01
-3.787133323289751385e-01
9.133377356896198451e-01
6.226167143225583289e-02
-3.180949924445927723e-01
-3.406481378231107637e-01
-3.944369232922395607e-01
7.558260525748233816e-01
8.525009670349384949e-01
