-1.373690533812051418e-01
9.029221732169159242e-01
1.129280869848707236e-01
7.508539262567064387e-01
8.200936737809041421e-01
7.093047472000205134e-02
-3.454748798247090358e-01
8.642760456006866043e-01
-3.099882877621331079e-01
-4.499031151084761926e-02
8.900873875690100689e-01
9.375125380793588592e-01
-7.463621705371538406e-02
7.531562724517201768e-02
-2.851395062631867372e-02
9.026449347918351629e-01
-3.470458133684150015e-01
8.997030667591298103e-01
9.061677926662999871e-01
9.056728156871750590e-01
5.927724237400475715e-01
9.180699493566970570e-01
9.246516840919696278e-01
9.197958138928564731e-01
-3.131425098292372478e-01
7.415234213721016987e-01
7.822438808848606318e-01
1.209836039056636919e-01
-5.147511905103903107e-01
-3.332311109804595439e-01
2.305774016013435179e-01
2.158702128061006364e-01
9.180534591478487494e-01
7.034708331234601486e-01
9.371521817048179548e-01
-3.802245554418930973e-01
-1.312570675053795488e-01
7.484733515397444803e-01
8.583773184127986289e-01
9.026392814040777868e-01
-3.366779318686665690e-01
-7.876270666048011682e-02
2.758152693466490724e-01
-2.014199077224278212e-01
8.709641763884785615e-01
-1.878583300002902023e-01
7.870221848318543767e-01
9.046697184116028190e-01
7.668496252390726298e-01
-2.333703634878257771e-02
-3.434073577726367565e-01
-1.269045266668743510e-01
8.368051904857050083e-01
8.947675082670999425e-01
-4.316750864993195713e-01
-2.791406020996329285e-01
-4.304269603096550489e-01
7.374176731943934415e-01
7.681742763309230559e-01
-3.542110772888040771e-01
-2.922114157608385887e-01
-9.135678990708542835e-02
1.660171062210587800e-01
1.088074231871639791e-01
2.884933869007804130e-01
9.073091825156550660e-01
7.918464848428213854e-01
7.791738048090437463e-01
-2.873428302440101945e-01
9.070768378616809180e-01
2.907849436214055006e-01
1.271249528927743677e-01
9.310965825976235122e-01
7.915348943484653566e-01
1.266848145986142482e-01
9.147051367795423493e-01
-2.207544279056845582e-01
1.368203735073508787e-01
8.222112755141023355e-01
9.130021554597466116e-01
-2.839083742026783375e-01
9.357263782173764755e-01
7.830960634049854985e-01
8.954471876083098802e-01
9.128324778368096526e-01
8.026215503527475148e-01
-2.769623438003053773e-01
-3.475322540384275238e-01
-2.629789726608569023e-01
8.602404860897149286e-01
9.342952408797260411e-01
8.934501153817511199e-01
9.463369926448379488e-01
-2.736287457341382567e-01
8.991489561073142678e-01
9.351450849000900734e-01
8.899367940675482203e-01
-3.100120811569191392e-01
9.154028201104731366e-01
-3.860272073329479303e-01
9.517183719647611673e-01
-2.948564197653175678e-01
-4.408247475844750268e-02
7.590683316816296822e-01
-3.748926720545481261e-01
9.352798158632429359e-01
-6.611830360464202028e-02
8.582072008038438282e-01
4.450478866126314492e-02
-1.594949854551877544e-01
-7.640770876282648727e-03
9.057293381845609170e-01
1.566173827333437740e-01
1.930641656895190350e-01
-4.323296865302972414e-01
9.323449087373493205e-01
-1.234944602398974078e-01
-3.263346993636693782e-01
-3.357933303736135300e-01
-2.833110940595832683e-01
7.691572135509608943e-01
-3.680792046749492008e-01
-4.326757773617156966e-01
-3.463040542717506498e-01
-1.601912022602475505e-01
1.813280833945471460e-01
3.007678095677021948e-02
9.111511539490477762e-01
-3.799058727699735627e-01
-3.193506352893237255e-01
-2.740759467523863901e-01
9.209795093502312069e-01
-2.178881331074188632e-01
7.166689529924982205e-01
1.154541192878933975e-01
8.710004763539698214e-01
-4.082893315204564333e-01
3.244213622022341093e-01
9.151987803949619416e-01
9.304938853285108502e-01
7.601388333008228804e-01
8.670411941792603994e-01
9.199384941036861107e-01
7.744006647069531235e-01
9.266820440707248530e-01
-2.406022949251327425e-01
-2.371227277196307215e-01
8.362115620075464273e-01
-6.342780313730338182e-02
-3.010582927851983559e-01
2.500989367344212400e-01
-3.210715468395679284e-02
-3.557982428370015660e-01
3.739414893901166909e-02
-3.066711272633683705e-01
9.284221541642766473e-01
9.132293237182139700e-01
6.637443880081950187e-01
9.040190373993914896e-01
8.958235132146467050e-01
8.982613985390871525e-01
9.015194636076494517e-01
9.032439996789375369e-01
9.002793185653896746e-01
9.445932376405341557e-01
7.413932988015971004e-01
3.206629475003451302e-01
8.994133138532945937e-01
5.569831809770382502e-01
8.741430341164861950e-01
-1.659477209263488517e-01
9.234745217509507942e-01
-3.562572703814200770e-01
-5.764355648832479584e-02
-4.305112396576093459e-01
-3.007349467613271710e-01
7.605171112293647173e-01
-3.061866919912157314e-01
1.051706297207534030e-01
8.804537701541289563e-01
6.924280240627305183e-01
1.033321598638334698e-01
8.988353872812258893e-02
-3.937941749561748583e-01
7.286793758735680138e-01
7.775548250304039621e-01
1.384465154466841541e-01
5.981512455144296636e-01
9.077782727321455081e-01
-1.512456039061033097e-01
8.825602621829683470e-01
1.903274955870111196e-01
-3.541221761160655568e-01
-3.397392772177187936e-01
-4.212382790356646867e-01
-1.569473163305366015e-01
9.132480046307550614e-01
8.980751524336433311e-01
-2.336336777863349257e-01
-3.461259130804166806e-01
-4.185052129300930179e-01
-3.859290808144630325e-01
-1.127691799340817536e-01
7.891039547499569817e-01
8.617925786094596807e-01
8.598472994509540612e-01
-1.755578427844155937e-02
3.457211489895481993e-01
9.072530779675925805e-01
9.281487687204189596e-01
-3.331003158278659781e-01
7.122466857475817648e-01
-1.586659940995048534e-01
-1.407765932879881943e-01
2.739099645627152135e-02
7.686014794724139731e-01
9.228498498841353204e-01
-3.605451848907043622e-01
-3.065877779964994443e-01
2.509379938026992107e-01
-3.649396991082827779e-01
7.662631722083973473e-01
8.527858821726398419e-01
3.220108704831194379e-01
-5.022247493520142630e-02
-3.511628559429462726e-01
8.784116049497233680e-01
7.291003288225084145e-02
9.307317626317416215e-01
8.160357782347712474e-01
-4.571776917140992214e-01
-4.110925076703250136e-01
-2.717848888585256972e-01
7.445179930101506471e-01
-3.154604753625978031e-01
7.388302931992367650e-01
2.493728567423073583e-01
7.246780431933903532e-01
-3.188481128634118034e-01
-2.277518015355359804e-01
5.941677325257224695e-02
8.938274171786753097e-01
9.244536358264549003e-01
-3.106764975853285593e-01
-1.002927355646377194e-01
-1.660355330206971514e-01
7.765197707987925302e-01
8.815803731344820093e-01
3.921493160882689177e-01
-2.982491302101398234e-01
9.148550622170992241e-01
-3.040927918231987603e-01
-5.925284092158870225e-02
7.489574825263785041e-01
-2.917452543039467661e-01
-3.508290613774940336e-01
-3.579181050186944213e-01
-1.742316480689826141e-01
9.079268407927403306e-01
9.204953331662600879e-01
7.368355814383100721e-01
9.124317958078513868e-01
1.437492412906423225e-02
9.059609357225167914e-01
2.902375850556600245e-02
3.766365991429423965e-01
1.345607494602687193e-01
-3.323974497266312111e-01
2.484903879626287615e-01
9.109809621146885972e-01
1.504216292565652147e-01
8.967244139962716742e-01
2.176540382644020499e-01
9.054368244057047210e-01
8.247339467141207026e-01
8.485427632106042894e-01
7.766597901060291465e-01
7.824497286933651541e-01
8.654607654787095372e-01
7.664254481473389280e-01
-2.642892198294777284e-01
-2.953873208150459284e-01
7.709909297610070267e-01
-6.114681746480329916e-02
9.354118293943167739e-01
3.160957677969586932e-01
-3.427407472621809004e-01
2.863807334144137517e-02
-1.914120533552957915e-01
7.235324368018758445e-01
9.430773265772338654e-01
-3.552023330065617324e-01
-4.228824145253290978e-01
8.375051606757816236e-01
7.639709319949985478e-01
8.625348307059350628e-01
-3.206079999670568559e-01
-3.947879330976962475e-03
-4.150555021115419629e-01
9.341137297388254490e-01
