9.129798217524518478e-01
2.814974921428552435e-01
7.173223449305524690e-01
2.494394636331230819e-01
2.341168227743732899e-01
9.268073338201991973e-01
9.019925818445990728e-01
9.277563548453333642e-01
9.316428428792122851e-01
-3.303057133727729799e-01
9.227591044733135517e-01
7.821348809220907139e-01
7.982802052081467981e-01
8.912001399661448886e-01
1.259502916124560223e-01
3.479092384798611048e-01
-3.474454696721820390e-01
-8.713623838531678323e-02
-3.958054751674967564e-01
7.286493603201409375e-01
-4.989403482887527774e-02
8.275209812215524874e-01
2.694954681026303089e-01
-3.251783213174923581e-01
7.834059958584219663e-01
-3.052312503886618344e-01
-3.508233646769332581e-01
7.416513240082648339e-01
6.367745575921364420e-02
2.223840884540371210e-01
2.346178785380149401e-01
-3.113403500218398512e-01
2.307420352644950698e-02
6.720759813240271274e-01
8.844355506131715838e-01
9.060192991396933682e-01
9.226533069389694086e-01
-3.369966061867065155e-01
-1.319838341528367098e-01
8.887827076911360979e-01
-6.576493719870393773e-02
2.242730253965184370e-02
8.988249126710695647e-01
2.480628686161432950e-01
-3.251756385141598704e-01
5.787985496761191562e-02
2.462032377702296215e-01
-3.900267372906650598e-01
1.576356234327300210e-01
-3.682448842000789480e-01
3.379446606560043698e-02
-4.029895397021086012e-01
-3.585256609958229479e-01
-4.600782518843294921e-01
8.237910452474590806e-02
1.138015294376721297e-02
-2.485186108475322120e-01
-4.973356434831268102e-01
-3.540880192445353125e-02
1.561113281414855947e-01
8.023059857179829502e-01
-4.108452142005053487e-01
-3.027624148798990084e-02
1.278878149358975147e-01
1.106286446458023542e-01
7.529991150737732619e-01
7.896949864998383806e-01
6.837046839153988476e-01
9.144100131583959845e-01
-2.781471188795409666e-01
9.193901364193375336e-01
-5.418525908148903725e-03
7.268942762644758915e-01
-2.868011715580962018e-01
1.169814563019307002e-01
8.895056955717659530e-01
-4.257955138906679426e-01
-3.043676805137283115e-01
-1.369548971378984625e-01
1.100035489009291156e-01
8.887107428501657136e-01
5.596525501467495417e-02
-3.278525457400521259e-01
-9.020320211681399913e-02
9.052930982227047618e-01
-2.332236320824393472e-01
-4.214591448909412175e-01
-2.771894685120407931e-01
7.970152330226248916e-01
7.759584042169056506e-01
3.187742153713067905e-01
8.750324503148010358e-01
-2.927837206362609024e-01
-1.961172819431510062e-01
-1.333388566845319645e-01
7.969664357975649871e-01
-2.258960936868356639e-01
7.570577666494555658e-01
7.405862882961860016e-01
7.306713646712158505e-01
-4.417265148481472892e-01
7.314633043125250422e-01
1.311501991930236893e-02
9.251396818615945650e-01
8.230446500260175657e-01
-3.153578466710728612e-01
9.922873921695066213e-02
1.700434548354702868e-01
7.543185304998686336e-01
7.241978257849931433e-01
-3.293794185451187628e-01
-4.735423451809928075e-01
7.937399746861441008e-01
-4.013242163716012612e-01
-3.791481884443120842e-01
-2.255762522139546089e-01
8.746262682539240885e-01
8.138924277629301374e-01
-3.326147454198280506e-01
1.045305398243117356e-01
9.158780531899848310e-01
-4.409232027900029660e-01
7.704851500991758417e-01
8.422256703984550841e-01
-4.497802924998427210e-02
-4.415190727203907595e-01
7.750277210180366305e-01
6.367070102547722765e-01
-1.074363191464503126e-01
9.128102991507495156e-01
1.879049079514593656e-01
-5.814409400003682504e-03
2.632687249700554344e-01
3.164927703781858503e-02
9.311510758086607442e-01
1.265172155364440443e-01
-3.516385848898908595e-01
9.171445484203761822e-01
-4.572574765541337349e-01
-1.599152793168025499e-01
9.033903783620316208e-01
-1.034387042665455142e-01
9.060369162472320381e-01
-4.455214896521686452e-01
7.925557775450628450e-02
-3.574066543729730872e-01
-4.133438249945521337e-01
-4.406075072491479894e-01
8.001582838941693199e-01
7.401156945157333356e-01
6.653060582497999365e-01
9.055438551970901306e-02
8.505399990520314812e-01
6.000463381407739050e-02
8.213983497666773603e-01
7.505782052972140850e-01
-3.770828950481663333e-01
-2.283697745727694683e-01
-3.692693849918707860e-01
1.460158988076978304e-01
-4.365695805825620113e-01
9.052324946902057246e-01
8.662602620666828290e-01
8.287727060204825857e-01
1.728410718634264612e-02
6.233495800258428421e-01
8.427464517919329712e-01
9.182251765934277277e-01
-2.392267511658883183e-01
9.301687022811565564e-01
-4.067153990818415110e-01
8.364142652872671446e-01
8.848791151951955758e-01
-1.131966254727647114e-01
-1.575834292886947874e-01
-2.903349841739372161e-01
8.733542303028988263e-01
-4.191090829643294713e-01
8.591664536376998340e-01
7.015510139504238865e-03
7.790752021095447288e-01
-2.221017666255424017e-01
7.590889265020381860e-01
-1.943656281283600851e-01
7.423861695670815886e-01
-1.887920201259735142e-01
6.456741393479692448e-02
-2.887849741699661243e-01
-2.033157196072257200e-01
2.223245277553733690e-01
2.880684158085157764e-01
-1.129727763431577076e-01
9.049117393906733753e-01
-3.250905278244293761e-01
-3.564805722524176379e-01
7.767519567280004589e-01
9.401155268326831793e-01
3.457736103995009969e-01
9.134030526482307399e-01
7.689659744378789519e-01
9.146509125418031960e-01
3.171257108914355971e-01
3.638546341310841536e-01
1.253626804157996211e-01
-2.742329031870805456e-01
8.887011764663953484e-01
8.936899079178568517e-01
7.594521354367791410e-01
7.789507291522664856e-01
9.266647324413259668e-01
9.035413132364530364e-01
7.675556841569776585e-03
7.533584732649764026e-01
7.488990204048813215e-01
-2.970714837930917840e-01
-2.235444321750313865e-02
-4.682515828211163966e-01
8.129580643811944451e-01
-2.326791501645723015e-01
8.533234313693724982e-01
3.714392736708942155e-02
9.077083926202156317e-01
3.714357881218713908e-01
9.136057261661435502e-01
-7.198623327647743486e-03
-1.101891279216053732e-03
6.970512134121414904e-01
1.280562139580892766e-01
9.110371856406860314e-01
-2.246218306381120855e-01
-1.722028609262704069e-01
2.312200127694772900e-01
-2.129393803984361289e-01
3.653582806492419732e-01
7.813454226654942270e-01
-1.806154250288070084e-01
1.854837421085036853e-01
1.530684878881084232e-01
9.022356358953209643e-01
-3.046563091769149412e-01
-1.753713499490539562e-01
2.839878635842907340e-01
-4.566212609392396038e-01
7.974333406284896952e-01
2.541666191298925792e-01
-9.037008747297711753e-02
-3.057680833286302025e-01
9.214117757959864319e-01
-3.519250661347886888e-01
9.191036567316454020e-01
9.268110771860226249e-01
7.696142928901350544e-01
-1.434701460090629932e-01
-3.950899739158016399e-01
-3.273901154174689854e-01
-3.966492873354814930e-01
-8.063320732239712130e-02
7.897351482444302517e-01
8.351275143153744640e-01
9.124591867745323048e-01
9.512720018924217813e-01
6.962122603332053794e-01
8.817640515501359300e-01
-1.393756794403304689e-01
7.558836284497694180e-01
8.963150270115303186e-01
-4.079250184011484759e-01
8.974550498262939824e-01
-2.936566818766713771e-01
3.003292367912178129e-01
2.614562993711836564e-02
8.899517120147777405e-01
7.440527633789898454e-01
1.880923922511812396e-01
-3.030614814835607684e-01
7.290653899253304315e-01
-3.943638968820535884e-01
8.981852960981144829e-01
-3.544000022612965317e-01
-2.065949952233855080e-01
9.115636765093556582e-01
4.068220046736001350e-01
1.212450465056901794e-01
-6.328808542319763752e-02
-3.381785790956499671e-01
-2.459117254439819600e-01
7.135503470250424973e-01
1.348532514654577075e-01
-4.052530671999834411e-01
8.639994857295371089e-01
1.418678194290004524e-01
9.004866338952917104e-01
7.859925541430565765e-01
9.109184664406930754e-01
7.922928768776760222e-01
1.684010514354676025e-01
2.145093411423340535e-03
9.202440244361855815e-01
7.868523782846528203e-01
1.549761044402996057e-01
