7.522886982259069377e-01
-1.571023558707992096e-01
-3.895706326001036612e-01
-1.319072084247345789e-01
-7.979162463446624540e-03
-1.705833860411863911e-01
-3.459563519432827805e-01
-2.272153876093124802e-01
8.183620082292852871e-01
-2.401278172182918780e-01
7.228605797097221730e-01
8.334450068749759133e-01
-2.126845607615550915e-01
-3.035010972244484573e-01
8.744267346664102991e-01
9.040569010954849771e-01
9.106552933194385080e-01
8.512609202911987083e-01
9.515908557652204003e-01
7.353761203194862650e-02
7.710664630540926545e-01
-4.679234428824241565e-02
9.327916143295256202e-03
9.071389166726053777e-01
9.053293626366732960e-01
8.065924895568000741e-01
-3.132902959467837728e-02
7.292236746381353107e-01
9.411226085369278627e-01
8.550298423955257077e-01
-4.873995834672779220e-02
9.196533182623392033e-01
8.508203463042771642e-01
-2.931144513819119446e-01
9.322180252333761574e-02
5.714599490428577677e-02
2.020963057193539761e-02
-2.335869445253544452e-01
9.327999594243080450e-01
-3.172162357867438498e-01
9.011082394154055208e-01
9.443255237478093145e-01
9.159008028963452341e-01
-4.051773135206114262e-01
9.067220137529483637e-01
6.575509444141864890e-01
9.055055203270291342e-01
7.873262573359001149e-01
6.953880660921755996e-02
3.238005756059755824e-01
-1.277729631599069104e-01
-1.992901295926294558e-01
-3.802249260800542041e-01
-4.659534673758262135e-01
-1.095522295812845631e-01
-3.309828928433602435e-01
-3.320878512307382513e-01
7.495655424694429303e-02
7.408474997477388913e-01
7.004135483920503891e-01
8.941600089440856491e-01
-1.825898939000091814e-01
9.274338040359479951e-01
8.767818628459179697e-01
8.442237183800348488e-01
9.101845413428446552e-01
7.135355148652134938e-01
-8.219491922277803730e-02
9.207543250057075301e-01
9.070066907126990152e-01
6.594304255287641858e-01
5.648532645114450607e-02
-3.042858854195442664e-01
-4.065734624648567608e-01
8.920421358100935061e-01
8.842226549730011209e-01
3.878185555310556532e-01
8.965523566092526986e-01
-4.185034094754179756e-01
-1.894237224878641823e-01
-7.651960874043402250e-02
7.496759948651903205e-01
-2.492148184049998716e-01
-3.063107104602076358e-01
-6.436687731298956772e-02
-1.002486539213169325e-01
9.075581642475502031e-01
9.191554117213321939e-01
9.000422961988250314e-01
-2.845677415400804655e-01
-3.775918900678681411e-01
-1.406982034924471603e-01
9.036924553956422468e-01
7.373471398239818120e-01
1.934157489181550504e-01
8.034975715103710447e-01
-3.504174394569237183e-01
9.173571841625157708e-01
7.840111661636189888e-01
-1.782761310095544172e-01
-2.449960048328202189e-01
-3.735981512826231921e-01
9.092885228805338560e-01
1.895221160348856682e-01
-1.149782178869307447e-02
8.040355280539079885e-01
3.562653606115186999e-01
-7.359717231334206300e-02
2.489815432269954498e-01
-2.630662642811362750e-01
-2.945815466340517830e-01
6.961768877988126769e-02
8.840684616733426315e-01
-2.428556536138572475e-01
6.754053631236571764e-01
-2.319918196823524958e-01
-4.252614605594665642e-01
-2.870063451864380832e-01
8.683650824584404626e-01
-3.121803577277477704e-01
8.880639850562583870e-01
-4.398511627649644429e-01
-4.290351010859539960e-01
-4.012928594545013827e-01
7.458844576850444108e-01
3.240173604802812357e-01
8.322805844065520597e-01
-3.241102785089067240e-01
2.975536029507259289e-02
4.615337224382878856e-02
-3.322503239896964500e-01
8.299367806469519770e-01
7.371844550306783095e-01
7.795332279224711503e-01
4.504849499916897815e-02
9.056761376386351925e-01
8.655435215273904470e-01
-2.376397253331951898e-01
1.841004890117427240e-01
7.626953519494404921e-01
-2.048839365374769683e-01
8.835713824758126833e-01
7.327392710172893064e-01
-1.239874089871963320e-01
8.165359504252363010e-01
8.357576288403849585e-01
-4.990591276054022196e-01
-2.564859753776488338e-02
9.356010611317782111e-01
-2.262940038734412851e-01
-3.118637437635539134e-01
-2.554089209607532940e-01
2.058230238853325789e-01
-3.499238358631976964e-01
7.023881600783147272e-01
-7.391106380495296446e-02
9.226647638128598894e-01
-2.548817262205472708e-02
-3.406282448990286538e-01
-2.825699413676203142e-01
8.837570767193175802e-01
6.293960957284533420e-02
4.806242189991932062e-02
7.513653941396625235e-01
9.320330900761374382e-01
9.325689042865138445e-01
7.280207736964485754e-01
-3.938628879571299257e-01
7.788987211408052724e-01
4.676161113351642862e-02
2.370814042687575118e-01
-3.711288410187277287e-01
7.786504101147289081e-01
-5.640884610397074728e-02
8.913529716604250419e-01
-4.095200818483668570e-01
1.332893969747157570e-01
-2.322009906747488639e-01
5.981023107962891716e-01
5.677600913709215380e-01
7.532913230378889269e-01
7.972344523553843709e-01
-4.225304684919699016e-01
8.933511308840550447e-01
9.030521852830861729e-01
1.207125025051751788e-01
9.107208204108907523e-01
8.367243647307868182e-01
7.123406140687634780e-01
1.328080272211993318e-01
9.237168831782049949e-01
-3.177612020201793785e-01
9.338633889455407733e-01
7.265611064093783211e-01
3.751872522698859180e-01
9.628394998736616861e-01
2.606905086938463567e-01
-4.364246595831890452e-01
8.620854291142731052e-01
-7.841992203798389682e-02
8.702185697705575596e-01
-4.310394861918650511e-01
8.771119652646327536e-01
-2.155453363488434304e-01
8.976271002345191929e-01
-2.192184759167044583e-01
1.827622834187561662e-01
-5.161800489040779816e-01
-2.306150713451290690e-01
-3.808208498493931837e-01
-3.240840002472002990e-01
8.723539638959114662e-01
7.281546850243055813e-01
-4.674411054957760547e-01
8.973036054915501936e-01
7.616258094795359535e-01
1.431926879748631753e-01
7.046156060715136338e-02
8.800813766245817460e-01
-3.904232567726626524e-01
-8.562704399313018910e-02
8.521047152933057811e-01
7.802508790428004382e-01
-1.635195875216713945e-01
7.433754215276200394e-01
8.754386105806928331e-01
-3.858527812557870362e-01
8.061789257921745389e-01
7.500738289540306303e-01
-4.140704286540775603e-01
1.774326059779597342e-01
1.087382761608815390e-01
-2.927354436646028429e-02
-3.878409644098654852e-01
1.527051843445644819e-01
-3.150360794420375421e-01
2.885645007762742686e-01
8.665594452884038956e-01
8.901030544588073301e-01
9.279207376919457184e-01
8.728794582716081774e-01
9.319168044640534498e-01
1.222412044117105745e-01
-4.005002017285463345e-01
-3.816774202997598175e-01
1.777562103347599676e-01
-4.289788988937075498e-01
8.988378903668885478e-01
8.888325856524487145e-01
-3.249332678545913677e-01
-3.106416540499158385e-01
-3.236446015291712386e-01
7.849944788640412785e-01
-3.539426808421448634e-01
-3.545505072258993140e-01
1.774369458239155595e-02
6.327670371373411706e-01
7.342189449361706810e-01
-9.792490777562866400e-02
7.505477258399444462e-01
7.567985766412294035e-01
8.289794156661938196e-01
8.509176728667433576e-01
8.804879912798539987e-01
9.227373205989390925e-01
8.743710011983589492e-02
2.019347646250688744e-01
8.636721208289148688e-01
-4.412766996710774658e-01
-1.895974891197914070e-01
1.617661450950309832e-01
-3.285972766497443631e-01
7.314227242322284273e-01
-2.221113770015751832e-01
2.239281005577792583e-01
7.338275785452421651e-01
9.145129855802773822e-01
7.666339547318631320e-01
7.336936079941104305e-01
-3.981191995910221548e-01
8.309721688317586175e-01
7.544285879585167498e-01
-2.256096255236919243e-02
8.901739616118620191e-01
9.052281669290327404e-01
6.996119567730491040e-01
3.420802628533520240e-01
2.360839994333496505e-01
-9.019375331019865993e-02
7.486356117205005267e-01
7.817591797682043042e-01
8.745318282072158667e-01
9.347267260936044098e-01
8.661347099576238717e-01
-4.202510260429798139e-01
7.777358134204986895e-01
-4.323931382175453808e-01
-4.760582647597300793e-02
7.191313419274633079e-01
6.499249704658603966e-01
