8.966671727989808938e-01
-2.837905575021054672e-01
-3.629383482583826148e-01
6.841608718811988121e-02
4.753212951114629131e-02
4.342791806098117435e-01
-3.808646382331598579e-01
9.140433634901660165e-01
8.556960445970378526e-01
7.992370477341460555e-01
6.874296052201244178e-01
2.770101229981705160e-01
1.250530829846607239e-01
9.330236739030890458e-01
7.563097231596935810e-01
-3.195213241397066306e-01
8.902710589065980784e-01
8.041713411098643238e-01
8.559559101701104122e-01
3.176507281978149799e-01
-3.790600585321537985e-01
-3.778289086736780211e-01
2.094557770819089615e-01
9.252120432935077021e-01
9.104553319473576156e-01
-2.253089098181627614e-01
-9.303448363870250870e-02
8.939158801894967477e-01
6.858028945658909414e-01
-1.875773217124110381e-01
-1.863448163071665109e-01
7.262475370902744531e-01
-4.308188941711252884e-01
7.452179527732255560e-01
-3.462345907582078941e-01
-2.211192060135083737e-01
-3.029616721793002010e-01
9.002901012049133733e-01
8.862103922549533497e-01
9.272714185466182091e-01
-2.487752967294333539e-02
9.199582475956074035e-01
-3.904553628400505016e-01
-1.268386135699573758e-01
9.259622629139948602e-01
-2.027562238956296670e-01
-3.454441125791006817e-01
6.803303969039381505e-01
9.119073139591382660e-01
1.065306738757547528e-01
9.304679609663851769e-01
7.718587677642296807e-01
8.100748116010669797e-01
1.847083136927473446e-01
8.675402841659189956e-01
-4.899943385069922552e-01
-1.753573481214597551e-01
7.672396549280795508e-01
8.497952882943674568e-01
8.953158999378080241e-01
-3.331908012625132143e-01
-2.884917326546825866e-01
6.832148099583967849e-01
1.905233117476055338e-01
-1.126450665001358098e-01
9.135825163402967464e-01
8.771964260549350856e-01
-1.486740427572758039e-01
7.681330461884999794e-01
9.143831865895948319e-01
8.045009838440868588e-01
-6.839944581980034188e-02
7.321466025806356859e-01
9.343716661167661419e-01
8.651905021715559085e-01
7.419216963453680869e-01
-2.558541428861806910e-01
9.306276728760243255e-01
-2.588050853600677992e-01
-3.462692164566460451e-01
-1.882152589146046662e-01
2.503465734912010410e-01
7.588395287672969891e-01
-2.685350085653307461e-01
3.552963704613154583e-02
8.733236079555197762e-01
7.103693905825165800e-01
9.399057338972119924e-01
-3.417616427859836437e-01
9.393937272649882653e-01
1.535572873981868036e-01
7.651000415827283740e-01
1.722348051165147886e-01
7.816845326926336046e-01
7.159190782850329837e-01
9.278645957639460873e-01
-4.138199460520512463e-01
-4.455397567904392092e-02
-3.981026244981809015e-01
2.062381616206763746e-01
7.229148615261682398e-01
9.322832285376572159e-01
-3.868195448644753953e-01
8.560916795940066715e-01
8.109743406353639994e-01
6.714441465555616162e-01
-7.017736469480687078e-03
-2.938559768850699250e-01
7.616007713255039668e-01
6.598013601880962087e-01
-4.387918611610258646e-02
7.846912786681448093e-01
9.009034721319030270e-01
8.088208400878401649e-01
7.693646569463545859e-01
1.531226184817476854e-01
-4.196592475840396630e-01
8.291462361375780965e-01
8.258389454010728326e-02
-1.895017472506358991e-01
8.477489589402680270e-01
7.643312830178300432e-02
2.763879024767033066e-01
8.791432915150519944e-01
-3.192968573671420840e-01
8.077153574093660637e-01
8.027432127280513807e-01
9.114592632131630623e-01
2.628317738287146155e-02
8.380559296316185680e-01
1.979556149720677061e-01
5.262560478338502712e-01
9.106120050988275594e-01
-3.536466378002689481e-01
-2.261886435917525584e-01
8.861565393837590454e-01
1.805560643912795249e-01
9.096203736118457783e-01
-8.043389148871489536e-02
9.172648527311646482e-01
2.439891288381555376e-02
7.540915967286113686e-01
1.028636025828593703e-01
-3.752990440898500424e-01
9.189364022107612273e-01
7.019050386520974127e-01
8.387509196204371298e-01
-4.099129705080749586e-01
-4.111693028538722094e-01
8.681994017215100001e-02
4.899159805413681040e-02
6.900830679664535783e-01
9.203097111439157985e-01
8.552851900106180905e-01
-1.147519433644439008e-01
-3.296130465027543588e-01
8.316274302971866650e-01
8.684687610334935748e-01
9.148560338366642508e-01
-2.762094674398841709e-01
-3.178125961052609139e-01
-4.522352350289790546e-01
9.048497939244874999e-01
3.641680771781487524e-01
7.008010756052509560e-01
8.441334095433666168e-03
-1.756127502459272349e-01
7.695439901098509727e-01
-3.515376834450824051e-01
-1.697572436765337200e-01
4.109993796453569048e-02
-3.979129741244522012e-01
-3.170369797070144574e-02
4.120397871324726902e-02
7.393338995134821623e-01
1.255900067473581794e-01
9.128143360012208607e-01
2.914928833371631112e-01
6.405324700288622664e-02
8.350040527933528800e-01
3.331714209415832101e-02
8.621965953896427726e-01
9.015006093462974990e-01
2.915313295903546043e-01
7.341583034236253136e-01
-3.259629378389085341e-02
-7.226047159806048281e-02
4.360421760775709532e-03
-4.340525117107966735e-01
7.455378266788964536e-02
-1.377875598438925153e-01
9.266349310822038499e-01
-5.265156408820950706e-02
-3.135058508937808019e-01
7.821323617478038726e-01
8.826745501938135785e-01
7.718157405566229423e-01
7.151543419414576608e-01
8.795120734194129541e-01
8.117750894356824398e-01
8.764312968736296394e-01
-2.838835992909823358e-01
9.142653786249322900e-01
-3.826923410286876548e-01
8.966312744965765358e-01
-4.194998676226835421e-01
8.724435268812591460e-01
3.492973405105119500e-03
9.347610070587769604e-01
7.735427988357895801e-01
2.775780584705620502e-01
-2.134634963510874950e-01
4.015164189287752095e-01
7.509437321366030371e-01
7.551653658312970085e-01
-1.895802792952126781e-01
-2.317969394099712171e-02
-2.701583512659426201e-01
3.806116990941209588e-01
-3.299938766732330997e-01
8.882700103316173434e-01
-2.350648018813861762e-01
5.272012678680709774e-02
-1.961482931400214402e-03
-4.245055712848955776e-01
7.767932424243120249e-01
7.609353990594527328e-01
8.160479677336298643e-01
1.406031551338650654e-01
7.325120525945498784e-01
8.174102425380183057e-01
-4.225069217701632462e-01
8.324071019237949676e-01
-3.318811913149998793e-01
-6.431701289503533731e-03
-3.077331088670385850e-01
-2.871157806418430658e-01
5.578436185884669829e-01
9.433145021975951616e-01
1.635629973462097986e-01
7.527557191234894862e-01
9.202959557399859047e-01
8.471127830676217219e-01
1.071965284224211667e-01
8.058481253147177226e-01
-3.161704272442880104e-01
8.970711488351303942e-01
-3.175754315383995108e-01
8.230081120361415481e-01
1.753293148515962796e-01
7.904512675965030821e-01
8.306333232471186934e-01
1.631941543986953902e-01
2.519081406901652609e-01
-3.833272854229364812e-01
2.070767788446774629e-02
9.093656974807203808e-01
1.291810328614003689e-01
-3.799105550110612461e-01
8.628271297464843448e-01
9.101119043102483541e-01
-1.711607689708823377e-01
7.884051536435852103e-01
-3.135293098399291600e-01
2.735299183091351172e-03
-8.324122308419568128e-02
1.673549833523111097e-01
8.741010720426648506e-01
9.034828716569381912e-01
2.041414524785189477e-01
1.430866067767617988e-01
-2.690596888440921486e-01
1.395563695689676087e-01
-3.690278877191882634e-01
8.769746565827776230e-01
7.363206737534522262e-01
9.003593686423192466e-01
1.713973447177220277e-01
8.372842760263714545e-01
8.366745608202141860e-01
6.996875651604183011e-01
9.058092608389900491e-01
-2.542129480221795301e-01
7.890554565356120431e-01
6.916924120716722024e-01
9.009082182847854003e-01
-3.885842840416872668e-01
9.034526498291395313e-01
7.343902517579582456e-01
8.609543583176023640e-01
-4.498774240297883642e-01
7.694855465619949708e-01
8.994323419098810835e-01
1.716371577061693021e-01
-3.247727879317014454e-01
-1.439998633516513526e-02
-3.295718965553014884e-02
-3.814695696646863698e-01
-4.215034496594326496e-01
9.182111806563606482e-01
