7.887894848766292544e-01
8.565144039371588303e-01
7.744744823608444850e-01
7.034131701754796628e-01
-3.824427922471046459e-01
4.656806215048257813e-02
9.279491845219631774e-01
8.345913775532428636e-01
-4.180145756589656592e-01
9.141077884349386729e-01
7.847626461637704498e-01
-4.603711741955962000e-01
-1.527760019936103275e-01
8.191309908663370054e-01
-3.145678248591554094e-01
-1.205615287936584318e-01
9.514735039058409560e-01
7.535962167134807599e-02
5.546730419871008788e-01
7.709621101920114405e-01
9.374783811898970143e-01
9.165532707450383398e-01
7.079779493022030357e-01
-6.862550144911082339e-02
7.339482227369094058e-01
-3.132715852429646675e-01
8.047455647810149992e-01
1.824058670802015600e-02
-1.862978251651177253e-01
5.794013938541527076e-02
9.081329442080307013e-01
7.663720124395265731e-01
8.281602571834514315e-01
9.291790560404947774e-01
3.031869294963033257e-01
-3.966438905679798288e-01
8.827619040582772580e-01
8.362131808286500378e-01
-2.792777956548651574e-01
-3.615818602259323056e-01
-5.249041275573989029e-01
7.589915980098888015e-01
-4.199766359945569794e-01
9.148632279596150552e-01
6.554667750415189564e-01
-5.342744412350448613e-01
4.050593888599837017e-02
-2.171420273748437546e-01
-1.319964889668924501e-01
6.707859812619263451e-01
7.211000241608980232e-01
-1.953356635317402279e-01
1.241383716034311496e-01
7.527432478001438998e-01
9.329320290419063078e-01
-1.550764678817003195e-01
8.683373412344352893e-01
3.522091567910282800e-02
-3.631388160529726572e-01
-3.766122196293437141e-01
-8.148540622018690671e-02
9.429767257082942722e-01
7.512668952223241492e-01
-1.744837852578974280e-01
-3.156152034792462091e-01
-4.354389989157405605e-01
-4.137081018316520753e-01
1.879553848233419810e-01
2.067779590629291175e-01
7.300182979262250793e-01
8.019626445116004865e-01
-2.588241754301865427e-01
-3.318015148457301167e-01
6.810187422556785997e-01
9.280482695874973098e-01
9.201617584080290513e-01
-2.276607794301481191e-01
-3.189226065893860929e-01
1.867129514667880685e-01
7.142753607445604391e-01
-1.411497770259929063e-01
-5.662672747633619441e-02
8.027554679429753648e-01
7.234673062303486057e-01
-4.690046054456481484e-01
7.547751809378784316e-01
-3.497045839385052313e-01
8.699700456026433493e-01
9.298246305778785636e-01
9.199008308684002433e-01
8.038450386493360966e-01
-2.894600947937062685e-01
2.064134580003940678e-01
-3.384704832894450122e-01
1.323212427224442767e-01
6.726365804200590270e-01
-3.268220546133095983e-01
8.724919111067462874e-01
2.211127123831118924e-01
-2.806231945641273207e-01
9.343153801219042931e-01
9.033587650461669671e-01
8.692956741468491066e-02
7.385821421334154424e-02
-5.160758754759978695e-01
-1.148345609640146758e-01
-2.611077353952146463e-01
-3.392101179581781811e-01
-3.805788458514417494e-01
9.093086490613936368e-01
9.058041821718449960e-01
-3.628130067188044539e-01
1.619649627345816911e-01
-3.713865919503541724e-01
-4.113327095734490291e-01
-3.087998346895008406e-01
-3.737217308013280337e-01
1.342982451874437100e-01
9.265435093268710176e-01
9.232052280519134069e-01
9.010567379434567536e-01
9.132853184833119586e-01
9.112594998905234611e-01
7.625288853899477859e-01
8.996168325338528282e-01
8.192771445839240607e-02
-2.314344546421721605e-01
-2.322938186661354376e-01
-3.939417133353548817e-01
9.391516687572007971e-01
7.601994449699379652e-01
8.607510303759288717e-02
-4.163433755627879429e-01
2.009068517140270294e-01
-2.228014809581968236e-01
7.359991669069219089e-01
8.213934785702671215e-01
7.906035626957641504e-01
8.478224328762116180e-01
7.198378390188606701e-01
-4.948724725523836465e-01
8.795891523490705355e-01
-3.632977514682757536e-01
9.074102797659976405e-01
-2.776324127163602995e-01
-3.248469821488562670e-01
9.103236653104240794e-01
-1.876232018550664238e-01
9.234646897553888678e-01
8.455787477764800109e-01
7.737501550726455513e-01
-5.464572169119508854e-02
8.401444510867811521e-01
7.379203204460061949e-01
-1.357833988865400077e-01
-2.130275852946720769e-02
-6.676174305489381011e-02
7.331039105468352413e-02
7.551258914265443489e-02
7.295299259841993011e-01
-3.600537876650723446e-01
-3.043403299898557179e-01
9.538250707061381173e-02
9.155418311293604949e-01
9.359258753213124393e-01
2.677586179403184663e-01
3.668002934214020794e-02
-4.103081825365614277e-01
-3.223115357097248168e-01
3.516602166901856147e-02
9.343817771082270074e-01
9.264818565857095845e-01
8.108010541867493037e-01
-4.164064464897801465e-02
-9.300534655485530322e-02
-4.703666599804174342e-01
8.922805235025945692e-01
9.151303434604315390e-01
6.728946853209208934e-01
-3.426556389527772861e-01
-2.838582038012185671e-01
9.160463247801209352e-01
-1.982598400004523809e-01
4.661688284273642069e-02
-3.016440916301404429e-01
9.179352157294050629e-01
8.735335006586397721e-01
6.514795661131058679e-01
7.401584305969607369e-01
7.320264704169631154e-01
8.896588015894533186e-01
6.856710705745783230e-01
-3.617564817855864479e-01
-1.038964066079726412e-01
7.513642671679803264e-01
-9.232498909824540800e-03
-3.982154965375694911e-01
9.149169049658315567e-01
-3.557472210698174320e-01
1.613386682299205177e-01
8.474505871176661875e-01
8.666310219717934249e-01
-3.390547513900242782e-01
1.029997650216258054e-01
-2.120869301967788847e-02
-2.797534116815645899e-01
8.408594174361575524e-01
-2.374173604646042102e-01
8.262073913868872577e-01
-4.359017632210714366e-01
5.671815336839268473e-02
8.892020884106051071e-01
9.143379040626718746e-02
-3.276189057505877744e-01
8.284893317821440117e-01
1.083059892865642637e-01
-2.014426291348745401e-01
-4.454323266643611112e-01
9.135274763123526487e-01
9.304052452363806847e-01
7.731967458357995593e-01
9.151006781978786586e-01
-3.593815552813563463e-01
9.415546525683882173e-01
6.606510085779265795e-01
-2.948624092973384236e-01
-3.454201344635797755e-01
7.336155198107399134e-01
2.874021339532157882e-01
4.033435480476232904e-02
-3.544677099315846625e-01
-2.941409629854370156e-01
-8.936724522268539583e-02
7.586937274591856184e-01
2.426169208383596454e-01
-3.244512079640310409e-01
7.629419234129863892e-01
-3.632914263519836928e-01
8.956046466801368400e-01
8.654322599862407372e-01
8.920044339434732850e-01
-3.564924872378077980e-01
-3.082583757560505844e-01
7.593681913280535545e-01
7.123866412873793019e-02
2.697104070955377852e-01
9.218458938659347401e-01
9.139612882715610898e-01
8.904447221441784688e-01
7.472318376234096116e-01
-4.346069710203221970e-01
-2.164197388852178161e-01
8.811219189130409246e-01
7.616715434952535668e-01
1.122413300789389390e-01
-4.011356977368085719e-01
-3.779830045627987634e-01
8.195275295380518576e-01
7.624147969933243729e-01
-3.203258098081163685e-01
9.057073142683598199e-01
9.002369378956943669e-01
-3.544778383465688743e-01
9.348103679424343282e-01
5.371696429317555227e-02
-3.343127976195099937e-01
7.381375173101442089e-01
-3.219068841954060844e-01
7.199208545455385577e-01
2.572443107459240208e-01
-3.126987852878270746e-01
9.405164024246209786e-01
-3.222609071496337907e-01
-2.004766865871202008e-01
8.640336582515155683e-01
-3.082241220606539156e-01
7.494894259349150767e-01
8.767912960418452473e-01
2.850198853580638292e-01
8.971343130373772290e-01
1.009571847961997226e-01
1.592394539848387969e-01
-2.804879067571267592e-01
-3.694536516256111125e-01
9.147075640274368036e-01
-3.599263396206791032e-01
-4.840015851791156787e-01
8.251437861719213007e-02
-3.571074201119289748e-01
7.647694750782619844e-01
1.093454878268739355e-01
8.526554665641922215e-01
-1.041663433843523640e-01
-4.281157036912104918e-01
9.246141245126044961e-01
-1.942434640195348228e-01
7.518268148027481557e-01
9.303101537859892467e-01
-2.482789352661171067e-01
9.307955870074289262e-01
